26 2624
25 2625
24 2626
23 2627
22 2628
21 2629
20 2629
19 2631
18 2632
17 2633
16 2634
15 2635
14 2636
13 2637
12 2638
11 2639
10 2640
9 2640
8 2642
7 2643
6 2644
5 2645
4 2646
3 2646
2 2648
1 2649
0 2650
53 2906
52 2907
51 2908
50 2909
49 2909
48 2911
47 2912
46 2913
45 2914
44 2915
43 2916
42 2916
41 2918
40 2919
39 2920
38 2921
37 2922
36 2922
35 2924
34 2925
33 2926
32 2927
31 2928
30 2928
29 2930
28 2931
27 2932
6712 12651
6711 12652
6710 12653
6709 12654
6708 12655
6707 12656
6706 12657
6705 12658
6704 12659
6703 12660
6702 12661
6701 12662
6700 12663
6699 12664
6698 12665
6697 12715
6696 12716
6695 12717
6694 12718
6693 12719
6692 12720
6691 12721
6690 12722
6689 12723
6688 12724
6687 12725
6686 12726
6685 12727
6684 12728
6683 12729
6682 12730
6681 12731
6680 12732
6679 12733
6678 12734
6677 12735
6676 12736
6675 12737
6674 12738
6673 12739
6672 12740
6671 12741
6670 12742
6669 12743
6668 12744
6667 11465
6666 11466
6665 11467
6664 11468
6663 11469
6662 11470
6661 11471
6660 11472
6659 11473
6658 11474
6657 12747
6656 12748
6655 12749
6654 12750
6653 12751
6652 12752
6651 12753
6650 12754
6649 12755
6648 12756
6647 12757
6646 12758
6645 12759
6644 13115
6643 13116
6642 13117
6641 13118
6640 13119
6639 13120
6638 13121
6637 13122
6636 11492
6635 11493
6634 11494
6633 11495
6632 11496
6631 11497
6630 11498
6629 11499
6628 11500
6627 11501
6626 11502
6625 12404
6624 12405
6623 12797
6622 12798
6621 12799
6620 12800
6619 12801
6618 12802
6617 12803
6616 12804
6615 12805
6614 12806
6613 12807
6612 12808
6611 12376
6610 12377
6609 12378
6608 12379
6607 12380
6606 12381
6605 12382
6604 12055
6603 12056
6602 12853
6601 12854
6600 12855
6599 12856
6598 12857
6597 12858
6596 12859
6595 12860
6594 12861
6593 12862
6592 12863
6591 13240
6590 13241
6589 13242
6588 13243
6587 13244
6586 13245
6585 13246
6584 13247
6583 13248
6582 11503
6581 11504
6580 11505
6579 11506
6578 11507
6577 11508
6576 11509
6575 11510
6574 11511
6573 11512
6572 11513
6571 11514
6570 11515
6569 11516
6568 11517
6567 11518
6566 11519
6565 11520
6564 11521
6563 11522
6562 11573
6561 11574
6560 11575
6559 11576
6558 11577
6557 11578
6556 11579
6555 11580
6554 11581
6553 11582
6552 11583
6551 11612
6550 11613
6549 11614
6548 11615
6547 11616
6546 11617
6545 11618
6544 11619
6543 11620
6542 11621
6541 11622
6540 11623
6539 12533
6538 12534
6537 11584
6536 11585
6535 11586
6534 11587
6533 11588
6532 11589
6531 11590
6530 12892
6529 12893
6528 12894
6527 12895
6526 12896
6525 12897
6524 12898
6523 12899
6522 12900
6521 12901
6520 12902
6519 12903
6518 12904
6517 12905
6516 12906
6515 12907
6514 12908
6513 12909
6512 12910
6511 12911
6510 12912
6509 12913
6508 12914
6507 12915
6506 12916
6505 12951
6504 12952
6503 12953
6502 12954
6501 12955
6500 12956
6499 12957
6498 12958
6497 12959
6496 11640
6495 11641
6494 11642
6493 11643
6492 11644
6491 11645
6490 11646
6489 11647
6488 11162
6487 11163
6486 11164
6485 11165
6484 11166
6483 11167
6482 11168
6481 11169
6480 11170
6479 11171
6478 11172
6477 11173
6476 11174
6475 11175
6474 11176
6473 11177
6472 11178
6471 11179
6470 11180
6469 11181
6468 12970
6467 12971
6466 12972
6465 12973
6464 12974
6463 12975
6462 12976
6461 12977
6460 12978
6459 12979
6458 12980
6457 12981
6456 12982
6455 12983
6454 13012
6453 13013
6452 13014
6451 13015
6450 13016
6449 13017
6448 13018
6447 13019
6446 13020
6445 13021
6444 13298
6443 13299
6442 13300
6441 13301
6440 13302
6439 13303
6438 13304
6437 13305
6436 11765
6435 11766
6434 11767
6433 11768
6432 11769
6431 11770
6430 11771
6429 11772
6428 11773
6427 11774
6426 11775
6425 13033
6424 13034
6423 13035
6422 13036
6421 13037
6420 13038
6419 13039
6418 13040
6417 13041
6416 13042
6415 13043
6414 13044
6413 13045
6412 13046
6411 13047
6410 13048
6409 13049
6408 13050
6407 13051
6406 13052
6405 13053
6404 13054
6403 13055
6402 13056
6399 11807
6398 11808
6397 11809
6396 11810
6395 11811
6394 11812
6393 11813
6392 11814
6391 11815
6390 11816
6389 11817
6388 11818
6387 11819
6386 11820
6385 11821
6384 10800
6383 10801
6382 10802
6381 10803
6380 10804
6379 10805
6378 10806
6377 10807
6376 10808
6375 10809
6374 10810
6373 10811
6372 10812
6371 11758
6370 11759
6369 11760
6368 11761
6367 11762
6366 11763
6365 11764
6364 13306
6363 13307
6362 13308
6361 13309
6360 13310
6359 13311
6358 11700
6357 11701
6356 11702
6355 11703
6354 11704
6353 10707
6352 10708
6351 10709
6350 10710
6349 10711
6348 10712
6347 10713
6346 10714
6345 10715
6344 10716
6343 10717
6342 10718
6341 10719
6340 10720
6339 10721
6338 10722
6337 10723
6336 10724
6335 10725
6334 10726
6333 10727
6332 10728
6331 10729
6330 10730
6329 11146
6328 11147
6327 11148
6326 11149
6325 11150
6324 11151
6323 11152
6322 11153
6321 11154
6320 11155
6319 11156
6318 11157
6317 11158
6316 11159
6315 11160
6314 11161
6313 11648
6312 11649
6311 11650
6310 11651
6309 11652
6308 11653
6307 11654
6306 11655
6305 11656
6304 11657
6303 11658
6302 11659
6301 11660
6300 12938
6299 12939
6298 12940
6297 12941
6296 12942
6295 12943
6294 12944
6293 12945
6292 12946
6291 12947
6290 12948
6289 12949
6288 12950
6287 9569
6286 9570
6285 9571
6284 9572
6283 9573
6282 9574
6281 9575
6280 9576
6279 9577
6278 9578
6277 9579
6276 9580
6275 9581
6274 9582
6273 9583
6272 9584
6271 11591
6270 11592
6269 11593
6268 11594
6267 11595
6266 11596
6265 11597
6264 11598
6263 11599
6262 11600
6261 11601
6260 11602
6259 11603
6258 11604
6257 11605
6256 11606
6255 11607
6254 11608
6253 11609
6252 11610
6251 11611
6250 11562
6249 11563
6248 11564
6247 11565
6246 11566
6245 11567
6244 11568
6243 11569
6242 11570
6241 11571
6240 11572
6239 11523
6238 11524
6237 11525
6236 11526
6235 11527
6234 11528
6233 11529
6232 11530
6231 11531
6230 11532
6229 11533
6228 11534
6227 11535
6226 11536
6225 11537
6224 9399
6223 9400
6222 9401
6221 9402
6220 9403
6219 9404
6218 9405
6217 9406
6216 12036
6215 12037
6214 12038
6213 12039
6212 12040
6211 12041
6210 12042
6209 12043
6208 12044
6207 12045
6206 12046
6205 12047
6204 12048
6203 12049
6202 12050
6201 12051
6200 12052
6199 12053
6198 12054
6197 12383
6196 12384
6195 12385
6194 12386
6193 12387
6192 12388
6191 12389
6190 12390
6189 12391
6188 12392
6187 12393
6186 12394
6185 12395
6184 12396
6183 12397
6182 12398
6181 12399
6180 12400
6179 12401
6178 12402
6177 12403
6176 11482
6175 11483
6174 11484
6173 11485
6172 11486
6171 11487
6170 11488
6169 11489
6168 11490
6167 11491
6166 13123
6165 13124
6164 13125
6163 13126
6162 13127
6161 13128
6160 13129
6159 13130
6158 13131
6157 13132
6156 13133
6155 13134
6154 13135
6153 13136
6152 13137
6151 13138
6150 13139
6149 13140
6148 13141
6147 13142
6146 13143
6145 11475
6144 11476
6143 11477
6142 11478
6141 11479
6140 11480
6139 11481
6138 11462
6137 11463
6136 11464
6135 12745
6134 12746
6133 10600
6132 10601
6131 10602
6130 10603
6129 10604
6128 10605
6127 10606
6126 10607
6125 10608
6124 10609
6123 10610
6122 10611
6121 10612
6120 10613
6119 8255
6118 8256
6117 8257
6116 8258
6115 8259
6114 8260
6113 8261
6112 8262
6111 11415
6110 11416
6109 11417
6108 11418
6107 11419
6106 11420
6105 11421
6104 11422
6103 11423
6102 11424
6101 11425
6100 11426
6099 11427
6098 11428
6097 11429
6096 11430
6095 11431
6094 11432
6093 11433
6092 11434
6091 11435
6088 12241
6087 12242
6086 12243
6085 12244
6084 12245
6083 12246
6082 12247
6081 12248
6080 12249
6079 12250
6078 12251
6077 12252
6076 12253
6075 11405
6074 11406
6073 11407
6072 11408
6071 11409
6070 11410
6069 11411
6068 11412
6067 11413
6066 11414
6065 11843
6064 11844
6063 11845
6062 11846
6061 11847
6060 11848
6059 11849
6058 11850
6057 11851
6056 11852
6055 11853
6054 11902
6053 11903
6052 11904
6051 11905
6050 11906
6049 11907
6048 11908
6047 11909
6046 11910
6045 11911
6044 11912
6043 11913
6042 11914
6041 11915
6040 11916
6039 11917
6038 11981
6037 11982
6036 11983
6035 11984
6034 11985
6033 11986
6032 11987
6031 11988
6030 11989
6029 11990
6028 11991
6027 11992
6026 11993
6025 11994
6024 11953
6023 11954
6022 11955
6021 11956
6020 11957
6019 11958
6018 11959
6017 12768
6016 12769
6015 12770
6014 12771
6013 12772
6012 12773
6011 12774
6010 12775
6009 12776
6008 12777
6007 12778
6006 12779
6005 12780
6004 12781
6003 12782
6002 12783
6001 12784
6000 12785
5999 12786
5998 12787
5997 12788
5996 12789
5995 12790
5994 12791
5993 12792
5992 12793
5991 12794
5990 12795
5989 12796
5988 10856
5987 10857
5986 10858
5985 10859
5984 10860
5983 10861
5982 10862
5981 10863
5980 10864
5979 10865
5978 10866
5977 10867
5976 10868
5975 10869
5974 10870
5973 10871
5972 10872
5971 10873
5970 10944
5969 10945
5968 10946
5967 10947
5966 10948
5965 10949
5964 10950
5963 10951
5962 10952
5961 10953
5960 10954
5959 10955
5958 10956
5957 12017
5956 12018
5955 12019
5954 12020
5953 12021
5952 12022
5951 12023
5950 12024
5949 12025
5948 12026
5947 12027
5946 12028
5945 12029
5944 12030
5943 12031
5942 12032
5941 12033
5940 12034
5939 12035
5938 9407
5937 9408
5936 9409
5935 9410
5934 9411
5933 9412
5932 9413
5931 9414
5930 9415
5929 9416
5928 12057
5927 12058
5926 12059
5925 12060
5924 12061
5923 12062
5922 12063
5921 12064
5920 12065
5919 12066
5918 12067
5917 12068
5916 12069
5915 12070
5914 12071
5913 12072
5912 12073
5911 12074
5910 12075
5909 12076
5908 12077
5907 12078
5906 12079
5905 12080
5904 12081
5903 12082
5902 12083
5901 12084
5900 12085
5899 12086
5898 12087
5897 12088
5896 12089
5895 12090
5894 11017
5893 11018
5892 11019
5891 11020
5890 11021
5889 11022
5888 11023
5887 11024
5886 11025
5885 11026
5884 11027
5883 11028
5882 11029
5881 11030
5880 11031
5879 11032
5878 11033
5877 11034
5876 11035
5875 11036
5874 11037
5873 11038
5872 11039
5871 11040
5870 11041
5869 11042
5868 11043
5867 11044
5866 11045
5865 12115
5864 12116
5863 12117
5862 12118
5861 12119
5860 12120
5859 12121
5858 12122
5857 12123
5856 12124
5855 12125
5854 12126
5853 12127
5852 12128
5851 12129
5850 12130
5849 12925
5848 12926
5847 12927
5846 12928
5845 12929
5844 12930
5843 12931
5842 12932
5841 12933
5840 12934
5839 12935
5838 12936
5837 12937
5836 11661
5835 11662
5834 11663
5833 11664
5832 11665
5831 11666
5830 11667
5829 11668
5828 11669
5827 11670
5826 11671
5825 11672
5824 11673
5823 11084
5822 11085
5821 11086
5820 11087
5819 11088
5818 11089
5817 11090
5816 11091
5815 11092
5814 11093
5813 11094
5812 11095
5811 11096
5810 11097
5809 11098
5808 11123
5807 11124
5806 11125
5805 11126
5804 11127
5803 11128
5802 11129
5801 11130
5800 11190
5799 11191
5798 11192
5797 11193
5796 11194
5795 11195
5794 11196
5793 11197
5792 11198
5791 11199
5790 11200
5789 12634
5788 12635
5787 12636
5786 12637
5785 12638
5784 12639
5783 12640
5782 12641
5781 12642
5780 12643
5779 12644
5778 12645
5777 12646
5776 12647
5775 12648
5774 12649
5773 12650
5772 11705
5771 11706
5770 11707
5769 11708
5768 11709
5767 11710
5766 11711
5765 11712
5764 11713
5763 11714
5762 11715
5761 11716
5760 10843
5759 10844
5758 10845
5757 10846
5756 10847
5755 10848
5754 10849
5753 10850
5752 10851
5751 10852
5750 10853
5749 10854
5748 10855
5747 10578
5746 10579
5745 10580
5744 10581
5743 10582
5742 10583
5741 10584
5740 10585
5739 10586
5738 10587
5737 11822
5736 11823
5735 11824
5734 11825
5733 11826
5732 11827
5731 11828
5730 11829
5729 11830
5728 12171
5727 12172
5726 12173
5725 12174
5724 12175
5723 12176
5722 12177
5721 12178
5718 9941
5717 9942
5716 9943
5715 9944
5714 9945
5713 9946
5712 9947
5711 9948
5710 11831
5709 11832
5708 11833
5707 11834
5706 11835
5705 11836
5704 11837
5703 11838
5702 11839
5701 11840
5700 11841
5699 11842
5698 10823
5697 10824
5696 10825
5695 10826
5694 10827
5693 10828
5692 10829
5691 10830
5690 10831
5689 10832
5688 10833
5687 10834
5686 10835
5685 10836
5684 10837
5683 10838
5682 10839
5681 10840
5680 10841
5679 10842
5678 11717
5677 11718
5676 11719
5675 11720
5674 11721
5673 11722
5672 11723
5671 11724
5670 11725
5669 11726
5668 11727
5667 11728
5666 11729
5665 11730
5664 11731
5663 11732
5662 11733
5661 11734
5660 10749
5659 10750
5658 10751
5657 10752
5656 10753
5655 10754
5654 10755
5653 10756
5652 10757
5651 10758
5650 10759
5649 10760
5648 10761
5647 10762
5646 11182
5645 11183
5644 11184
5643 11185
5642 11186
5641 11187
5640 11188
5639 11189
5638 11131
5637 11132
5636 11133
5635 11134
5634 11135
5633 11136
5632 11137
5631 11138
5630 11139
5629 11070
5628 11071
5627 11072
5626 11073
5625 11074
5624 11075
5623 11076
5622 11077
5621 11078
5620 11079
5619 11080
5618 11081
5617 11082
5616 11083
5615 11674
5614 11675
5613 11676
5612 11677
5611 11678
5610 11679
5609 11680
5608 11681
5607 11682
5606 11683
5605 11684
5604 11685
5603 11686
5602 12577
5601 12578
5600 12579
5599 12580
5598 12581
5597 12582
5596 12583
5595 10657
5594 10658
5593 10659
5592 10660
5591 10661
5590 10662
5589 10663
5588 10664
5587 10665
5586 10666
5585 9102
5584 9103
5583 9104
5582 9105
5581 9106
5580 9107
5579 9108
5578 9109
5577 9110
5576 9111
5575 9112
5574 9113
5573 11046
5572 11047
5571 11048
5570 11049
5569 11050
5568 11051
5567 11052
5566 11053
5565 11054
5564 11055
5563 11056
5562 11057
5561 11058
5560 11059
5559 11060
5558 11061
5557 11062
5556 11063
5555 9459
5554 9460
5553 9461
5552 9462
5551 9463
5550 9464
5549 9465
5548 9466
5547 9467
5546 9468
5545 9469
5544 9470
5543 9471
5542 9472
5541 9473
5540 9474
5539 9475
5538 9476
5537 9477
5536 9478
5535 9479
5534 9480
5533 9481
5532 9482
5531 9483
5530 10969
5529 10970
5528 10971
5527 10972
5526 10973
5525 10974
5524 10975
5523 11549
5522 11550
5521 11551
5520 11552
5519 11553
5518 11554
5517 11555
5516 11556
5515 11557
5514 11558
5513 11559
5512 11560
5511 11561
5510 9417
5509 9418
5508 9419
5507 9420
5506 9421
5505 9422
5504 9423
5503 9424
5502 9425
5501 9426
5500 9427
5499 9428
5498 9429
5497 9430
5496 9431
5495 9432
5494 9433
5493 9434
5492 9435
5491 9436
5490 9437
5489 9438
5488 9439
5487 10925
5486 10926
5485 10927
5484 10928
5483 10929
5482 10930
5481 10931
5480 10932
5479 10933
5478 10934
5477 10935
5476 10936
5475 10937
5474 10938
5473 10939
5472 10940
5471 10941
5470 10942
5469 10943
5468 10874
5467 10875
5466 10876
5465 10877
5464 10878
5463 10879
5462 10880
5461 10881
5460 10882
5459 10883
5458 10884
5457 10885
5456 10886
5455 10887
5454 10888
5453 10889
5452 10890
5451 10891
5450 10892
5449 10893
5448 10894
5447 10895
5446 10896
5445 10258
5444 10259
5443 10260
5442 10261
5441 10262
5440 10263
5439 10264
5438 10265
5437 10266
5436 10267
5435 10268
5434 10269
5433 10270
5432 10271
5431 10272
5430 10273
5429 8308
5428 8309
5427 8310
5426 8311
5425 8312
5424 8313
5423 8314
5422 8315
5421 8316
5420 8317
5419 8318
5418 8319
5417 8320
5416 8321
5415 8322
5414 11995
5413 11996
5412 11997
5411 11998
5410 11999
5409 12000
5408 12001
5407 12002
5406 12003
5405 12004
5404 12005
5403 12006
5402 12007
5401 12008
5400 8508
5399 8509
5398 8510
5397 8511
5396 8512
5395 8513
5394 8514
5393 8515
5392 8516
5391 10621
5390 10622
5389 10623
5388 10624
5387 10625
5386 10626
5385 10627
5384 10628
5383 10629
5382 10630
5381 10631
5380 10632
5379 10633
5378 10634
5377 10635
5376 10636
5375 10637
5374 10638
5373 10639
5372 10640
5371 10641
5370 10642
5369 10643
5368 10644
5367 10645
5366 10646
5365 10647
5364 10648
5363 12254
5362 12255
5361 12256
5360 12257
5359 12258
5358 12259
5357 12260
5356 12261
5355 12262
5354 12263
5353 12264
5352 12265
5351 12266
5348 11440
5347 11441
5346 11442
5345 11443
5344 11444
5343 11445
5342 11446
5341 11447
5340 11448
5339 11449
5338 11450
5337 11451
5336 11452
5335 11453
5334 11454
5333 11455
5332 11456
5331 11457
5330 11458
5329 11459
5328 11460
5327 11461
5326 8248
5325 8249
5324 8250
5323 8251
5322 8252
5321 8253
5320 8254
5319 10614
5318 10615
5317 10616
5316 10617
5315 10618
5314 10619
5313 10620
5312 9220
5311 9221
5310 9222
5309 9223
5308 9224
5307 9225
5306 9226
5305 9227
5304 9228
5303 9229
5302 9230
5301 9231
5300 9232
5299 9233
5298 9234
5297 9235
5296 9236
5295 9237
5294 9238
5293 8295
5292 8296
5291 8297
5290 8298
5289 8299
5288 8300
5287 8301
5286 8302
5285 8303
5284 8304
5283 8305
5282 8306
5281 8307
5280 10274
5279 10275
5278 10276
5277 10277
5276 10278
5275 10279
5274 10280
5273 10281
5272 10282
5271 10283
5270 9278
5269 9279
5268 9280
5267 9281
5266 9282
5265 9283
5264 9284
5263 9285
5262 9286
5261 9287
5260 9288
5259 9289
5258 9290
5257 9291
5256 9292
5255 9293
5254 9294
5253 9295
5252 9296
5251 9359
5250 9360
5249 9361
5248 9362
5247 9363
5246 9364
5245 9365
5244 9366
5243 9367
5242 9368
5241 9369
5240 9370
5239 9371
5238 9372
5237 9373
5236 9374
5235 9375
5234 9376
5233 9377
5232 9378
5231 9379
5230 9383
5229 9384
5228 9385
5227 9386
5226 9387
5225 9388
5224 9389
5223 9390
5222 9391
5221 9392
5220 9393
5219 9394
5218 9395
5217 9396
5216 9397
5215 9398
5214 11538
5213 11539
5212 11540
5211 11541
5210 11542
5209 11543
5208 11544
5207 11545
5206 11546
5205 11547
5204 11548
5203 10976
5202 10977
5201 10978
5200 10979
5199 10980
5198 10981
5197 10982
5196 10983
5195 10984
5194 10985
5193 10986
5192 10987
5191 10988
5190 10989
5189 10990
5188 9448
5187 9449
5186 9450
5185 9451
5184 9452
5183 9453
5182 9454
5181 9455
5180 9456
5179 9457
5178 9458
5177 11064
5176 11065
5175 11066
5174 11067
5173 11068
5172 11069
5171 9484
5170 9485
5169 9486
5168 9487
5167 9488
5166 9489
5165 9490
5164 9491
5163 9492
5162 9493
5161 9494
5160 9495
5159 9496
5158 9562
5157 9563
5156 9564
5155 9565
5154 9566
5153 9567
5152 9568
5151 10649
5150 10650
5149 10651
5148 10652
5147 10653
5146 10654
5145 10655
5144 10656
5143 12584
5142 12585
5141 9585
5140 9586
5139 9587
5138 9588
5137 9589
5136 9590
5135 9591
5134 9592
5133 9593
5132 9594
5131 9595
5130 9596
5129 9597
5128 9598
5127 9599
5126 9600
5125 8782
5124 8783
5123 8784
5122 8785
5121 8786
5120 8787
5119 8788
5118 8789
5117 8790
5116 8791
5115 11140
5114 11141
5113 11142
5112 11143
5111 11144
5110 11145
5109 10731
5108 10732
5107 10733
5106 10734
5105 10735
5104 10736
5103 10737
5102 10738
5101 10739
5100 10740
5099 10741
5098 10742
5097 10743
5096 10744
5095 10745
5094 10746
5093 10747
5092 10748
5091 11735
5090 11736
5089 11737
5088 11738
5087 11739
5086 11740
5085 11741
5084 11742
5083 11743
5082 11744
5081 11745
5080 11746
5079 11747
5078 11748
5077 11749
5076 11750
5075 11751
5074 11752
5073 11753
5072 11754
5071 11755
5070 11756
5069 11757
5068 10813
5067 10814
5066 10815
5065 10816
5064 10817
5063 10818
5062 10819
5061 10820
5060 10821
5059 10822
5058 9745
5057 9746
5056 9747
5055 9748
5054 9749
5053 9750
5052 9751
5051 9926
5050 9927
5049 9928
5048 9929
5047 9930
5046 9931
5045 9932
5044 9933
5043 9934
5042 9935
5041 9936
5038 9915
5037 9916
5036 9917
5035 9918
5034 9919
5033 9920
5032 9921
5031 9922
5030 9923
5029 9924
5028 9925
5027 9752
5026 9753
5025 9754
5024 9755
5023 9756
5022 9757
5021 9758
5020 9759
5019 9760
5018 9761
5017 9762
5016 9763
5015 9764
5014 9765
5013 9766
5012 7343
5011 7344
5010 7345
5009 7346
5008 7347
5007 7348
5006 7349
5005 7350
5004 7351
5003 7352
5002 7353
5001 7354
5000 9685
4999 9686
4998 9687
4997 9688
4996 9689
4995 9690
4994 11400
4993 11401
4992 11402
4991 11403
4990 11404
4989 9625
4988 9626
4987 9627
4986 9628
4985 9629
4984 9630
4983 9631
4982 9632
4981 9633
4980 9634
4979 9635
4978 9636
4977 9637
4976 9638
4975 8761
4974 8762
4973 8763
4972 8764
4971 8765
4970 8766
4969 8767
4968 8768
4967 8769
4966 8770
4965 8771
4964 8772
4963 8773
4962 8774
4961 8775
4960 8776
4959 8777
4958 8778
4957 8779
4956 8780
4955 8781
4954 9601
4953 9602
4952 9603
4951 9604
4950 9605
4949 9606
4948 9607
4947 9608
4946 9609
4945 9610
4944 9611
4943 9612
4942 9613
4941 9542
4940 9543
4939 9544
4938 9545
4937 9546
4936 9547
4935 9548
4934 9549
4933 9550
4932 9551
4931 9552
4930 9553
4929 9554
4928 9555
4927 9556
4926 9557
4925 9558
4924 9559
4923 9560
4922 9561
4921 9497
4920 9498
4919 9499
4918 9500
4917 9501
4916 9502
4915 9503
4914 9504
4913 9505
4912 9506
4911 9507
4910 9508
4909 9509
4908 9510
4907 8355
4906 8356
4905 8357
4904 8358
4903 8359
4902 8360
4901 8361
4900 8362
4899 9440
4898 9441
4897 9442
4896 9443
4895 9444
4894 9445
4893 9446
4892 9447
4891 10991
4890 10992
4889 10993
4888 10994
4887 10995
4886 10996
4885 10997
4884 10998
4883 10999
4882 11000
4881 11001
4880 11002
4879 11003
4878 11004
4877 11005
4876 11006
4875 11007
4874 11008
4873 11009
4872 11010
4871 11011
4870 11012
4869 11013
4868 11014
4867 11015
4866 11016
4865 6964
4864 6965
4863 6966
4862 6967
4861 6968
4860 6969
4859 6970
4858 6971
4857 8006
4856 8007
4855 8008
4854 8009
4853 8010
4852 9380
4851 9381
4850 9382
4849 9338
4848 9339
4847 9340
4846 9341
4845 9342
4844 9343
4843 9344
4842 9345
4841 9346
4840 9347
4839 9348
4838 9349
4837 9350
4836 9351
4835 9352
4834 9353
4833 9354
4832 9355
4831 9356
4830 9357
4829 9358
4828 9297
4827 9298
4826 9299
4825 9300
4824 9301
4823 9302
4822 9303
4821 9304
4820 9305
4819 9306
4818 9307
4817 9308
4816 9309
4815 10212
4814 10213
4813 10214
4812 10215
4811 10216
4810 10217
4809 10218
4808 10219
4807 10220
4806 10221
4805 10222
4804 10223
4803 10224
4802 8279
4801 8280
4800 8281
4799 8282
4798 8283
4797 8284
4796 8285
4795 8286
4794 8287
4793 8288
4792 8289
4791 8290
4790 8291
4789 8292
4788 8293
4787 8294
4786 9239
4785 9240
4784 9241
4783 9242
4782 9243
4781 9244
4780 9245
4779 8222
4778 8223
4777 8224
4776 8225
4775 8226
4774 8227
4773 8228
4772 8229
4771 8230
4770 8231
4769 8232
4768 8233
4767 8234
4766 8235
4765 8236
4764 8237
4763 8238
4762 8239
4761 8240
4760 8241
4759 8242
4758 8243
4757 8244
4756 8245
4755 8246
4754 8247
4753 8170
4752 8171
4751 8172
4750 8173
4749 8174
4748 8175
4747 8176
4746 8177
4745 8178
4744 8179
4743 8180
4742 8181
4741 8182
4740 8183
4739 8153
4738 8154
4737 8155
4736 8156
4735 8157
4734 8158
4733 8159
4732 8160
4729 9966
4728 9967
4727 9968
4726 9969
4725 9970
4724 9971
4723 9972
4722 9973
4721 9974
4720 9975
4719 9976
4718 9977
4717 9978
4716 9979
4715 9980
4714 9981
4713 9982
4712 9983
4711 9984
4710 9985
4709 9986
4708 9987
4707 9988
4706 9989
4705 9990
4704 11893
4703 11894
4702 11895
4701 11896
4700 11897
4699 11898
4698 11899
4697 11900
4696 11901
4695 8492
4694 8493
4693 8494
4692 8495
4691 8496
4690 8497
4689 8498
4688 8499
4687 8500
4686 8501
4685 8502
4684 8503
4683 8504
4682 8505
4681 8506
4680 8507
4679 9800
4678 9801
4677 9802
4676 9803
4675 9804
4674 9805
4673 9806
4672 9807
4671 10085
4670 10086
4669 10087
4668 10088
4667 10089
4666 10090
4665 10091
4664 10092
4663 10093
4662 10094
4661 10095
4660 10096
4659 10097
4658 10098
4657 10099
4656 10100
4655 10101
4654 10102
4653 10103
4652 10104
4651 10191
4650 10192
4649 10193
4648 10194
4647 10195
4646 10196
4645 10197
4644 10198
4643 10199
4642 10200
4641 10201
4640 10202
4639 10203
4638 10204
4637 10205
4636 10206
4635 10207
4634 10208
4633 10209
4632 10210
4631 10211
4630 9310
4629 9311
4628 9312
4627 9313
4626 9314
4625 9315
4624 9316
4623 9317
4622 9318
4621 9319
4620 9320
4619 9321
4618 9322
4617 9323
4616 9324
4615 9325
4614 9326
4613 9327
4612 9328
4611 6868
4610 6869
4609 6870
4608 6871
4607 6872
4606 6873
4605 6874
4604 6875
4603 6876
4602 6877
4601 6878
4600 6879
4599 6880
4598 10313
4597 10314
4596 10315
4595 10316
4594 10317
4593 10318
4592 10319
4591 10320
4590 7995
4589 7996
4588 7997
4587 7998
4586 7999
4585 8000
4584 8001
4583 8002
4582 8003
4581 8004
4580 8005
4579 6972
4578 6973
4577 6974
4576 6975
4575 6976
4574 6977
4573 6978
4572 6979
4571 6980
4570 6981
4569 8550
4568 8551
4567 8552
4566 8553
4565 8554
4564 8555
4563 8556
4562 8557
4561 8558
4560 8559
4559 8560
4558 8608
4557 8609
4556 8610
4555 8611
4554 8612
4553 8613
4552 8614
4551 8615
4550 8616
4549 8617
4548 8618
4547 8619
4546 8620
4545 10403
4544 10404
4543 10405
4542 10406
4541 10407
4540 10408
4539 10409
4538 10410
4537 10411
4536 10412
4535 10413
4534 10414
4533 10415
4532 10416
4531 10417
4530 10418
4529 10419
4528 8363
4527 8364
4526 8365
4525 8366
4524 8367
4523 8368
4522 8369
4521 8370
4520 8371
4519 8372
4518 8373
4517 8374
4516 8375
4515 10462
4514 10463
4513 10464
4512 10465
4511 10466
4510 10467
4509 10468
4508 10469
4507 10470
4506 8649
4505 8650
4504 8651
4503 8652
4502 8653
4501 8654
4500 8655
4499 8656
4498 8657
4497 8658
4496 8659
4495 8660
4494 8661
4493 8662
4492 8663
4491 8664
4490 8665
4489 8666
4488 8667
4487 8668
4486 8669
4485 9161
4484 9162
4483 9163
4482 9164
4481 9165
4480 9166
4479 9167
4478 9168
4477 9614
4476 9615
4475 9616
4474 9617
4473 9618
4472 9619
4471 9620
4470 9621
4469 9622
4468 9623
4467 9624
4466 9849
4465 9850
4464 9851
4463 9852
4462 9853
4461 9854
4460 9855
4459 9856
4458 9857
4457 9858
4456 9859
4455 9860
4454 9861
4453 9862
4452 9863
4451 10502
4450 10503
4449 10504
4448 10505
4447 10506
4446 10507
4445 10508
4444 10509
4443 8753
4442 8754
4441 8755
4440 8756
4439 8757
4438 8758
4437 8759
4436 8760
4435 9639
4434 9640
4433 9641
4432 9642
4431 9643
4430 9644
4429 9645
4428 9646
4427 9647
4426 9648
4425 9649
4424 9650
4423 9651
4422 9652
4421 9653
4420 9654
4419 11392
4418 11393
4417 11394
4416 11395
4415 11396
4414 11397
4413 11398
4412 11399
4411 9691
4410 9692
4409 9693
4408 9694
4407 9695
4406 9696
4405 9697
4404 9698
4403 9699
4402 9700
4401 8792
4400 8793
4399 8794
4398 8795
4397 8796
4396 8797
4395 8798
4394 8799
4393 8800
4392 8801
4391 8802
4390 8803
4389 8804
4388 8805
4387 8806
4386 8807
4385 8808
4384 8809
4383 8810
4382 8811
4381 8812
4380 9892
4379 9893
4378 9894
4377 9895
4376 9896
4375 9897
4374 9898
4373 9899
4372 9900
4371 9901
4370 9902
4369 9903
4368 9904
4367 9905
4366 9906
4365 9907
4364 9908
4363 9909
4362 9910
4359 9209
4358 9210
4357 9211
4356 9212
4355 9213
4354 9214
4353 9787
4352 9788
4351 9789
4350 9790
4349 9791
4348 9792
4347 9793
4346 9794
4345 9795
4344 9796
4343 9797
4342 9798
4341 9799
4340 8813
4339 8814
4338 8815
4337 8816
4336 8817
4335 8818
4334 8819
4333 8820
4332 8821
4331 8822
4330 8823
4329 8824
4328 8825
4327 9737
4326 9738
4325 9739
4324 9740
4323 9741
4322 9742
4321 9743
4320 9744
4319 9701
4318 9702
4317 9703
4316 9704
4315 9705
4314 9706
4313 9707
4312 9708
4311 9709
4310 9710
4309 9711
4308 9712
4307 9713
4306 8376
4305 8377
4304 8378
4303 8379
4302 8380
4301 8381
4300 8382
4299 8383
4298 8384
4297 8385
4296 8386
4295 8387
4294 8388
4293 8389
4292 8390
4291 8391
4290 8740
4289 8741
4288 8742
4287 8743
4286 8744
4285 8745
4284 8746
4283 8747
4282 8748
4281 8749
4280 8750
4279 8751
4278 8752
4277 10510
4276 10511
4275 10512
4274 10513
4273 10514
4272 10515
4271 10516
4270 10517
4269 10518
4268 10519
4267 10520
4266 10521
4265 10522
4264 10523
4263 10524
4262 10525
4261 10526
4260 10527
4259 8700
4258 8701
4257 8702
4256 8703
4255 8704
4254 8705
4253 8706
4252 8707
4251 8708
4250 8709
4249 8710
4248 8711
4247 8712
4246 8713
4245 8714
4244 8715
4243 9153
4242 9154
4241 9155
4240 9156
4239 9157
4238 9158
4237 9159
4236 9160
4235 8670
4234 8671
4233 8672
4232 8673
4231 8674
4230 8675
4229 8676
4228 8677
4227 8678
4226 9530
4225 9531
4224 9532
4223 9533
4222 9534
4221 9535
4220 9536
4219 9537
4218 9538
4217 9539
4216 9540
4215 9541
4214 10471
4213 10472
4212 10473
4211 10474
4210 10475
4209 10476
4208 10477
4207 10478
4206 10479
4205 8323
4204 8324
4203 8325
4202 8326
4201 8327
4200 8328
4199 8329
4198 8330
4197 8331
4196 8332
4195 8333
4194 8334
4193 8335
4192 8336
4191 8337
4190 8338
4189 8339
4188 8340
4187 8341
4186 7064
4185 7065
4184 7066
4183 7067
4182 7068
4181 7069
4180 7070
4179 7071
4178 7072
4177 7073
4176 7074
4175 7075
4174 7076
4173 7077
4172 7078
4171 8599
4170 8600
4169 8601
4168 8602
4167 8603
4166 8604
4165 8605
4164 8606
4163 8607
4162 8561
4161 8562
4160 8563
4159 8564
4158 8565
4157 8566
4156 8567
4155 8568
4154 8569
4153 8570
4152 8571
4151 8572
4150 8573
4149 8574
4148 8575
4147 8576
4146 7547
4145 7548
4144 7549
4143 7550
4142 7551
4141 7552
4140 7553
4139 7554
4138 7987
4137 7988
4136 7989
4135 7990
4134 7991
4133 7992
4132 7993
4131 7994
4130 10321
4129 10322
4128 10323
4127 10324
4126 10325
4125 10326
4124 10327
4123 10328
4122 6855
4121 6856
4120 6857
4119 6858
4118 6859
4117 6860
4116 6861
4115 6862
4114 6863
4113 6864
4112 6865
4111 6866
4110 6867
4109 9329
4108 9330
4107 9331
4106 9332
4105 9333
4104 9334
4103 9335
4102 9336
4101 9337
4100 6796
4099 6797
4098 6798
4097 6799
4096 6800
4095 6801
4094 6802
4093 6803
4092 6804
4091 6805
4090 6806
4089 6807
4088 6808
4087 6809
4086 7456
4085 7457
4084 7458
4083 8517
4082 8518
4081 8519
4080 8520
4079 8521
4078 8522
4077 8523
4076 8524
4075 8525
4074 8526
4073 8527
4072 8528
4071 8529
4070 8530
4069 8531
4068 8532
4067 8533
4066 8534
4065 7448
4064 7449
4063 7450
4062 7451
4061 7452
4060 7453
4059 7454
4058 7455
4057 8460
4056 8461
4055 8462
4054 8463
4053 8464
4052 8465
4051 8466
4050 8467
4049 8468
4048 8469
4047 8470
4046 8471
4045 8472
4044 8473
4043 8474
4042 8475
4041 8476
4040 8477
4039 8478
4038 8479
4037 8480
4036 8481
4035 8482
4034 8483
4033 8484
4032 8485
4031 8486
4030 8487
4029 8488
4028 8489
4027 8490
4026 8491
4025 8401
4024 8402
4023 8403
4022 8404
4021 8405
4020 8406
4019 8407
4018 8408
4017 8409
4016 8410
4015 8411
4014 8412
4013 8413
4012 8414
4011 8415
4010 8416
4009 8417
4008 8418
4007 8419
4006 8420
4005 8421
4004 8422
4003 8423
4002 8424
4001 8425
4000 8426
3999 8427
3998 8428
3997 8429
3996 8430
3995 8431
3994 8432
3993 8433
3992 8434
3989 8165
3988 8166
3987 8167
3986 8168
3985 8169
3984 8150
3983 8151
3982 8152
3981 8184
3980 8185
3979 8186
3978 8187
3977 8188
3976 8189
3975 8190
3974 8191
3973 8192
3972 8193
3971 8194
3970 8195
3969 8196
3968 8197
3967 8198
3966 8199
3965 8200
3964 8201
3963 8202
3962 8203
3961 8204
3960 8205
3959 8206
3958 8207
3957 8208
3956 8209
3955 6759
3954 6760
3953 8210
3952 8211
3951 8212
3950 8213
3949 8214
3948 8215
3947 8216
3946 8217
3945 8218
3944 8219
3943 8220
3942 8221
3941 9246
3940 9247
3939 9248
3938 9249
3937 9250
3936 9251
3935 9252
3934 8263
3933 8264
3932 8265
3931 8266
3930 8267
3929 8268
3928 8269
3927 8270
3926 8271
3925 8272
3924 8273
3923 8274
3922 8275
3921 8276
3920 8277
3919 8278
3918 10225
3917 10226
3916 6810
3915 6811
3914 6812
3913 6813
3912 6814
3911 6815
3910 6816
3909 6817
3908 6818
3907 6819
3906 6820
3905 6821
3904 6822
3903 6823
3902 6824
3901 6825
3900 6826
3899 6827
3898 6828
3897 6829
3896 6830
3895 6831
3894 6832
3893 6833
3892 6842
3891 6843
3890 6844
3889 6845
3888 6846
3887 6847
3886 6848
3885 6849
3884 6850
3883 6851
3882 6852
3881 6853
3880 6854
3879 10329
3878 10330
3877 6894
3876 6895
3875 6896
3874 6897
3873 6898
3872 6899
3871 6900
3870 6949
3869 6950
3868 6951
3867 6952
3866 6953
3865 6954
3864 6955
3863 6956
3862 6957
3861 6958
3860 6959
3859 6960
3858 6961
3857 6962
3856 6963
3855 6982
3854 6983
3853 6984
3852 6985
3851 6986
3850 6987
3849 6988
3848 6989
3847 6990
3846 6991
3845 6992
3844 6993
3843 6994
3842 6995
3841 6996
3840 6997
3839 7051
3838 7052
3837 7053
3836 7054
3835 7055
3834 7056
3833 7057
3832 7058
3831 7059
3830 7060
3829 7061
3828 7062
3827 7063
3826 8342
3825 8343
3824 8344
3823 8345
3822 8346
3821 8347
3820 8348
3819 8349
3818 8350
3817 8351
3816 8352
3815 8353
3814 8354
3813 9511
3812 9512
3811 9513
3810 9514
3809 9515
3808 9516
3807 9517
3806 9518
3805 9519
3804 9520
3803 9521
3802 9522
3801 9523
3800 9524
3799 9525
3798 9526
3797 9527
3796 9528
3795 9529
3794 8679
3793 8680
3792 8681
3791 8682
3790 8683
3789 8684
3788 8685
3787 8686
3786 8687
3785 8688
3784 8689
3783 8690
3782 8691
3781 8692
3780 8693
3779 8694
3778 8695
3777 8696
3776 7213
3775 7214
3774 7215
3773 7216
3772 7217
3771 7218
3770 7219
3769 7220
3768 7221
3767 7222
3766 7199
3765 7200
3764 7232
3763 7233
3762 7234
3761 7235
3760 7236
3759 7237
3758 7238
3757 7239
3756 7240
3755 7626
3754 7627
3753 7628
3752 7629
3751 7630
3750 7631
3749 7632
3748 7633
3747 7634
3746 7635
3745 7636
3744 7637
3743 8392
3742 8393
3741 8394
3740 8395
3739 8396
3738 8397
3737 8398
3736 8399
3735 8400
3734 7318
3733 7319
3732 7320
3731 7321
3730 7322
3729 7323
3728 7324
3727 7325
3726 7326
3725 7327
3724 7328
3723 7329
3722 7330
3721 7331
3720 7332
3719 7333
3718 7334
3717 7335
3716 7336
3715 7337
3714 7338
3713 7339
3712 7340
3711 7341
3710 7342
3709 9767
3708 9768
3707 9769
3706 9770
3705 9771
3704 9772
3703 9773
3702 9774
3701 9775
3700 9776
3699 9777
3698 9778
3697 9779
3696 9780
3695 9781
3694 9782
3693 9783
3692 9784
3691 9785
3690 9786
3689 9215
3688 9216
3687 9217
3686 9218
3685 9219
3682 7391
3681 7392
3680 7393
3679 7394
3678 7395
3677 7375
3676 7376
3675 7377
3674 7355
3673 7356
3672 7357
3671 7358
3670 7359
3669 7360
3668 7361
3667 7362
3666 7363
3665 7737
3664 7738
3663 7739
3662 7740
3661 7741
3660 7742
3659 7743
3658 7744
3657 7745
3656 7746
3655 7747
3654 7748
3653 7749
3652 7750
3651 7300
3650 7301
3649 7302
3648 7303
3647 7304
3646 7305
3645 7306
3644 7307
3643 7308
3642 7309
3641 7310
3640 7311
3639 7312
3638 7313
3637 7314
3636 7315
3635 7316
3634 7317
3633 7241
3632 7242
3631 7243
3630 7244
3629 7245
3628 7246
3627 7247
3626 7248
3625 7249
3624 7250
3623 7251
3622 7616
3621 7617
3620 7618
3619 7619
3618 7620
3617 7621
3616 7622
3615 7623
3614 7624
3613 7625
3612 7223
3611 7224
3610 7225
3609 7226
3608 7227
3607 7228
3606 7229
3605 7230
3604 7231
3603 7201
3602 7202
3601 7203
3600 7204
3599 7205
3598 7206
3597 7207
3596 7208
3595 7209
3594 7210
3593 7211
3592 7212
3591 8697
3590 8698
3589 8699
3588 7139
3587 7140
3586 7141
3585 7142
3584 7143
3583 7144
3582 7145
3581 7146
3580 7117
3579 7118
3578 7119
3577 7120
3576 7121
3575 7122
3574 7123
3573 7124
3572 7125
3571 7126
3570 7092
3569 7093
3568 7094
3567 7095
3566 7096
3565 7097
3564 7098
3563 7099
3562 7100
3561 7101
3560 7102
3559 7103
3558 7104
3557 7105
3556 7106
3555 7107
3554 7108
3553 7109
3552 7110
3551 7111
3550 7112
3549 7113
3548 7114
3547 7115
3546 7116
3545 7035
3544 7036
3543 7037
3542 7038
3541 7039
3540 7040
3539 7041
3538 7042
3537 7043
3536 7044
3535 7045
3534 7046
3533 7047
3532 7048
3531 7049
3530 7050
3529 6998
3528 6999
3527 7000
3526 7001
3525 7002
3524 7003
3523 7004
3522 7005
3521 7006
3520 7007
3519 8590
3518 8591
3517 6930
3516 6931
3515 6932
3514 6933
3513 6934
3512 6935
3511 6936
3510 6937
3509 6938
3508 6939
3507 6940
3506 6941
3505 6942
3504 6943
3503 6944
3502 6945
3501 6946
3500 6947
3499 6948
3498 6901
3497 6902
3496 6903
3495 6904
3494 6905
3493 6906
3492 6907
3491 6908
3490 6909
3489 6910
3488 6911
3487 6912
3486 6913
3485 8947
3484 8948
3483 6836
3482 6837
3481 6838
3480 6839
3479 6840
3478 6841
3477 6834
3476 6835
3475 6761
3474 6762
3473 6763
3472 6764
3471 6765
3470 6766
3469 7472
3468 7473
3467 7474
3466 7475
3465 7476
3464 7477
3463 7478
3462 7479
3461 7480
3460 7481
3459 7482
3458 7483
3457 7484
3456 7485
3455 7486
3454 7487
3453 7488
3452 7489
3451 7490
3450 7491
3449 7492
3448 7493
3447 7494
3446 7495
3445 7496
3444 7497
3443 7498
3442 7499
3441 7500
3440 7501
3439 7502
3438 7503
3437 7504
3436 7505
3435 9253
3434 9254
3433 9255
3432 9256
3431 9257
3430 9258
3429 9259
3428 9260
3427 9261
3426 9262
3425 9263
3424 9264
3423 9265
3422 6751
3421 6752
3420 6753
3419 6754
3418 6755
3417 6756
3416 6757
3415 6758
3414 6714
3413 6715
3412 6716
3411 6717
3410 6718
3409 6719
3408 6720
3407 6721
3406 6722
3405 6723
3404 6724
3403 6725
3402 6726
3401 7783
3400 7784
3399 7785
3398 7786
3397 7787
3396 7788
3395 7789
3394 7790
3393 7791
3392 7792
3391 7793
3390 7794
3389 7795
3388 7796
3387 7797
3386 7798
3385 7799
3384 7800
3383 7801
3382 7802
3381 7803
3378 7760
3377 7761
3376 7762
3375 7763
3374 7764
3373 7765
3372 7766
3371 7767
3370 7768
3369 7769
3368 7770
3367 7771
3366 7772
3365 7773
3364 7774
3363 7775
3362 7776
3361 7777
3360 7778
3359 7779
3358 7780
3357 7781
3356 7782
3355 6727
3354 6728
3353 6729
3352 6730
3351 6731
3350 6732
3349 6733
3348 6734
3347 6735
3346 6736
3345 6737
3344 6738
3343 6739
3342 6740
3341 6741
3340 6742
3339 6743
3338 6744
3337 6745
3336 6746
3335 6747
3334 6748
3333 6749
3332 6750
3331 9266
3330 9267
3329 9268
3328 9269
3327 9270
3326 9271
3325 9272
3324 9273
3323 9274
3322 9275
3321 9276
3320 9277
3319 7406
3318 7407
3317 7408
3316 7409
3315 7410
3314 7411
3313 7412
3312 7413
3311 7414
3310 7415
3309 7416
3308 7417
3307 7418
3306 7419
3305 7420
3304 7421
3303 7422
3302 7423
3301 7424
3300 7425
3299 7918
3298 7919
3297 7920
3296 7921
3295 7922
3294 7923
3293 7924
3292 7925
3291 7926
3290 7927
3289 7928
3288 7929
3287 7930
3286 7459
3285 7460
3284 7461
3283 7462
3282 7463
3281 7464
3280 7465
3279 7466
3278 7467
3277 7468
3276 7469
3275 7470
3274 7471
3273 6767
3272 6768
3271 6769
3270 6770
3269 6771
3268 6772
3267 6773
3266 6774
3265 6775
3264 8935
3263 8936
3262 8937
3261 8938
3260 8939
3259 8940
3258 8941
3257 8942
3256 8943
3255 8944
3254 8945
3253 8946
3252 6914
3251 6915
3250 6916
3249 6917
3248 6918
3247 6919
3246 6920
3245 6921
3244 6922
3243 6923
3242 6924
3241 6925
3240 6926
3239 6927
3238 6928
3237 6929
3236 7534
3235 7535
3234 7536
3233 7537
3232 7538
3231 7539
3230 7540
3229 7541
3228 7542
3227 7543
3226 7544
3225 7545
3224 7546
3223 8577
3222 8578
3221 8579
3220 8580
3219 8581
3218 8582
3217 8583
3216 8584
3215 8585
3214 8586
3213 8587
3212 8588
3211 8589
3210 7008
3209 7009
3208 7010
3207 7011
3206 7012
3205 7013
3204 7014
3203 7015
3202 7016
3201 7017
3200 7018
3199 7019
3198 7020
3197 7021
3196 7022
3195 7023
3194 8057
3193 8058
3192 8059
3191 8060
3190 8061
3189 8062
3188 8063
3187 8064
3186 8065
3185 8066
3184 8067
3183 8068
3182 8069
3181 8070
3180 8071
3179 8072
3178 8073
3177 8074
3176 8075
3175 8076
3174 8077
3173 9052
3172 9053
3171 9054
3170 9055
3169 9056
3168 9057
3167 9058
3166 9059
3165 9060
3164 9061
3163 9062
3162 9063
3161 9064
3160 7079
3159 7080
3158 7081
3157 7082
3156 7083
3155 7084
3154 7085
3153 7086
3152 7087
3151 7088
3150 7089
3149 7090
3148 7091
3147 7127
3146 7128
3145 7129
3144 7130
3143 7131
3142 7132
3141 7133
3140 7134
3139 7135
3138 7136
3137 7137
3136 7138
3135 7147
3134 7148
3133 7149
3132 7150
3131 7151
3130 7152
3129 7153
3128 7154
3127 7155
3126 7156
3125 7157
3124 7158
3123 7159
3122 7160
3121 7161
3120 7576
3119 7577
3118 7578
3117 7579
3116 7580
3115 7561
3114 7562
3113 7563
3112 7564
3111 7588
3110 7589
3109 7590
3108 7591
3107 7592
3106 7593
3105 7594
3104 7595
3103 7596
3102 7597
3101 7598
3100 7599
3099 7600
3098 7601
3097 7602
3096 7603
3095 7604
3094 7605
3093 7606
3092 7607
3091 7608
3090 7609
3089 7610
3088 7611
3087 7612
3086 7613
3085 7614
3084 7615
3083 7252
3082 7253
3081 7254
3080 7255
3079 7256
3078 7257
3077 7258
3076 7259
3075 7260
3074 7261
3073 7262
3072 7263
3071 7264
3070 7265
3069 7266
3068 7267
3067 7638
3066 7639
3065 7640
3064 7641
3063 7642
3062 7643
3061 7644
3060 7645
3059 7646
3058 7658
3057 7659
3056 7660
3055 7661
3054 7662
3053 7663
3052 7664
3051 7665
3050 7666
3049 7667
3048 7679
3047 7680
3046 7681
3045 7682
3044 7683
3043 7684
3042 7685
3041 7686
3040 7687
3039 7729
3038 7730
3037 7731
3036 7732
3035 7733
3034 7734
3033 7735
3032 7736
3031 7364
3030 7365
3029 7366
3028 7367
3027 7368
3026 7369
3025 7370
3024 7371
3023 7372
3022 7373
3021 7374
3020 7378
3019 7379
3018 7380
3017 7381
3016 7382
3015 7383
3014 7384
3013 7385
3012 7386
3009 7698
3008 7699
3007 7700
3005 3006
3004 7703
3003 7704
3002 7705
3001 7706
3000 7707
2999 7708
2998 7709
2997 7710
2995 2996
2994 7713
2993 7714
2992 7715
2991 7716
2990 7717
2989 7718
2988 7719
2987 7720
2986 7721
2984 2985
2983 7724
2982 7725
2981 7726
2980 7727
2979 7728
2978 7688
2977 7689
2975 2976
2974 7692
2973 7693
2972 7694
2971 7695
2970 7696
2969 7697
2968 7668
2967 7669
2965 2966
2964 7672
2963 7673
2962 7674
2961 7675
2960 7676
2959 7677
2958 7678
2957 7647
2955 2956
2954 7650
2953 7651
2952 7652
2951 7653
2950 7654
2948 2949
2947 7657
2946 7268
2945 7269
2944 7270
2943 7271
2941 2942
2940 7274
2939 7275
2938 7276
2937 7277
2935 2936
2934 7280
2933 7281
2928 2929
2922 2923
2916 2917
2909 2910
2905 8114
2904 8115
2903 8116
2902 8117
2901 7581
2900 7582
2899 7583
2897 2898
2896 7586
2895 7587
2894 7565
2893 7566
2891 2892
2890 7569
2889 7570
2888 7571
2887 7572
2886 7573
2884 2885
2883 7162
2882 7163
2881 7164
2880 7165
2879 7166
2877 2878
2876 7169
2875 7170
2874 7171
2873 7172
2872 7173
2870 2871
2869 7176
2868 7177
2867 7178
2866 7179
2865 7180
2863 2864
2862 7183
2861 7184
2860 7185
2859 7186
2858 7187
2856 2857
2855 7190
2854 7191
2853 7192
2852 7193
2851 7194
2850 7195
2848 2849
2847 8094
2846 8095
2845 8096
2844 8097
2842 2843
2841 8100
2840 8101
2839 8102
2838 9035
2837 9036
2835 2836
2834 9039
2833 9040
2832 9041
2831 9042
2829 2830
2828 9045
2827 9046
2826 9047
2825 9048
2824 9049
2822 2823
2821 8078
2820 8079
2819 8080
2818 8081
2816 2817
2815 8084
2814 8085
2813 8086
2812 8087
2811 8088
2809 2810
2808 8091
2807 8047
2806 8048
2805 8049
2804 8050
2802 2803
2801 8053
2800 8054
2799 8055
2798 8056
2797 7024
2796 7025
2795 7026
2794 7027
2792 2793
2791 7030
2790 7031
2789 7032
2788 7033
2787 7034
2785 2786
2784 8030
2783 8031
2782 8032
2781 8011
2779 2780
2778 8014
2777 8015
2776 8016
2775 7506
2773 2774
2772 7509
2771 7510
2770 7511
2769 7512
2768 7513
2766 2767
2765 7516
2764 7517
2763 7518
2762 7519
2760 2761
2759 7522
2758 7523
2757 7524
2756 7525
2754 2755
2753 7528
2752 7529
2751 7530
2750 7531
2748 2749
2747 7953
2746 7954
2745 7955
2744 7956
2743 7957
2742 7958
2741 7959
2740 7960
2739 7961
2737 2738
2736 7964
2735 7965
2734 7966
2733 8917
2731 2732
2730 8920
2729 8921
2728 8922
2727 8923
2725 2726
2724 8926
2723 8927
2722 8928
2721 8929
2719 2720
2718 8932
2717 8933
2716 8934
2715 6776
2714 6777
2712 2713
2711 6780
2710 6781
2709 6782
2708 6783
2706 2707
2705 6786
2704 6787
2703 6788
2702 7931
2700 2701
2699 7934
2698 7935
2697 7936
2696 7937
2695 7938
2693 2694
2692 7941
2691 7901
2690 7902
2689 7903
2688 7904
2687 7905
2686 7906
2685 7907
2684 7908
2682 2683
2681 7911
2680 7912
2679 7913
2678 7914
2676 2677
2675 7917
2674 7426
2673 7427
2672 7428
2670 2671
2669 7431
2668 7432
2667 7433
2666 7434
2664 2665
2663 7437
2662 7438
2661 7439
2660 7396
2658 2659
2657 7399
2656 7400
2655 7401
2654 7402
2652 2653
2651 7405
2646 2647
2640 2641
2629 2630
2623 7846
2621 2622
2620 7849
2619 7850
2618 7826
2617 7827
2616 7828
2615 7829
2614 7830
2612 2613
2611 7833
2610 7834
2609 7835
2608 7804
2607 7805
2606 7806
2605 7807
2603 2604
2602 7810
2601 7811
2600 7812
2599 7813
2598 7814
2597 8452
2596 8453
2595 8454
2593 2594
2592 8457
2591 8458
2590 8459
2589 7751
2588 7752
2587 7753
2586 7754
2585 7755
2582 8439
2581 8440
2580 8441
2579 8442
2578 8443
2577 8444
2576 8445
2575 8446
2573 2574
2572 8449
2571 8450
2570 8451
2569 7815
2568 7816
2567 7817
2566 7818
2565 7819
2563 2564
2562 7822
2561 7823
2560 7824
2559 7825
2558 7836
2557 7837
2556 7838
2554 2555
2553 7841
2552 7842
2551 7843
2550 7844
2549 7845
2548 7851
2547 7852
2545 2546
2544 7855
2543 7856
2542 7857
2541 7858
2540 7859
2539 7860
2537 2538
2536 7863
2535 7864
2534 7865
2533 7866
2532 9823
2531 9824
2530 9825
2529 9826
2528 9827
2526 2527
2525 9830
2524 9831
2523 9832
2522 9833
2520 2521
2519 9836
2518 9837
2517 9838
2516 9839
2514 2515
2513 9842
2512 9843
2511 9844
2510 9845
2508 2509
2507 9848
2506 7440
2505 7441
2504 7442
2502 2503
2501 7445
2500 7446
2499 7447
2498 8535
2496 2497
2495 8538
2494 8539
2493 8540
2492 8541
2490 2491
2489 8544
2488 8545
2487 8546
2485 2486
2484 8549
2483 7892
2482 7893
2481 7894
2479 2480
2478 7897
2477 7898
2476 7899
2475 7900
2474 7942
2472 2473
2471 7945
2470 7946
2469 7947
2468 7948
2467 7949
2465 2466
2464 7952
2463 6789
2462 6790
2461 6791
2459 2460
2458 6794
2457 6795
2456 8850
2455 8851
2453 2454
2452 8854
2451 8855
2450 8856
2449 8857
2447 2448
2446 8903
2445 8904
2444 8905
2443 8906
2441 2442
2440 8909
2439 8910
2438 8911
2437 8912
2436 8913
2434 2435
2433 8916
2432 7967
2431 7968
2430 7969
2428 2429
2427 7972
2426 7973
2425 7974
2424 7975
2423 7976
2422 7977
2421 7978
2420 7979
2419 7980
2417 2418
2416 7983
2415 7984
2414 7985
2413 7986
2411 2412
2410 7557
2409 7558
2408 7559
2407 7560
2405 2406
2404 11278
2403 11279
2402 11280
2401 11281
2399 2400
2398 11284
2397 11285
2396 11286
2395 11287
2393 2394
2392 11290
2391 11291
2390 8017
2389 8018
2388 8019
2386 2387
2385 8022
2384 8023
2383 8024
2382 8025
2380 2381
2379 8592
2378 8593
2377 8594
2376 8595
2375 8596
2373 2374
2372 8033
2371 8034
2370 8035
2369 8036
2368 8037
2367 8038
2366 8039
2365 8040
2363 2364
2362 8043
2361 8044
2360 8045
2359 8046
2358 8949
2356 2357
2355 8952
2354 8953
2353 8954
2352 8955
2350 2351
2349 8958
2348 8959
2347 8960
2346 8961
2344 2345
2343 9019
2342 9020
2341 9021
2340 9022
2339 9023
2337 2338
2336 9026
2335 9027
2334 9028
2333 9029
2331 2332
2330 9032
2329 9033
2328 9034
2327 8103
2326 8104
2324 2325
2323 8107
2322 8108
2321 8109
2320 8110
2318 2319
2317 8113
2316 7196
2315 7197
2314 7198
2313 9065
2312 9066
2311 9067
2309 2310
2308 9070
2307 9071
2306 9072
2305 9073
2304 9074
2302 2303
2301 9140
2300 9141
2299 9142
2298 9143
2296 2297
2295 9146
2294 9147
2293 9148
2292 9149
2291 9150
2289 2290
2288 8716
2287 8717
2286 8718
2285 8719
2283 2284
2282 8722
2281 8723
2280 8724
2279 8725
2278 8726
2276 2277
2275 8729
2274 8730
2273 8731
2272 8732
2270 2271
2269 8735
2268 8736
2267 8737
2266 8738
2265 8739
2263 2264
2262 8120
2261 8121
2260 8122
2259 8123
2258 8124
2257 8125
2255 2256
2254 8128
2253 8129
2252 8130
2251 8131
2249 2250
2248 8134
2247 8135
2246 8136
2245 8137
2243 2244
2242 8140
2241 8141
2240 8142
2239 8143
2237 2238
2236 8146
2235 8147
2234 8148
2233 8149
2231 2232
2230 7284
2229 7285
2228 7286
2227 7287
2226 7288
2224 2225
2223 7291
2222 7292
2221 7293
2220 7294
2218 2219
2217 7297
2216 7298
2215 7299
2214 9714
2213 9715
2211 2212
2210 9718
2209 9719
2208 9720
2207 9721
2206 9722
2205 9723
2204 9724
2203 9725
2202 9726
2201 9727
2199 2200
2198 9730
2197 9731
2196 9732
2195 9733
2194 9734
2193 9735
2192 9736
2190 2191
2189 8828
2188 8829
2187 8830
2186 8831
2185 8832
2184 8833
2183 8834
2181 2182
2180 8837
2179 8838
2178 8839
2177 8840
2176 9184
2175 9185
2174 9186
2173 9187
2171 2172
2170 9190
2169 9191
2168 9192
2167 9193
2166 9194
2165 9195
2164 9196
2163 9197
2162 9198
2160 2161
2159 9201
2158 9202
2157 9203
2156 9204
2153 10588
2152 10589
2151 10590
2150 10591
2149 10592
2148 10593
2146 2147
2145 9171
2144 9172
2143 9173
2142 9174
2141 9175
2140 9176
2139 9177
2138 9178
2136 2137
2135 9181
2134 9182
2133 9183
2132 8841
2131 8842
2130 8843
2129 8844
2128 8845
2126 2127
2125 8848
2124 8849
2123 10528
2122 10529
2121 10530
2120 10531
2119 10532
2117 2118
2116 10535
2115 10536
2114 10537
2113 10538
2112 10539
2111 10540
2109 2110
2108 10543
2107 10544
2106 10545
2105 11375
2104 11376
2103 11377
2102 11378
2100 2101
2099 11381
2098 11382
2097 11383
2096 11384
2094 2095
2093 11387
2092 11388
2091 11389
2090 11390
2089 11391
2087 2088
2086 9657
2085 9658
2084 9659
2083 9660
2081 2082
2080 10776
2079 10777
2078 10778
2077 10779
2075 2076
2074 10782
2073 10783
2072 10784
2071 10785
2069 2070
2068 10788
2067 10789
2066 10790
2064 2065
2063 10488
2062 10489
2061 10490
2060 10491
2058 2059
2057 10494
2056 10495
2055 10496
2054 10497
2052 2053
2051 10500
2050 10501
2049 9864
2048 9865
2047 9866
2046 9867
2045 9868
2044 9869
2042 2043
2041 9872
2040 9873
2039 9874
2038 9875
2036 2037
2035 9878
2034 9879
2033 9880
2032 9114
2031 9115
2029 2030
2028 9118
2027 9119
2026 9120
2025 9121
2023 2024
2022 9124
2021 9125
2020 9126
2019 9127
2017 2018
2016 9130
2015 9131
2014 9132
2013 9133
2011 2012
2010 9136
2009 9137
2008 9138
2007 9139
2006 9077
2004 2005
2003 9080
2002 9081
2001 9082
2000 9083
1998 1999
1997 9086
1996 9087
1995 9088
1994 9089
1993 9090
1992 9091
1991 9092
1990 10446
1988 1989
1987 10449
1986 10450
1985 10451
1984 10452
1982 1983
1981 10455
1980 10456
1979 10457
1978 10458
1977 10459
1975 1976
1974 9009
1973 9010
1972 9011
1971 9012
1969 1970
1968 9015
1967 9016
1966 9017
1965 9018
1963 1964
1962 8966
1961 8967
1960 8968
1959 8969
1957 1958
1956 8972
1955 8973
1954 8974
1953 8975
1952 8976
1950 1951
1949 8979
1948 10394
1947 10395
1946 10396
1944 1945
1943 10399
1942 10400
1941 10401
1940 10402
1939 8621
1938 8622
1937 8623
1936 8624
1935 8625
1933 1934
1932 8628
1931 8629
1930 8630
1929 8631
1927 1928
1926 8634
1925 8635
1924 8636
1923 8637
1921 1922
1920 8640
1919 8641
1918 8642
1917 11260
1916 11261
1914 1915
1913 11264
1912 11265
1911 11266
1910 11267
1908 1909
1907 11270
1906 11271
1905 11272
1904 11273
1902 1903
1901 10331
1900 10332
1899 10333
1898 10334
1896 1897
1895 10295
1894 10296
1893 10297
1892 10298
1890 1891
1889 10301
1888 10302
1887 10303
1886 10304
1885 10305
1884 10306
1883 10307
1882 10308
1881 10309
1880 10310
1878 1879
1877 6881
1876 6882
1875 6883
1874 6884
1872 1873
1871 6887
1870 6888
1869 6889
1868 6890
1866 1867
1865 6893
1864 8896
1863 8897
1862 8898
1860 1861
1859 8858
1858 8859
1857 8860
1856 8861
1854 1855
1853 8864
1852 8865
1851 8866
1850 8867
1848 1849
1847 8870
1846 8871
1845 8872
1844 8873
1843 10227
1841 1842
1840 10230
1839 10231
1838 10232
1837 10233
1835 1836
1834 10236
1833 10237
1832 10238
1831 10239
1830 10240
1828 1829
1827 10243
1826 10244
1825 10245
1824 10246
1822 1823
1821 10184
1820 10185
1819 10186
1818 10187
1816 1817
1815 10190
1814 10105
1813 10106
1812 10107
1810 1811
1809 10110
1808 10111
1807 10112
1805 1806
1804 10115
1803 10116
1802 10117
1801 10074
1799 1800
1798 10077
1797 10078
1796 10079
1795 10080
1793 1794
1792 10083
1791 10084
1790 9808
1789 9809
1787 1788
1786 9812
1785 9813
1784 9814
1783 9815
1781 1782
1780 9818
1779 9819
1778 9820
1777 9821
1776 9822
1775 7867
1774 7868
1773 7869
1772 7870
1771 7871
1769 1770
1768 11877
1767 11878
1766 11879
1765 11880
1764 11881
1762 1763
1761 11884
1760 11885
1759 11886
1758 11887
1757 11888
1756 11889
1755 11890
1753 1754
1752 9991
1751 9992
1750 9993
1749 9994
1748 9995
1747 9996
1746 9997
1745 9998
1743 1744
1742 10001
1741 10002
1740 10003
1739 10004
1738 9949
1737 9950
1736 9951
1734 1735
1733 9954
1732 9955
1731 9956
1730 9957
1729 9958
1728 9959
1727 9960
1726 9961
1723 12271
1722 12272
1721 12273
1720 12274
1719 12275
1718 12276
1717 12277
1715 1716
1714 12280
1713 12281
1712 12282
1711 12283
1710 10005
1709 10006
1708 10007
1707 10008
1705 1706
1704 10011
1703 10012
1702 10013
1701 10014
1700 10015
1699 10016
1698 10017
1696 1697
1695 10020
1694 11863
1693 11864
1692 11865
1691 11866
1690 11867
1689 11868
1687 1688
1686 11871
1685 11872
1684 11873
1683 11874
1682 11875
1681 11876
1679 1680
1678 7876
1677 7877
1676 7878
1675 7879
1674 7880
1673 7881
1672 7882
1671 7883
1670 7884
1669 7885
1667 1668
1666 7888
1665 7889
1664 7890
1663 7891
1661 1662
1660 10061
1659 10062
1658 10063
1657 10064
1655 1656
1654 10067
1653 10068
1652 10069
1651 10070
1649 1650
1648 10073
1647 10118
1646 10119
1645 10120
1643 1644
1642 10123
1641 10124
1640 10167
1638 1639
1637 10170
1636 10171
1635 10172
1634 10173
1632 1633
1631 10176
1630 10177
1629 10178
1628 10179
1626 1627
1625 10247
1624 10248
1623 10249
1621 1622
1620 10252
1619 10253
1618 10254
1617 10255
1616 10256
1615 10257
1613 1614
1612 10899
1611 10900
1610 10901
1609 10902
1607 1608
1606 10905
1605 8874
1604 8875
1603 8876
1601 1602
1600 8879
1599 8880
1598 8881
1597 8882
1595 1596
1594 8885
1593 8886
1592 8887
1591 8888
1590 8889
1588 1589
1587 8892
1586 8893
1585 8894
1584 8895
1582 1583
1581 10908
1580 10909
1579 10910
1578 10911
1576 1577
1575 10914
1574 10915
1573 10916
1572 10917
1570 1571
1569 10920
1568 10921
1567 10922
1566 10923
1565 10924
1564 10284
1563 10285
1562 10286
1561 10287
1560 10288
1558 1559
1557 10291
1556 10292
1555 10293
1554 10294
1552 1553
1551 10339
1550 10340
1549 10341
1548 10342
1546 1547
1545 11246
1544 11247
1543 11248
1542 11249
1540 1541
1539 11252
1538 11253
1537 11254
1536 11255
1534 1535
1533 11258
1532 11259
1531 8643
1530 8644
1528 1529
1527 8647
1526 8648
1525 10957
1524 10958
1523 10959
1521 1522
1520 10962
1519 10963
1518 10964
1517 10965
1515 1516
1514 10968
1513 10381
1512 10382
1511 10383
1510 10384
1509 10385
1508 10386
1507 10387
1506 10388
1504 1505
1503 10391
1502 10392
1501 10393
1500 8980
1498 1499
1497 8983
1496 8984
1495 8985
1494 8986
1492 1493
1491 8989
1490 8990
1489 8991
1488 8992
1486 1487
1485 8995
1484 10420
1483 10421
1482 10422
1480 1481
1479 10425
1478 10426
1477 10427
1476 10428
1475 10429
1473 1474
1472 10432
1471 10433
1470 10434
1469 10435
1467 1468
1466 10438
1465 10439
1464 10440
1463 10441
1461 1462
1460 10444
1459 10445
1458 9093
1457 9094
1456 9095
1455 9096
1454 9097
1453 9098
1452 9099
1450 1451
1449 10667
1448 10668
1447 10669
1446 10670
1444 1445
1443 10673
1442 12564
1441 12565
1440 12566
1438 1439
1437 12569
1436 12570
1435 12571
1434 12572
1432 1433
1431 12575
1430 12576
1429 11687
1428 11688
1426 1427
1425 11691
1424 11692
1423 11693
1422 11694
1420 1421
1419 11697
1418 11698
1417 11699
1416 9881
1414 1415
1413 9884
1412 9885
1411 9886
1410 9887
1408 1409
1407 9890
1406 9891
1405 11292
1404 11293
1402 1403
1401 11230
1400 11231
1399 11232
1398 11233
1397 11234
1395 1396
1394 11237
1393 11238
1392 11239
1390 1391
1389 10482
1388 10483
1387 10484
1386 10485
1384 1385
1383 10793
1382 10794
1381 10795
1380 10796
1378 1379
1377 10799
1376 10763
1375 10764
1373 1374
1372 10767
1371 10768
1370 10769
1369 10770
1367 1368
1366 10773
1365 9661
1364 9662
1363 9663
1361 1362
1360 9666
1359 9667
1358 9668
1357 9669
1355 1356
1354 9672
1353 9673
1352 9674
1351 9675
1349 1350
1348 11369
1347 11370
1346 11371
1345 11372
1344 11373
1343 11374
1342 10546
1341 10547
1339 1340
1338 10550
1337 10551
1336 10552
1335 10553
1334 10554
1333 10555
1331 1332
1330 10558
1329 10559
1328 10560
1327 10561
1326 10562
1325 10563
1324 10564
1322 1323
1321 10567
1320 10568
1319 10569
1318 10570
1317 12207
1316 12208
1315 12209
1314 12210
1312 1313
1311 12213
1310 12214
1309 12215
1308 12216
1307 12217
1306 12218
1305 12219
1303 1304
1302 12222
1301 12223
1300 10594
1299 10595
1298 10596
1297 10597
1296 10598
1295 10599
1292 12183
1290 1291
1289 12186
1288 12187
1287 12188
1286 12189
1285 12190
1284 12191
1283 12192
1281 1282
1280 12195
1279 12196
1278 12197
1277 12198
1276 12199
1275 12200
1274 12201
1273 12202
1271 1272
1270 12205
1269 12206
1268 10571
1267 10572
1266 10573
1265 10574
1264 10575
1262 1263
1261 11345
1260 11346
1259 11347
1258 11348
1257 11349
1256 11350
1254 1255
1253 11353
1252 11354
1251 11355
1250 11356
1249 11357
1248 11358
1246 1247
1245 11361
1244 11362
1243 11363
1242 11364
1241 11365
1240 11366
1239 11367
1238 11368
1237 9678
1236 9679
1234 1235
1233 9682
1232 9683
1231 9684
1230 12617
1228 1229
1227 12620
1226 12621
1225 12622
1223 1224
1222 12625
1221 12626
1220 12627
1219 12628
1217 1218
1216 12631
1215 12632
1214 12633
1213 11201
1211 1212
1210 11204
1209 11205
1208 11206
1206 1207
1205 11209
1204 11210
1203 11211
1201 1202
1200 11214
1199 11215
1198 11216
1197 11217
1195 1196
1194 11220
1193 11221
1192 11222
1190 1191
1189 11225
1188 11226
1187 11227
1186 11228
1185 11229
1184 11296
1183 11297
1181 1182
1180 11300
1179 11301
1178 11302
1177 12586
1175 1176
1174 12589
1173 12590
1172 12591
1170 1171
1169 12594
1168 12595
1167 12540
1166 12541
1164 1165
1163 12544
1162 12545
1161 12546
1160 12547
1158 1159
1157 12550
1156 12551
1155 12552
1154 12553
1152 1153
1151 12556
1150 12557
1149 12558
1148 12559
1146 1147
1145 12562
1144 12563
1143 10674
1141 1142
1140 10677
1139 10678
1138 10679
1137 10680
1135 1136
1134 12163
1133 12164
1132 12165
1131 12166
1130 12167
1128 1129
1127 12170
1126 12495
1125 12496
1124 12497
1122 1123
1121 12500
1120 12501
1119 12502
1118 12503
1116 1117
1115 12506
1114 12481
1113 12482
1112 12483
1110 1111
1109 12486
1108 12487
1107 12488
1106 12489
1104 1105
1103 12492
1102 12493
1101 12494
1100 8996
1098 1099
1097 8999
1096 9000
1095 9001
1094 9002
1092 1093
1091 9005
1090 9006
1089 9007
1088 9008
1086 1087
1085 12093
1084 12094
1083 12095
1082 12096
1080 1081
1079 12099
1078 12100
1077 12101
1076 12102
1075 12103
1074 12104
1073 12105
1072 12106
1071 12107
1069 1070
1068 12110
1067 12111
1066 12112
1065 12113
1064 12114
1062 1063
1061 12445
1060 12446
1059 12447
1058 12426
1056 1057
1055 12429
1054 12430
1053 12431
1052 10370
1050 1051
1049 10373
1048 10374
1047 10375
1046 10376
1044 1045
1043 10379
1042 10380
1041 11240
1040 11241
1038 1039
1037 10343
1036 10344
1035 10345
1034 10346
1032 1033
1031 12406
1030 12407
1029 12408
1028 12409
1026 1027
1025 12412
1024 12413
1023 12414
1022 12415
1021 12009
1020 12010
1019 12011
1018 12012
1017 12013
1016 12014
1014 1015
1013 12346
1012 12347
1011 12348
1010 12349
1009 12350
1007 1008
1006 12353
1005 12354
1004 12355
1003 12356
1001 1002
1000 12832
999 12833
998 12834
997 12835
995 996
994 12838
993 12839
992 12840
991 12841
989 990
988 12844
987 12845
986 12846
985 12847
983 984
982 12850
981 12851
980 12852
979 13175
977 978
976 13178
975 13179
974 13180
973 13181
971 972
970 13184
969 13185
968 13186
967 13187
966 13188
965 13189
963 964
962 13192
961 13193
960 13194
959 13195
957 958
956 10155
955 10156
954 10157
952 953
951 10160
950 10161
949 10162
948 10163
946 947
945 10166
944 10125
943 10126
942 10127
940 941
939 10130
938 10131
937 12326
935 936
934 12329
933 12330
932 12331
931 12332
929 930
928 12335
927 12304
926 12305
925 12306
923 924
922 12309
921 12310
920 12311
919 12312
917 918
916 12284
915 12285
914 12286
913 12287
912 12288
911 12289
910 12290
909 12291
908 12292
907 12293
905 906
904 11948
903 11949
902 11950
901 11951
900 11952
899 11854
897 898
896 11857
895 11858
894 11859
893 11860
892 11861
891 11862
890 10021
888 889
887 10024
886 10025
885 10026
884 10027
883 10028
882 10029
881 10030
879 880
878 10033
877 10034
876 10035
875 10036
874 12224
873 12225
872 12226
871 12227
869 870
868 12230
867 12231
866 12232
865 12233
864 12234
863 12235
862 12236
859 12686
858 12687
857 12688
856 12689
855 12690
854 12691
853 12692
851 852
850 12695
849 12696
848 12697
847 12698
846 10037
845 10038
844 10039
843 10040
841 842
840 10043
839 10044
838 10045
837 10046
836 10047
835 10048
834 10049
832 833
831 10052
830 10053
829 10054
828 10055
827 10056
826 10057
825 10058
823 824
822 11938
821 11939
820 11940
819 11941
818 11942
817 11943
815 816
814 12294
813 12295
812 12296
811 12297
810 12298
809 12299
808 12300
807 12301
806 12302
805 12303
803 804
802 12317
801 12318
800 12319
799 12320
797 798
796 12323
795 12324
794 12325
793 12336
791 792
790 12339
789 12340
788 12341
787 12342
785 786
784 12345
783 10132
782 10133
780 781
779 10136
778 10137
777 10138
776 10139
774 775
773 10142
772 10143
771 10144
769 770
768 10147
767 10148
766 10149
765 10150
763 764
762 13087
761 13088
760 13089
758 759
757 13092
756 13093
755 13094
754 13095
753 13096
752 13097
751 13098
749 750
748 13168
747 13169
746 13170
745 13171
743 744
742 13174
741 13144
740 13145
739 13146
737 738
736 13149
735 13150
734 13151
733 12819
731 732
730 12822
729 12823
728 12824
727 12825
725 726
724 12828
723 12829
722 12830
721 12831
719 720
718 12361
717 12362
716 12363
715 12364
713 714
712 12367
711 12879
710 12880
709 12881
707 708
706 12884
705 12885
704 12886
703 12887
701 702
700 12890
699 12891
698 12416
697 12417
696 12418
695 12419
693 694
692 12422
691 12423
690 12424
689 12425
687 688
686 10351
685 10352
684 10353
683 10354
681 682
680 10357
679 10358
678 10359
677 10360
675 676
674 10363
673 10364
672 10365
671 10366
669 670
668 10369
667 12432
666 12433
665 12434
663 664
662 12437
661 12438
660 12439
659 12440
657 658
656 13196
655 13197
654 13198
653 13199
651 652
650 13202
649 13254
648 13255
647 13256
645 646
644 13259
643 13260
642 13261
641 13262
640 13263
638 639
637 12448
636 12449
635 12450
633 634
632 12453
631 12454
630 12455
629 12456
627 628
626 12459
625 12460
624 12461
623 12462
621 622
620 12465
619 12466
618 12467
617 12468
615 616
614 12471
613 12472
612 12473
611 12474
609 610
608 12477
607 12478
606 12479
605 12480
603 604
602 12509
601 12510
600 12511
599 12512
597 598
596 12147
595 12148
594 12149
593 12150
591 592
590 12153
589 12154
588 12155
587 12156
586 12157
585 12158
583 584
582 10681
581 10682
580 10683
578 579
577 10686
576 10687
575 10688
574 10689
572 573
571 10692
570 10693
569 10694
568 10695
566 567
565 10698
564 10699
563 10700
561 562
560 10703
559 10704
558 10705
557 10706
555 556
554 12537
553 12538
552 12539
550 551
549 12598
548 12599
547 12600
546 12601
544 545
543 12604
542 12605
541 11303
539 540
538 11306
537 11307
536 11308
535 11309
534 11310
533 11311
532 11312
531 11313
529 530
528 11316
527 11317
526 11318
525 11319
523 524
522 11322
521 11323
520 11324
518 519
517 11327
516 11328
515 11329
513 514
512 12999
511 13000
510 13001
509 13002
507 508
506 13005
505 13006
504 13007
502 503
501 13010
500 13011
499 12606
497 498
496 12609
495 12610
494 12611
493 12612
491 492
490 12615
489 12616
488 13271
487 13272
485 486
484 13275
483 13276
482 13277
481 13278
479 480
478 13281
477 13282
476 13283
475 13284
474 13285
473 13286
471 472
470 11789
469 11790
468 11791
467 11792
466 11793
464 465
463 11796
462 11797
461 11798
460 11799
459 11800
458 11801
456 457
455 11804
454 11805
453 11806
452 13312
451 13313
450 13314
449 13315
447 448
446 13318
445 13319
444 13320
443 13321
442 13322
441 13323
440 13324
438 439
437 13075
436 13076
435 13077
434 13078
433 13079
432 13080
431 13081
430 13082
428 429
427 13085
426 13086
423 13061
422 13062
421 13063
420 13064
419 13065
418 13066
417 13067
416 13068
415 13069
414 13070
413 13071
412 13072
411 13325
410 13326
409 13327
408 13328
407 13329
406 13330
405 13331
404 13332
403 13333
402 13334
401 13335
400 13336
399 13337
398 13338
397 13339
396 11776
395 11777
394 11778
393 11779
392 11780
391 11781
390 11782
389 11783
388 11784
387 11785
386 11786
385 11787
384 11788
383 13289
382 13290
381 13291
380 13292
379 13293
378 13294
377 13295
376 13296
375 13297
374 13022
373 13023
372 13024
371 13025
370 13026
369 13027
368 13028
367 13029
366 13030
365 13031
364 13032
363 12984
362 12985
361 12986
360 12987
359 12988
358 12989
357 12990
356 12991
355 12992
354 12993
353 12994
352 12995
351 12996
350 12997
349 12998
348 11332
347 11333
346 11334
345 11335
344 11336
343 11337
342 11338
341 11339
340 11340
339 11341
338 11342
337 11343
336 11344
335 11099
334 11100
333 11101
332 11102
331 11103
329 330
328 11106
327 11107
326 11108
325 11109
324 11110
323 11111
322 11112
321 11113
320 11114
319 11115
318 11116
317 11117
316 11118
315 11119
314 11120
313 11121
312 11122
311 12960
310 12961
309 12962
308 12963
307 12964
306 12965
305 12966
304 12967
303 12968
302 12969
301 12917
300 12918
299 12919
298 12920
297 12921
296 12922
295 12923
294 12924
293 12131
292 12132
291 12133
290 12134
289 12135
288 12136
287 12137
286 12138
285 12139
284 12140
283 12141
282 12142
281 12143
280 12144
279 12145
278 12146
277 12515
276 12516
275 12517
274 12518
273 12519
272 12520
271 12521
270 12522
269 12523
268 12524
267 12525
266 12526
265 12527
264 12528
263 12529
262 12530
261 12531
260 12532
259 11624
258 11625
257 11626
256 11627
255 11628
254 11629
253 11630
252 11631
251 11632
250 11633
249 11634
248 11635
247 11636
246 11637
245 11638
244 11639
243 13266
242 13267
241 13268
240 13269
239 13270
238 13249
237 13250
236 13251
235 13252
234 13253
233 13203
232 13204
231 13205
230 13206
229 13207
228 13208
227 13209
226 13210
225 13211
224 13212
223 13213
222 13214
221 13215
220 13216
219 13217
218 13218
217 13219
216 13220
215 13221
214 13222
213 13223
212 13224
211 13225
210 13226
209 13227
208 13228
207 13229
206 13230
205 13231
204 13232
203 13233
202 13234
201 13235
200 13236
199 13237
198 13238
197 13239
196 12864
195 12865
194 12866
193 12867
192 12868
191 12869
190 12870
189 12871
188 12872
187 12873
186 12874
185 12875
184 12876
183 12877
182 12878
181 12368
180 12369
179 12370
178 12371
177 12372
176 12373
175 12374
174 12375
173 12809
172 12810
171 12811
170 12812
169 12813
168 12814
167 12815
166 12816
165 12817
164 12818
163 13152
162 13153
161 13154
160 13155
159 13156
158 13157
157 13158
156 13159
155 13160
154 13161
153 13162
152 13163
151 13164
150 13165
149 13099
148 13100
147 13101
146 13102
145 13103
144 13104
143 13105
142 13106
141 13107
140 13108
139 13109
138 13110
137 13111
136 13112
135 13113
134 13114
133 12760
132 12761
131 12762
130 12763
129 12764
128 12765
127 12766
126 12767
125 11960
124 11961
123 11962
122 11963
121 11964
120 11965
119 11966
118 11967
117 11968
116 11969
115 11970
114 11971
113 11972
112 11973
111 11974
110 11975
109 11976
108 11977
107 11978
106 11979
105 11980
104 11918
103 11919
102 11920
101 11921
100 11922
99 11923
98 11924
97 11925
96 11926
95 11927
94 11928
93 11929
92 11930
91 11931
90 11932
89 11933
88 11934
87 11935
86 12699
85 12700
84 12701
83 12702
82 12703
81 12704
80 12705
79 12706
78 12707
77 12708
76 12709
75 12710
74 12711
73 12712
72 12713
71 12714
70 12666
69 12667
68 12668
67 12669
66 12670
65 12671
64 12672
63 12673
62 12674
61 12675
60 12676
59 12677
58 12678
57 12679
56 12680
55 12681
