27 2234
26 2235
25 2236
24 2237
23 2239
22 2239
21 2240
20 2241
19 2242
18 2243
17 2245
16 2245
15 2246
14 2247
13 2248
12 2249
11 2251
10 2251
9 2252
8 2253
7 2254
6 2255
5 2257
4 2257
3 2258
2 2259
1 2260
0 2261
54 2107
53 2108
52 2109
51 2110
50 2110
49 2112
48 2113
47 2114
46 2115
45 2116
44 2117
43 2118
42 2118
41 2120
40 2121
39 2122
38 2123
37 2124
36 2125
35 2126
34 2127
33 2127
32 2129
31 2130
30 2131
29 2132
28 2133
6713 12715
6712 12716
6711 12717
6710 12718
6709 12719
6708 12720
6707 12721
6706 12722
6705 12723
6704 12724
6703 12725
6702 12726
6701 12727
6700 12728
6699 12729
6698 11602
6697 11603
6696 11604
6695 11605
6694 11606
6693 11607
6692 11608
6691 11609
6690 11610
6689 11611
6688 11612
6687 11613
6686 11614
6685 11615
6684 11616
6683 11617
6682 11618
6681 11619
6680 11620
6679 11621
6678 11622
6677 11623
6676 11624
6675 11625
6674 11626
6673 11627
6672 11628
6671 11629
6670 11630
6669 11631
6668 11644
6667 11645
6666 11646
6665 11647
6664 11648
6663 11649
6662 11650
6661 11651
6660 11652
6659 11653
6658 12786
6657 12787
6656 12788
6655 12789
6654 12790
6653 12791
6652 12792
6651 12793
6650 12794
6649 12795
6648 12796
6647 12797
6646 12798
6645 12757
6644 12758
6643 12759
6642 12760
6641 12761
6640 12762
6639 12763
6638 12764
6637 11664
6636 11665
6635 11666
6634 11667
6633 11668
6632 11669
6631 11670
6630 11671
6629 11672
6628 11673
6627 11674
6626 12442
6625 12443
6624 12444
6623 12445
6622 12446
6621 12447
6620 12799
6619 12800
6618 12801
6617 12802
6616 12803
6615 12804
6614 12805
6613 12806
6612 12414
6611 12415
6610 12416
6609 12417
6608 12418
6607 12419
6606 12420
6605 12130
6604 12131
6603 12859
6602 12860
6601 12861
6600 12862
6599 12863
6598 12864
6597 12865
6596 12866
6595 12867
6594 12868
6593 12869
6592 12538
6591 12539
6590 11675
6589 11676
6588 11677
6587 11678
6586 11679
6585 11680
6584 11681
6583 11682
6582 11683
6581 11684
6580 11685
6579 11686
6578 11687
6577 11688
6576 11689
6575 11690
6574 11691
6573 11692
6572 11693
6571 11694
6570 11695
6569 11696
6568 11697
6567 11698
6566 11699
6565 11700
6564 11701
6563 11746
6562 11747
6561 11748
6560 11749
6559 11750
6558 11751
6557 11752
6556 11753
6555 11754
6554 11755
6553 11756
6552 11785
6551 11786
6550 11787
6549 11788
6548 11789
6547 11790
6546 11791
6545 11792
6544 11793
6543 11794
6542 11795
6541 11796
6540 12642
6539 12643
6538 11757
6537 11758
6536 11759
6535 11760
6534 11761
6533 11762
6532 11763
6531 12898
6530 12899
6529 12900
6528 12901
6527 12902
6526 12903
6525 12904
6524 12905
6523 12906
6522 12907
6521 12908
6520 12909
6519 12910
6518 12911
6517 12912
6516 12913
6515 12914
6514 12915
6513 12916
6512 12917
6511 12918
6510 12919
6509 12920
6508 12921
6507 12922
6506 12957
6505 12958
6504 12959
6503 12960
6502 12961
6501 12962
6500 12963
6499 12964
6498 12965
6497 11813
6496 11814
6495 11815
6494 11816
6493 11817
6492 11818
6491 11819
6490 11820
6489 11156
6488 11157
6487 11158
6486 11159
6485 11160
6484 11161
6483 11162
6482 11163
6481 11164
6480 11165
6479 11166
6478 11167
6477 11168
6476 11169
6475 11170
6474 11171
6473 11172
6472 11173
6471 11174
6470 11175
6469 12976
6468 12977
6467 12978
6466 12979
6465 12980
6464 12981
6463 12982
6462 12983
6461 12984
6460 12985
6459 12986
6458 12987
6457 12988
6456 12989
6455 13029
6454 13030
6453 13031
6452 13032
6451 13033
6450 13034
6449 13035
6448 13036
6447 13037
6446 13038
6445 11452
6444 11453
6443 11454
6442 11455
6441 11456
6440 11457
6439 11873
6438 11874
6437 10593
6436 10594
6435 10595
6434 10596
6433 10597
6432 10598
6431 10599
6430 10600
6429 10601
6428 10602
6427 10603
6426 13286
6425 13287
6424 13288
6423 13289
6422 13290
6421 13291
6420 13292
6419 13293
6418 13294
6417 13295
6416 13296
6415 13297
6414 13298
6413 13299
6412 13300
6411 13301
6410 13302
6409 13303
6408 13304
6407 13305
6406 13306
6405 13307
6404 13308
6403 13309
6400 11933
6399 11934
6398 11935
6397 11936
6396 11937
6395 11938
6394 11939
6393 11940
6392 11941
6391 11942
6390 11943
6389 11944
6388 11945
6387 11946
6386 11947
6385 10639
6384 10640
6383 10641
6382 10642
6381 10643
6380 10644
6379 10645
6378 10646
6377 10647
6376 10648
6375 10649
6374 10650
6373 10651
6372 10586
6371 10587
6370 10588
6369 10589
6368 10590
6367 10591
6366 10592
6365 11875
6364 11876
6363 11877
6362 11878
6361 11879
6360 11880
6359 11881
6358 11882
6357 11883
6356 11884
6355 11885
6354 12205
6353 12206
6352 12207
6351 12208
6350 12209
6349 12210
6348 12211
6347 12212
6346 12213
6345 12214
6344 12215
6343 12216
6342 12217
6341 12218
6340 12219
6339 12220
6338 12221
6337 12222
6336 12223
6335 12224
6334 12225
6333 12226
6332 12227
6331 12228
6330 11140
6329 11141
6328 11142
6327 11143
6326 11144
6325 11145
6324 11146
6323 11147
6322 11148
6321 11149
6320 11150
6319 11151
6318 11152
6317 11153
6316 11154
6315 11155
6314 11821
6313 11822
6312 11823
6311 11824
6310 11825
6309 11826
6308 11827
6307 11828
6306 11829
6305 11830
6304 11831
6303 11832
6302 11833
6301 12944
6300 12945
6299 12946
6298 12947
6297 12948
6296 12949
6295 12950
6294 12951
6293 12952
6292 12953
6291 12954
6290 12955
6289 12956
6288 9614
6287 9615
6286 9616
6285 9617
6284 9618
6283 9619
6282 9620
6281 9621
6280 9622
6279 9623
6278 9624
6277 9625
6276 9626
6275 9627
6274 9628
6273 9629
6272 11764
6271 11765
6270 11766
6269 11767
6268 11768
6267 11769
6266 11770
6265 11771
6264 11772
6263 11773
6262 11774
6261 11775
6260 11776
6259 11777
6258 11778
6257 11779
6256 11780
6255 11781
6254 11782
6253 11783
6252 11784
6251 11735
6250 11736
6249 11737
6248 11738
6247 11739
6246 11740
6245 11741
6244 11742
6243 11743
6242 11744
6241 11745
6240 11702
6239 11703
6238 11704
6237 11705
6236 11706
6235 11707
6234 11708
6233 11709
6232 11710
6231 11711
6230 11712
6229 11713
6228 11714
6227 11715
6226 11716
6225 9460
6224 9461
6223 9462
6222 9463
6221 9464
6220 9465
6219 9466
6218 9467
6217 12111
6216 12112
6215 12113
6214 12114
6213 12115
6212 12116
6211 12117
6210 12118
6209 12119
6208 12120
6207 12121
6206 12122
6205 12123
6204 12124
6203 12125
6202 12126
6201 12127
6200 12128
6199 12129
6198 12421
6197 12422
6196 12423
6195 12424
6194 12425
6193 12426
6192 12427
6191 12428
6190 12429
6189 12430
6188 12431
6187 12432
6186 12433
6185 12434
6184 12435
6183 12436
6182 12437
6181 12438
6180 12439
6179 12440
6178 12441
6177 11654
6176 11655
6175 11656
6174 11657
6173 11658
6172 11659
6171 11660
6170 11661
6169 11662
6168 11663
6167 12765
6166 12766
6165 12767
6164 12768
6163 12769
6162 12770
6161 12771
6160 12772
6159 12773
6158 12774
6157 12775
6156 12776
6155 12777
6154 12778
6153 12779
6152 12780
6151 12781
6150 12782
6149 12783
6148 12784
6147 12785
6146 11634
6145 11635
6144 11636
6143 11637
6142 11638
6141 11639
6140 11640
6139 11641
6138 11642
6137 11643
6136 11632
6135 11633
6134 10409
6133 10410
6132 10411
6131 10412
6130 10413
6129 10414
6128 10415
6127 10416
6126 10417
6125 10418
6124 10419
6123 10420
6122 10421
6121 10422
6120 9316
6119 9317
6118 9318
6117 9319
6116 9320
6115 9321
6114 9322
6113 9323
6112 11555
6111 11556
6110 11557
6109 11558
6108 11559
6107 11560
6106 11561
6105 11562
6104 11563
6103 11564
6102 11565
6101 11566
6100 11567
6099 11568
6098 11569
6097 11570
6096 11571
6095 11572
6094 11573
6093 11574
6092 11575
6089 13089
6088 13090
6087 13091
6086 13092
6085 13093
6084 13094
6083 13095
6082 13096
6081 13097
6080 13098
6079 13099
6078 13100
6077 13101
6076 10458
6075 10459
6074 10460
6073 10461
6072 10462
6071 10463
6070 10464
6069 10465
6068 10466
6067 10467
6066 9324
6065 9325
6064 9326
6063 9327
6062 9328
6061 9329
6060 9330
6059 9331
6058 9332
6057 9333
6056 9334
6055 13137
6054 13138
6053 13139
6052 13140
6051 13141
6050 13142
6049 13143
6048 13144
6047 13145
6046 13146
6045 13147
6044 13148
6043 13149
6042 13150
6041 13151
6040 13152
6039 12012
6038 12013
6037 12014
6036 12015
6035 12016
6034 12017
6033 12018
6032 12019
6031 12020
6030 12021
6029 12022
6028 12023
6027 12024
6026 12025
6025 8321
6024 8322
6023 8323
6022 8324
6021 8325
6020 8326
6019 8327
6018 12056
6017 12057
6016 12058
6015 12059
6014 12060
6013 12061
6012 12062
6011 12063
6010 12064
6009 12065
6008 12066
6007 12067
6006 12068
6005 12069
6004 12070
6003 12071
6002 12072
6001 12073
6000 12074
5999 12075
5998 12076
5997 12077
5996 12078
5995 12079
5994 12080
5993 12081
5992 12082
5991 12083
5990 10755
5989 10756
5988 10757
5987 10758
5986 10759
5985 10760
5984 10761
5983 10762
5982 10763
5981 10764
5980 10765
5979 10766
5978 10767
5977 10768
5976 10769
5975 10770
5974 10771
5973 10772
5972 10773
5971 10832
5970 10833
5969 10834
5968 10835
5967 10836
5966 10837
5965 10838
5964 10839
5963 10840
5962 10841
5961 10842
5960 10843
5959 10844
5958 12092
5957 12093
5956 12094
5955 12095
5954 12096
5953 12097
5952 12098
5951 12099
5950 12100
5949 12101
5948 12102
5947 12103
5946 12104
5945 12105
5944 12106
5943 12107
5942 12108
5941 12109
5940 12110
5939 9468
5938 9469
5937 9470
5936 9471
5935 9472
5934 9473
5933 9474
5932 9475
5931 9476
5930 9477
5929 10915
5928 10916
5927 10917
5926 10918
5925 10919
5924 10920
5923 10921
5922 10922
5921 10923
5920 10924
5919 10925
5918 10926
5917 10927
5916 10928
5915 10929
5914 10930
5913 10931
5912 10932
5911 10933
5910 10934
5909 10935
5908 10936
5907 10937
5906 10938
5905 10939
5904 10940
5903 10941
5902 10942
5901 10943
5900 10944
5899 10945
5898 10946
5897 10947
5896 10948
5895 11317
5894 11318
5893 11319
5892 11320
5891 11321
5890 11322
5889 11323
5888 11324
5887 11325
5886 11326
5885 11327
5884 11328
5883 11329
5882 11330
5881 11331
5880 11332
5879 11333
5878 11334
5877 11335
5876 11336
5875 11337
5874 11338
5873 11339
5872 11340
5871 11341
5870 11342
5869 11010
5868 11011
5867 11012
5866 12132
5865 12133
5864 12134
5863 12135
5862 12136
5861 12137
5860 12138
5859 12139
5858 12140
5857 12141
5856 12142
5855 12143
5854 12144
5853 12145
5852 12146
5851 12147
5850 12931
5849 12932
5848 12933
5847 12934
5846 12935
5845 12936
5844 12937
5843 12938
5842 12939
5841 12940
5840 12941
5839 12942
5838 12943
5837 11834
5836 11835
5835 11836
5834 11837
5833 11838
5832 11839
5831 11840
5830 11841
5829 11842
5828 11843
5827 11844
5826 11845
5825 11846
5824 11078
5823 11079
5822 11080
5821 11081
5820 11082
5819 11083
5818 11084
5817 11085
5816 11086
5815 11087
5814 11088
5813 11089
5812 11090
5811 11091
5810 11092
5809 11117
5808 11118
5807 11119
5806 11120
5805 11121
5804 11122
5803 11123
5802 11124
5801 10360
5800 10361
5799 10362
5798 10363
5797 10364
5796 10365
5795 10366
5794 10367
5793 10368
5792 10369
5791 10370
5790 12188
5789 12189
5788 12190
5787 12191
5786 12192
5785 12193
5784 12194
5783 12195
5782 12196
5781 12197
5780 12198
5779 12199
5778 12200
5777 12201
5776 12202
5775 12203
5774 12204
5773 11886
5772 11887
5771 11888
5770 11889
5769 11890
5768 11891
5767 11892
5766 11893
5765 11894
5764 11895
5763 11896
5762 11897
5761 10682
5760 10683
5759 10684
5758 10685
5757 10686
5756 10687
5755 10688
5754 10689
5753 10690
5752 10691
5751 10692
5750 10693
5749 10694
5748 11545
5747 11546
5746 11547
5745 11548
5744 11549
5743 11550
5742 11551
5741 11552
5740 11553
5739 11554
5738 11948
5737 11949
5736 11950
5735 11951
5734 11952
5733 11953
5732 11954
5731 11955
5730 11956
5729 12229
5728 12230
5727 12231
5726 12232
5725 12233
5724 12234
5723 12235
5722 12236
5719 9947
5718 9948
5717 9949
5716 9950
5715 9951
5714 9952
5713 9953
5712 9954
5711 11957
5710 11958
5709 11959
5708 11960
5707 11961
5706 11962
5705 11963
5704 11964
5703 11965
5702 11966
5701 11967
5700 11968
5699 10662
5698 10663
5697 10664
5696 10665
5695 10666
5694 10667
5693 10668
5692 10669
5691 10670
5690 10671
5689 10672
5688 10673
5687 10674
5686 10675
5685 10676
5684 10677
5683 10678
5682 10679
5681 10680
5680 10681
5679 11898
5678 11899
5677 11900
5676 11901
5675 11902
5674 11903
5673 11904
5672 11905
5671 11906
5670 11907
5669 11908
5668 11909
5667 11910
5666 11911
5665 11912
5664 11913
5663 11914
5662 11915
5661 10544
5660 10545
5659 10546
5658 10547
5657 10548
5656 10549
5655 10550
5654 10551
5653 10552
5652 10553
5651 10554
5650 10555
5649 10556
5648 10557
5647 10352
5646 10353
5645 10354
5644 10355
5643 10356
5642 10357
5641 10358
5640 10359
5639 11125
5638 11126
5637 11127
5636 11128
5635 11129
5634 11130
5633 11131
5632 11132
5631 11133
5630 11064
5629 11065
5628 11066
5627 11067
5626 11068
5625 11069
5624 11070
5623 11071
5622 11072
5621 11073
5620 11074
5619 11075
5618 11076
5617 11077
5616 11847
5615 11848
5614 11849
5613 11850
5612 11851
5611 11852
5610 11853
5609 11854
5608 11855
5607 11856
5606 11857
5605 11858
5604 11859
5603 12686
5602 12687
5601 12688
5600 12689
5599 12690
5598 12691
5597 12692
5596 10476
5595 10477
5594 10478
5593 10479
5592 10480
5591 10481
5590 10482
5589 10483
5588 10484
5587 10485
5586 8070
5585 8071
5584 8072
5583 8073
5582 8074
5581 8075
5580 8076
5579 8077
5578 8078
5577 8079
5576 8080
5575 8081
5574 11013
5573 11014
5572 11015
5571 11016
5570 11017
5569 11018
5568 11019
5567 11020
5566 11021
5565 11022
5564 11023
5563 11024
5562 11025
5561 11026
5560 11027
5559 11028
5558 11029
5557 11030
5556 9581
5555 9582
5554 9583
5553 9584
5552 9585
5551 9586
5550 10969
5549 10970
5548 10971
5547 10972
5546 10973
5545 10974
5544 10975
5543 10976
5542 10977
5541 10978
5540 10979
5539 10980
5538 10981
5537 10982
5536 10983
5535 10984
5534 10985
5533 10986
5532 10987
5531 9891
5530 9892
5529 9893
5528 9894
5527 9895
5526 9896
5525 9897
5524 11728
5523 11729
5522 11730
5521 11731
5520 11732
5519 11733
5518 11734
5517 10909
5516 10910
5515 10911
5514 10912
5513 10913
5512 10914
5511 9478
5510 9479
5509 9480
5508 9481
5507 9482
5506 9483
5505 9484
5504 9485
5503 9486
5502 9487
5501 10849
5500 10850
5499 10851
5498 10852
5497 10853
5496 10854
5495 10855
5494 10856
5493 10857
5492 10858
5491 10859
5490 10860
5489 10861
5488 10813
5487 10814
5486 10815
5485 10816
5484 10817
5483 10818
5482 10819
5481 10820
5480 10821
5479 10822
5478 10823
5477 10824
5476 10825
5475 10826
5474 10827
5473 10828
5472 10829
5471 10830
5470 10831
5469 10774
5468 10775
5467 10776
5466 10777
5465 10778
5464 10779
5463 10780
5462 10781
5461 10782
5460 10783
5459 10784
5458 10785
5457 10786
5456 10787
5455 10788
5454 10789
5453 10790
5452 10791
5451 10792
5450 10793
5449 10794
5448 10795
5447 10796
5446 10165
5445 10166
5444 10167
5443 10168
5442 10169
5441 10170
5440 10171
5439 10172
5438 10173
5437 10174
5436 10175
5435 10176
5434 10177
5433 10178
5432 10179
5431 10180
5430 8306
5429 8307
5428 8308
5427 8309
5426 8310
5425 8311
5424 8312
5423 8313
5422 8314
5421 8315
5420 8316
5419 8317
5418 8318
5417 8319
5416 8320
5415 12026
5414 12027
5413 12028
5412 12029
5411 12030
5410 12031
5409 12032
5408 12033
5407 12034
5406 12035
5405 12036
5404 12037
5403 12038
5402 12039
5401 8588
5400 8589
5399 8590
5398 8591
5397 8592
5396 8593
5395 8594
5394 8595
5393 8596
5392 10430
5391 10431
5390 10432
5389 10433
5388 10434
5387 10435
5386 10436
5385 10437
5384 10438
5383 10439
5382 10440
5381 10441
5380 10442
5379 10443
5378 10444
5377 10445
5376 10446
5375 10447
5374 10448
5373 10449
5372 10450
5371 10451
5370 10452
5369 10453
5368 10454
5367 10455
5366 10456
5365 10457
5364 10695
5363 10696
5362 10697
5361 10698
5360 10699
5359 10700
5358 10701
5357 10702
5356 10703
5355 10704
5354 10705
5353 10706
5352 10707
5349 11580
5348 11581
5347 11582
5346 11583
5345 11584
5344 11585
5343 11586
5342 11587
5341 11588
5340 11589
5339 11590
5338 11591
5337 11592
5336 11593
5335 11594
5334 11595
5333 11596
5332 11597
5331 11598
5330 11599
5329 11600
5328 11601
5327 9309
5326 9310
5325 9311
5324 9312
5323 9313
5322 9314
5321 9315
5320 10423
5319 10424
5318 10425
5317 10426
5316 10427
5315 10428
5314 10429
5313 8597
5312 8598
5311 8599
5310 8600
5309 8601
5308 8602
5307 8603
5306 8604
5305 8605
5304 8606
5303 8607
5302 8608
5301 8609
5300 8610
5299 8611
5298 8612
5297 8613
5296 8614
5295 8615
5294 8293
5293 8294
5292 8295
5291 8296
5290 8297
5289 8298
5288 8299
5287 8300
5286 8301
5285 8302
5284 8303
5283 8304
5282 8305
5281 10181
5280 10182
5279 9335
5278 9336
5277 9337
5276 9338
5275 9339
5274 9340
5273 9341
5272 9342
5271 9343
5270 9344
5269 9345
5268 9346
5267 9347
5266 9348
5265 9349
5264 9350
5263 9351
5262 9352
5261 9353
5260 9354
5259 9355
5258 9356
5257 9357
5256 9358
5255 9359
5254 9360
5253 9361
5252 9415
5251 9416
5250 9417
5249 9418
5248 9419
5247 9420
5246 9421
5245 9422
5244 9423
5243 9424
5242 9425
5241 9426
5240 9427
5239 9428
5238 9429
5237 9430
5236 9431
5235 9432
5234 9433
5233 9434
5232 9435
5231 9444
5230 9445
5229 9446
5228 9447
5227 9448
5226 9449
5225 9450
5224 9451
5223 9452
5222 9453
5221 9454
5220 9455
5219 9456
5218 9457
5217 9458
5216 9459
5215 11717
5214 11718
5213 11719
5212 11720
5211 11721
5210 11722
5209 11723
5208 11724
5207 11725
5206 11726
5205 11727
5204 9488
5203 9489
5202 9490
5201 9491
5200 9492
5199 9493
5198 9494
5197 9495
5196 9496
5195 9497
5194 9498
5193 9499
5192 9500
5191 9501
5190 9502
5189 9570
5188 9571
5187 9572
5186 9573
5185 9574
5184 9575
5183 9576
5182 9577
5181 9578
5180 9579
5179 9580
5178 11031
5177 11032
5176 11033
5175 11034
5174 11035
5173 11036
5172 11037
5171 11038
5170 11039
5169 11040
5168 11041
5167 11042
5166 11043
5165 11044
5164 11045
5163 11046
5162 11047
5161 11048
5160 11049
5159 9607
5158 9608
5157 9609
5156 9610
5155 9611
5154 9612
5153 9613
5152 10468
5151 10469
5150 10470
5149 10471
5148 10472
5147 10473
5146 10474
5145 10475
5144 12693
5143 12694
5142 9630
5141 9631
5140 9632
5139 9633
5138 9634
5137 9635
5136 9636
5135 9637
5134 9638
5133 9639
5132 9640
5131 9641
5130 9642
5129 9643
5128 9644
5127 9645
5126 8946
5125 8947
5124 8948
5123 8949
5122 8950
5121 8951
5120 8952
5119 8953
5118 8954
5117 8955
5116 11134
5115 11135
5114 11136
5113 11137
5112 11138
5111 11139
5110 10526
5109 10527
5108 10528
5107 10529
5106 10530
5105 10531
5104 10532
5103 10533
5102 10534
5101 10535
5100 10536
5099 10537
5098 10538
5097 10539
5096 10540
5095 10541
5094 10542
5093 10543
5092 11916
5091 11917
5090 11918
5089 11919
5088 11920
5087 11921
5086 11922
5085 11923
5084 11924
5083 11925
5082 11926
5081 11927
5080 11928
5079 11929
5078 11930
5077 11931
5076 11932
5075 10580
5074 10581
5073 10582
5072 10583
5071 10584
5070 10585
5069 10652
5068 10653
5067 10654
5066 10655
5065 10656
5064 10657
5063 10658
5062 10659
5061 10660
5060 10661
5059 11969
5058 11970
5057 11971
5056 11972
5055 11973
5054 11974
5053 11975
5052 9932
5051 9933
5050 9934
5049 9935
5048 9936
5047 9937
5046 9938
5045 9939
5044 9940
5043 9941
5042 9942
5039 9921
5038 9922
5037 9923
5036 9924
5035 9925
5034 9926
5033 9927
5032 9928
5031 9929
5030 9930
5029 9931
5028 11976
5027 11977
5026 11978
5025 11979
5024 11980
5023 11981
5022 11982
5021 11983
5020 11984
5019 11985
5018 11986
5017 11987
5016 11988
5015 11989
5014 11990
5013 7352
5012 7353
5011 7354
5010 7355
5009 9726
5008 9727
5007 9728
5006 9729
5005 9730
5004 9731
5003 9732
5002 9733
5001 9734
5000 9735
4999 9736
4998 9737
4997 9738
4996 9739
4995 9685
4994 9686
4993 9687
4992 9688
4991 9689
4990 9690
4989 9691
4988 9692
4987 9693
4986 9694
4985 9695
4984 9696
4983 9697
4982 9698
4981 9699
4980 9700
4979 9701
4978 9702
4977 9703
4976 8925
4975 8926
4974 8927
4973 8928
4972 8929
4971 8930
4970 8931
4969 8932
4968 8933
4967 8934
4966 8935
4965 8936
4964 8937
4963 8938
4962 8939
4961 8940
4960 8941
4959 8942
4958 8943
4957 8944
4956 8945
4955 9646
4954 9647
4953 9648
4952 9649
4951 9650
4950 9651
4949 9652
4948 9653
4947 9654
4946 9655
4945 9656
4944 9657
4943 9658
4942 9587
4941 9588
4940 9589
4939 9590
4938 9591
4937 9592
4936 9593
4935 9594
4934 9595
4933 9596
4932 9597
4931 9598
4930 9599
4929 9600
4928 9601
4927 9602
4926 9603
4925 9604
4924 9605
4923 9606
4922 11050
4921 11051
4920 11052
4919 11053
4918 11054
4917 11055
4916 11056
4915 11057
4914 11058
4913 11059
4912 11060
4911 11061
4910 11062
4909 11063
4908 8366
4907 8367
4906 8368
4905 8369
4904 8370
4903 8371
4902 8372
4901 8373
4900 9562
4899 9563
4898 9564
4897 9565
4896 9566
4895 9567
4894 9568
4893 9569
4892 9503
4891 9504
4890 9505
4889 9506
4888 9507
4887 9508
4886 9509
4885 9510
4884 9511
4883 9512
4882 9513
4881 9514
4880 9515
4879 9516
4878 9517
4877 9518
4876 9519
4875 9520
4874 9521
4873 9522
4872 9523
4871 9524
4870 9525
4869 9526
4868 9527
4867 9528
4866 7049
4865 7050
4864 7051
4863 7052
4862 7053
4861 7054
4860 7055
4859 7056
4858 9436
4857 9437
4856 9438
4855 9439
4854 9440
4853 9441
4852 9442
4851 9443
4850 9394
4849 9395
4848 9396
4847 9397
4846 9398
4845 9399
4844 9400
4843 9401
4842 9402
4841 9403
4840 9404
4839 9405
4838 9406
4837 9407
4836 9408
4835 9409
4834 9410
4833 9411
4832 9412
4831 9413
4830 9414
4829 9362
4828 9363
4827 9364
4826 9365
4825 9366
4824 9367
4823 9368
4822 9369
4821 9370
4820 9371
4819 9372
4818 9373
4817 9374
4816 10110
4815 10111
4814 10112
4813 10113
4812 10114
4811 10115
4810 10116
4809 10117
4808 10118
4807 10119
4806 10120
4805 10121
4804 10122
4803 8277
4802 8278
4801 8279
4800 8280
4799 8281
4798 8282
4797 8283
4796 8284
4795 8285
4794 8286
4793 8287
4792 8288
4791 8289
4790 8290
4789 8291
4788 8292
4787 8616
4786 8617
4785 8618
4784 8209
4783 8210
4782 8211
4781 8212
4780 9283
4779 9284
4778 9285
4777 9286
4776 9287
4775 9288
4774 9289
4773 9290
4772 9291
4771 9292
4770 9293
4769 9294
4768 9295
4767 9296
4766 9297
4765 9298
4764 9299
4763 9300
4762 9301
4761 9302
4760 9303
4759 9304
4758 9305
4757 9306
4756 9307
4755 9308
4754 8169
4753 8170
4752 8171
4751 8172
4750 8173
4749 8174
4748 8175
4747 8176
4746 8177
4745 8178
4744 8179
4743 8180
4742 8181
4741 8182
4740 8153
4739 8154
4738 8155
4737 8156
4736 8157
4735 8158
4734 8159
4733 8160
4730 10742
4729 10743
4728 10744
4727 10745
4726 10746
4725 10747
4724 10748
4723 10749
4722 10750
4721 10751
4720 10752
4719 10753
4718 10754
4717 9786
4716 9787
4715 9788
4714 9789
4713 9790
4712 9791
4711 9792
4710 9793
4709 9794
4708 9795
4707 9796
4706 9797
4705 11215
4704 11216
4703 11217
4702 11218
4701 11219
4700 11220
4699 11221
4698 11222
4697 11223
4696 8572
4695 8573
4694 8574
4693 8575
4692 8576
4691 8577
4690 8578
4689 8579
4688 8580
4687 8581
4686 8582
4685 8583
4684 8584
4683 8585
4682 8586
4681 8587
4680 12040
4679 12041
4678 12042
4677 12043
4676 12044
4675 12045
4674 12046
4673 12047
4672 9983
4671 9984
4670 9985
4669 9986
4668 9987
4667 9988
4666 9989
4665 9990
4664 9991
4663 9992
4662 9993
4661 9994
4660 9995
4659 9996
4658 9997
4657 9998
4656 9999
4655 10000
4654 10001
4653 10002
4652 10089
4651 10090
4650 10091
4649 10092
4648 10093
4647 10094
4646 10095
4645 10096
4644 10097
4643 10098
4642 10099
4641 10100
4640 10101
4639 10102
4638 10103
4637 10104
4636 10105
4635 10106
4634 10107
4633 10108
4632 10109
4631 9375
4630 9376
4629 9377
4628 9378
4627 9379
4626 9380
4625 9381
4624 9382
4623 9383
4622 9384
4621 9385
4620 9386
4619 9387
4618 9388
4617 9389
4616 9390
4615 9391
4614 9392
4613 9393
4612 6938
4611 6939
4610 6940
4609 6941
4608 6942
4607 6943
4606 6944
4605 6945
4604 6946
4603 6947
4602 6948
4601 6949
4600 6950
4599 10891
4598 10892
4597 10893
4596 10894
4595 10895
4594 10896
4593 10897
4592 10898
4591 8705
4590 8706
4589 8707
4588 8708
4587 8709
4586 8710
4585 8711
4584 8712
4583 8713
4582 8714
4581 8715
4580 7057
4579 7058
4578 7059
4577 7060
4576 7061
4575 7062
4574 7063
4573 7064
4572 8716
4571 8717
4570 8718
4569 8719
4568 8720
4567 8721
4566 8722
4565 8723
4564 8724
4563 8725
4562 8726
4561 8727
4560 8728
4559 9838
4558 9839
4557 9840
4556 9841
4555 9842
4554 9843
4553 9844
4552 9845
4551 9846
4550 9847
4549 9848
4548 9849
4547 9850
4546 9545
4545 9546
4544 9547
4543 9548
4542 9549
4541 9550
4540 9551
4539 9552
4538 9553
4537 9554
4536 9555
4535 9556
4534 9557
4533 9558
4532 9559
4531 9560
4530 9561
4529 8374
4528 8375
4527 8376
4526 8377
4525 8378
4524 8379
4523 8380
4522 8381
4521 8382
4520 8383
4519 8384
4518 8385
4517 8386
4516 10275
4515 10276
4514 10277
4513 10278
4512 10279
4511 10280
4510 10281
4509 10282
4508 10283
4507 8418
4506 8419
4505 8420
4504 8421
4503 8422
4502 8423
4501 8424
4500 8820
4499 8821
4498 8822
4497 8823
4496 8824
4495 8825
4494 8826
4493 8827
4492 8828
4491 8829
4490 8830
4489 8831
4488 8832
4487 8833
4486 9224
4485 9225
4484 9226
4483 9227
4482 9228
4481 9229
4480 9230
4479 9231
4478 9659
4477 9660
4476 9661
4475 9662
4474 9663
4473 9664
4472 9665
4471 9666
4470 9667
4469 9668
4468 9669
4467 9670
4466 9671
4465 9672
4464 9673
4463 9674
4462 9675
4461 9676
4460 9677
4459 9678
4458 9679
4457 9680
4456 9681
4455 9682
4454 9683
4453 9684
4452 11378
4451 11379
4450 11380
4449 11381
4448 11382
4447 11383
4446 11384
4445 11385
4444 8917
4443 8918
4442 8919
4441 8920
4440 8921
4439 8922
4438 8923
4437 8924
4436 9704
4435 9705
4434 9706
4433 9707
4432 9708
4431 9709
4430 9710
4429 9711
4428 9712
4427 9713
4426 9714
4425 9715
4424 9716
4423 9717
4422 9718
4421 9719
4420 11505
4419 11506
4418 11507
4417 11508
4416 11509
4415 11510
4414 11511
4413 11512
4412 9740
4411 9741
4410 9742
4409 9743
4408 9744
4407 9745
4406 9746
4405 9747
4404 9748
4403 9749
4402 8964
4401 8965
4400 8966
4399 8967
4398 8968
4397 8969
4396 8970
4395 8971
4394 8972
4393 8973
4392 8974
4391 8975
4390 8976
4389 8977
4388 8978
4387 8979
4386 8980
4385 8981
4384 8982
4383 8983
4382 8984
4381 9898
4380 9899
4379 9900
4378 9901
4377 9902
4376 9903
4375 9904
4374 9905
4373 9906
4372 9907
4371 9908
4370 9909
4369 9910
4368 9911
4367 9912
4366 9913
4365 9914
4364 9915
4363 9916
4360 9272
4359 9273
4358 9274
4357 9275
4356 9276
4355 9277
4354 8497
4353 8498
4352 8499
4351 8500
4350 8501
4349 8502
4348 8503
4347 8504
4346 8505
4345 8506
4344 8507
4343 8508
4342 8509
4341 8985
4340 8986
4339 8987
4338 8988
4337 8989
4336 8990
4335 8991
4334 8992
4333 8993
4332 8994
4331 8995
4330 8996
4329 8997
4328 8956
4327 8957
4326 8958
4325 8959
4324 8960
4323 8961
4322 8962
4321 8963
4320 9750
4319 9751
4318 9752
4317 9753
4316 9754
4315 9755
4314 9756
4313 9757
4312 9758
4311 9759
4310 9760
4309 9761
4308 9762
4307 8425
4306 8426
4305 8427
4304 8428
4303 8429
4302 8430
4301 8431
4300 8432
4299 8433
4298 8434
4297 8435
4296 8436
4295 8437
4294 8438
4293 8439
4292 8440
4291 8904
4290 8905
4289 8906
4288 8907
4287 8908
4286 8909
4285 8910
4284 8911
4283 8912
4282 8913
4281 8914
4280 8915
4279 8916
4278 11386
4277 11387
4276 11388
4275 11389
4274 11390
4273 11391
4272 11392
4271 11393
4270 11394
4269 11395
4268 11396
4267 11397
4266 11398
4265 11399
4264 11400
4263 8861
4262 8862
4261 8863
4260 8864
4259 8865
4258 8866
4257 8867
4256 8868
4255 8869
4254 8870
4253 8871
4252 8872
4251 8873
4250 8874
4249 8875
4248 8876
4247 8877
4246 8878
4245 8879
4244 9216
4243 9217
4242 9218
4241 9219
4240 9220
4239 9221
4238 9222
4237 9223
4236 8834
4235 8835
4234 8836
4233 8837
4232 8838
4231 8839
4230 8840
4229 8841
4228 8842
4227 8406
4226 8407
4225 8408
4224 8409
4223 8410
4222 8411
4221 8412
4220 8413
4219 8414
4218 8415
4217 8416
4216 8417
4215 10284
4214 10285
4213 10286
4212 8328
4211 8329
4210 8330
4209 8331
4208 8332
4207 8333
4206 8334
4205 8335
4204 8336
4203 8337
4202 8338
4201 8339
4200 8340
4199 8341
4198 8342
4197 8343
4196 8344
4195 8345
4194 8346
4193 8347
4192 8348
4191 8349
4190 8350
4189 8351
4188 8352
4187 8760
4186 8761
4185 8762
4184 8763
4183 8764
4182 8765
4181 8766
4180 8767
4179 8768
4178 8769
4177 8770
4176 8771
4175 8772
4174 8773
4173 8774
4172 7109
4171 7110
4170 7111
4169 7112
4168 7113
4167 7114
4166 7115
4165 7116
4164 7117
4163 8729
4162 8730
4161 8731
4160 8732
4159 8733
4158 8734
4157 8735
4156 8736
4155 8737
4154 8738
4153 8739
4152 8740
4151 8741
4150 8742
4149 8743
4148 8744
4147 7536
4146 7537
4145 7538
4144 7539
4143 7540
4142 7541
4141 7542
4140 7543
4139 8697
4138 8698
4137 8699
4136 8700
4135 8701
4134 8702
4133 8703
4132 8704
4131 10899
4130 10900
4129 10901
4128 10902
4127 10903
4126 10904
4125 10905
4124 10906
4123 6925
4122 6926
4121 6927
4120 6928
4119 6929
4118 6930
4117 6931
4116 6932
4115 6933
4114 6934
4113 6935
4112 6936
4111 6937
4110 8619
4109 8620
4108 8621
4107 8622
4106 8623
4105 8624
4104 8625
4103 8626
4102 8627
4101 6863
4100 6864
4099 6865
4098 6866
4097 6867
4096 6868
4095 6869
4094 6870
4093 6871
4092 6872
4091 6873
4090 6874
4089 6875
4088 6876
4087 6877
4086 6878
4085 6879
4084 7470
4083 7471
4082 7472
4081 7473
4080 7474
4079 7475
4078 7476
4077 7477
4076 7478
4075 7479
4074 7480
4073 7481
4072 7482
4071 7483
4070 7484
4069 7485
4068 7486
4067 7487
4066 7430
4065 7431
4064 7432
4063 7433
4062 7434
4061 7435
4060 7436
4059 7437
4058 7438
4057 7439
4056 7440
4055 7441
4054 7442
4053 7443
4052 7444
4051 7445
4050 7446
4049 7447
4048 7448
4047 7449
4046 7450
4045 7451
4044 7452
4043 7453
4042 7454
4041 7455
4040 7456
4039 8559
4038 8560
4037 8561
4036 8562
4035 8563
4034 8564
4033 8565
4032 8566
4031 8567
4030 8568
4029 8569
4028 8570
4027 8571
4026 11224
4025 11225
4024 11226
4023 11227
4022 11228
4021 11229
4020 11230
4019 11231
4018 11232
4017 11233
4016 11234
4015 11235
4014 8510
4013 8511
4012 8512
4011 8513
4010 8514
4009 8515
4008 8516
4007 8517
4006 8518
4005 8519
4004 8520
4003 8521
4002 8522
4001 8523
4000 8524
3999 8525
3998 8526
3997 8527
3996 8528
3995 8529
3994 8530
3993 8531
3990 8165
3989 8166
3988 8167
3987 8168
3986 8149
3985 8150
3984 8151
3983 8152
3982 8183
3981 8184
3980 8185
3979 8186
3978 8187
3977 8188
3976 8189
3975 8190
3974 8191
3973 8192
3972 8193
3971 8194
3970 8195
3969 8196
3968 8197
3967 8198
3966 8199
3965 8200
3964 8201
3963 8202
3962 8203
3961 8204
3960 8205
3959 8206
3958 8207
3957 8208
3956 6760
3955 6761
3954 6762
3953 6763
3952 6764
3951 6765
3950 6766
3949 6767
3948 6768
3947 6769
3946 6770
3945 6771
3944 6772
3943 6773
3942 8213
3941 8214
3940 8215
3939 8216
3938 8217
3937 8218
3936 8219
3935 6821
3934 6822
3933 6823
3932 6824
3931 6825
3930 6826
3929 6827
3928 8268
3927 8269
3926 8270
3925 8271
3924 8272
3923 8273
3922 8274
3921 8275
3920 8276
3919 10123
3918 10124
3917 6880
3916 6881
3915 6882
3914 6883
3913 6884
3912 6885
3911 6886
3910 6887
3909 6888
3908 6889
3907 6890
3906 6891
3905 6892
3904 6893
3903 6894
3902 6895
3901 6896
3900 6897
3899 6898
3898 6899
3897 6900
3896 6901
3895 6902
3894 6903
3893 6912
3892 6913
3891 6914
3890 6915
3889 6916
3888 6917
3887 6918
3886 6919
3885 6920
3884 6921
3883 6922
3882 6923
3881 6924
3880 10907
3879 10908
3878 6965
3877 6966
3876 6967
3875 6968
3874 6969
3873 6970
3872 6971
3871 7034
3870 7035
3869 7036
3868 7037
3867 7038
3866 7039
3865 7040
3864 7041
3863 7042
3862 7043
3861 7044
3860 7045
3859 7046
3858 7047
3857 7048
3856 9529
3855 9530
3854 9531
3853 9532
3852 9533
3851 9534
3850 9535
3849 9536
3848 9537
3847 9538
3846 9539
3845 9540
3844 9541
3843 9542
3842 9543
3841 9544
3840 7142
3839 7143
3838 7144
3837 7145
3836 7146
3835 7147
3834 7148
3833 7149
3832 7150
3831 7151
3830 7152
3829 7153
3828 7154
3827 8353
3826 8354
3825 8355
3824 8356
3823 8357
3822 8358
3821 8359
3820 8360
3819 8361
3818 8362
3817 8363
3816 8364
3815 8365
3814 8387
3813 8388
3812 8389
3811 8390
3810 8391
3809 8392
3808 8393
3807 8394
3806 8395
3805 8396
3804 8397
3803 8398
3802 8399
3801 8400
3800 8401
3799 8402
3798 8403
3797 8404
3796 8405
3795 8843
3794 8844
3793 8845
3792 8846
3791 8847
3790 8848
3789 8849
3788 8850
3787 8851
3786 8852
3785 8853
3784 8854
3783 8855
3782 8856
3781 8857
3780 8858
3779 8859
3778 8860
3777 7279
3776 7280
3775 7281
3774 7282
3773 7283
3772 7284
3771 7285
3770 7286
3769 7263
3768 7264
3767 7265
3766 7266
3765 7296
3764 7297
3763 7298
3762 7299
3761 7300
3760 7301
3759 7302
3758 7303
3757 7304
3756 7615
3755 7616
3754 7617
3753 7618
3752 7619
3751 7620
3750 7621
3749 7622
3748 7623
3747 7624
3746 7625
3745 7626
3744 8441
3743 8442
3742 8443
3741 8444
3740 8445
3739 8446
3738 8447
3737 8448
3736 8449
3735 7327
3734 7328
3733 7329
3732 7330
3731 7331
3730 7332
3729 7333
3728 7334
3727 7335
3726 7336
3725 7337
3724 7338
3723 7339
3722 7340
3721 7341
3720 7342
3719 7343
3718 7344
3717 7345
3716 7346
3715 7347
3714 7348
3713 7349
3712 7350
3711 7351
3710 8477
3709 8478
3708 8479
3707 8480
3706 8481
3705 8482
3704 8483
3703 8484
3702 8485
3701 8486
3700 8487
3699 8488
3698 8489
3697 8490
3696 8491
3695 8492
3694 8493
3693 8494
3692 8495
3691 8496
3690 9278
3689 9279
3688 9280
3687 9281
3686 9282
3683 7392
3682 7393
3681 7394
3680 7395
3679 7396
3678 7376
3677 7377
3676 7378
3675 7356
3674 7357
3673 7358
3672 7359
3671 7360
3670 7361
3669 7362
3668 7363
3667 7364
3666 7726
3665 7727
3664 7728
3663 7729
3662 7730
3661 7731
3660 7732
3659 7733
3658 7734
3657 7735
3656 7305
3655 7306
3654 7307
3653 7308
3652 7309
3651 7310
3650 7311
3649 7312
3648 7313
3647 7314
3646 7315
3645 7316
3644 7317
3643 7318
3642 7319
3641 7320
3640 7321
3639 7322
3638 7323
3637 7324
3636 7325
3635 7326
3634 8450
3633 8451
3632 8452
3631 8453
3630 8454
3629 8455
3628 8456
3627 8457
3626 8458
3625 8459
3624 8460
3623 7605
3622 7606
3621 7607
3620 7608
3619 7609
3618 7610
3617 7611
3616 7612
3615 7613
3614 7614
3613 7287
3612 7288
3611 7289
3610 7290
3609 7291
3608 7292
3607 7293
3606 7294
3605 7295
3604 7267
3603 7268
3602 7269
3601 7270
3600 7271
3599 7272
3598 7273
3597 7274
3596 7275
3595 7276
3594 7277
3593 7278
3592 7211
3591 7212
3590 7213
3589 7214
3588 7215
3587 7216
3586 7217
3585 7218
3584 7219
3583 7220
3582 7221
3581 7189
3580 7190
3579 7191
3578 7192
3577 7193
3576 7194
3575 7195
3574 7196
3573 7197
3572 7198
3571 7172
3570 7173
3569 7174
3568 7175
3567 7176
3566 7177
3565 7178
3564 7179
3563 7180
3562 7181
3561 7182
3560 7183
3559 7184
3558 7185
3557 7186
3556 7187
3555 7188
3554 7118
3553 7119
3552 7120
3551 7121
3550 7122
3549 7123
3548 7124
3547 7125
3546 7126
3545 7127
3544 7128
3543 7129
3542 7130
3541 7131
3540 7132
3539 7133
3538 7134
3537 7135
3536 7136
3535 7137
3534 7138
3533 7139
3532 7140
3531 7141
3530 7065
3529 7066
3528 7067
3527 7068
3526 7069
3525 7070
3524 7071
3523 7072
3522 7073
3521 7074
3520 8758
3519 8759
3518 7015
3517 7016
3516 7017
3515 7018
3514 7019
3513 7020
3512 7021
3511 7022
3510 7023
3509 7024
3508 7025
3507 7026
3506 7027
3505 7028
3504 7029
3503 7030
3502 7031
3501 7032
3500 7033
3499 6972
3498 6973
3497 6974
3496 6975
3495 6976
3494 6977
3493 6978
3492 6979
3491 6980
3490 6981
3489 6982
3488 6983
3487 6984
3486 9123
3485 9124
3484 6906
3483 6907
3482 6908
3481 6909
3480 6910
3479 6911
3478 6904
3477 6905
3476 6828
3475 6829
3474 6830
3473 6831
3472 6832
3471 6833
3470 6787
3469 6788
3468 6789
3467 6790
3466 6791
3465 6792
3464 6793
3463 6794
3462 6795
3461 6796
3460 6797
3459 6798
3458 6799
3457 6800
3456 6801
3455 6802
3454 6803
3453 6804
3452 6805
3451 6806
3450 6807
3449 6808
3448 6809
3447 6810
3446 6811
3445 6812
3444 6813
3443 6814
3442 6815
3441 6816
3440 6817
3439 6818
3438 6819
3437 6820
3436 8220
3435 8221
3434 8222
3433 8223
3432 8224
3431 8225
3430 8226
3429 8227
3428 8228
3427 8229
3426 8230
3425 8231
3424 8232
3423 6752
3422 6753
3421 6754
3420 6755
3419 6756
3418 6757
3417 6758
3416 6759
3415 6715
3414 6716
3413 6717
3412 6718
3411 6719
3410 6720
3409 6721
3408 6722
3407 6723
3406 6724
3405 6725
3404 6726
3403 6727
3402 7766
3401 7767
3400 7768
3399 7769
3398 7770
3397 7771
3396 7772
3395 7773
3394 7774
3393 7775
3392 7776
3391 7777
3390 7778
3389 7779
3388 7780
3387 7781
3386 7782
3385 7783
3384 7784
3383 7785
3382 7786
3379 7743
3378 7744
3377 7745
3376 7746
3375 7747
3374 7748
3373 7749
3372 7750
3371 7751
3370 7752
3369 7753
3368 7754
3367 7755
3366 7756
3365 7757
3364 7758
3363 7759
3362 7760
3361 7761
3360 7762
3359 7763
3358 7764
3357 7765
3356 6728
3355 6729
3354 6730
3353 6731
3352 6732
3351 6733
3350 6734
3349 6735
3348 6736
3347 6737
3346 6738
3345 6739
3344 6740
3343 6741
3342 6742
3341 6743
3340 6744
3339 6745
3338 6746
3337 6747
3336 6748
3335 6749
3334 6750
3333 6751
3332 8233
3331 8234
3330 8235
3329 8236
3328 8237
3327 8238
3326 8239
3325 8240
3324 8241
3323 8242
3322 8243
3321 8244
3320 9064
3319 9065
3318 9066
3317 9067
3316 9068
3315 9069
3314 9070
3313 9071
3312 9072
3311 7397
3310 7398
3309 7399
3308 7400
3307 7401
3306 7402
3305 7403
3304 7404
3303 7405
3302 7406
3301 7407
3300 7457
3299 7458
3298 7459
3297 7460
3296 7461
3295 7462
3294 7463
3293 7464
3292 7465
3291 7466
3290 7467
3289 7468
3288 7469
3287 6774
3286 6775
3285 6776
3284 6777
3283 6778
3282 6779
3281 6780
3280 6781
3279 6782
3278 6783
3277 6784
3276 6785
3275 6786
3274 6834
3273 6835
3272 6836
3271 6837
3270 6838
3269 6839
3268 6840
3267 6841
3266 6842
3265 9111
3264 9112
3263 9113
3262 9114
3261 9115
3260 9116
3259 9117
3258 9118
3257 9119
3256 9120
3255 9121
3254 9122
3253 6985
3252 6986
3251 6987
3250 6988
3249 6989
3248 6990
3247 6991
3246 6992
3245 6993
3244 6994
3243 6995
3242 6996
3241 6997
3240 6998
3239 6999
3238 7000
3237 7523
3236 7524
3235 7525
3234 7526
3233 7527
3232 7528
3231 7529
3230 7530
3229 7531
3228 7532
3227 7533
3226 7534
3225 7535
3224 8745
3223 8746
3222 8747
3221 8748
3220 8749
3219 8750
3218 8751
3217 8752
3216 8753
3215 8754
3214 8755
3213 8756
3212 8757
3211 7075
3210 7076
3209 7077
3208 7078
3207 7079
3206 7080
3205 7081
3204 7082
3203 7083
3202 7084
3201 7085
3200 7086
3199 7087
3198 7088
3197 7089
3196 7090
3195 8799
3194 8800
3193 8801
3192 8802
3191 8803
3190 8804
3189 8805
3188 8806
3187 8807
3186 8808
3185 8809
3184 8810
3183 8811
3182 8812
3181 8813
3180 8814
3179 8815
3178 8816
3177 8817
3176 8818
3175 8819
3174 9168
3173 9169
3172 9170
3171 9171
3170 9172
3169 9173
3168 9174
3167 9175
3166 9176
3165 7155
3164 7156
3163 7157
3162 7158
3161 7159
3160 7160
3159 7161
3158 7162
3157 7163
3156 7164
3155 7165
3154 7166
3153 7167
3152 7168
3151 7169
3150 7170
3149 7171
3148 7199
3147 7200
3146 7201
3145 7202
3144 7203
3143 7204
3142 7205
3141 7206
3140 7207
3139 7208
3138 7209
3137 7210
3136 7222
3135 7223
3134 7224
3133 7225
3132 7226
3131 7227
3130 7228
3129 7229
3128 7230
3127 7231
3126 7232
3125 7233
3124 7234
3123 7235
3122 7236
3121 7567
3120 7568
3119 7569
3118 7550
3117 7551
3116 7552
3115 7553
3114 7554
3113 7555
3112 7577
3111 7578
3110 7579
3109 7580
3108 7581
3107 7582
3106 7583
3105 7584
3104 7585
3103 7586
3102 7587
3101 7588
3100 7589
3099 7590
3098 7591
3097 7592
3096 7593
3095 7594
3094 7595
3093 7596
3092 7597
3091 7598
3090 7599
3089 7600
3088 7601
3087 7602
3086 7603
3085 7604
3084 8461
3083 8462
3082 8463
3081 8464
3080 8465
3079 8466
3078 8467
3077 8468
3076 8469
3075 8470
3074 8471
3073 8472
3072 8473
3071 8474
3070 8475
3069 8476
3068 7641
3067 7642
3066 7643
3065 7644
3064 7645
3063 7646
3062 7627
3061 7628
3060 7629
3059 7647
3058 7648
3057 7649
3056 7650
3055 7651
3054 7652
3053 7653
3052 7654
3051 7655
3050 7656
3049 7668
3048 7669
3047 7670
3046 7671
3045 7672
3044 7673
3043 7674
3042 7675
3041 7676
3040 7718
3039 7719
3038 7720
3037 7721
3036 7722
3035 7723
3034 7724
3033 7725
3032 7365
3031 7366
3030 7367
3029 7368
3028 7369
3027 7370
3026 7371
3025 7372
3024 7373
3023 7374
3022 7375
3021 7379
3020 7380
3019 7381
3018 7382
3017 7383
3016 7384
3015 7385
3014 7386
3013 7387
3010 7687
3009 7688
3008 7689
3006 3007
3005 7692
3004 7693
3003 7694
3002 7695
3001 7696
3000 7697
2999 7698
2998 7699
2996 2997
2995 7702
2994 7703
2993 7704
2992 7705
2991 7706
2990 7707
2989 7708
2988 7709
2987 7710
2985 2986
2984 7713
2983 7714
2982 7715
2981 7716
2980 7717
2979 7677
2978 7678
2976 2977
2975 7681
2974 7682
2973 7683
2972 7684
2971 7685
2970 7686
2969 7657
2968 7658
2966 2967
2965 7661
2964 7662
2963 7663
2962 7664
2961 7665
2960 7666
2959 7667
2958 7630
2956 2957
2955 7633
2954 7634
2953 7635
2952 7636
2951 7637
2949 2950
2948 7640
2947 8117
2946 8118
2945 8119
2944 8120
2942 2943
2941 8123
2940 8124
2939 8125
2938 8126
2936 2937
2935 8129
2934 8130
2933 8082
2932 8083
2931 8084
2929 2930
2928 8087
2927 8088
2926 8089
2925 8090
2923 2924
2922 8093
2921 8094
2920 8095
2919 8096
2917 2918
2916 8099
2915 8100
2914 8101
2913 8102
2912 8103
2910 2911
2909 8106
2908 8107
2907 8108
2906 8109
2905 8110
2904 8111
2903 8112
2902 7570
2901 7571
2900 7572
2898 2899
2897 7575
2896 7576
2895 7556
2894 7557
2892 2893
2891 7560
2890 7561
2889 7562
2888 7563
2887 7564
2885 2886
2884 7237
2883 7238
2882 7239
2881 7240
2880 7241
2878 2879
2877 7244
2876 7245
2875 7246
2874 7247
2873 7248
2871 2872
2870 7251
2869 7252
2868 7253
2867 7254
2866 7255
2864 2865
2863 7258
2862 7259
2861 7260
2860 7261
2859 7262
2857 2858
2856 8024
2855 8025
2854 8026
2853 8027
2852 8028
2851 8029
2849 2850
2848 8002
2847 8003
2846 8004
2845 8005
2843 2844
2842 8008
2841 8009
2840 8010
2839 9151
2838 9152
2836 2837
2835 9155
2834 9156
2833 9157
2832 9158
2830 2831
2829 9161
2828 9162
2827 9163
2826 9164
2825 9165
2823 2824
2822 7955
2821 7956
2820 7957
2819 7958
2817 2818
2816 7961
2815 7962
2814 7963
2813 7964
2812 7965
2810 2811
2809 7968
2808 8789
2807 8790
2806 8791
2805 8792
2803 2804
2802 8795
2801 8796
2800 8797
2799 8798
2798 7091
2797 7092
2796 7093
2795 7094
2793 2794
2792 7097
2791 7098
2790 7099
2789 7100
2788 7101
2786 2787
2785 7952
2784 7953
2783 7954
2782 7933
2780 2781
2779 7936
2778 7937
2777 7938
2776 7495
2774 2775
2773 7498
2772 7499
2771 7500
2770 7501
2769 7502
2767 2768
2766 7505
2765 7506
2764 7507
2763 7508
2761 2762
2760 7511
2759 7512
2758 7513
2757 7514
2755 2756
2754 7517
2753 7518
2752 7519
2751 7520
2749 2750
2748 7001
2747 7002
2746 7003
2745 7004
2744 7005
2743 7006
2742 7007
2741 7008
2740 7009
2738 2739
2737 7012
2736 7013
2735 7014
2734 9093
2732 2733
2731 9096
2730 9097
2729 9098
2728 9099
2726 2727
2725 9102
2724 9103
2723 9104
2722 9105
2720 2721
2719 9108
2718 9109
2717 9110
2716 6843
2715 6844
2713 2714
2712 6847
2711 6848
2710 6849
2709 6850
2707 2708
2706 6853
2705 6854
2704 6855
2703 7911
2701 2702
2700 7914
2699 7915
2698 7916
2697 7917
2696 7918
2694 2695
2693 7921
2692 7894
2691 7895
2690 7896
2689 7897
2688 7898
2687 7899
2686 7900
2685 7901
2683 2684
2682 7904
2681 7905
2680 7906
2679 7907
2677 2678
2676 7910
2675 7408
2674 7409
2673 7410
2671 2672
2670 7413
2669 7414
2668 7415
2667 7416
2665 2666
2664 7419
2663 7420
2662 7421
2661 9054
2659 2660
2658 9057
2657 9058
2656 9059
2655 9060
2653 2654
2652 9063
2651 8245
2650 8246
2649 8247
2647 2648
2646 8250
2645 8251
2644 8252
2643 8253
2641 2642
2640 8256
2639 8257
2638 8258
2637 8259
2636 8260
2635 8261
2634 8262
2633 8263
2632 8264
2630 2631
2629 8267
2628 7829
2627 7830
2626 7831
2625 7832
2624 7833
2622 2623
2621 7836
2620 7837
2619 7809
2618 7810
2617 7811
2616 7812
2615 7813
2613 2614
2612 7816
2611 7817
2610 7818
2609 7787
2608 7788
2607 7789
2606 7790
2604 2605
2603 7793
2602 7794
2601 7795
2600 7796
2599 7797
2598 8549
2597 8550
2596 8551
2594 2595
2593 8554
2592 8555
2591 8556
2590 8557
2589 8558
2588 7736
2587 7737
2586 7738
2583 8536
2582 8537
2581 8538
2580 8539
2579 8540
2578 8541
2577 8542
2576 8543
2574 2575
2573 8546
2572 8547
2571 8548
2570 7798
2569 7799
2568 7800
2567 7801
2566 7802
2564 2565
2563 7805
2562 7806
2561 7807
2560 7808
2559 7819
2558 7820
2557 7821
2555 2556
2554 7824
2553 7825
2552 7826
2551 7827
2550 7828
2549 7838
2548 7839
2546 2547
2545 7842
2544 7843
2543 7844
2542 7845
2541 7846
2540 7847
2538 2539
2537 7850
2536 7851
2535 7852
2534 7853
2533 9028
2532 9029
2531 9030
2530 9031
2529 9032
2527 2528
2526 9035
2525 9036
2524 9037
2523 9038
2521 2522
2520 9041
2519 9042
2518 9043
2517 9044
2515 2516
2514 9047
2513 9048
2512 9049
2511 9050
2509 2510
2508 9053
2507 7422
2506 7423
2505 7424
2503 2504
2502 7427
2501 7428
2500 7429
2499 7488
2497 2498
2496 7491
2495 7492
2494 7493
2493 7494
2491 2492
2490 7879
2489 7880
2488 7881
2486 2487
2485 7884
2484 7885
2483 7886
2482 7887
2480 2481
2479 7890
2478 7891
2477 7892
2476 7893
2475 7922
2473 2474
2472 7925
2471 7926
2470 7927
2469 7928
2468 7929
2466 2467
2465 7932
2464 6856
2463 6857
2462 6858
2460 2461
2459 6861
2458 6862
2457 8628
2456 8629
2454 2455
2453 8632
2452 8633
2451 8634
2450 8635
2448 2449
2447 9079
2446 9080
2445 9081
2444 9082
2442 2443
2441 9085
2440 9086
2439 9087
2438 9088
2437 9089
2435 2436
2434 9092
2433 8677
2432 8678
2431 8679
2429 2430
2428 8682
2427 8683
2426 8684
2425 8685
2424 8686
2423 8687
2422 8688
2421 8689
2420 8690
2418 2419
2417 8693
2416 8694
2415 8695
2414 8696
2412 2413
2411 7546
2410 7547
2409 7548
2408 7549
2406 2407
2405 11274
2404 11275
2403 11276
2402 11277
2400 2401
2399 11280
2398 11281
2397 11282
2396 11283
2394 2395
2393 11286
2392 11287
2391 7939
2390 7940
2389 7941
2387 2388
2386 7944
2385 7945
2384 7946
2383 7947
2381 2382
2380 7102
2379 7103
2378 7104
2377 7105
2376 7106
2374 2375
2373 8775
2372 8776
2371 8777
2370 8778
2369 8779
2368 8780
2367 8781
2366 8782
2364 2365
2363 8785
2362 8786
2361 8787
2360 8788
2359 7969
2357 2358
2356 7972
2355 7973
2354 7974
2353 7975
2351 2352
2350 7978
2349 7979
2348 7980
2347 7981
2345 2346
2344 9135
2343 9136
2342 9137
2341 9138
2340 9139
2338 2339
2337 9142
2336 9143
2335 9144
2334 9145
2332 2333
2331 9148
2330 9149
2329 9150
2328 8011
2327 8012
2325 2326
2324 8015
2323 8016
2322 8017
2321 8018
2319 2320
2318 8021
2317 8030
2316 8031
2315 8032
2314 8033
2313 8034
2312 8035
2310 2311
2309 8038
2308 8039
2307 8040
2306 8041
2305 8042
2303 2304
2302 9203
2301 9204
2300 9205
2299 9206
2297 2298
2296 9209
2295 9210
2294 9211
2293 9212
2292 9213
2290 2291
2289 8880
2288 8881
2287 8882
2286 8883
2284 2285
2283 8886
2282 8887
2281 8888
2280 8889
2279 8890
2277 2278
2276 8893
2275 8894
2274 8895
2273 8896
2271 2272
2270 8899
2269 8900
2268 8901
2267 8902
2266 8903
2264 2265
2263 8115
2262 8116
2256 2257
2250 2251
2244 2245
2238 2239
2232 2233
2231 8133
2230 8134
2229 8135
2228 8136
2227 8137
2225 2226
2224 8140
2223 8141
2222 8142
2221 8143
2219 2220
2218 8146
2217 8147
2216 8148
2215 9763
2214 9764
2212 2213
2211 9767
2210 9768
2209 9769
2208 9770
2207 9771
2206 9772
2205 9773
2204 9774
2203 9775
2202 9776
2200 2201
2199 9779
2198 9780
2197 9781
2196 9782
2195 9783
2194 9784
2193 9785
2191 2192
2190 9000
2189 9001
2188 9002
2187 9003
2186 9004
2185 9005
2184 9006
2182 2183
2181 9009
2180 9010
2179 9011
2178 9012
2177 9247
2176 9248
2175 9249
2174 9250
2172 2173
2171 9253
2170 9254
2169 9255
2168 9256
2167 9257
2166 9258
2165 9259
2164 9260
2163 9261
2161 2162
2160 9264
2159 9265
2158 9266
2157 9267
2154 10397
2153 10398
2152 10399
2151 10400
2150 10401
2149 10402
2147 2148
2146 9234
2145 9235
2144 9236
2143 9237
2142 9238
2141 9239
2140 9240
2139 9241
2137 2138
2136 9244
2135 9245
2134 9246
2127 2128
2118 2119
2110 2111
2106 11488
2105 11489
2104 11490
2103 11491
2101 2102
2100 11494
2099 11495
2098 11496
2097 11497
2095 2096
2094 11500
2093 11501
2092 11502
2091 11503
2090 11504
2088 2089
2087 9722
2086 9723
2085 9724
2084 9725
2082 2083
2081 10571
2080 10572
2079 10573
2078 10574
2076 2077
2075 10577
2074 10578
2073 10579
2072 10337
2070 2071
2069 10340
2068 10341
2067 10342
2065 2066
2064 11364
2063 11365
2062 11366
2061 11367
2059 2060
2058 11370
2057 11371
2056 11372
2055 11373
2053 2054
2052 11376
2051 11377
2050 10287
2049 10288
2048 10289
2047 10290
2046 10291
2045 10292
2043 2044
2042 10295
2041 10296
2040 10297
2039 10298
2037 2038
2036 10301
2035 10302
2034 10303
2033 9177
2032 9178
2030 2031
2029 9181
2028 9182
2027 9183
2026 9184
2024 2025
2023 9187
2022 9188
2021 9189
2020 9190
2018 2019
2017 9193
2016 9194
2015 9195
2014 9196
2012 2013
2011 9199
2010 9200
2009 9201
2008 9202
2007 8045
2005 2006
2004 8048
2003 8049
2002 8050
2001 8051
1999 2000
1998 8054
1997 8055
1996 8056
1995 8057
1994 8058
1993 8059
1992 8060
1991 10259
1989 1990
1988 10262
1987 10263
1986 10264
1985 10265
1983 1984
1982 10268
1981 10269
1980 10270
1979 10271
1978 10272
1976 1977
1975 9125
1974 9126
1973 9127
1972 9128
1970 1971
1969 9131
1968 9132
1967 9133
1966 9134
1964 1965
1963 7986
1962 7987
1961 7988
1960 7989
1958 1959
1957 7992
1956 7993
1955 7994
1954 7995
1953 7996
1951 1952
1950 7999
1949 11001
1948 11002
1947 11003
1945 1946
1944 11006
1943 11007
1942 11008
1941 11009
1940 9851
1939 9852
1938 9853
1937 9854
1936 9855
1934 1935
1933 9858
1932 9859
1931 9860
1930 9861
1928 1929
1927 9864
1926 9865
1925 9866
1924 9867
1922 1923
1921 9870
1920 9871
1919 9872
1918 11256
1917 11257
1915 1916
1914 11260
1913 11261
1912 11262
1911 11263
1909 1910
1908 11266
1907 11267
1906 11268
1905 11269
1903 1904
1902 10183
1901 10184
1900 10185
1899 10186
1897 1898
1896 10873
1895 10874
1894 10875
1893 10876
1891 1892
1890 10879
1889 10880
1888 10881
1887 10882
1886 10883
1885 10884
1884 10885
1883 10886
1882 10887
1881 10888
1879 1880
1878 6951
1877 6952
1876 6953
1875 6954
1873 1874
1872 6957
1871 6958
1870 6959
1869 6960
1867 1868
1866 6963
1865 6964
1864 9073
1863 9074
1861 1862
1860 8636
1859 8637
1858 8638
1857 8639
1855 1856
1854 8642
1853 8643
1852 8644
1851 8645
1849 1850
1848 8648
1847 8649
1846 8650
1845 8651
1844 10134
1842 1843
1841 10137
1840 10138
1839 10139
1838 10140
1836 1837
1835 10143
1834 10144
1833 10145
1832 10146
1831 10147
1829 1830
1828 10150
1827 10151
1826 10152
1825 10153
1823 1824
1822 10082
1821 10083
1820 10084
1819 10085
1817 1818
1816 10088
1815 10003
1814 10004
1813 10005
1811 1812
1810 10008
1809 10009
1808 10010
1806 1807
1805 10013
1804 10014
1803 10015
1802 9972
1800 1801
1799 9975
1798 9976
1797 9977
1796 9978
1794 1795
1793 9981
1792 9982
1791 9013
1790 9014
1788 1789
1787 9017
1786 9018
1785 9019
1784 9020
1782 1783
1781 9023
1780 9024
1779 9025
1778 9026
1777 9027
1776 7854
1775 7855
1774 7856
1773 7857
1772 7858
1770 1771
1769 11199
1768 11200
1767 11201
1766 11202
1765 11203
1763 1764
1762 11206
1761 11207
1760 11208
1759 11209
1758 11210
1757 11211
1756 11212
1754 1755
1753 9798
1752 9799
1751 9800
1750 9801
1749 9802
1748 9803
1747 9804
1746 9805
1744 1745
1743 9808
1742 9809
1741 9810
1740 9811
1739 10725
1738 10726
1737 10727
1735 1736
1734 10730
1733 10731
1732 10732
1731 10733
1730 10734
1729 10735
1728 10736
1727 10737
1724 10712
1723 10713
1722 10714
1721 10715
1720 10716
1719 10717
1718 10718
1716 1717
1715 10721
1714 10722
1713 10723
1712 10724
1711 9812
1710 9813
1709 9814
1708 9815
1706 1707
1705 9818
1704 9819
1703 9820
1702 9821
1701 9822
1700 9823
1699 9824
1697 1698
1696 9827
1695 11185
1694 11186
1693 11187
1692 11188
1691 11189
1690 11190
1688 1689
1687 11193
1686 11194
1685 11195
1684 11196
1683 11197
1682 11198
1680 1681
1679 7863
1678 7864
1677 7865
1676 7866
1675 7867
1674 7868
1673 7869
1672 7870
1671 7871
1670 7872
1668 1669
1667 7875
1666 7876
1665 9955
1664 9956
1662 1663
1661 9959
1660 9960
1659 9961
1658 9962
1656 1657
1655 9965
1654 9966
1653 9967
1652 9968
1650 1651
1649 9971
1648 10016
1647 10017
1646 10018
1644 1645
1643 10021
1642 10022
1641 10065
1639 1640
1638 10068
1637 10069
1636 10070
1635 10071
1633 1634
1632 10074
1631 10075
1630 10076
1629 10077
1627 1628
1626 10154
1625 10155
1624 10156
1622 1623
1621 10159
1620 10160
1619 10161
1618 10162
1617 10163
1616 10164
1614 1615
1613 10127
1612 10128
1611 10129
1610 10130
1608 1609
1607 10133
1606 8652
1605 8653
1604 8654
1602 1603
1601 8657
1600 8658
1599 8659
1598 8660
1596 1597
1595 8663
1594 8664
1593 8665
1592 8666
1591 8667
1589 1590
1588 8670
1587 8671
1586 8672
1585 8673
1583 1584
1582 8676
1581 10797
1580 10798
1579 10799
1577 1578
1576 10802
1575 10803
1574 10804
1573 10805
1571 1572
1570 10808
1569 10809
1568 10810
1567 10811
1566 10812
1565 10862
1564 10863
1563 10864
1562 10865
1561 10866
1559 1560
1558 10869
1557 10870
1556 10871
1555 10872
1553 1554
1552 10191
1551 10192
1550 10193
1549 10194
1547 1548
1546 11242
1545 11243
1544 11244
1543 11245
1541 1542
1540 11248
1539 11249
1538 11250
1537 11251
1535 1536
1534 11254
1533 11255
1532 9873
1531 9874
1529 1530
1528 9877
1527 9878
1526 9879
1525 9880
1524 9881
1522 1523
1521 9884
1520 9885
1519 9886
1518 9887
1516 1517
1515 9890
1514 10988
1513 10989
1512 10990
1511 10991
1510 10992
1509 10993
1508 10994
1507 10995
1505 1506
1504 10998
1503 10999
1502 11000
1501 11288
1499 1500
1498 11291
1497 11292
1496 11293
1495 11294
1493 1494
1492 11297
1491 11298
1490 11299
1489 11300
1487 1488
1486 11303
1485 10233
1484 10234
1483 10235
1481 1482
1480 10238
1479 10239
1478 10240
1477 10241
1476 10242
1474 1475
1473 10245
1472 10246
1471 10247
1470 10248
1468 1469
1467 10251
1466 10252
1465 10253
1464 10254
1462 1463
1461 10257
1460 10258
1459 8061
1458 8062
1457 8063
1456 8064
1455 8065
1454 8066
1453 8067
1451 1452
1450 10486
1449 10487
1448 10488
1447 10489
1445 1446
1444 10492
1443 12673
1442 12674
1441 12675
1439 1440
1438 12678
1437 12679
1436 12680
1435 12681
1433 1434
1432 12684
1431 12685
1430 11860
1429 11861
1427 1428
1426 11864
1425 11865
1424 11866
1423 11867
1421 1422
1420 11870
1419 11871
1418 11872
1417 10304
1415 1416
1414 10307
1413 10308
1412 10309
1411 10310
1409 1410
1408 10313
1407 10314
1406 10315
1405 10316
1403 1404
1402 11346
1401 11347
1400 11348
1399 11349
1398 11350
1396 1397
1395 11353
1394 11354
1393 11355
1391 1392
1390 11358
1389 11359
1388 11360
1387 11361
1385 1386
1384 10345
1383 10346
1382 10347
1381 10348
1379 1380
1378 10351
1377 10558
1376 10559
1374 1375
1373 10562
1372 10563
1371 10564
1370 10565
1368 1369
1367 10568
1366 11401
1365 11402
1364 11403
1362 1363
1361 11406
1360 11407
1359 11408
1358 11409
1356 1357
1355 11412
1354 11413
1353 11414
1352 11415
1350 1351
1349 11482
1348 11483
1347 11484
1346 11485
1345 11486
1344 11487
1343 11513
1342 11514
1340 1341
1339 11517
1338 11518
1337 11519
1336 11520
1335 11521
1334 11522
1332 1333
1331 11525
1330 11526
1329 11527
1328 11528
1327 11529
1326 11530
1325 11531
1323 1324
1322 11534
1321 11535
1320 11536
1319 11537
1318 12265
1317 12266
1316 12267
1315 12268
1313 1314
1312 12271
1311 12272
1310 12273
1309 12274
1308 12275
1307 12276
1306 12277
1304 1305
1303 12280
1302 12281
1301 10403
1300 10404
1299 10405
1298 10406
1297 10407
1296 10408
1293 12241
1291 1292
1290 12244
1289 12245
1288 12246
1287 12247
1286 12248
1285 12249
1284 12250
1282 1283
1281 12253
1280 12254
1279 12255
1278 12256
1277 12257
1276 12258
1275 12259
1274 12260
1272 1273
1271 12263
1270 12264
1269 11538
1268 11539
1267 11540
1266 11541
1265 11542
1263 1264
1262 11458
1261 11459
1260 11460
1259 11461
1258 11462
1257 11463
1255 1256
1254 11466
1253 11467
1252 11468
1251 11469
1250 11470
1249 11471
1247 1248
1246 11474
1245 11475
1244 11476
1243 11477
1242 11478
1241 11479
1240 11480
1239 11481
1238 11418
1237 11419
1235 1236
1234 11422
1233 11423
1232 11424
1231 12171
1229 1230
1228 12174
1227 12175
1226 12176
1224 1225
1223 12179
1222 12180
1221 12181
1220 12182
1218 1219
1217 12185
1216 12186
1215 12187
1214 10371
1212 1213
1211 10374
1210 10375
1209 10376
1207 1208
1206 10379
1205 10380
1204 10381
1202 1203
1201 10384
1200 10385
1199 10386
1198 10387
1196 1197
1195 10390
1194 10391
1193 10392
1191 1192
1190 10395
1189 10396
1188 11343
1187 11344
1186 11345
1185 10319
1184 10320
1182 1183
1181 10323
1180 10324
1179 10325
1178 12695
1176 1177
1175 12698
1174 12699
1173 12700
1171 1172
1170 12703
1169 12704
1168 12649
1167 12650
1165 1166
1164 12653
1163 12654
1162 12655
1161 12656
1159 1160
1158 12659
1157 12660
1156 12661
1155 12662
1153 1154
1152 12665
1151 12666
1150 12667
1149 12668
1147 1148
1146 12671
1145 12672
1144 10493
1142 1143
1141 10496
1140 10497
1139 10498
1138 10499
1136 1137
1135 12596
1134 12597
1133 12598
1132 12599
1131 12600
1129 1130
1128 12603
1127 12604
1126 12605
1125 12606
1123 1124
1122 12609
1121 12610
1120 12611
1119 12612
1117 1118
1116 12615
1115 12573
1114 12574
1113 12575
1111 1112
1110 12578
1109 12579
1108 12580
1107 12581
1105 1106
1104 12584
1103 12585
1102 12586
1101 11304
1099 1100
1098 11307
1097 11308
1096 11309
1095 11310
1093 1094
1092 11313
1091 11314
1090 11315
1089 11316
1087 1088
1086 10951
1085 10952
1084 10953
1083 10954
1081 1082
1080 10957
1079 10958
1078 10959
1077 10960
1076 10961
1075 10962
1074 10963
1073 10964
1072 10965
1070 1071
1069 10968
1068 12490
1067 12491
1066 12492
1065 12493
1063 1064
1062 12475
1061 12476
1060 12477
1059 12478
1057 1058
1056 12481
1055 12482
1054 12483
1053 10222
1051 1052
1050 10225
1049 10226
1048 10227
1047 10228
1045 1046
1044 10231
1043 10232
1042 11236
1041 11237
1039 1040
1038 10195
1037 10196
1036 10197
1035 10198
1033 1034
1032 12448
1031 12449
1030 12450
1029 12451
1027 1028
1026 12454
1025 12455
1024 12456
1023 12457
1022 12084
1021 12085
1020 12086
1019 12087
1018 12088
1017 12089
1015 1016
1014 10845
1013 10846
1012 10847
1011 10848
1010 12388
1008 1009
1007 12391
1006 12392
1005 12393
1004 12394
1002 1003
1001 12830
1000 12831
999 12832
998 12833
996 997
995 12836
994 12837
993 12838
992 12839
990 991
989 12842
988 12843
987 12844
986 12845
984 985
983 12848
982 12849
981 12850
980 13176
978 979
977 13179
976 13180
975 13181
974 13182
972 973
971 13185
970 13186
969 13187
968 13188
967 13189
966 13190
964 965
963 13193
962 13194
961 13195
960 13196
958 959
957 10053
956 10054
955 10055
953 954
952 10058
951 10059
950 10060
949 10061
947 948
946 10064
945 10023
944 10024
943 10025
941 942
940 10028
939 10029
938 12368
936 937
935 12371
934 12372
933 12373
932 12374
930 931
929 12377
928 12346
927 12347
926 12348
924 925
923 12351
922 12352
921 12353
920 12354
918 919
917 12326
916 12327
915 12328
914 12329
913 12330
912 12331
911 12332
910 12333
909 12334
908 12335
906 907
905 13132
904 13133
903 13134
902 13135
901 13136
900 11176
898 899
897 11179
896 11180
895 11181
894 11182
893 11183
892 11184
891 9828
889 890
888 9831
887 9832
886 9833
885 9834
884 9835
883 9836
882 9837
880 881
879 12284
878 12285
877 12286
876 12287
875 13072
874 13073
873 13074
872 13075
870 871
869 13078
868 13079
867 13080
866 13081
865 13082
864 13083
863 13084
860 13059
859 13060
858 13061
857 13062
856 13063
855 13064
854 13065
852 853
851 13068
850 13069
849 13070
848 13071
847 12288
846 12289
845 12290
844 12291
842 843
841 12294
840 12295
839 12296
838 12297
837 12298
836 12299
835 12300
833 834
832 12303
831 12304
830 12305
829 12306
828 12307
827 12308
826 12309
824 825
823 13122
822 13123
821 13124
820 13125
819 13126
818 13127
816 817
815 12336
814 12337
813 12338
812 12339
811 12340
810 12341
809 12342
808 12343
807 12344
806 12345
804 805
803 12359
802 12360
801 12361
800 12362
798 799
797 12365
796 12366
795 12367
794 12378
792 793
791 12381
790 12382
789 12383
788 12384
786 787
785 12387
784 10030
783 10031
781 782
780 10034
779 10035
778 10036
777 10037
775 776
774 10040
773 10041
772 10042
770 771
769 10045
768 10046
767 10047
766 10048
764 765
763 13197
762 13198
761 13199
759 760
758 13202
757 13203
756 13204
755 13205
754 13206
753 13207
752 13208
750 751
749 13169
748 13170
747 13171
746 13172
744 745
743 13175
742 12851
741 12852
740 12853
738 739
737 12856
736 12857
735 12858
734 12817
732 733
731 12820
730 12821
729 12822
728 12823
726 727
725 12826
724 12827
723 12828
722 12829
720 721
719 12399
718 12400
717 12401
716 12402
714 715
713 12405
712 12885
711 12886
710 12887
708 709
707 12890
706 12891
705 12892
704 12893
702 703
701 12896
700 12897
699 12458
698 12459
697 12460
696 12461
694 695
693 12464
692 12465
691 12466
690 12467
688 689
687 10203
686 10204
685 10205
684 10206
682 683
681 10209
680 10210
679 10211
678 10212
676 677
675 10215
674 10216
673 10217
672 10218
670 671
669 10221
668 12484
667 12485
666 12486
664 665
663 12489
662 12468
661 12469
660 12470
658 659
657 12494
656 12495
655 12496
654 12497
652 653
651 12500
650 13216
649 13217
648 13218
646 647
645 13221
644 13222
643 13223
642 13224
641 13225
639 640
638 12540
637 12541
636 12542
634 635
633 12545
632 12546
631 12547
630 12548
628 629
627 12551
626 12552
625 12553
624 12554
622 623
621 12557
620 12558
619 12559
618 12560
616 617
615 12563
614 12564
613 12565
612 12566
610 611
609 12569
608 12570
607 12571
606 12572
604 605
603 12618
602 12619
601 12620
600 12621
598 599
597 12164
596 12165
595 12166
594 12167
592 593
591 12170
590 12587
589 12588
588 12589
587 12590
586 12591
584 585
583 10500
582 10501
581 10502
579 580
578 10505
577 10506
576 10507
575 10508
573 574
572 10511
571 10512
570 10513
569 10514
567 568
566 10517
565 10518
564 10519
562 563
561 10522
560 10523
559 10524
558 10525
556 557
555 12646
554 12647
553 12648
551 552
550 12707
549 12708
548 12709
547 12710
545 546
544 12713
543 12714
542 10326
540 541
539 10329
538 10330
537 10331
536 10332
535 10333
534 10334
533 10335
532 10336
530 531
529 13233
528 13234
527 13235
526 13236
524 525
523 13239
522 13240
521 13241
519 520
518 13244
517 13245
516 13246
514 515
513 13005
512 13006
511 13007
510 13008
508 509
507 13011
506 13012
505 13013
503 504
502 13016
501 13017
500 13018
498 499
497 13021
496 13022
495 13023
494 13024
492 493
491 13027
490 13028
489 11425
488 11426
486 487
485 11429
484 11430
483 11431
482 11432
480 481
479 11435
478 11436
477 11437
476 11438
475 11439
474 11440
472 473
471 10617
470 10618
469 10619
468 10620
467 10621
465 466
464 10624
463 10625
462 10626
461 10627
460 10628
459 10629
457 458
456 10632
455 10633
454 10634
453 10635
452 10636
451 10637
450 10638
448 449
447 13264
446 13265
445 13266
444 13267
443 13268
442 13269
441 13270
439 440
438 13328
437 13329
436 13330
435 13331
434 13332
433 13333
432 13334
431 13335
429 430
428 13338
427 13339
424 13314
423 13315
422 13316
421 13317
420 13318
419 13319
418 13320
417 13321
416 13322
415 13323
414 13324
413 13325
412 13271
411 13272
410 13273
409 13274
408 13275
407 13276
406 13277
405 13278
404 13279
403 13280
402 13281
401 13282
400 13283
399 13284
398 13285
397 10604
396 10605
395 10606
394 10607
393 10608
392 10609
391 10610
390 10611
389 10612
388 10613
387 10614
386 10615
385 10616
384 11443
383 11444
382 11445
381 11446
380 11447
379 11448
378 11449
377 11450
376 11451
375 13039
374 13040
373 13041
372 13042
371 13043
370 13044
369 13045
368 13046
367 13047
366 13048
365 13049
364 12990
363 12991
362 12992
361 12993
360 12994
359 12995
358 12996
357 12997
356 12998
355 12999
354 13000
353 13001
352 13002
351 13003
350 13004
349 13249
348 13250
347 13251
346 13252
345 13253
344 13254
343 13255
342 13256
341 13257
340 13258
339 13259
338 13260
337 13261
336 11093
335 11094
334 11095
333 11096
332 11097
330 331
329 11100
328 11101
327 11102
326 11103
325 11104
324 11105
323 11106
322 11107
321 11108
320 11109
319 11110
318 11111
317 11112
316 11113
315 11114
314 11115
313 11116
312 12966
311 12967
310 12968
309 12969
308 12970
307 12971
306 12972
305 12973
304 12974
303 12975
302 12923
301 12924
300 12925
299 12926
298 12927
297 12928
296 12929
295 12930
294 12148
293 12149
292 12150
291 12151
290 12152
289 12153
288 12154
287 12155
286 12156
285 12157
284 12158
283 12159
282 12160
281 12161
280 12162
279 12163
278 12624
277 12625
276 12626
275 12627
274 12628
273 12629
272 12630
271 12631
270 12632
269 12633
268 12634
267 12635
266 12636
265 12637
264 12638
263 12639
262 12640
261 12641
260 11797
259 11798
258 11799
257 11800
256 11801
255 11802
254 11803
253 11804
252 11805
251 11806
250 11807
249 11808
248 11809
247 11810
246 11811
245 11812
244 13228
243 13229
242 13230
241 13209
240 13210
239 13211
238 13212
237 13213
236 13214
235 13215
234 12501
233 12502
232 12503
231 12504
230 12505
229 12506
228 12507
227 12508
226 12509
225 12510
224 12511
223 12512
222 12513
221 12514
220 12515
219 12516
218 12517
217 12518
216 12519
215 12520
214 12521
213 12522
212 12523
211 12524
210 12525
209 12526
208 12527
207 12528
206 12529
205 12530
204 12531
203 12532
202 12533
201 12534
200 12535
199 12536
198 12537
197 12870
196 12871
195 12872
194 12873
193 12874
192 12875
191 12876
190 12877
189 12878
188 12879
187 12880
186 12881
185 12882
184 12883
183 12884
182 12406
181 12407
180 12408
179 12409
178 12410
177 12411
176 12412
175 12413
174 12807
173 12808
172 12809
171 12810
170 12811
169 12812
168 12813
167 12814
166 12815
165 12816
164 13153
163 13154
162 13155
161 13156
160 13157
159 13158
158 13159
157 13160
156 13161
155 13162
154 13163
153 13164
152 13165
151 13166
150 12741
149 12742
148 12743
147 12744
146 12745
145 12746
144 12747
143 12748
142 12749
141 12750
140 12751
139 12752
138 12753
137 12754
136 12755
135 12756
134 12048
133 12049
132 12050
131 12051
130 12052
129 12053
128 12054
127 12055
126 11991
125 11992
124 11993
123 11994
122 11995
121 11996
120 11997
119 11998
118 11999
117 12000
116 12001
115 12002
114 12003
113 12004
112 12005
111 12006
110 12007
109 12008
108 12009
107 12010
106 12011
105 13102
104 13103
103 13104
102 13105
101 13106
100 13107
99 13108
98 13109
97 13110
96 13111
95 13112
94 13113
93 13114
92 13115
91 13116
90 13117
89 13118
88 13119
87 12310
86 12311
85 12312
84 12313
83 12314
82 12315
81 12316
80 12317
79 12318
78 12319
77 12320
76 12321
75 12322
74 12323
73 12324
72 12325
71 12730
70 12731
69 12732
68 12733
67 12734
66 12735
65 12736
64 12737
63 12738
62 12739
61 12740
60 13050
59 13051
58 13052
57 13053
56 13054
