24 2879
23 2880
22 2880
21 2882
20 2883
19 2884
18 2885
17 2886
16 2887
15 2887
14 2889
13 2890
12 2891
11 2892
10 2893
9 2893
8 2895
7 2896
6 2897
5 2898
4 2899
3 2899
2 2901
1 2902
0 2903
6683 12736
6682 12737
6681 12738
6680 12739
6679 12740
6678 12741
6677 12742
6676 12743
6675 12744
6674 12745
6673 12746
6672 12747
6671 12748
6670 12749
6669 12750
6668 13161
6667 13162
6666 13163
6665 13164
6664 13165
6663 13166
6662 13167
6661 13168
6660 13169
6659 13170
6658 13171
6657 13172
6656 13173
6655 13174
6654 13175
6653 13176
6652 13177
6651 13178
6650 13179
6649 13180
6648 13181
6647 13182
6646 13183
6645 13184
6644 13185
6643 13186
6642 13187
6641 13188
6640 13189
6639 13190
6638 11563
6637 11564
6636 11565
6635 11566
6634 11567
6633 11568
6632 11569
6631 11570
6630 11571
6629 11572
6628 12829
6627 12830
6626 12831
6625 12832
6624 12833
6623 12834
6622 12835
6621 12836
6620 12837
6619 12838
6618 12839
6617 12840
6616 12841
6615 12800
6614 12801
6613 12802
6612 12803
6611 12804
6610 12805
6609 12806
6608 12807
6607 11583
6606 11584
6605 11585
6604 11586
6603 11587
6602 11588
6601 11589
6600 11590
6599 11591
6598 11592
6597 11593
6596 12477
6595 12478
6594 12479
6593 12480
6592 12481
6591 12482
6590 12842
6589 12843
6588 12844
6587 12845
6586 12846
6585 12847
6584 12848
6583 12849
6582 12449
6581 12450
6580 12451
6579 12452
6578 12453
6577 12454
6576 12455
6575 12089
6574 12090
6573 12902
6572 12903
6571 12904
6570 12905
6569 12906
6568 12907
6567 12908
6566 12909
6565 12910
6564 12911
6563 12912
6562 12573
6561 12574
6560 11594
6559 11595
6558 11596
6557 11597
6556 11598
6555 11599
6554 11600
6553 11601
6552 11602
6551 11603
6550 11604
6549 11605
6548 11606
6547 11607
6546 11608
6545 11609
6544 11610
6543 11611
6542 11612
6541 11613
6540 11614
6539 11615
6538 11616
6537 11617
6536 11618
6535 11619
6534 11620
6533 11665
6532 11666
6531 11667
6530 11668
6529 11669
6528 11670
6527 11671
6526 11672
6525 11673
6524 11674
6523 11675
6522 11704
6521 11705
6520 11706
6519 11707
6518 11708
6517 11709
6516 11710
6515 11711
6514 11712
6513 11713
6512 11714
6511 11715
6510 12663
6509 12664
6508 11676
6507 11677
6506 11678
6505 11679
6504 11680
6503 11681
6502 11682
6501 12941
6500 12942
6499 12943
6498 12944
6497 12945
6496 12946
6495 12947
6494 12948
6493 12949
6492 12950
6491 12951
6490 12952
6489 12953
6488 12954
6487 12955
6486 12956
6485 12957
6484 12958
6483 12959
6482 12960
6481 12961
6480 12962
6479 12963
6478 12964
6477 12965
6476 13000
6475 13001
6474 13002
6473 13003
6472 13004
6471 13005
6470 13006
6469 13007
6468 13008
6467 12130
6466 12131
6465 12132
6464 12133
6463 12134
6462 12135
6461 12136
6460 12137
6459 11267
6458 11268
6457 11269
6456 11270
6455 11271
6454 11272
6453 11273
6452 11274
6451 11275
6450 11276
6449 11277
6448 11278
6447 11279
6446 11280
6445 11281
6444 11282
6443 11283
6442 11284
6441 11285
6440 11286
6439 13019
6438 13020
6437 13021
6436 13022
6435 13023
6434 13024
6433 13025
6432 13026
6431 13027
6430 13028
6429 13029
6428 13030
6427 13031
6426 13032
6425 13072
6424 13073
6423 13074
6422 13075
6421 13076
6420 13077
6419 13078
6418 13079
6417 13080
6416 13081
6415 11397
6414 11398
6413 11784
6412 11785
6411 11786
6410 11787
6409 11788
6408 11789
6407 10780
6406 10781
6405 10782
6404 10783
6403 10784
6402 10785
6401 10786
6400 10787
6399 10788
6398 10789
6397 10790
6396 13326
6395 13327
6394 13328
6393 13329
6392 13330
6391 13331
6390 13332
6389 13333
6388 13334
6387 13335
6386 13336
6385 13337
6384 13338
6383 13339
6382 13093
6381 13094
6380 13095
6379 13096
6378 13097
6377 13098
6376 13099
6375 13100
6374 13101
6373 13102
6370 11844
6369 11845
6368 11846
6367 11847
6366 11848
6365 11849
6364 11850
6363 11851
6362 11852
6361 11853
6360 11854
6359 11855
6358 11856
6357 11857
6356 11858
6355 10823
6354 10824
6353 10825
6352 10826
6351 10827
6350 10828
6349 10829
6348 10830
6347 10831
6346 10832
6345 10833
6344 10834
6343 10835
6342 10773
6341 10774
6340 10775
6339 10776
6338 10777
6337 10778
6336 10779
6335 11790
6334 11791
6333 11792
6332 11793
6331 11794
6330 11795
6329 11796
6328 11797
6327 11798
6326 11799
6325 11800
6324 12172
6323 12173
6322 12174
6321 12175
6320 12176
6319 12177
6318 12178
6317 12179
6316 12180
6315 12181
6314 12182
6313 12183
6312 12184
6311 12185
6310 12186
6309 12187
6308 12188
6307 12189
6306 12190
6305 12191
6304 12192
6303 12193
6302 12194
6301 12195
6300 11251
6299 11252
6298 11253
6297 11254
6296 11255
6295 11256
6294 11257
6293 11258
6292 11259
6291 11260
6290 11261
6289 11262
6288 11263
6287 11264
6286 11265
6285 11266
6284 11732
6283 11733
6282 11734
6281 11735
6280 11736
6279 11737
6278 11738
6277 11739
6276 11740
6275 11741
6274 11742
6273 11743
6272 11744
6271 12987
6270 12988
6269 12989
6268 12990
6267 12991
6266 12992
6265 12993
6264 12994
6263 12995
6262 12996
6261 12997
6260 12998
6259 12999
6258 9674
6257 9675
6256 9676
6255 9677
6254 9678
6253 9679
6252 9680
6251 9681
6250 9682
6249 9683
6248 9684
6247 9685
6246 9686
6245 9687
6244 9688
6243 9689
6242 11683
6241 11684
6240 11685
6239 11686
6238 11687
6237 11688
6236 11689
6235 11690
6234 11691
6233 11692
6232 11693
6231 11694
6230 11695
6229 11696
6228 11697
6227 11698
6226 11699
6225 11700
6224 11701
6223 11702
6222 11703
6221 11654
6220 11655
6219 11656
6218 11657
6217 11658
6216 11659
6215 11660
6214 11661
6213 11662
6212 11663
6211 11664
6210 11621
6209 11622
6208 11623
6207 11624
6206 11625
6205 11626
6204 11627
6203 11628
6202 11629
6201 11630
6200 11631
6199 11632
6198 11633
6197 11634
6196 11635
6195 9476
6194 9477
6193 9478
6192 9479
6191 9480
6190 9481
6189 9482
6188 9483
6187 12070
6186 12071
6185 12072
6184 12073
6183 12074
6182 12075
6181 12076
6180 12077
6179 12078
6178 12079
6177 12080
6176 12081
6175 12082
6174 12083
6173 12084
6172 12085
6171 12086
6170 12087
6169 12088
6168 12456
6167 12457
6166 12458
6165 12459
6164 12460
6163 12461
6162 12462
6161 12463
6160 12464
6159 12465
6158 12466
6157 12467
6156 12468
6155 12469
6154 12470
6153 12471
6152 12472
6151 12473
6150 12474
6149 12475
6148 12476
6147 11573
6146 11574
6145 11575
6144 11576
6143 11577
6142 11578
6141 11579
6140 11580
6139 11581
6138 11582
6137 12808
6136 12809
6135 12810
6134 12811
6133 12812
6132 12813
6131 12814
6130 12815
6129 12816
6128 12817
6127 12818
6126 12819
6125 12820
6124 12821
6123 12822
6122 12823
6121 12824
6120 12825
6119 12826
6118 12827
6117 12828
6116 11553
6115 11554
6114 11555
6113 11556
6112 11557
6111 11558
6110 11559
6109 11560
6108 11561
6107 11562
6106 13191
6105 13192
6104 10553
6103 10554
6102 10555
6101 10556
6100 10557
6099 10558
6098 10559
6097 10560
6096 10561
6095 10562
6094 10563
6093 10564
6092 10565
6091 10566
6090 9268
6089 9269
6088 9270
6087 9271
6086 9272
6085 9273
6084 9274
6083 9275
6082 11506
6081 11507
6080 11508
6079 11509
6078 11510
6077 11511
6076 11512
6075 11513
6074 11514
6073 11515
6072 11516
6071 11517
6070 11518
6069 11519
6068 11520
6067 11521
6066 11522
6065 11523
6064 11524
6063 11525
6062 11526
6059 12266
6058 12267
6057 12268
6056 12269
6055 12270
6054 12271
6053 12272
6052 12273
6051 12274
6050 12275
6049 12276
6048 12277
6047 12278
6046 11496
6045 11497
6044 11498
6043 11499
6042 11500
6041 11501
6040 11502
6039 11503
6038 11504
6037 11505
6036 9276
6035 9277
6034 9278
6033 9279
6032 9280
6031 9281
6030 9282
6029 9283
6028 9284
6027 9285
6026 9286
6025 11902
6024 11903
6023 11904
6022 11905
6021 11906
6020 11907
6019 11908
6018 11909
6017 11910
6016 11911
6015 11912
6014 11913
6013 11914
6012 11915
6011 11916
6010 11917
6009 11974
6008 11975
6007 11976
6006 11977
6005 11978
6004 11979
6003 11980
6002 11981
6001 11982
6000 11983
5999 11984
5998 11985
5997 11986
5996 11987
5995 9340
5994 9341
5993 9342
5992 9343
5991 9344
5990 9345
5989 9346
5988 12018
5987 12019
5986 12020
5985 12021
5984 12022
5983 12023
5982 12024
5981 12025
5980 12026
5979 12027
5978 12028
5977 12029
5976 12030
5975 12031
5974 12032
5973 12033
5972 12034
5971 12035
5970 12036
5969 12037
5968 12038
5967 12039
5966 12040
5965 12041
5964 12042
5963 10879
5962 10880
5961 10881
5960 10882
5959 10883
5958 10884
5957 10885
5956 10886
5955 10887
5954 10888
5953 10889
5952 10890
5951 10891
5950 10892
5949 10893
5948 10894
5947 10895
5946 10896
5945 10897
5944 10898
5943 10899
5942 10900
5941 10972
5940 10973
5939 10974
5938 10975
5937 10976
5936 10977
5935 10978
5934 10979
5933 10980
5932 10981
5931 10982
5930 10983
5929 10984
5928 12051
5927 12052
5926 12053
5925 12054
5924 12055
5923 12056
5922 12057
5921 12058
5920 12059
5919 12060
5918 12061
5917 12062
5916 12063
5915 12064
5914 12065
5913 12066
5912 12067
5911 12068
5910 12069
5909 9484
5908 9485
5907 9486
5906 9487
5905 9488
5904 9489
5903 9490
5902 9491
5901 9492
5900 9493
5899 11055
5898 11056
5897 11057
5896 11058
5895 11059
5894 11060
5893 11061
5892 11062
5891 11063
5890 11064
5889 11065
5888 11066
5887 11067
5886 11068
5885 11069
5884 11070
5883 11071
5882 11072
5881 11073
5880 11074
5879 11075
5878 11076
5877 11077
5876 11078
5875 11079
5874 11080
5873 11081
5872 11082
5871 11083
5870 11084
5869 11085
5868 11086
5867 11087
5866 11088
5865 11109
5864 11110
5863 11111
5862 11112
5861 11113
5860 11114
5859 11115
5858 11116
5857 11117
5856 11118
5855 11119
5854 11120
5853 11121
5852 11122
5851 11123
5850 11124
5849 11125
5848 11126
5847 11127
5846 11128
5845 11129
5844 11130
5843 11131
5842 11132
5841 11133
5840 11134
5839 11135
5838 11136
5837 11137
5836 11175
5835 11176
5834 11177
5833 11178
5832 11179
5831 11180
5830 11181
5829 11182
5828 11183
5827 11184
5826 11185
5825 11186
5824 11187
5823 11188
5822 11189
5821 11190
5820 12974
5819 12975
5818 12976
5817 12977
5816 12978
5815 12979
5814 12980
5813 12981
5812 12982
5811 12983
5810 12984
5809 12985
5808 12986
5807 11745
5806 11746
5805 11747
5804 11748
5803 11749
5802 11750
5801 11751
5800 11752
5799 11753
5798 11754
5797 11755
5796 11756
5795 11757
5794 12091
5793 12092
5792 12093
5791 12094
5790 12095
5789 12096
5788 12097
5787 12098
5786 12099
5785 12100
5784 12101
5783 12102
5782 12103
5781 12104
5780 12105
5779 11228
5778 11229
5777 11230
5776 11231
5775 11232
5774 11233
5773 11234
5772 11235
5771 10504
5770 10505
5769 10506
5768 10507
5767 10508
5766 10509
5765 10510
5764 10511
5763 10512
5762 10513
5761 10514
5760 12155
5759 12156
5758 12157
5757 12158
5756 12159
5755 12160
5754 12161
5753 12162
5752 12163
5751 12164
5750 12165
5749 12166
5748 12167
5747 12168
5746 12169
5745 12170
5744 12171
5743 11801
5742 11802
5741 11803
5740 11804
5739 11805
5738 11806
5737 11807
5736 11808
5735 11809
5734 11810
5733 11811
5732 11812
5731 10866
5730 10867
5729 10868
5728 10869
5727 10870
5726 10871
5725 10872
5724 10873
5723 10874
5722 10875
5721 10876
5720 10877
5719 10878
5718 11486
5717 11487
5716 11488
5715 11489
5714 11490
5713 11491
5712 11492
5711 11493
5710 11494
5709 11495
5708 11859
5707 11860
5706 11861
5705 11862
5704 11863
5703 11864
5702 11865
5701 11866
5700 11867
5699 12196
5698 12197
5697 12198
5696 12199
5695 12200
5694 12201
5693 12202
5692 12203
5689 9940
5688 9941
5687 9942
5686 9943
5685 9944
5684 9945
5683 9946
5682 9947
5681 11868
5680 11869
5679 11870
5678 11871
5677 11872
5676 11873
5675 11874
5674 11875
5673 11876
5672 11877
5671 11878
5670 11879
5669 10846
5668 10847
5667 10848
5666 10849
5665 10850
5664 10851
5663 10852
5662 10853
5661 10854
5660 10855
5659 10856
5658 10857
5657 10858
5656 10859
5655 10860
5654 10861
5653 10862
5652 10863
5651 10864
5650 10865
5649 11813
5648 11814
5647 11815
5646 11816
5645 11817
5644 11818
5643 11819
5642 11820
5641 11821
5640 11822
5639 11823
5638 11824
5637 11825
5636 11826
5635 11827
5634 11828
5633 11829
5632 11830
5631 10727
5630 10728
5629 10729
5628 10730
5627 10731
5626 10732
5625 10733
5624 10734
5623 10735
5622 10736
5621 10737
5620 10738
5619 10739
5618 10740
5617 10496
5616 10497
5615 10498
5614 10499
5613 10500
5612 10501
5611 10502
5610 10503
5609 11236
5608 11237
5607 11238
5606 11239
5605 11240
5604 11241
5603 11242
5602 11243
5601 11244
5600 9776
5599 9777
5598 9778
5597 9779
5596 9780
5595 9781
5594 9782
5593 9783
5592 9784
5591 9785
5590 9786
5589 9787
5588 9788
5587 9789
5586 11758
5585 11759
5584 11760
5583 11761
5582 11762
5581 11763
5580 11764
5579 11765
5578 11766
5577 11767
5576 11768
5575 11769
5574 11770
5573 12707
5572 12708
5571 12709
5570 12710
5569 12711
5568 12712
5567 12713
5566 10659
5565 10660
5564 10661
5563 10662
5562 10663
5561 10664
5560 10665
5559 10666
5558 10667
5557 10668
5556 8001
5555 8002
5554 8003
5553 8004
5552 8005
5551 11168
5550 11169
5549 11170
5548 11171
5547 11172
5546 11173
5545 11174
5544 11138
5543 11139
5542 11140
5541 11141
5540 11142
5539 11143
5538 11144
5537 11145
5536 11146
5535 11147
5534 11148
5533 11149
5532 11150
5531 11151
5530 11152
5529 11153
5528 11154
5527 11155
5526 10604
5525 10605
5524 10606
5523 10607
5522 10608
5521 10609
5520 10610
5519 10611
5518 10612
5517 10613
5516 10614
5515 10615
5514 10616
5513 10617
5512 10618
5511 10619
5510 10620
5509 10621
5508 10622
5507 10623
5506 10624
5505 10625
5504 10626
5503 10627
5502 10628
5501 9884
5500 9885
5499 9886
5498 9887
5497 9888
5496 9889
5495 9890
5494 11647
5493 11648
5492 11649
5491 11650
5490 11651
5489 11652
5488 11653
5487 11049
5486 11050
5485 11051
5484 11052
5483 11053
5482 11054
5481 9494
5480 9495
5479 9496
5478 9497
5477 9498
5476 9499
5475 9500
5474 9501
5473 9502
5472 9503
5471 10989
5470 10990
5469 10991
5468 10992
5467 10993
5466 10994
5465 10995
5464 10996
5463 10997
5462 10998
5461 10999
5460 11000
5459 11001
5458 10953
5457 10954
5456 10955
5455 10956
5454 10957
5453 10958
5452 10959
5451 10960
5450 10961
5449 10962
5448 10963
5447 10964
5446 10965
5445 10966
5444 10967
5443 10968
5442 10969
5441 10970
5440 10971
5439 10901
5438 10902
5437 10903
5436 10904
5435 10905
5434 10906
5433 10907
5432 10908
5431 10909
5430 10910
5429 10911
5428 10912
5427 10913
5426 10914
5425 10915
5424 10916
5423 10917
5422 10918
5421 10919
5420 10920
5419 10921
5418 10922
5417 10923
5416 10246
5415 10247
5414 10248
5413 10249
5412 10250
5411 10251
5410 10252
5409 10253
5408 10254
5407 10255
5406 10256
5405 10257
5404 10258
5403 10259
5402 10260
5401 10261
5400 9325
5399 9326
5398 9327
5397 9328
5396 9329
5395 9330
5394 9331
5393 9332
5392 9333
5391 9334
5390 9335
5389 9336
5388 9337
5387 9338
5386 9339
5385 11988
5384 11989
5383 11990
5382 11991
5381 11992
5380 11993
5379 11994
5378 11995
5377 11996
5376 11997
5375 11998
5374 11999
5373 12000
5372 12001
5371 8410
5370 8411
5369 8412
5368 8413
5367 8414
5366 8415
5365 8416
5364 8417
5363 8418
5362 10574
5361 10575
5360 10576
5359 10577
5358 10578
5357 10579
5356 10580
5355 10581
5354 10582
5353 10583
5352 10584
5351 10585
5350 10586
5349 10587
5348 10588
5347 10589
5346 10590
5345 10591
5344 10592
5343 10593
5342 10594
5341 10595
5340 10596
5339 10597
5338 10598
5337 10599
5336 10600
5335 10601
5334 12279
5333 12280
5332 12281
5331 12282
5330 12283
5329 12284
5328 12285
5327 12286
5326 12287
5325 12288
5324 12289
5323 12290
5322 12291
5319 11531
5318 11532
5317 11533
5316 11534
5315 11535
5314 11536
5313 11537
5312 11538
5311 11539
5310 11540
5309 11541
5308 11542
5307 11543
5306 11544
5305 11545
5304 11546
5303 11547
5302 11548
5301 11549
5300 11550
5299 11551
5298 11552
5297 9261
5296 9262
5295 9263
5294 9264
5293 9265
5292 9266
5291 9267
5290 10567
5289 10568
5288 10569
5287 10570
5286 10571
5285 10572
5284 10573
5283 8419
5282 8420
5281 8421
5280 8422
5279 8423
5278 8424
5277 8425
5276 8426
5275 8427
5274 8428
5273 8429
5272 8430
5271 8431
5270 8432
5269 8433
5268 8434
5267 8435
5266 8436
5265 8437
5264 9312
5263 9313
5262 9314
5261 9315
5260 9316
5259 9317
5258 9318
5257 9319
5256 9320
5255 9321
5254 9322
5253 9323
5252 9324
5251 10262
5250 10263
5249 10264
5248 10265
5247 10266
5246 10267
5245 10268
5244 10269
5243 10270
5242 10271
5241 9347
5240 9348
5239 9349
5238 9350
5237 9351
5236 9352
5235 9353
5234 9354
5233 9355
5232 9356
5231 9357
5230 9358
5229 9359
5228 9360
5227 9361
5226 9362
5225 9363
5224 9364
5223 9365
5222 9428
5221 9429
5220 9430
5219 9431
5218 9432
5217 9433
5216 9434
5215 9435
5214 9436
5213 9437
5212 9438
5211 9439
5210 9440
5209 9441
5208 9442
5207 9443
5206 9444
5205 9445
5204 9446
5203 9447
5202 9448
5201 9460
5200 9461
5199 9462
5198 9463
5197 9464
5196 9465
5195 9466
5194 9467
5193 9468
5192 9469
5191 9470
5190 9471
5189 9472
5188 9473
5187 9474
5186 9475
5185 11636
5184 11637
5183 11638
5182 11639
5181 11640
5180 11641
5179 11642
5178 11643
5177 11644
5176 11645
5175 11646
5174 9504
5173 9505
5172 9506
5171 9507
5170 9508
5169 9509
5168 9510
5167 9511
5166 9512
5165 9513
5164 9514
5163 9515
5162 9516
5161 9517
5160 9518
5159 9586
5158 9587
5157 9588
5156 9589
5155 9590
5154 9591
5153 9592
5152 9593
5151 9594
5150 10602
5149 10603
5148 11156
5147 11157
5146 11158
5145 11159
5144 11160
5143 11161
5142 11162
5141 11163
5140 11164
5139 11165
5138 11166
5137 11167
5136 9595
5135 9596
5134 9597
5133 9598
5132 9599
5131 9600
5130 9601
5129 9667
5128 9668
5127 9669
5126 9670
5125 9671
5124 9672
5123 9673
5122 10651
5121 10652
5120 10653
5119 10654
5118 10655
5117 10656
5116 10657
5115 10658
5114 12714
5113 12715
5112 9690
5111 9691
5110 9692
5109 9693
5108 9694
5107 9695
5106 9696
5105 9697
5104 9698
5103 9699
5102 9700
5101 9701
5100 9702
5099 9703
5098 9704
5097 9705
5096 9766
5095 9767
5094 9768
5093 9769
5092 9770
5091 9771
5090 9772
5089 9773
5088 9774
5087 9775
5086 11245
5085 11246
5084 11247
5083 11248
5082 11249
5081 11250
5080 10709
5079 10710
5078 10711
5077 10712
5076 10713
5075 10714
5074 10715
5073 10716
5072 10717
5071 10718
5070 10719
5069 10720
5068 10721
5067 10722
5066 10723
5065 10724
5064 10725
5063 10726
5062 11831
5061 11832
5060 11833
5059 11834
5058 11835
5057 11836
5056 11837
5055 11838
5054 11839
5053 11840
5052 11841
5051 11842
5050 11843
5049 10763
5048 10764
5047 10765
5046 10766
5045 10767
5044 10768
5043 10769
5042 10770
5041 10771
5040 10772
5039 10836
5038 10837
5037 10838
5036 10839
5035 10840
5034 10841
5033 10842
5032 10843
5031 10844
5030 10845
5029 11880
5028 11881
5027 11882
5026 11883
5025 11884
5024 11885
5023 11886
5022 9925
5021 9926
5020 9927
5019 9928
5018 9929
5017 9930
5016 9931
5015 9932
5014 9933
5013 9934
5012 9935
5009 9914
5008 9915
5007 9916
5006 9917
5005 9918
5004 9919
5003 9920
5002 9921
5001 9922
5000 9923
4999 9924
4998 11887
4997 11888
4996 11889
4995 11890
4994 11891
4993 11892
4992 11893
4991 11894
4990 11895
4989 11896
4988 11897
4987 11898
4986 11899
4985 11900
4984 11901
4983 8244
4982 8245
4981 8246
4980 8247
4979 8248
4978 8249
4977 8250
4976 8251
4975 8252
4974 8253
4973 8254
4972 8255
4971 8256
4970 8257
4969 8258
4968 8259
4967 8260
4966 8261
4965 9790
4964 9791
4963 9792
4962 9793
4961 9794
4960 9795
4959 9796
4958 9797
4957 9798
4956 9799
4955 9800
4954 9801
4953 9802
4952 9803
4951 9804
4950 9805
4949 9806
4948 9807
4947 9808
4946 9745
4945 9746
4944 9747
4943 9748
4942 9749
4941 9750
4940 9751
4939 9752
4938 9753
4937 9754
4936 9755
4935 9756
4934 9757
4933 9758
4932 9759
4931 9760
4930 9761
4929 9762
4928 9763
4927 9764
4926 9765
4925 9706
4924 9707
4923 9708
4922 9709
4921 9710
4920 9711
4919 9712
4918 9713
4917 9714
4916 9715
4915 9716
4914 9717
4913 9718
4912 9647
4911 9648
4910 9649
4909 9650
4908 9651
4907 9652
4906 9653
4905 9654
4904 9655
4903 9656
4902 9657
4901 9658
4900 9659
4899 9660
4898 9661
4897 9662
4896 9663
4895 9664
4894 9665
4893 9666
4892 9602
4891 9603
4890 9604
4889 9605
4888 9606
4887 9607
4886 9608
4885 9609
4884 9610
4883 9611
4882 9612
4881 9613
4880 9614
4879 9615
4878 8204
4877 8205
4876 8206
4875 8207
4874 8208
4873 8209
4872 8210
4871 8211
4870 9578
4869 9579
4868 9580
4867 9581
4866 9582
4865 9583
4864 9584
4863 9585
4862 9519
4861 9520
4860 9521
4859 9522
4858 9523
4857 9524
4856 9525
4855 9526
4854 9527
4853 9528
4852 9529
4851 9530
4850 9531
4849 9532
4848 9533
4847 9534
4846 9535
4845 9536
4844 9537
4843 9538
4842 9539
4841 9540
4840 9541
4839 9542
4838 9543
4837 9544
4836 7009
4835 7010
4834 7011
4833 7012
4832 7013
4831 7014
4830 7015
4829 7016
4828 9452
4827 9453
4826 9454
4825 9455
4824 9456
4823 9457
4822 9458
4821 9459
4820 9407
4819 9408
4818 9409
4817 9410
4816 9411
4815 9412
4814 9413
4813 9414
4812 9415
4811 9416
4810 9417
4809 9418
4808 9419
4807 9420
4806 9421
4805 9422
4804 9423
4803 9424
4802 9425
4801 9426
4800 9427
4799 9366
4798 9367
4797 9368
4796 9369
4795 9370
4794 9371
4793 9372
4792 9373
4791 9374
4790 9375
4789 9376
4788 9377
4787 9378
4786 10200
4785 10201
4784 10202
4783 10203
4782 10204
4781 10205
4780 10206
4779 10207
4778 10208
4777 10209
4776 10210
4775 10211
4774 10212
4773 9296
4772 9297
4771 9298
4770 9299
4769 9300
4768 9301
4767 9302
4766 9303
4765 9304
4764 9305
4763 9306
4762 9307
4761 9308
4760 9309
4759 9310
4758 9311
4757 8107
4756 8108
4755 8109
4754 8110
4753 8111
4752 8112
4751 8113
4750 6773
4749 6774
4748 6775
4747 9238
4746 9239
4745 9240
4744 9241
4743 9242
4742 9243
4741 9244
4740 9245
4739 9246
4738 9247
4737 9248
4736 9249
4735 9250
4734 9251
4733 9252
4732 9253
4731 9254
4730 9255
4729 9256
4728 9257
4727 9258
4726 9259
4725 9260
4724 8064
4723 8065
4722 8066
4721 8067
4720 8068
4719 8069
4718 8070
4717 8071
4716 8072
4715 8073
4714 8074
4713 8075
4712 8076
4711 8077
4710 8046
4709 8047
4708 8048
4707 8049
4706 8050
4705 8051
4704 8052
4703 8053
4700 9965
4699 9966
4698 9967
4697 9968
4696 9969
4695 9970
4694 9971
4693 9972
4692 9973
4691 9974
4690 9975
4689 9976
4688 9977
4687 9978
4686 9979
4685 9980
4684 9981
4683 9982
4682 9983
4681 9984
4680 9985
4679 9986
4678 9987
4677 9988
4676 9989
4675 10076
4674 10077
4673 10078
4672 10079
4671 10080
4670 10081
4669 10082
4668 10083
4667 10084
4666 8394
4665 8395
4664 8396
4663 8397
4662 8398
4661 8399
4660 8400
4659 8401
4658 8402
4657 8403
4656 8404
4655 8405
4654 8406
4653 8407
4652 8408
4651 8409
4650 12002
4649 12003
4648 12004
4647 12005
4646 12006
4645 12007
4644 12008
4643 12009
4642 10125
4641 10126
4640 10127
4639 10128
4638 10129
4637 10130
4636 10131
4635 10132
4634 10133
4633 10134
4632 10135
4631 10136
4630 10137
4629 10138
4628 10139
4627 10140
4626 10141
4625 10142
4624 10143
4623 10144
4622 10179
4621 10180
4620 10181
4619 10182
4618 10183
4617 10184
4616 10185
4615 10186
4614 10187
4613 10188
4612 10189
4611 10190
4610 10191
4609 10192
4608 10193
4607 10194
4606 10195
4605 10196
4604 10197
4603 10198
4602 10199
4601 9379
4600 9380
4599 9381
4598 9382
4597 9383
4596 9384
4595 9385
4594 9386
4593 9387
4592 9388
4591 9389
4590 9390
4589 9391
4588 9392
4587 9393
4586 9394
4585 9395
4584 9396
4583 9397
4582 6898
4581 6899
4580 6900
4579 6901
4578 6902
4577 6903
4576 6904
4575 6905
4574 6906
4573 6907
4572 6908
4571 6909
4570 6910
4569 11031
4568 11032
4567 11033
4566 11034
4565 11035
4564 11036
4563 11037
4562 11038
4561 8559
4560 8560
4559 8561
4558 8562
4557 8563
4556 8564
4555 8565
4554 8566
4553 9449
4552 9450
4551 9451
4550 8567
4549 8568
4548 8569
4547 8570
4546 8571
4545 8572
4544 8573
4543 8574
4542 8575
4541 8576
4540 8577
4539 8578
4538 8579
4537 8580
4536 8581
4535 8582
4534 8583
4533 8584
4532 8585
4531 8586
4530 8587
4529 9831
4528 9832
4527 9833
4526 9834
4525 9835
4524 9836
4523 9837
4522 9838
4521 9839
4520 9840
4519 9841
4518 9842
4517 9843
4516 9561
4515 9562
4514 9563
4513 9564
4512 9565
4511 9566
4510 9567
4509 9568
4508 9569
4507 9570
4506 9571
4505 9572
4504 9573
4503 9574
4502 9575
4501 9576
4500 9577
4499 8212
4498 8213
4497 8214
4496 8215
4495 8216
4494 8217
4493 8218
4492 8219
4491 8220
4490 8221
4489 8222
4488 8223
4487 8224
4486 10416
4485 10417
4484 10418
4483 10419
4482 10420
4481 10421
4480 10422
4479 10423
4478 10424
4477 8619
4476 8620
4475 8621
4474 8622
4473 8623
4472 8624
4471 8625
4470 8626
4469 8627
4468 8628
4467 8629
4466 8630
4465 8631
4464 8632
4463 8633
4462 8634
4461 8635
4460 8636
4459 8637
4458 8638
4457 8639
4456 9179
4455 9180
4454 9181
4453 9182
4452 9183
4451 9184
4450 9185
4449 9186
4448 9719
4447 9720
4446 9721
4445 9722
4444 9723
4443 9724
4442 9725
4441 9726
4440 9727
4439 9728
4438 9729
4437 9730
4436 9731
4435 9732
4434 9733
4433 9734
4432 9735
4431 9736
4430 9737
4429 9738
4428 9739
4427 9740
4426 9741
4425 9742
4424 9743
4423 9744
4422 11322
4421 11323
4420 11324
4419 11325
4418 11326
4417 11327
4416 11328
4415 11329
4414 7316
4413 7317
4412 7318
4411 7319
4410 7320
4409 7321
4408 7322
4407 7323
4406 9809
4405 9810
4404 9811
4403 9812
4402 9813
4401 9814
4400 9815
4399 9816
4398 9817
4397 9818
4396 9819
4395 9820
4394 9821
4393 9822
4392 9823
4391 9824
4390 11446
4389 11447
4388 11448
4387 11449
4386 11450
4385 11451
4384 11452
4383 11453
4382 8262
4381 8263
4380 8264
4379 8265
4378 8266
4377 8267
4376 8268
4375 8269
4374 8270
4373 8271
4372 8786
4371 8787
4370 8788
4369 8789
4368 8790
4367 8791
4366 8792
4365 8793
4364 8794
4363 8795
4362 8796
4361 8797
4360 8798
4359 8799
4358 8800
4357 8801
4356 8802
4355 8803
4354 8804
4353 8805
4352 8806
4351 9891
4350 9892
4349 9893
4348 9894
4347 9895
4346 9896
4345 9897
4344 9898
4343 9899
4342 9900
4341 9901
4340 9902
4339 9903
4338 9904
4337 9905
4336 9906
4335 9907
4334 9908
4333 9909
4330 9227
4329 9228
4328 9229
4327 9230
4326 9231
4325 9232
4324 8305
4323 8306
4322 8307
4321 8308
4320 8309
4319 8310
4318 8311
4317 8312
4316 8313
4315 8314
4314 8315
4313 8316
4312 8317
4311 8807
4310 8808
4309 8809
4308 8810
4307 8811
4306 8812
4305 8813
4304 8814
4303 8815
4302 8816
4301 8817
4300 8818
4299 8819
4298 8778
4297 8779
4296 8780
4295 8781
4294 8782
4293 8783
4292 8784
4291 8785
4290 8272
4289 8273
4288 8274
4287 8275
4286 8276
4285 8277
4284 8278
4283 8279
4282 8280
4281 8281
4280 8282
4279 8283
4278 8284
4277 8739
4276 8740
4275 8741
4274 8742
4273 8743
4272 8744
4271 8745
4270 8746
4269 8747
4268 8748
4267 8749
4266 8750
4265 8751
4264 8752
4263 8753
4262 8754
4261 7303
4260 7304
4259 7305
4258 7306
4257 7307
4256 7308
4255 7309
4254 7310
4253 7311
4252 7312
4251 7313
4250 7314
4249 7315
4248 11330
4247 11331
4246 11332
4245 11333
4244 11334
4243 11335
4242 11336
4241 11337
4240 11338
4239 11339
4238 11340
4237 11341
4236 11342
4235 11343
4234 11344
4233 11345
4232 8667
4231 8668
4230 8669
4229 8670
4228 8671
4227 8672
4226 8673
4225 8674
4224 8675
4223 8676
4222 8677
4221 8678
4220 8679
4219 8680
4218 8681
4217 8682
4216 8683
4215 8684
4214 9171
4213 9172
4212 9173
4211 9174
4210 9175
4209 9176
4208 9177
4207 9178
4206 8640
4205 8641
4204 8642
4203 8643
4202 8644
4201 8645
4200 8646
4199 8647
4198 8648
4197 9635
4196 9636
4195 9637
4194 9638
4193 9639
4192 9640
4191 9641
4190 9642
4189 9643
4188 9644
4187 9645
4186 9646
4185 10425
4184 10426
4183 10427
4182 8166
4181 8167
4180 8168
4179 8169
4178 8170
4177 8171
4176 8172
4175 8173
4174 8174
4173 8175
4172 8176
4171 8177
4170 8178
4169 8179
4168 8180
4167 8181
4166 8182
4165 8183
4164 8184
4163 8185
4162 8186
4161 8187
4160 8188
4159 8189
4158 8190
4157 7106
4156 7107
4155 7108
4154 7109
4153 7110
4152 7111
4151 7112
4150 7113
4149 7114
4148 7115
4147 7116
4146 7117
4145 7118
4144 7119
4143 7120
4142 7061
4141 7062
4140 7063
4139 7064
4138 7065
4137 7066
4136 7067
4135 7068
4134 7069
4133 8588
4132 8589
4131 8590
4130 8591
4129 8592
4128 8593
4127 8594
4126 8595
4125 8596
4124 8597
4123 8598
4122 8599
4121 8600
4120 8601
4119 8602
4118 8603
4117 7566
4116 7567
4115 7568
4114 7569
4113 7570
4112 7571
4111 7572
4110 7573
4109 8551
4108 8552
4107 8553
4106 8554
4105 8555
4104 8556
4103 8557
4102 8558
4101 11039
4100 11040
4099 11041
4098 11042
4097 11043
4096 11044
4095 11045
4094 11046
4093 6885
4092 6886
4091 6887
4090 6888
4089 6889
4088 6890
4087 6891
4086 6892
4085 6893
4084 6894
4083 6895
4082 6896
4081 6897
4080 9398
4079 9399
4078 9400
4077 9401
4076 9402
4075 9403
4074 9404
4073 9405
4072 9406
4071 8487
4070 8488
4069 8489
4068 8490
4067 8491
4066 8492
4065 8493
4064 8494
4063 8495
4062 8496
4061 8497
4060 8498
4059 8499
4058 8500
4057 8501
4056 8502
4055 8503
4054 8438
4053 8439
4052 8440
4051 8441
4050 8442
4049 8443
4048 8444
4047 8445
4046 8446
4045 8447
4044 8448
4043 8449
4042 8450
4041 8451
4040 8452
4039 8453
4038 8454
4037 8455
4036 7471
4035 7472
4034 7473
4033 7474
4032 7475
4031 7476
4030 7477
4029 7478
4028 7479
4027 7480
4026 7481
4025 7482
4024 7483
4023 7484
4022 7485
4021 7486
4020 7487
4019 7488
4018 7489
4017 7490
4016 7491
4015 7492
4014 7493
4013 7494
4012 8378
4011 8379
4010 8380
4009 8381
4008 8382
4007 8383
4006 8384
4005 8385
4004 8386
4003 8387
4002 8388
4001 8389
4000 8390
3999 8391
3998 8392
3997 8393
3996 10085
3995 10086
3994 10087
3993 10088
3992 10089
3991 10090
3990 10091
3989 10092
3988 10093
3987 10094
3986 10095
3985 10096
3984 10097
3983 10098
3982 10099
3981 10100
3980 10101
3979 10102
3978 10103
3977 10104
3976 8318
3975 8319
3974 8320
3973 8321
3972 8322
3971 8323
3970 8324
3969 8325
3968 8326
3967 8327
3966 8328
3965 8329
3964 8330
3963 8331
3960 8058
3959 8059
3958 8060
3957 8061
3956 8062
3955 8063
3954 8044
3953 8045
3952 8078
3951 8079
3950 8080
3949 8081
3948 8082
3947 8083
3946 8084
3945 8085
3944 8086
3943 8087
3942 8088
3941 8089
3940 8090
3939 8091
3938 8092
3937 8093
3936 8094
3935 8095
3934 8096
3933 8097
3932 8098
3931 8099
3930 8100
3929 8101
3928 8102
3927 8103
3926 6759
3925 6760
3924 6761
3923 6762
3922 6763
3921 6764
3920 6765
3919 6766
3918 6767
3917 6768
3916 6769
3915 6770
3914 6771
3913 6772
3912 8114
3911 8115
3910 8116
3909 8117
3908 8118
3907 8119
3906 8120
3905 6796
3904 6797
3903 6798
3902 6799
3901 6800
3900 6801
3899 6802
3898 6803
3897 6804
3896 6805
3895 6806
3894 6807
3893 6808
3892 6809
3891 6810
3890 6811
3889 10213
3888 10214
3887 6812
3886 6813
3885 6814
3884 6815
3883 6816
3882 6817
3881 6818
3880 6819
3879 6820
3878 6821
3877 6822
3876 6823
3875 6824
3874 6825
3873 6826
3872 6827
3871 6828
3870 6829
3869 6830
3868 6831
3867 6832
3866 6833
3865 6834
3864 6835
3863 6872
3862 6873
3861 6874
3860 6875
3859 6876
3858 6877
3857 6878
3856 6879
3855 6880
3854 6881
3853 6882
3852 6883
3851 6884
3850 11047
3849 11048
3848 6925
3847 6926
3846 6927
3845 6928
3844 6929
3843 6930
3842 6931
3841 6994
3840 6995
3839 6996
3838 6997
3837 6998
3836 6999
3835 7000
3834 7001
3833 7002
3832 7003
3831 7004
3830 7005
3829 7006
3828 7007
3827 7008
3826 9545
3825 9546
3824 9547
3823 9548
3822 9549
3821 9550
3820 9551
3819 9552
3818 9553
3817 9554
3816 9555
3815 9556
3814 9557
3813 9558
3812 9559
3811 9560
3810 7093
3809 7094
3808 7095
3807 7096
3806 7097
3805 7098
3804 7099
3803 7100
3802 7101
3801 7102
3800 7103
3799 7104
3798 7105
3797 8191
3796 8192
3795 8193
3794 8194
3793 8195
3792 8196
3791 8197
3790 8198
3789 8199
3788 8200
3787 8201
3786 8202
3785 8203
3784 9616
3783 9617
3782 9618
3781 9619
3780 9620
3779 9621
3778 9622
3777 9623
3776 9624
3775 9625
3774 9626
3773 9627
3772 9628
3771 9629
3770 9630
3769 9631
3768 9632
3767 9633
3766 9634
3765 8649
3764 8650
3763 8651
3762 8652
3761 8653
3760 8654
3759 8655
3758 8656
3757 8657
3756 8658
3755 8659
3754 8660
3753 8661
3752 8662
3751 8663
3750 8664
3749 8665
3748 8666
3747 7236
3746 7237
3745 7238
3744 7239
3743 7240
3742 7241
3741 7242
3740 7243
3739 7244
3738 7245
3737 7222
3736 7223
3735 7255
3734 7256
3733 7257
3732 7258
3731 7259
3730 7260
3729 7261
3728 7262
3727 7263
3726 7291
3725 7292
3724 7293
3723 7294
3722 7295
3721 7296
3720 7297
3719 7298
3718 7299
3717 7300
3716 7301
3715 7302
3714 7324
3713 7325
3712 7326
3711 7327
3710 7328
3709 7329
3708 7330
3707 7331
3706 7332
3705 7412
3704 7413
3703 7414
3702 7415
3701 7416
3700 7417
3699 8225
3698 8226
3697 8227
3696 8228
3695 8229
3694 8230
3693 8231
3692 8232
3691 8233
3690 8234
3689 8235
3688 8236
3687 8237
3686 8238
3685 8239
3684 8240
3683 8241
3682 8242
3681 8243
3680 8285
3679 8286
3678 8287
3677 8288
3676 8289
3675 8290
3674 8291
3673 8292
3672 8293
3671 8294
3670 8295
3669 8296
3668 8297
3667 8298
3666 8299
3665 8300
3664 8301
3663 8302
3662 8303
3661 8304
3660 9233
3659 9234
3658 9235
3657 9236
3656 9237
3653 7708
3652 7709
3651 7710
3650 7711
3649 7712
3648 7713
3647 7714
3646 7715
3645 7418
3644 7419
3643 7420
3642 7421
3641 7422
3640 7423
3639 7424
3638 7425
3637 7426
3636 7380
3635 7381
3634 7382
3633 7383
3632 7384
3631 7385
3630 7386
3629 7387
3628 7388
3627 7389
3626 7390
3625 7391
3624 7392
3623 7393
3622 7394
3621 7395
3620 7396
3619 7397
3618 7398
3617 7399
3616 7400
3615 7401
3614 7402
3613 7403
3612 7404
3611 7405
3610 7406
3609 7407
3608 7408
3607 7409
3606 7410
3605 7411
3604 7333
3603 7334
3602 7335
3601 7336
3600 7337
3599 7338
3598 7339
3597 7340
3596 7341
3595 7342
3594 7343
3593 7281
3592 7282
3591 7283
3590 7284
3589 7285
3588 7286
3587 7287
3586 7288
3585 7289
3584 7290
3583 7246
3582 7247
3581 7248
3580 7249
3579 7250
3578 7251
3577 7252
3576 7253
3575 7254
3574 7224
3573 7225
3572 7226
3571 7227
3570 7228
3569 7229
3568 7230
3567 7231
3566 7232
3565 7233
3564 7234
3563 7235
3562 7177
3561 7178
3560 7179
3559 7180
3558 7181
3557 7182
3556 7183
3555 7184
3554 7185
3553 7186
3552 7187
3551 7155
3550 7156
3549 7157
3548 7158
3547 7159
3546 7160
3545 7161
3544 7162
3543 7163
3542 7164
3541 7137
3540 7138
3539 7139
3538 7140
3537 7141
3536 7142
3535 7143
3534 7144
3533 7145
3532 7146
3531 7147
3530 7148
3529 7149
3528 7150
3527 7151
3526 7152
3525 7153
3524 7154
3523 7070
3522 7071
3521 7072
3520 7073
3519 7074
3518 7075
3517 7076
3516 7077
3515 7078
3514 7079
3513 7080
3512 7081
3511 7082
3510 7083
3509 7084
3508 7085
3507 7086
3506 7087
3505 7088
3504 7089
3503 7090
3502 7091
3501 7092
3500 7017
3499 7018
3498 7019
3497 7020
3496 7021
3495 7022
3494 7023
3493 7024
3492 7025
3491 7026
3490 8617
3489 8618
3488 6975
3487 6976
3486 6977
3485 6978
3484 6979
3483 6980
3482 6981
3481 6982
3480 6983
3479 6984
3478 6985
3477 6986
3476 6987
3475 6988
3474 6989
3473 6990
3472 6991
3471 6992
3470 6993
3469 6932
3468 6933
3467 6934
3466 6935
3465 6936
3464 6937
3463 6938
3462 6939
3461 6940
3460 6941
3459 6942
3458 6943
3457 6944
3456 9017
3455 9018
3454 6866
3453 6867
3452 6868
3451 6869
3450 6870
3449 6871
3448 6836
3447 6837
3446 6838
3445 6839
3444 6840
3443 6841
3442 6842
3441 6843
3440 8517
3439 8518
3438 8519
3437 8520
3436 8521
3435 8522
3434 8523
3433 8524
3432 8525
3431 8526
3430 8527
3429 8528
3428 8529
3427 8530
3426 6776
3425 6777
3424 6778
3423 6779
3422 6780
3421 6781
3420 6782
3419 6783
3418 6784
3417 6785
3416 6786
3415 6787
3414 6788
3413 6789
3412 6790
3411 6791
3410 6792
3409 6793
3408 6794
3407 6795
3406 8121
3405 8122
3404 8123
3403 8124
3402 8125
3401 8126
3400 8127
3399 8128
3398 8129
3397 8130
3396 8131
3395 8132
3394 8133
3393 6751
3392 6752
3391 6753
3390 6754
3389 6755
3388 6756
3387 6757
3386 6758
3385 8104
3384 8105
3383 8106
3382 6717
3381 6718
3380 6719
3379 6720
3378 6721
3377 6722
3376 6723
3375 6724
3374 6725
3373 6726
3372 6696
3371 6697
3370 6698
3369 6699
3368 6700
3367 6701
3366 6702
3365 6703
3364 6704
3363 6705
3362 6706
3361 6707
3360 6708
3359 6709
3358 6710
3357 6711
3356 6712
3355 6713
3354 6714
3353 6715
3352 6716
3349 8366
3348 8367
3347 8368
3346 8369
3345 8370
3344 8371
3343 8372
3342 8373
3341 8374
3340 8375
3339 8376
3338 8377
3337 6685
3336 6686
3335 6687
3334 6688
3333 6689
3332 6690
3331 6691
3330 6692
3329 6693
3328 6694
3327 6695
3326 6727
3325 6728
3324 6729
3323 6730
3322 6731
3321 6732
3320 6733
3319 6734
3318 6735
3317 6736
3316 6737
3315 6738
3314 6739
3313 6740
3312 6741
3311 6742
3310 6743
3309 6744
3308 6745
3307 6746
3306 6747
3305 6748
3304 6749
3303 6750
3302 8134
3301 8135
3300 8136
3299 8137
3298 8138
3297 8139
3296 8140
3295 8141
3294 8142
3293 8143
3292 8144
3291 8145
3290 8913
3289 8914
3288 8915
3287 8916
3286 8917
3285 8918
3284 8919
3283 8920
3282 8921
3281 7438
3280 7439
3279 7440
3278 7441
3277 7442
3276 7443
3275 7444
3274 7445
3273 7446
3272 7447
3271 7448
3270 7512
3269 7513
3268 7514
3267 7515
3266 7516
3265 7517
3264 7518
3263 7519
3262 7520
3261 7521
3260 7522
3259 7523
3258 7524
3257 8504
3256 8505
3255 8506
3254 8507
3253 8508
3252 8509
3251 8510
3250 8511
3249 8512
3248 8513
3247 8514
3246 8515
3245 8516
3244 6844
3243 6845
3242 6846
3241 6847
3240 6848
3239 6849
3238 6850
3237 6851
3236 6852
3235 9005
3234 9006
3233 9007
3232 9008
3231 9009
3230 9010
3229 9011
3228 9012
3227 9013
3226 9014
3225 9015
3224 9016
3223 6945
3222 6946
3221 6947
3220 6948
3219 6949
3218 6950
3217 6951
3216 6952
3215 6953
3214 6954
3213 6955
3212 6956
3211 6957
3210 6958
3209 6959
3208 6960
3207 7553
3206 7554
3205 7555
3204 7556
3203 7557
3202 7558
3201 7559
3200 7560
3199 7561
3198 7562
3197 7563
3196 7564
3195 7565
3194 8604
3193 8605
3192 8606
3191 8607
3190 8608
3189 8609
3188 8610
3187 8611
3186 8612
3185 8613
3184 8614
3183 8615
3182 8616
3181 7027
3180 7028
3179 7029
3178 7030
3177 7031
3176 7032
3175 7033
3174 7034
3173 7035
3172 7036
3171 7037
3170 7038
3169 7039
3168 7040
3167 7041
3166 7042
3165 7889
3164 7890
3163 7891
3162 7892
3161 7893
3160 7894
3159 7895
3158 7896
3157 7897
3156 7898
3155 7899
3154 7900
3153 7901
3152 7902
3151 7903
3150 7904
3149 7905
3148 7906
3147 7907
3146 7908
3145 7909
3144 9122
3143 9123
3142 9124
3141 9125
3140 9126
3139 9127
3138 9128
3137 9129
3136 9130
3135 9131
3134 7121
3133 7122
3132 7123
3131 7124
3130 7125
3129 7126
3128 7127
3127 7128
3126 7129
3125 7130
3124 7131
3123 7132
3122 7133
3121 7134
3120 7135
3119 7136
3118 7165
3117 7166
3116 7167
3115 7168
3114 7169
3113 7170
3112 7171
3111 7172
3110 7173
3109 7174
3108 7175
3107 7176
3106 7188
3105 7189
3104 7190
3103 7191
3102 7192
3101 7193
3100 7194
3099 7195
3098 7196
3097 7197
3096 7198
3095 7199
3094 7200
3093 7201
3092 7202
3091 7595
3090 7596
3089 7597
3088 7598
3087 7599
3086 7580
3085 7581
3084 7582
3083 7583
3082 8716
3081 8717
3080 8718
3079 8719
3078 8720
3077 8721
3076 8722
3075 8723
3074 8724
3073 8725
3072 8726
3071 7264
3070 7265
3069 7266
3068 7267
3067 7268
3066 7269
3065 7270
3064 7271
3063 7272
3062 7273
3061 7274
3060 7275
3059 7276
3058 7277
3057 7278
3056 7279
3055 7280
3054 7344
3053 7345
3052 7346
3051 7347
3050 7348
3049 7349
3048 7350
3047 7351
3046 7352
3045 7353
3044 7354
3043 7355
3042 7356
3041 7357
3040 7358
3039 7359
3038 7600
3037 7601
3036 7602
3035 7603
3034 7604
3033 7605
3032 7606
3031 7607
3030 7608
3029 7620
3028 7621
3027 7622
3026 7623
3025 7624
3024 7625
3023 7626
3022 7627
3021 7628
3020 7629
3019 7641
3018 7642
3017 7643
3016 7644
3015 7645
3014 7646
3013 7647
3012 7648
3011 7649
3010 7691
3009 7692
3008 7693
3007 7694
3006 7695
3005 7696
3004 7697
3003 7698
3002 7427
3001 7428
3000 7429
2999 7430
2998 7431
2997 7432
2996 7433
2995 7434
2994 7435
2993 7436
2992 7437
2991 7716
2990 7717
2989 7718
2988 7719
2987 7699
2986 7700
2985 7701
2984 7702
2983 7703
2980 7660
2979 7661
2978 7662
2976 2977
2975 7665
2974 7666
2973 7667
2972 7668
2971 7669
2970 7670
2969 7671
2968 7672
2966 2967
2965 7675
2964 7676
2963 7677
2962 7678
2961 7679
2960 7680
2959 7681
2958 7682
2957 7683
2955 2956
2954 7686
2953 7687
2952 7688
2951 7689
2950 7690
2949 7650
2948 7651
2946 2947
2945 7654
2944 7655
2943 7656
2942 7657
2941 7658
2940 7659
2939 7630
2938 7631
2936 2937
2935 7634
2934 7635
2933 7636
2932 7637
2931 7638
2930 7639
2929 7640
2928 7609
2926 2927
2925 7612
2924 7613
2923 7614
2922 7615
2921 7616
2919 2920
2918 7619
2917 7360
2916 7361
2915 7362
2914 7363
2912 2913
2911 7366
2910 7367
2909 7368
2908 7369
2906 2907
2905 7372
2904 7373
2899 2900
2893 2894
2887 2888
2880 2881
2878 8006
2877 8007
2876 8008
2875 8009
2874 8010
2873 8011
2872 8709
2871 8710
2870 8711
2868 2869
2867 8714
2866 8715
2865 7584
2864 7585
2862 2863
2861 7588
2860 7589
2859 7590
2858 7591
2857 7592
2855 2856
2854 7203
2853 7204
2852 7205
2851 7206
2850 7207
2848 2849
2847 7210
2846 7211
2845 7212
2844 7213
2843 7214
2841 2842
2840 7217
2839 7218
2838 7219
2837 7220
2836 7221
2834 2835
2833 7948
2832 7949
2831 7950
2830 7951
2829 7952
2827 2828
2826 7955
2825 7956
2824 7957
2823 7958
2822 7959
2821 7960
2819 2820
2818 7926
2817 7927
2816 7928
2815 7929
2813 2814
2812 7932
2811 7933
2810 7934
2809 9105
2808 9106
2806 2807
2805 9109
2804 9110
2803 9111
2802 9112
2800 2801
2799 9115
2798 9116
2797 9117
2796 9118
2795 9119
2793 2794
2792 7910
2791 7911
2790 7912
2789 7913
2787 2788
2786 7916
2785 7917
2784 7918
2783 7919
2782 7920
2780 2781
2779 7923
2778 7879
2777 7880
2776 7881
2775 7882
2773 2774
2772 7885
2771 7886
2770 7887
2769 7888
2768 7043
2767 7044
2766 7045
2765 7046
2763 2764
2762 7049
2761 7050
2760 7051
2759 7052
2758 7053
2756 2757
2755 7853
2754 7854
2753 7855
2752 7856
2750 2751
2749 7859
2748 7860
2747 7861
2746 7525
2744 2745
2743 7528
2742 7529
2741 7530
2740 7531
2739 7532
2737 2738
2736 7535
2735 7536
2734 7537
2733 7538
2731 2732
2730 7541
2729 7542
2728 7543
2727 7544
2725 2726
2724 7547
2723 7548
2722 7549
2721 7550
2719 2720
2718 6961
2717 6962
2716 6963
2715 6964
2714 6965
2713 6966
2712 6967
2711 6968
2710 6969
2708 2709
2707 6972
2706 6973
2705 6974
2704 8987
2702 2703
2701 8990
2700 8991
2699 8992
2698 8993
2696 2697
2695 8996
2694 8997
2693 8998
2692 8999
2690 2691
2689 9002
2688 9003
2687 9004
2686 6853
2685 6854
2683 2684
2682 6857
2681 6858
2680 6859
2679 6860
2677 2678
2676 6863
2675 6864
2674 6865
2673 7839
2671 2672
2670 7842
2669 7821
2668 7822
2667 7823
2666 7824
2664 2665
2663 7827
2662 7495
2661 7496
2660 7497
2659 7498
2658 7499
2657 7500
2656 7501
2655 7502
2653 2654
2652 7505
2651 7506
2650 7507
2649 7508
2647 2648
2646 7511
2645 7449
2644 7450
2643 7451
2641 2642
2640 7454
2639 7455
2638 7456
2637 7457
2635 2636
2634 7460
2633 7461
2632 7462
2631 8903
2629 2630
2628 8906
2627 8907
2626 8908
2625 8909
2623 2624
2622 8912
2621 8146
2620 8147
2619 8148
2617 2618
2616 8151
2615 8152
2614 8153
2613 8154
2611 2612
2610 8157
2609 8158
2608 8159
2607 8160
2606 8161
2605 8162
2604 8163
2603 8164
2602 8165
2600 2601
2599 7764
2598 7765
2597 7766
2596 7767
2595 7768
2594 7769
2592 2593
2591 7772
2590 7773
2589 7742
2588 7743
2587 7744
2586 7745
2585 7746
2583 2584
2582 7749
2581 7750
2580 7751
2579 7720
2578 7721
2577 7722
2576 7723
2574 2575
2573 7726
2572 7727
2571 7728
2570 7729
2569 7730
2568 8349
2567 8350
2566 8351
2564 2565
2563 8354
2562 8355
2561 8356
2560 8357
2559 8358
2558 8359
2557 8360
2556 8361
2553 8336
2552 8337
2551 8338
2550 8339
2549 8340
2548 8341
2547 8342
2546 8343
2544 2545
2543 8346
2542 8347
2541 8348
2540 7731
2539 7732
2538 7733
2537 7734
2536 7735
2534 2535
2533 7738
2532 7739
2531 7740
2530 7741
2529 7752
2528 7753
2527 7754
2525 2526
2524 7757
2523 7758
2522 7759
2521 7760
2520 7761
2519 7774
2518 7775
2516 2517
2515 7778
2514 7779
2513 7780
2512 7781
2511 7782
2510 7783
2508 2509
2507 7786
2506 7787
2505 7788
2504 7789
2503 8877
2502 8878
2501 8879
2500 8880
2499 8881
2497 2498
2496 8884
2495 8885
2494 8886
2493 8887
2491 2492
2490 8890
2489 8891
2488 8892
2487 8893
2485 2486
2484 8896
2483 8897
2482 8898
2481 8899
2479 2480
2478 8902
2477 7463
2476 7464
2475 7465
2473 2474
2472 7468
2471 7469
2470 7470
2469 8456
2467 2468
2466 8459
2465 8460
2464 8461
2463 8462
2461 2462
2460 8465
2459 8466
2458 8467
2456 2457
2455 8470
2454 8471
2453 8472
2452 8473
2450 2451
2449 8476
2448 8477
2447 8478
2446 8479
2445 7828
2443 2444
2442 7831
2441 7832
2440 7833
2439 7834
2438 7835
2436 2437
2435 7838
2434 8480
2433 8481
2432 8482
2430 2431
2429 8485
2428 8486
2427 8922
2426 8923
2424 2425
2423 8926
2422 8927
2421 8928
2420 8929
2418 2419
2417 8973
2416 8974
2415 8975
2414 8976
2412 2413
2411 8979
2410 8980
2409 8981
2408 8982
2407 8983
2405 2406
2404 8986
2403 8531
2402 8532
2401 8533
2399 2400
2398 8536
2397 8537
2396 8538
2395 8539
2394 8540
2393 8541
2392 8542
2391 8543
2390 8544
2388 2389
2387 8547
2386 8548
2385 8549
2384 8550
2382 2383
2381 7576
2380 7577
2379 7578
2378 7579
2376 2377
2375 10360
2374 10361
2373 10362
2372 10363
2370 2371
2369 10366
2368 10367
2367 10368
2366 10369
2364 2365
2363 10372
2362 10373
2361 7862
2360 7863
2359 7864
2357 2358
2356 7845
2355 7846
2354 7847
2353 7848
2351 2352
2350 7054
2349 7055
2348 7056
2347 7057
2346 7058
2344 2345
2343 7865
2342 7866
2341 7867
2340 7868
2339 7869
2338 7870
2337 7871
2336 7872
2334 2335
2333 7875
2332 7876
2331 7877
2330 7878
2329 9019
2327 2328
2326 9022
2325 9023
2324 9024
2323 9025
2321 2322
2320 9028
2319 9029
2318 9030
2317 9031
2315 2316
2314 9089
2313 9090
2312 9091
2311 9092
2310 9093
2308 2309
2307 9096
2306 9097
2305 9098
2304 9099
2302 2303
2301 9102
2300 9103
2299 9104
2298 7935
2297 7936
2295 2296
2294 7939
2293 7940
2292 7941
2291 7942
2289 2290
2288 7945
2287 7961
2286 7962
2285 7963
2284 7964
2283 7965
2282 7966
2280 2281
2279 7969
2278 7970
2277 7971
2276 7972
2275 7973
2273 2274
2272 9158
2271 9159
2270 9160
2269 9161
2267 2268
2266 9164
2265 9165
2264 9166
2263 9167
2262 9168
2260 2261
2259 8685
2258 8686
2257 8687
2256 8688
2254 2255
2253 8691
2252 8692
2251 8693
2250 8694
2249 8695
2247 2248
2246 8698
2245 8699
2244 8700
2243 8701
2241 2242
2240 8704
2239 8705
2238 8706
2237 8707
2236 8708
2234 2235
2233 8014
2232 8015
2231 8016
2230 8017
2229 8018
2228 8019
2226 2227
2225 8022
2224 8023
2223 8024
2222 8025
2220 2221
2219 8028
2218 8029
2217 8030
2216 8031
2214 2215
2213 8034
2212 8035
2211 8036
2210 8037
2208 2209
2207 8040
2206 8041
2205 8042
2204 8043
2202 2203
2201 7376
2200 7377
2199 7378
2198 7379
2197 8727
2195 2196
2194 8730
2193 8731
2192 8732
2191 8733
2189 2190
2188 8736
2187 8737
2186 8738
2185 8755
2184 8756
2182 2183
2181 8759
2180 8760
2179 8761
2178 8762
2177 8763
2176 8764
2175 8765
2174 8766
2173 8767
2172 8768
2170 2171
2169 8771
2168 8772
2167 8773
2166 8774
2165 8775
2164 8776
2163 8777
2161 2162
2160 8822
2159 8823
2158 8824
2157 8825
2156 8826
2155 8827
2154 8828
2152 2153
2151 8831
2150 8832
2149 8833
2148 8834
2147 9202
2146 9203
2145 9204
2144 9205
2142 2143
2141 9208
2140 9209
2139 9210
2138 9211
2137 9212
2136 9213
2135 9214
2134 9215
2133 9216
2131 2132
2130 9219
2129 9220
2128 9221
2127 9222
2124 10541
2123 10542
2122 10543
2121 10544
2120 10545
2119 10546
2117 2118
2116 9189
2115 9190
2114 9191
2113 9192
2112 9193
2111 9194
2110 9195
2109 9196
2107 2108
2106 9199
2105 9200
2104 9201
2103 8835
2102 8836
2101 8837
2100 8838
2099 8839
2097 2098
2096 8842
2095 8843
2094 8844
2093 8845
2092 8846
2091 8847
2090 8848
2088 2089
2087 8851
2086 8852
2085 8853
2084 8854
2083 8855
2082 8856
2080 2081
2079 8859
2078 8860
2077 8861
2076 11429
2075 11430
2074 11431
2073 11432
2071 2072
2070 11435
2069 11436
2068 11437
2067 11438
2065 2066
2064 11441
2063 11442
2062 11443
2061 11444
2060 11445
2058 2059
2057 9827
2056 9828
2055 9829
2054 9830
2052 2053
2051 10754
2050 10755
2049 10756
2048 10757
2046 2047
2045 10760
2044 10761
2043 10762
2042 10481
2040 2041
2039 10484
2038 10485
2037 10486
2035 2036
2034 11308
2033 11309
2032 11310
2031 11311
2029 2030
2028 11314
2027 11315
2026 11316
2025 11317
2023 2024
2022 11320
2021 11321
2020 10428
2019 10429
2018 10430
2017 10431
2016 10432
2015 10433
2013 2014
2012 10436
2011 10437
2010 10438
2009 10439
2007 2008
2006 10442
2005 10443
2004 10444
2003 9132
2002 9133
2000 2001
1999 9136
1998 9137
1997 9138
1996 9139
1994 1995
1993 9142
1992 9143
1991 9144
1990 9145
1988 1989
1987 9148
1986 9149
1985 9150
1984 9151
1982 1983
1981 9154
1980 9155
1979 9156
1978 9157
1977 7976
1975 1976
1974 7979
1973 7980
1972 7981
1971 7982
1969 1970
1968 7985
1967 7986
1966 7987
1965 7988
1964 7989
1963 7990
1962 7991
1961 10400
1959 1960
1958 10403
1957 10404
1956 10405
1955 10406
1953 1954
1952 10409
1951 10410
1950 10411
1949 10412
1948 10413
1946 1947
1945 9079
1944 9080
1943 9081
1942 9082
1940 1941
1939 9085
1938 9086
1937 9087
1936 9088
1934 1935
1933 9036
1932 9037
1931 9038
1930 9039
1928 1929
1927 9042
1926 9043
1925 9044
1924 9045
1923 9046
1921 1922
1920 9049
1919 10642
1918 10643
1917 10644
1915 1916
1914 10647
1913 10648
1912 10649
1911 10650
1910 9844
1909 9845
1908 9846
1907 9847
1906 9848
1904 1905
1903 9851
1902 9852
1901 9853
1900 9854
1898 1899
1897 9857
1896 9858
1895 9859
1894 9860
1892 1893
1891 9863
1890 9864
1889 9865
1888 10342
1887 10343
1885 1886
1884 10346
1883 10347
1882 10348
1881 10349
1879 1880
1878 10352
1877 10353
1876 10354
1875 10355
1873 1874
1872 10272
1871 10273
1870 10274
1869 10275
1867 1868
1866 11013
1865 11014
1864 11015
1863 11016
1861 1862
1860 11019
1859 11020
1858 11021
1857 11022
1856 11023
1855 11024
1854 11025
1853 11026
1852 11027
1851 11028
1849 1850
1848 6911
1847 6912
1846 6913
1845 6914
1843 1844
1842 6917
1841 6918
1840 6919
1839 6920
1837 1838
1836 6923
1835 6924
1834 8967
1833 8968
1831 1832
1830 8930
1829 8931
1828 8932
1827 8933
1825 1826
1824 8936
1823 8937
1822 8938
1821 8939
1819 1820
1818 8942
1817 8943
1816 8944
1815 8945
1814 10215
1812 1813
1811 10218
1810 10219
1809 10220
1808 10221
1806 1807
1805 10224
1804 10225
1803 10226
1802 10227
1801 10228
1799 1800
1798 10231
1797 10232
1796 10233
1795 10234
1793 1794
1792 10172
1791 10173
1790 10174
1789 10175
1787 1788
1786 10178
1785 10145
1784 10146
1783 10147
1781 1782
1780 10150
1779 10151
1778 10152
1776 1777
1775 10155
1774 10156
1773 10157
1772 10114
1770 1771
1769 10117
1768 10118
1767 10119
1766 10120
1764 1765
1763 10123
1762 10124
1761 8862
1760 8863
1758 1759
1757 8866
1756 8867
1755 8868
1754 8869
1752 1753
1751 8872
1750 8873
1749 8874
1748 8875
1747 8876
1746 7790
1745 7791
1744 7792
1743 7793
1742 7794
1740 1741
1739 10060
1738 10061
1737 10062
1736 10063
1735 10064
1733 1734
1732 10067
1731 10068
1730 10069
1729 10070
1728 10071
1727 10072
1726 10073
1724 1725
1723 9990
1722 9991
1721 9992
1720 9993
1719 9994
1718 9995
1717 9996
1716 9997
1714 1715
1713 10000
1712 10001
1711 10002
1710 10003
1709 9948
1708 9949
1707 9950
1705 1706
1704 9953
1703 9954
1702 9955
1701 9956
1700 9957
1699 9958
1698 9959
1697 9960
1694 12296
1693 12297
1692 12298
1691 12299
1690 12300
1689 12301
1688 12302
1686 1687
1685 12305
1684 12306
1683 12307
1682 12308
1681 10004
1680 10005
1679 10006
1678 10007
1676 1677
1675 10010
1674 10011
1673 10012
1672 10013
1671 10014
1670 10015
1669 10016
1667 1668
1666 10019
1665 10046
1664 10047
1663 10048
1662 10049
1661 10050
1660 10051
1658 1659
1657 10054
1656 10055
1655 10056
1654 10057
1653 10058
1652 10059
1650 1651
1649 7799
1648 7800
1647 7801
1646 7802
1645 7803
1644 7804
1643 7805
1642 7806
1641 7807
1640 7808
1638 1639
1637 7811
1636 7812
1635 7813
1634 7814
1632 1633
1631 7817
1630 7818
1629 7819
1628 7820
1626 1627
1625 10107
1624 10108
1623 10109
1622 10110
1620 1621
1619 10113
1618 10158
1617 10159
1616 10160
1614 1615
1613 10163
1612 10164
1611 12413
1609 1610
1608 12416
1607 12417
1606 12418
1605 12419
1603 1604
1602 12422
1601 10165
1600 10166
1599 10167
1597 1598
1596 10235
1595 10236
1594 10237
1592 1593
1591 10240
1590 10241
1589 10242
1588 10243
1587 10244
1586 10245
1584 1585
1583 10926
1582 10927
1581 10928
1580 10929
1578 1579
1577 10932
1576 8946
1575 8947
1574 8948
1572 1573
1571 8951
1570 8952
1569 8953
1568 8954
1566 1567
1565 8957
1564 8958
1563 8959
1562 8960
1561 8961
1559 1560
1558 8964
1557 8965
1556 8966
1555 10933
1553 1554
1552 10936
1551 10937
1550 10938
1549 10939
1547 1548
1546 10942
1545 10943
1544 10944
1543 10945
1541 1542
1540 10948
1539 10949
1538 10950
1537 10951
1536 10952
1535 11002
1534 11003
1533 11004
1532 11005
1531 11006
1529 1530
1528 11009
1527 11010
1526 11011
1525 11012
1523 1524
1522 10280
1521 10281
1520 10282
1519 10283
1517 1518
1516 10328
1515 10329
1514 10330
1513 10331
1511 1512
1510 10334
1509 10335
1508 10336
1507 10337
1505 1506
1504 10340
1503 10341
1502 9866
1501 9867
1499 1500
1498 9870
1497 9871
1496 9872
1495 9873
1494 9874
1492 1493
1491 9877
1490 9878
1489 9879
1488 9880
1486 1487
1485 9883
1484 10629
1483 10630
1482 10631
1481 10632
1480 10633
1479 10634
1478 10635
1477 10636
1475 1476
1474 10639
1473 10640
1472 10641
1471 9050
1469 1470
1468 9053
1467 9054
1466 9055
1465 9056
1463 1464
1462 9059
1461 9060
1460 9061
1459 9062
1457 1458
1456 9065
1455 10374
1454 10375
1453 10376
1451 1452
1450 10379
1449 10380
1448 10381
1447 10382
1446 10383
1444 1445
1443 10386
1442 10387
1441 10388
1440 10389
1438 1439
1437 10392
1436 10393
1435 10394
1434 10395
1432 1433
1431 10398
1430 10399
1429 7992
1428 7993
1427 7994
1426 7995
1425 7996
1424 7997
1423 7998
1421 1422
1420 10669
1419 10670
1418 10671
1417 10672
1415 1416
1414 10675
1413 12694
1412 12695
1411 12696
1409 1410
1408 12699
1407 12700
1406 12701
1405 12702
1403 1404
1402 12705
1401 12706
1400 11771
1399 11772
1397 1398
1396 11775
1395 11776
1394 11777
1393 11778
1391 1392
1390 11781
1389 11782
1388 11783
1387 10445
1385 1386
1384 10448
1383 10449
1382 10450
1381 10451
1379 1380
1378 10454
1377 10455
1376 10456
1375 10457
1373 1374
1372 11290
1371 11291
1370 11292
1369 11293
1368 11294
1366 1367
1365 11297
1364 11298
1363 11299
1361 1362
1360 11302
1359 11303
1358 11304
1357 11305
1355 1356
1354 10489
1353 10490
1352 10491
1351 10492
1349 1350
1348 10495
1347 10741
1346 10742
1344 1345
1343 10745
1342 10746
1341 10747
1340 10748
1338 1339
1337 10751
1336 11346
1335 11347
1334 11348
1332 1333
1331 11351
1330 11352
1329 11353
1328 11354
1326 1327
1325 11357
1324 11358
1323 11359
1322 11360
1320 1321
1319 11423
1318 11424
1317 11425
1316 11426
1315 11427
1314 11428
1313 11454
1312 11455
1310 1311
1309 11458
1308 11459
1307 11460
1306 11461
1305 11462
1304 11463
1302 1303
1301 11466
1300 11467
1299 11468
1298 11469
1297 11470
1296 11471
1295 11472
1293 1294
1292 11475
1291 11476
1290 11477
1289 11478
1288 12232
1287 12233
1286 12234
1285 12235
1283 1284
1282 12238
1281 12239
1280 12240
1279 12241
1278 12242
1277 12243
1276 12244
1274 1275
1273 12247
1272 12248
1271 10547
1270 10548
1269 10549
1268 10550
1267 10551
1266 10552
1263 12208
1261 1262
1260 12211
1259 12212
1258 12213
1257 12214
1256 12215
1255 12216
1254 12217
1252 1253
1251 12220
1250 12221
1249 12222
1248 12223
1247 12224
1246 12225
1245 12226
1244 12227
1242 1243
1241 12230
1240 12231
1239 11479
1238 11480
1237 11481
1236 11482
1235 11483
1233 1234
1232 11399
1231 11400
1230 11401
1229 11402
1228 11403
1227 11404
1225 1226
1224 11407
1223 11408
1222 11409
1221 11410
1220 11411
1219 11412
1217 1218
1216 11415
1215 11416
1214 11417
1213 11418
1212 11419
1211 11420
1210 11421
1209 11422
1208 11363
1207 11364
1205 1206
1204 11367
1203 11368
1202 11369
1201 12138
1199 1200
1198 12141
1197 12142
1196 12143
1194 1195
1193 12146
1192 12147
1191 12148
1190 12149
1188 1189
1187 12152
1186 12153
1185 12154
1184 10515
1182 1183
1181 10518
1180 10519
1179 10520
1177 1178
1176 10523
1175 10524
1174 10525
1172 1173
1171 10528
1170 10529
1169 10530
1168 10531
1166 1167
1165 10534
1164 10535
1163 10536
1161 1162
1160 10539
1159 10540
1158 11287
1157 11288
1156 11289
1155 10460
1154 10461
1152 1153
1151 10464
1150 10465
1149 10466
1148 12716
1146 1147
1145 12719
1144 12720
1143 12721
1141 1142
1140 12724
1139 12725
1138 12670
1137 12671
1135 1136
1134 12674
1133 12675
1132 12676
1131 12677
1129 1130
1128 12680
1127 12681
1126 12682
1125 12683
1123 1124
1122 12686
1121 12687
1120 12688
1119 12689
1117 1118
1116 12692
1115 12693
1114 10676
1112 1113
1111 10679
1110 10680
1109 10681
1108 10682
1106 1107
1105 11223
1104 11224
1103 11225
1102 11226
1101 11227
1099 1100
1098 12624
1097 12625
1096 12626
1095 12627
1093 1094
1092 12630
1091 12631
1090 12632
1089 12633
1087 1088
1086 12636
1085 12608
1084 12609
1083 12610
1081 1082
1080 12613
1079 12614
1078 12615
1077 12616
1075 1076
1074 12619
1073 12620
1072 12621
1071 9066
1069 1070
1068 9069
1067 9070
1066 9071
1065 9072
1063 1064
1062 9075
1061 9076
1060 9077
1059 9078
1057 1058
1056 11091
1055 11092
1054 11093
1053 11094
1051 1052
1050 11097
1049 11098
1048 11099
1047 11100
1046 11101
1045 11102
1044 11103
1043 11104
1042 11105
1040 1041
1039 11108
1038 12525
1037 12526
1036 12527
1035 12528
1033 1034
1032 12513
1031 12514
1030 12515
1029 12516
1027 1028
1026 12519
1025 12520
1024 12521
1023 10311
1021 1022
1020 10314
1019 10315
1018 10316
1017 10317
1015 1016
1014 10320
1013 10321
1012 10322
1011 10323
1009 1010
1008 10284
1007 10285
1006 10286
1005 10287
1003 1004
1002 12483
1001 12484
1000 12485
999 12486
997 998
996 12489
995 12490
994 12491
993 12492
992 12043
991 12044
990 12045
989 12046
988 12047
987 12048
985 986
984 10985
983 10986
982 10987
981 10988
980 12423
978 979
977 12426
976 12427
975 12428
974 12429
972 973
971 12873
970 12874
969 12875
968 12876
966 967
965 12879
964 12880
963 12881
962 12882
960 961
959 12885
958 12886
957 12887
956 12888
954 955
953 12891
952 12892
951 12893
950 13216
948 949
947 13219
946 13220
945 13221
944 13222
942 943
941 13225
940 13226
939 13227
938 13228
937 13229
936 13230
934 935
933 13233
932 13234
931 13235
930 13236
928 929
927 12401
926 12402
925 12403
923 924
922 12406
921 12407
920 12408
919 12409
917 918
916 12412
915 12371
914 12372
913 12373
911 912
910 12376
909 12377
908 12351
906 907
905 12354
904 12355
903 12356
902 12357
900 901
899 12360
898 12329
897 12330
896 12331
894 895
893 12334
892 12335
891 12336
890 12337
888 889
887 12309
886 12310
885 12311
884 12312
883 12313
882 12314
881 12315
880 12316
879 12317
878 12318
876 877
875 11948
874 11949
873 11950
872 11951
871 11952
870 9287
868 869
867 9290
866 9291
865 9292
864 9293
863 9294
862 9295
861 10020
859 860
858 10023
857 10024
856 10025
855 10026
854 10027
853 10028
852 10029
850 851
849 10032
848 10033
847 10034
846 10035
845 12249
844 12250
843 12251
842 12252
840 841
839 12255
838 12256
837 12257
836 12258
835 12259
834 12260
833 12261
830 12771
829 12772
828 12773
827 12774
826 12775
825 12776
824 12777
822 823
821 12780
820 12781
819 12782
818 12783
817 10036
816 10037
815 10038
814 10039
812 813
811 10042
810 10043
809 10044
808 10045
807 13133
806 13134
805 13135
803 804
802 13138
801 13139
800 13140
799 13141
798 13142
797 13143
796 13144
794 795
793 11938
792 11939
791 11940
790 11941
789 11942
788 11943
786 787
785 12319
784 12320
783 12321
782 12322
781 12323
780 12324
779 12325
778 12326
777 12327
776 12328
774 775
773 12342
772 12343
771 12344
770 12345
768 769
767 12348
766 12349
765 12350
764 12361
762 763
761 12364
760 12365
759 12366
758 12367
756 757
755 12370
754 12378
753 12379
751 752
750 12382
749 12383
748 12384
747 12385
745 746
744 12388
743 12389
742 12390
740 741
739 12393
738 12394
737 12395
736 12396
734 735
733 13237
732 13238
731 13239
729 730
728 13242
727 13243
726 13244
725 13245
724 13246
723 13247
722 13248
720 721
719 13209
718 13210
717 13211
716 13212
714 715
713 13215
712 12894
711 12895
710 12896
708 709
707 12899
706 12900
705 12901
704 12860
702 703
701 12863
700 12864
699 12865
698 12866
696 697
695 12869
694 12870
693 12871
692 12872
690 691
689 12434
688 12435
687 12436
686 12437
684 685
683 12440
682 12928
681 12929
680 12930
678 679
677 12933
676 12934
675 12935
674 12936
672 673
671 12939
670 12940
669 12493
668 12494
667 12495
666 12496
664 665
663 12499
662 12500
661 12501
660 12502
658 659
657 10292
656 10293
655 10294
654 10295
652 653
651 10298
650 10299
649 10300
648 10301
646 647
645 10304
644 10305
643 10306
642 10307
640 641
639 10310
638 12522
637 12523
636 12524
634 635
633 12505
632 12506
631 12507
630 12508
628 629
627 12529
626 12530
625 12531
624 12532
622 623
621 12535
620 13265
619 13266
618 13267
616 617
615 13270
614 13249
613 13250
612 13251
611 13252
609 610
608 12575
607 12576
606 12577
604 605
603 12580
602 12581
601 12582
600 12583
598 599
597 12586
596 12587
595 12588
594 12589
592 593
591 12592
590 12593
589 12594
588 12595
586 587
585 12598
584 12599
583 12600
582 12601
580 581
579 12604
578 12605
577 12606
576 12607
574 575
573 12639
572 12640
571 12641
570 12642
568 569
567 11207
566 11208
565 11209
564 11210
562 563
561 11213
560 11214
559 11215
558 11216
557 11217
556 11218
554 555
553 10683
552 10684
551 10685
549 550
548 10688
547 10689
546 10690
545 10691
543 544
542 10694
541 10695
540 10696
539 10697
537 538
536 10700
535 10701
534 10702
532 533
531 10705
530 10706
529 10707
528 10708
526 527
525 12667
524 12668
523 12669
521 522
520 12728
519 12729
518 12730
517 12731
515 516
514 12734
513 12735
512 10467
510 511
509 10470
508 10471
507 10472
506 10473
505 10474
504 10475
503 10476
502 10477
500 501
499 10480
498 13271
497 13272
496 13273
494 495
493 13276
492 13277
491 13278
489 490
488 13281
487 13282
486 13283
484 485
483 13048
482 13049
481 13050
480 13051
478 479
477 13054
476 13055
475 13056
473 474
472 13059
471 13060
470 13061
468 469
467 13064
466 13065
465 13066
464 13067
462 463
461 13070
460 13071
459 11370
458 11371
456 457
455 11374
454 11375
453 11376
452 11377
450 451
449 11380
448 11381
447 11382
446 11383
445 11384
444 11385
442 443
441 10804
440 10805
439 10806
438 10807
437 10808
435 436
434 10811
433 10812
432 10813
431 10814
430 10815
429 10816
427 428
426 10819
425 10820
424 10821
423 10822
422 13299
421 13300
420 13301
418 419
417 13304
416 13305
415 13306
414 13307
413 13308
412 13309
411 13310
409 410
408 13121
407 13122
406 13123
405 13124
404 13125
403 13126
402 13127
401 13128
399 400
398 13131
397 13132
394 13107
393 13108
392 13109
391 13110
390 13111
389 13112
388 13113
387 13114
386 13115
385 13116
384 13117
383 13118
382 13311
381 13312
380 13313
379 13314
378 13315
377 13316
376 13317
375 13318
374 13319
373 13320
372 13321
371 13322
370 13323
369 13324
368 13325
367 10791
366 10792
365 10793
364 10794
363 10795
362 10796
361 10797
360 10798
359 10799
358 10800
357 10801
356 10802
355 10803
354 11388
353 11389
352 11390
351 11391
350 11392
349 11393
348 11394
347 11395
346 11396
345 13082
344 13083
343 13084
342 13085
341 13086
340 13087
339 13088
338 13089
337 13090
336 13091
335 13092
334 13033
333 13034
332 13035
331 13036
330 13037
329 13038
328 13039
327 13040
326 13041
325 13042
324 13043
323 13044
322 13045
321 13046
320 13047
319 13286
318 13287
317 13288
316 13289
315 13290
314 13291
313 13292
312 13293
311 13294
310 13295
309 13296
308 13297
307 13298
306 12106
305 12107
304 12108
303 12109
302 12110
300 301
299 12113
298 12114
297 12115
296 12116
295 12117
294 12118
293 12119
292 12120
291 12121
290 12122
289 12123
288 12124
287 12125
286 12126
285 12127
284 12128
283 12129
282 13009
281 13010
280 13011
279 13012
278 13013
277 13014
276 13015
275 13016
274 13017
273 13018
272 12966
271 12967
270 12968
269 12969
268 12970
267 12971
266 12972
265 12973
264 11191
263 11192
262 11193
261 11194
260 11195
259 11196
258 11197
257 11198
256 11199
255 11200
254 11201
253 11202
252 11203
251 11204
250 11205
249 11206
248 12645
247 12646
246 12647
245 12648
244 12649
243 12650
242 12651
241 12652
240 12653
239 12654
238 12655
237 12656
236 12657
235 12658
234 12659
233 12660
232 12661
231 12662
230 11716
229 11717
228 11718
227 11719
226 11720
225 11721
224 11722
223 11723
222 11724
221 11725
220 11726
219 11727
218 11728
217 11729
216 11730
215 11731
214 13255
213 13256
212 13257
211 13258
210 13259
209 13260
208 13261
207 13262
206 13263
205 13264
204 12536
203 12537
202 12538
201 12539
200 12540
199 12541
198 12542
197 12543
196 12544
195 12545
194 12546
193 12547
192 12548
191 12549
190 12550
189 12551
188 12552
187 12553
186 12554
185 12555
184 12556
183 12557
182 12558
181 12559
180 12560
179 12561
178 12562
177 12563
176 12564
175 12565
174 12566
173 12567
172 12568
171 12569
170 12570
169 12571
168 12572
167 12913
166 12914
165 12915
164 12916
163 12917
162 12918
161 12919
160 12920
159 12921
158 12922
157 12923
156 12924
155 12925
154 12926
153 12927
152 12441
151 12442
150 12443
149 12444
148 12445
147 12446
146 12447
145 12448
144 12850
143 12851
142 12852
141 12853
140 12854
139 12855
138 12856
137 12857
136 12858
135 12859
134 13193
133 13194
132 13195
131 13196
130 13197
129 13198
128 13199
127 13200
126 13201
125 13202
124 13203
123 13204
122 13205
121 13206
120 12784
119 12785
118 12786
117 12787
116 12788
115 12789
114 12790
113 12791
112 12792
111 12793
110 12794
109 12795
108 12796
107 12797
106 12798
105 12799
104 12010
103 12011
102 12012
101 12013
100 12014
99 12015
98 12016
97 12017
96 11953
95 11954
94 11955
93 11956
92 11957
91 11958
90 11959
89 11960
88 11961
87 11962
86 11963
85 11964
84 11965
83 11966
82 11967
81 11968
80 11969
79 11970
78 11971
77 11972
76 11973
75 11918
74 11919
73 11920
72 11921
71 11922
70 11923
69 11924
68 11925
67 11926
66 11927
65 11928
64 11929
63 11930
62 11931
61 11932
60 11933
59 11934
58 11935
57 13145
56 13146
55 13147
54 13148
53 13149
52 13150
51 13151
50 13152
49 13153
48 13154
47 13155
46 13156
45 13157
44 13158
43 13159
42 13160
41 12751
40 12752
39 12753
38 12754
37 12755
36 12756
35 12757
34 12758
33 12759
32 12760
31 12761
30 12762
29 12763
28 12764
27 12765
26 12766
