24 2908
23 2909
22 2909
21 2911
20 2912
19 2913
18 2914
17 2915
16 2916
15 2916
14 2918
13 2919
12 2920
11 2921
10 2922
9 2922
8 2924
7 2925
6 2926
5 2927
4 2928
3 2928
2 2930
1 2931
0 2932
53 4026
52 4027
51 4028
50 4029
49 4030
48 4031
47 4032
46 4033
45 4034
44 4035
43 4036
42 4037
41 4038
40 4039
39 4040
38 4041
37 4042
36 4043
35 4044
34 4045
33 4046
32 4047
31 4048
30 4049
29 4050
28 4051
27 4052
26 4053
25 4054
6712 12704
6711 12705
6710 12706
6709 12707
6708 12708
6707 12709
6706 12710
6705 12711
6704 12712
6703 12713
6702 12714
6701 12715
6700 12716
6699 12717
6698 12718
6697 12746
6696 12747
6695 12748
6694 12749
6693 12750
6692 12751
6691 12752
6690 12753
6689 12754
6688 12755
6687 12756
6686 12757
6685 12758
6684 12759
6683 12760
6682 12761
6681 12762
6680 12763
6679 12764
6678 12765
6677 12766
6676 12767
6675 12768
6674 12769
6673 12770
6672 12771
6671 12772
6670 12773
6669 12774
6668 12775
6667 11482
6666 11483
6665 11484
6664 11485
6663 11486
6662 11487
6661 11488
6660 11489
6659 11490
6658 11491
6657 12823
6656 12824
6655 12825
6654 12826
6653 12827
6652 12828
6651 12829
6650 12830
6649 12831
6648 12832
6647 12833
6646 12834
6645 12835
6644 12794
6643 12795
6642 12796
6641 12797
6640 12798
6639 12799
6638 12800
6637 12801
6636 11502
6635 11503
6634 11504
6633 11505
6632 11506
6631 11507
6630 11508
6629 11509
6628 11510
6627 11511
6626 11512
6625 12445
6624 12446
6623 12447
6622 12448
6621 12449
6620 12450
6619 12836
6618 12837
6617 12838
6616 12839
6615 12840
6614 12841
6613 12842
6612 12843
6611 12417
6610 12418
6609 12419
6608 12420
6607 12421
6606 12422
6605 12423
6604 12109
6603 12110
6602 12896
6601 12897
6600 12898
6599 12899
6598 12900
6597 12901
6596 12902
6595 12903
6594 12904
6593 12905
6592 12906
6591 12541
6590 12542
6589 11513
6588 11514
6587 11515
6586 11516
6585 11517
6584 11518
6583 11519
6582 11520
6581 11521
6580 11522
6579 11523
6578 11524
6577 11525
6576 11526
6575 11527
6574 11528
6573 11529
6572 11530
6571 11531
6570 11532
6569 11533
6568 11534
6567 11535
6566 11536
6565 11537
6564 11538
6563 11539
6562 11584
6561 11585
6560 11586
6559 11587
6558 11588
6557 11589
6556 11590
6555 11591
6554 11592
6553 11593
6552 11594
6551 11623
6550 11624
6549 11625
6548 11626
6547 11627
6546 11628
6545 11629
6544 11630
6543 11631
6542 11632
6541 11633
6540 11634
6539 12631
6538 12632
6537 11595
6536 11596
6535 11597
6534 11598
6533 11599
6532 11600
6531 11601
6530 12935
6529 12936
6528 12937
6527 12938
6526 12939
6525 12940
6524 12941
6523 12942
6522 12943
6521 12944
6520 12945
6519 12946
6518 12947
6517 12948
6516 12949
6515 12950
6514 12951
6513 12952
6512 12953
6511 12954
6510 12955
6509 12956
6508 12957
6507 12958
6506 12959
6505 12994
6504 12995
6503 12996
6502 12997
6501 12998
6500 12999
6499 13000
6498 13001
6497 13002
6496 11651
6495 11652
6494 11653
6493 11654
6492 11655
6491 11656
6490 11657
6489 11658
6488 10606
6487 10607
6486 10608
6485 10609
6484 10610
6483 10611
6482 10612
6481 10613
6480 10614
6479 10615
6478 10616
6477 10617
6476 10618
6475 10619
6474 10620
6473 10621
6472 10622
6471 10623
6470 10624
6469 10625
6468 10626
6467 10627
6466 10628
6465 10629
6464 10630
6463 10631
6462 10632
6461 10633
6460 10634
6459 10635
6458 10636
6457 10637
6456 10638
6455 10639
6454 13013
6453 13014
6452 13015
6451 13016
6450 13017
6449 13018
6448 13019
6447 13020
6446 13021
6445 13022
6444 11358
6443 11359
6442 11360
6441 11361
6440 11362
6439 11363
6438 11364
6437 11365
6436 11815
6435 11816
6434 11817
6433 11818
6432 11819
6431 11820
6430 11821
6429 11822
6428 11823
6427 11824
6426 11825
6425 13321
6424 13322
6423 13323
6422 13324
6421 13325
6420 13326
6419 13327
6418 13328
6417 13329
6416 13330
6415 13331
6414 13332
6413 13333
6412 13334
6411 13335
6410 13336
6409 13337
6408 13338
6407 13339
6406 13034
6405 13035
6404 13036
6403 13037
6402 13038
6399 11864
6398 11865
6397 11866
6396 11867
6395 11868
6394 11869
6393 11870
6392 11871
6391 11872
6390 11873
6389 11874
6388 11875
6387 11876
6386 11877
6385 11878
6384 10704
6383 10705
6382 10706
6381 10707
6380 10708
6379 10709
6378 10710
6377 10711
6376 10712
6375 10713
6374 10714
6373 10715
6372 10716
6371 11808
6370 11809
6369 11810
6368 11811
6367 11812
6366 11813
6365 11814
6364 11366
6363 11367
6362 11368
6361 11369
6360 11748
6359 11749
6358 11750
6357 11751
6356 11752
6355 11753
6354 11754
6353 11715
6352 11716
6351 11717
6350 11718
6349 11719
6348 11720
6347 11721
6346 11722
6345 11723
6344 11724
6343 11725
6342 11726
6341 11727
6340 11728
6339 11729
6338 11730
6337 11731
6336 11732
6335 11733
6334 11734
6333 11735
6332 11736
6331 11737
6330 11738
6329 10590
6328 10591
6327 10592
6326 10593
6325 10594
6324 10595
6323 10596
6322 10597
6321 10598
6320 10599
6319 10600
6318 10601
6317 10602
6316 10603
6315 10604
6314 10605
6313 11659
6312 11660
6311 11661
6310 11662
6309 11663
6308 11664
6307 11665
6306 11666
6305 11667
6304 11668
6303 11669
6302 11670
6301 11671
6300 12981
6299 12982
6298 12983
6297 12984
6296 12985
6295 12986
6294 12987
6293 12988
6292 12989
6291 12990
6290 12991
6289 12992
6288 12993
6287 9397
6286 9398
6285 9399
6284 9400
6283 9401
6282 9402
6281 9403
6280 9404
6279 9405
6278 9406
6277 9407
6276 9408
6275 9409
6274 9410
6273 9411
6272 9412
6271 11602
6270 11603
6269 11604
6268 11605
6267 11606
6266 11607
6265 11608
6264 11609
6263 11610
6262 11611
6261 11612
6260 11613
6259 11614
6258 11615
6257 11616
6256 11617
6255 11618
6254 11619
6253 11620
6252 11621
6251 11622
6250 11573
6249 11574
6248 11575
6247 11576
6246 11577
6245 11578
6244 11579
6243 11580
6242 11581
6241 11582
6240 11583
6239 11540
6238 11541
6237 11542
6236 11543
6235 11544
6234 11545
6233 11546
6232 11547
6231 11548
6230 11549
6229 11550
6228 11551
6227 11552
6226 11553
6225 11554
6224 10425
6223 10426
6222 10427
6221 10428
6220 10429
6219 10430
6218 10431
6217 10432
6216 12090
6215 12091
6214 12092
6213 12093
6212 12094
6211 12095
6210 12096
6209 12097
6208 12098
6207 12099
6206 12100
6205 12101
6204 12102
6203 12103
6202 12104
6201 12105
6200 12106
6199 12107
6198 12108
6197 12424
6196 12425
6195 12426
6194 12427
6193 12428
6192 12429
6191 12430
6190 12431
6189 12432
6188 12433
6187 12434
6186 12435
6185 12436
6184 12437
6183 12438
6182 12439
6181 12440
6180 12441
6179 12442
6178 12443
6177 12444
6176 11492
6175 11493
6174 11494
6173 11495
6172 11496
6171 11497
6170 11498
6169 11499
6168 11500
6167 11501
6166 12802
6165 12803
6164 12804
6163 12805
6162 12806
6161 12807
6160 12808
6159 12809
6158 12810
6157 12811
6156 12812
6155 12813
6154 12814
6153 12815
6152 12816
6151 12817
6150 12818
6149 12819
6148 12820
6147 12821
6146 12822
6145 11472
6144 11473
6143 11474
6142 11475
6141 11476
6140 11477
6139 11478
6138 11479
6137 11480
6136 11481
6135 12776
6134 12777
6133 10350
6132 10351
6131 10352
6130 10353
6129 10354
6128 10355
6127 10356
6126 10357
6125 10358
6124 10359
6123 10360
6122 10361
6121 10362
6120 10363
6119 9147
6118 9148
6117 9149
6116 9150
6115 9151
6114 9152
6113 9153
6112 9154
6111 11425
6110 11426
6109 11427
6108 11428
6107 11429
6106 11430
6105 11431
6104 11432
6103 11433
6102 11434
6101 11435
6100 11436
6099 11437
6098 11438
6097 11439
6096 11440
6095 11441
6094 11442
6093 11443
6092 11444
6091 11445
6088 13108
6087 13109
6086 13110
6085 13111
6084 13112
6083 13113
6082 13114
6081 13115
6080 13116
6079 13117
6078 13118
6077 13119
6076 13120
6075 10399
6074 10400
6073 10401
6072 10402
6071 10403
6070 10404
6069 10405
6068 10406
6067 10407
6066 10408
6065 9155
6064 9156
6063 9157
6062 9158
6061 9159
6060 9160
6059 9161
6058 9162
6057 9163
6056 9164
6055 9165
6054 11922
6053 11923
6052 11924
6051 11925
6050 11926
6049 11927
6048 11928
6047 11929
6046 11930
6045 11931
6044 11932
6043 11933
6042 11934
6041 11935
6040 11936
6039 11937
6038 12001
6037 12002
6036 12003
6035 12004
6034 12005
6033 12006
6032 12007
6031 12008
6030 12009
6029 12010
6028 12011
6027 12012
6026 12013
6025 12014
6024 11973
6023 11974
6022 11975
6021 11976
6020 11977
6019 11978
6018 11979
6017 12037
6016 12038
6015 12039
6014 12040
6013 12041
6012 12042
6011 12043
6010 12044
6009 12045
6008 12046
6007 12047
6006 12048
6005 12049
6004 12050
6003 12051
6002 12052
6001 12053
6000 12054
5999 12055
5998 12056
5997 12057
5996 12058
5995 12059
5994 12060
5993 12061
5992 12062
5991 10820
5990 10821
5989 10822
5988 10823
5987 10824
5986 10825
5985 10826
5984 10827
5983 10828
5982 10829
5981 10830
5980 10831
5979 10832
5978 10833
5977 10834
5976 10835
5975 10836
5974 10837
5973 10838
5972 10839
5971 10840
5970 10914
5969 10915
5968 10916
5967 10917
5966 10918
5965 10919
5964 10920
5963 10921
5962 10922
5961 10923
5960 10924
5959 10925
5958 10926
5957 12071
5956 12072
5955 12073
5954 12074
5953 12075
5952 12076
5951 12077
5950 12078
5949 12079
5948 12080
5947 12081
5946 12082
5945 12083
5944 12084
5943 12085
5942 12086
5941 12087
5940 12088
5939 12089
5938 10433
5937 10434
5936 10435
5935 10436
5934 10437
5933 10438
5932 10439
5931 10440
5930 10441
5929 10442
5928 10937
5927 10938
5926 10939
5925 10940
5924 10941
5923 10942
5922 10943
5921 10944
5920 10945
5919 10946
5918 10947
5917 10948
5916 10949
5915 10950
5914 10951
5913 10952
5912 10953
5911 10954
5910 10955
5909 10956
5908 10957
5907 10958
5906 10959
5905 10960
5904 10961
5903 10962
5902 10963
5901 10964
5900 10965
5899 10966
5898 10967
5897 10968
5896 10969
5895 10970
5894 11267
5893 11268
5892 11269
5891 11270
5890 11271
5889 11272
5888 11273
5887 11274
5886 11275
5885 11276
5884 11277
5883 11278
5882 11279
5881 11280
5880 11281
5879 11282
5878 11283
5877 11284
5876 11285
5875 11286
5874 11287
5873 11288
5872 11289
5871 11290
5870 11291
5869 11292
5868 11293
5867 11294
5866 11295
5865 12111
5864 12112
5863 12113
5862 12114
5861 12115
5860 12116
5859 12117
5858 12118
5857 12119
5856 12120
5855 12121
5854 12122
5853 12123
5852 12124
5851 12125
5850 12126
5849 12968
5848 12969
5847 12970
5846 12971
5845 12972
5844 12973
5843 12974
5842 12975
5841 12976
5840 12977
5839 12978
5838 12979
5837 12980
5836 11672
5835 11673
5834 11674
5833 11675
5832 11676
5831 11677
5830 11678
5829 11679
5828 11680
5827 11681
5826 11682
5825 11683
5824 11684
5823 12164
5822 12165
5821 12166
5820 12167
5819 12168
5818 12169
5817 12170
5816 12171
5815 12172
5814 12173
5813 12174
5812 12175
5811 12176
5810 12177
5809 12178
5808 13231
5807 13232
5806 13233
5805 13234
5804 13235
5803 13236
5802 13237
5801 13238
5800 11098
5799 11099
5798 11100
5797 11101
5796 11102
5795 11103
5794 11104
5793 11105
5792 11106
5791 11107
5790 11108
5789 11698
5788 11699
5787 11700
5786 11701
5785 11702
5784 11703
5783 11704
5782 11705
5781 11706
5780 11707
5779 11708
5778 11709
5777 11710
5776 11711
5775 11712
5774 11713
5773 11714
5772 11755
5771 11756
5770 11757
5769 11758
5768 11759
5767 11760
5766 11761
5765 11762
5764 11763
5763 11764
5762 11765
5761 11766
5760 10747
5759 10748
5758 10749
5757 10750
5756 10751
5755 10752
5754 10753
5753 10754
5752 10755
5751 10756
5750 10757
5749 10758
5748 10759
5747 10328
5746 10329
5745 10330
5744 10331
5743 10332
5742 10333
5741 10334
5740 10335
5739 10336
5738 10337
5737 11879
5736 11880
5735 11881
5734 11882
5733 11883
5732 11884
5731 11885
5730 11886
5729 11887
5728 12203
5727 12204
5726 12205
5725 12206
5724 12207
5723 12208
5722 12209
5721 12210
5718 9813
5717 9814
5716 9815
5715 9816
5714 9817
5713 9818
5712 9819
5711 9820
5710 11888
5709 11889
5708 11890
5707 11891
5706 11892
5705 11893
5704 11894
5703 11895
5702 11896
5701 11897
5700 11898
5699 11899
5698 10727
5697 10728
5696 10729
5695 10730
5694 10731
5693 10732
5692 10733
5691 10734
5690 10735
5689 10736
5688 10737
5687 10738
5686 10739
5685 10740
5684 10741
5683 10742
5682 10743
5681 10744
5680 10745
5679 10746
5678 11767
5677 11768
5676 11769
5675 11770
5674 11771
5673 11772
5672 11773
5671 11774
5670 11775
5669 11776
5668 11777
5667 11778
5666 11779
5665 11780
5664 11781
5663 11782
5662 11783
5661 11784
5660 10653
5659 10654
5658 10655
5657 10656
5656 10657
5655 10658
5654 10659
5653 10660
5652 10661
5651 10662
5650 10663
5649 10664
5648 10665
5647 10666
5646 11090
5645 11091
5644 11092
5643 11093
5642 11094
5641 11095
5640 11096
5639 11097
5638 13239
5637 13240
5636 13241
5635 13242
5634 13243
5633 13244
5632 13245
5631 13246
5630 13247
5629 9507
5628 9508
5627 9509
5626 9510
5625 9511
5624 9512
5623 9513
5622 9514
5621 9515
5620 9516
5619 9517
5618 9518
5617 9519
5616 9520
5615 11685
5614 11686
5613 11687
5612 11688
5611 11689
5610 11690
5609 11691
5608 11692
5607 11693
5606 11694
5605 11695
5604 11696
5603 11697
5602 12675
5601 12676
5600 12677
5599 12678
5598 12679
5597 12680
5596 12681
5595 10534
5594 10535
5593 10536
5592 10537
5591 10538
5590 10539
5589 10540
5588 10541
5587 10542
5586 10543
5585 8067
5584 8068
5583 8069
5582 8070
5581 8071
5580 8072
5579 8073
5578 8074
5577 8075
5576 8076
5575 8077
5574 8078
5573 11296
5572 11297
5571 11298
5570 11299
5569 11300
5568 11301
5567 11302
5566 11303
5565 11304
5564 11305
5563 11306
5562 11307
5561 11308
5560 11309
5559 10466
5558 10467
5557 10468
5556 10469
5555 9354
5554 9355
5553 9356
5552 9357
5551 9358
5550 9359
5549 9360
5548 9361
5547 11051
5546 11052
5545 11053
5544 11054
5543 11055
5542 11056
5541 11057
5540 11058
5539 11059
5538 11060
5537 11061
5536 11062
5535 11063
5534 11064
5533 11065
5532 11066
5531 11067
5530 11003
5529 11004
5528 11005
5527 11006
5526 11007
5525 11008
5524 11009
5523 11566
5522 11567
5521 11568
5520 11569
5519 11570
5518 11571
5517 11572
5516 10931
5515 10932
5514 10933
5513 10934
5512 10935
5511 10936
5510 10443
5509 10444
5508 10445
5507 10446
5506 10447
5505 10448
5504 10449
5503 10450
5502 10451
5501 10452
5500 10453
5499 10454
5498 10455
5497 10456
5496 10457
5495 10458
5494 10459
5493 10460
5492 10461
5491 10462
5490 10463
5489 10464
5488 10465
5487 10895
5486 10896
5485 10897
5484 10898
5483 10899
5482 10900
5481 10901
5480 10902
5479 10903
5478 10904
5477 10905
5476 10906
5475 10907
5474 10908
5473 10909
5472 10910
5471 10911
5470 10912
5469 10913
5468 10841
5467 10842
5466 10843
5465 10844
5464 10845
5463 10846
5462 10847
5461 10848
5460 10849
5459 10850
5458 10851
5457 10852
5456 10853
5455 10854
5454 10855
5453 10856
5452 10857
5451 10858
5450 10859
5449 10860
5448 10861
5447 10862
5446 10863
5445 9944
5444 9945
5443 9946
5442 9947
5441 9948
5440 9949
5439 9950
5438 9951
5437 9952
5436 9953
5435 9954
5434 9955
5433 9956
5432 9957
5431 9958
5430 9959
5429 9201
5428 9202
5427 9203
5426 9204
5425 9205
5424 9206
5423 9207
5422 9208
5421 9209
5420 9210
5419 9211
5418 9212
5417 9213
5416 9214
5415 9215
5414 12015
5413 12016
5412 12017
5411 12018
5410 12019
5409 12020
5408 12021
5407 12022
5406 12023
5405 12024
5404 12025
5403 12026
5402 12027
5401 12028
5400 9623
5399 9624
5398 9625
5397 9626
5396 9627
5395 9628
5394 9629
5393 9630
5392 9631
5391 10371
5390 10372
5389 10373
5388 10374
5387 10375
5386 10376
5385 10377
5384 10378
5383 10379
5382 10380
5381 10381
5380 10382
5379 10383
5378 10384
5377 10385
5376 10386
5375 10387
5374 10388
5373 10389
5372 10390
5371 10391
5370 10392
5369 10393
5368 10394
5367 10395
5366 10396
5365 10397
5364 10398
5363 10760
5362 10761
5361 10762
5360 10763
5359 10764
5358 10765
5357 10766
5356 10767
5355 10768
5354 10769
5353 10770
5352 10771
5351 10772
5348 11450
5347 11451
5346 11452
5345 11453
5344 11454
5343 11455
5342 11456
5341 11457
5340 11458
5339 11459
5338 11460
5337 11461
5336 11462
5335 11463
5334 11464
5333 11465
5332 11466
5331 11467
5330 11468
5329 11469
5328 11470
5327 11471
5326 9140
5325 9141
5324 9142
5323 9143
5322 9144
5321 9145
5320 9146
5319 10364
5318 10365
5317 10366
5316 10367
5315 10368
5314 10369
5313 10370
5312 9632
5311 9633
5310 9634
5309 9635
5308 9636
5307 9637
5306 9638
5305 9639
5304 9640
5303 9641
5302 9642
5301 9643
5300 9644
5299 9645
5298 9646
5297 9647
5296 9648
5295 9649
5294 9650
5293 9188
5292 9189
5291 9190
5290 9191
5289 9192
5288 9193
5287 9194
5286 9195
5285 9196
5284 9197
5283 9198
5282 9199
5281 9200
5280 9960
5279 9961
5278 9962
5277 9963
5276 9964
5275 9965
5274 9966
5273 9967
5272 9968
5271 9969
5270 9216
5269 9217
5268 9218
5267 9219
5266 9220
5265 9221
5264 9222
5263 9223
5262 9224
5261 9225
5260 9226
5259 9227
5258 9228
5257 9229
5256 9230
5255 9231
5254 9232
5253 9233
5252 9234
5251 9293
5250 9294
5249 9295
5248 9296
5247 9297
5246 9298
5245 9299
5244 9300
5243 9301
5242 9302
5241 9303
5240 9304
5239 9305
5238 9306
5237 9307
5236 9308
5235 9309
5234 9310
5233 9311
5232 9312
5231 9313
5230 10409
5229 10410
5228 10411
5227 10412
5226 10413
5225 10414
5224 10415
5223 10416
5222 10417
5221 10418
5220 10419
5219 10420
5218 10421
5217 10422
5216 10423
5215 10424
5214 11555
5213 11556
5212 11557
5211 11558
5210 11559
5209 11560
5208 11561
5207 11562
5206 11563
5205 11564
5204 11565
5203 11010
5202 11011
5201 11012
5200 11013
5199 11014
5198 11015
5197 11016
5196 11017
5195 11018
5194 11019
5193 11020
5192 11021
5191 11022
5190 11023
5189 11024
5188 9343
5187 9344
5186 9345
5185 9346
5184 9347
5183 9348
5182 9349
5181 9350
5180 9351
5179 9352
5178 9353
5177 10470
5176 10471
5175 10472
5174 10473
5173 10474
5172 10475
5171 10476
5170 10477
5169 10478
5168 10479
5167 10480
5166 10481
5165 10482
5164 10483
5163 10484
5162 10485
5161 10486
5160 10487
5159 10488
5158 9390
5157 9391
5156 9392
5155 9393
5154 9394
5153 9395
5152 9396
5151 10526
5150 10527
5149 10528
5148 10529
5147 10530
5146 10531
5145 10532
5144 10533
5143 12682
5142 12683
5141 9413
5140 9414
5139 9415
5138 9416
5137 9417
5136 9418
5135 9419
5134 9420
5133 9421
5132 9422
5131 9423
5130 9424
5129 9425
5128 9426
5127 9427
5126 9428
5125 9497
5124 9498
5123 9499
5122 9500
5121 9501
5120 9502
5119 9503
5118 9504
5117 9505
5116 9506
5115 10584
5114 10585
5113 10586
5112 10587
5111 10588
5110 10589
5109 11739
5108 11740
5107 11741
5106 11742
5105 11743
5104 11744
5103 11745
5102 11746
5101 11747
5100 10644
5099 10645
5098 10646
5097 10647
5096 10648
5095 10649
5094 10650
5093 10651
5092 10652
5091 11785
5090 11786
5089 11787
5088 11788
5087 11789
5086 11790
5085 11791
5084 11792
5083 11793
5082 11794
5081 11795
5080 11796
5079 11797
5078 11798
5077 11799
5076 11800
5075 11801
5074 11802
5073 11803
5072 11804
5071 11805
5070 11806
5069 11807
5068 10717
5067 10718
5066 10719
5065 10720
5064 10721
5063 10722
5062 10723
5061 10724
5060 10725
5059 10726
5058 11900
5057 11901
5056 11902
5055 11903
5054 11904
5053 11905
5052 11906
5051 9798
5050 9799
5049 9800
5048 9801
5047 9802
5046 9803
5045 9804
5044 9805
5043 9806
5042 9807
5041 9808
5038 9787
5037 9788
5036 9789
5035 9790
5034 9791
5033 9792
5032 9793
5031 9794
5030 9795
5029 9796
5028 9797
5027 11907
5026 11908
5025 11909
5024 11910
5023 11911
5022 11912
5021 11913
5020 11914
5019 11915
5018 11916
5017 11917
5016 11918
5015 11919
5014 11920
5013 11921
5012 8288
5011 8289
5010 8290
5009 8291
5008 8292
5007 8293
5006 8294
5005 8295
5004 8296
5003 8297
5002 8298
5001 8299
5000 8300
4999 8301
4998 8302
4997 8303
4996 8304
4995 8305
4994 9521
4993 9522
4992 9523
4991 9524
4990 9525
4989 9526
4988 9527
4987 9528
4986 9529
4985 9530
4984 9531
4983 9532
4982 9533
4981 9534
4980 9535
4979 9536
4978 9537
4977 9538
4976 9539
4975 9476
4974 9477
4973 9478
4972 9479
4971 9480
4970 9481
4969 9482
4968 9483
4967 9484
4966 9485
4965 9486
4964 9487
4963 9488
4962 9489
4961 9490
4960 9491
4959 9492
4958 9493
4957 9494
4956 9495
4955 9496
4954 9429
4953 9430
4952 9431
4951 9432
4950 9433
4949 9434
4948 9435
4947 9436
4946 9437
4945 9438
4944 9439
4943 9440
4942 9441
4941 9370
4940 9371
4939 9372
4938 9373
4937 9374
4936 9375
4935 9376
4934 9377
4933 9378
4932 9379
4931 9380
4930 9381
4929 9382
4928 9383
4927 9384
4926 9385
4925 9386
4924 9387
4923 9388
4922 9389
4921 10489
4920 10490
4919 10491
4918 10492
4917 10493
4916 10494
4915 10495
4914 10496
4913 10497
4912 10498
4911 10499
4910 10500
4909 10501
4908 10502
4907 8199
4906 8200
4905 8201
4904 8202
4903 8203
4902 8204
4901 8205
4900 8206
4899 9335
4898 9336
4897 9337
4896 9338
4895 9339
4894 9340
4893 9341
4892 9342
4891 11025
4890 11026
4889 11027
4888 11028
4887 11029
4886 11030
4885 11031
4884 11032
4883 11033
4882 11034
4881 11035
4880 11036
4879 11037
4878 11038
4877 11039
4876 11040
4875 11041
4874 11042
4873 11043
4872 11044
4871 11045
4870 11046
4869 11047
4868 11048
4867 11049
4866 11050
4865 7090
4864 7091
4863 7092
4862 7093
4861 7094
4860 7095
4859 7096
4858 7097
4857 8498
4856 8499
4855 8500
4854 8501
4853 8502
4852 8503
4851 8504
4850 8505
4849 9314
4848 9315
4847 9316
4846 9317
4845 9276
4844 9277
4843 9278
4842 9279
4841 9280
4840 9281
4839 9282
4838 9283
4837 9284
4836 9285
4835 9286
4834 9287
4833 9288
4832 9289
4831 9290
4830 9291
4829 9292
4828 9235
4827 9236
4826 9237
4825 9238
4824 9239
4823 9240
4822 9241
4821 9242
4820 9243
4819 9244
4818 9245
4817 9246
4816 9247
4815 9898
4814 9899
4813 9900
4812 9901
4811 9902
4810 9903
4809 9904
4808 9905
4807 9906
4806 9907
4805 9908
4804 9909
4803 9910
4802 9172
4801 9173
4800 9174
4799 9175
4798 9176
4797 9177
4796 9178
4795 9179
4794 9180
4793 9181
4792 9182
4791 9183
4790 9184
4789 9185
4788 9186
4787 9187
4786 9651
4785 9652
4784 9653
4783 9654
4782 9655
4781 9656
4780 9657
4779 6803
4778 6804
4777 6805
4776 9117
4775 9118
4774 9119
4773 9120
4772 9121
4771 9122
4770 9123
4769 9124
4768 9125
4767 9126
4766 9127
4765 9128
4764 9129
4763 9130
4762 9131
4761 9132
4760 9133
4759 9134
4758 9135
4757 9136
4756 9137
4755 9138
4754 9139
4753 8117
4752 8118
4751 8119
4750 8120
4749 8121
4748 8122
4747 8123
4746 8124
4745 8125
4744 8126
4743 8127
4742 8128
4741 8129
4740 8130
4739 9115
4738 9116
4737 9097
4736 9098
4735 9099
4734 9100
4733 9101
4732 9102
4729 10807
4728 10808
4727 10809
4726 10810
4725 10811
4724 10812
4723 10813
4722 10814
4721 10815
4720 10816
4719 10817
4718 10818
4717 10819
4716 9565
4715 9566
4714 9567
4713 9568
4712 9569
4711 9570
4710 9571
4709 9572
4708 9573
4707 9574
4706 9575
4705 9576
4704 11171
4703 11172
4702 11173
4701 11174
4700 11175
4699 11176
4698 11177
4697 11178
4696 11179
4695 9607
4694 9608
4693 9609
4692 9610
4691 9611
4690 9612
4689 9613
4688 9614
4687 9615
4686 9616
4685 9617
4684 9618
4683 9619
4682 9620
4681 9621
4680 9622
4679 9658
4678 9659
4677 9660
4676 9661
4675 9662
4674 9663
4673 9664
4672 9665
4671 9717
4670 9718
4669 9719
4668 9720
4667 9721
4666 9722
4665 9723
4664 9724
4663 9725
4662 9726
4661 9727
4660 9728
4659 9729
4658 9730
4657 9731
4656 9732
4655 9733
4654 9734
4653 9735
4652 9736
4651 9877
4650 9878
4649 9879
4648 9880
4647 9881
4646 9882
4645 9883
4644 9884
4643 9885
4642 9886
4641 9887
4640 9888
4639 9889
4638 9890
4637 9891
4636 9892
4635 9893
4634 9894
4633 9895
4632 9896
4631 9897
4630 9248
4629 9249
4628 9250
4627 9251
4626 9252
4625 9253
4624 9254
4623 9255
4622 9256
4621 9257
4620 9258
4619 9259
4618 9260
4617 9261
4616 9262
4615 9263
4614 9264
4613 9265
4612 9266
4611 6979
4610 6980
4609 6981
4608 6982
4607 6983
4606 6984
4605 6985
4604 6986
4603 6987
4602 6988
4601 6989
4600 6990
4599 6991
4598 9999
4597 10000
4596 10001
4595 10002
4594 10003
4593 10004
4592 10005
4591 10006
4590 8487
4589 8488
4588 8489
4587 8490
4586 8491
4585 8492
4584 8493
4583 8494
4582 8495
4581 8496
4580 8497
4579 8506
4578 8507
4577 8508
4576 8509
4575 8510
4574 8511
4573 8512
4572 8513
4571 8514
4570 8515
4569 8516
4568 8517
4567 8518
4566 8519
4565 8520
4564 8521
4563 8522
4562 8523
4561 8524
4560 8525
4559 8526
4558 8574
4557 8575
4556 8576
4555 8577
4554 8578
4553 8579
4552 8580
4551 8581
4550 8582
4549 8583
4548 8584
4547 8585
4546 8586
4545 9318
4544 9319
4543 9320
4542 9321
4541 9322
4540 9323
4539 9324
4538 9325
4537 9326
4536 9327
4535 9328
4534 9329
4533 9330
4532 9331
4531 9332
4530 9333
4529 9334
4528 8207
4527 8208
4526 8209
4525 8210
4524 8211
4523 8212
4522 8213
4521 8214
4520 8215
4519 8216
4518 8217
4517 8218
4516 8219
4515 10109
4514 10110
4513 10111
4512 10112
4511 10113
4510 10114
4509 10115
4508 10116
4507 10117
4506 8683
4505 8684
4504 8685
4503 8686
4502 8687
4501 8688
4500 8689
4499 8690
4498 8691
4497 8692
4496 8693
4495 8694
4494 8695
4493 8696
4492 8697
4491 8698
4490 8699
4489 8700
4488 8701
4487 8702
4486 8703
4485 9362
4484 9363
4483 9364
4482 9365
4481 9366
4480 9367
4479 9368
4478 9369
4477 9442
4476 9443
4475 9444
4474 9445
4473 9446
4472 9447
4471 9448
4470 9449
4469 9450
4468 9451
4467 9452
4466 9453
4465 9454
4464 9455
4463 9456
4462 9457
4461 9458
4460 9459
4459 9460
4458 9461
4457 9462
4456 9463
4455 9464
4454 9465
4453 9466
4452 9467
4451 10262
4450 10263
4449 10264
4448 10265
4447 10266
4446 10267
4445 10268
4444 10269
4443 9468
4442 9469
4441 9470
4440 9471
4439 9472
4438 9473
4437 9474
4436 9475
4435 9540
4434 9541
4433 9542
4432 9543
4431 9544
4430 9545
4429 9546
4428 9547
4427 9548
4426 9549
4425 9550
4424 9551
4423 9552
4422 9553
4421 9554
4420 9555
4419 11417
4418 11418
4417 11419
4416 11420
4415 11421
4414 11422
4413 11423
4412 11424
4411 8306
4410 8307
4409 8308
4408 8309
4407 8310
4406 8311
4405 8312
4404 8313
4403 8314
4402 8315
4401 8835
4400 8836
4399 8837
4398 8838
4397 8839
4396 8840
4395 8841
4394 8842
4393 8843
4392 8844
4391 8845
4390 8846
4389 8847
4388 8848
4387 8849
4386 8850
4385 8851
4384 8852
4383 8853
4382 8854
4381 8855
4380 9764
4379 9765
4378 9766
4377 9767
4376 9768
4375 9769
4374 9770
4373 9771
4372 9772
4371 9773
4370 9774
4369 9775
4368 9776
4367 9777
4366 9778
4365 9779
4364 9780
4363 9781
4362 9782
4359 9086
4358 9087
4357 9088
4356 9089
4355 9090
4354 9091
4353 8336
4352 8337
4351 8338
4350 8339
4349 8340
4348 8341
4347 8342
4346 8343
4345 8344
4344 8345
4343 8346
4342 8347
4341 8348
4340 8856
4339 8857
4338 8858
4337 8859
4336 8860
4335 8861
4334 8862
4333 8863
4332 8864
4331 8865
4330 8866
4329 8867
4328 8868
4327 8827
4326 8828
4325 8829
4324 8830
4323 8831
4322 8832
4321 8833
4320 8834
4319 8791
4318 8792
4317 8793
4316 8794
4315 8795
4314 8796
4313 8797
4312 8798
4311 8799
4310 8800
4309 8801
4308 8802
4307 8803
4306 8220
4305 8221
4304 8222
4303 8223
4302 8224
4301 8225
4300 8226
4299 8227
4298 8228
4297 8229
4296 8230
4295 8231
4294 8232
4293 8233
4292 8234
4291 8235
4290 7379
4289 7380
4288 7381
4287 7382
4286 7383
4285 7384
4284 7385
4283 7386
4282 7387
4281 7388
4280 7389
4279 7390
4278 7391
4277 10270
4276 10271
4275 10272
4274 10273
4273 10274
4272 10275
4271 10276
4270 10277
4269 10278
4268 10279
4267 10280
4266 10281
4265 10282
4264 8731
4263 8732
4262 8733
4261 8734
4260 8735
4259 8736
4258 8737
4257 8738
4256 8739
4255 8740
4254 8741
4253 8742
4252 8743
4251 8744
4250 8745
4249 8746
4248 8747
4247 8748
4246 8749
4245 8750
4244 8751
4243 10173
4242 10174
4241 10175
4240 10176
4239 10177
4238 10178
4237 10179
4236 10180
4235 8704
4234 8705
4233 8706
4232 8707
4231 8708
4230 8709
4229 8710
4228 8711
4227 8712
4226 10522
4225 10523
4224 10524
4223 10525
4222 8675
4221 8676
4220 8677
4219 8678
4218 8679
4217 8680
4216 8681
4215 8682
4214 10118
4213 10119
4212 10120
4211 8161
4210 8162
4209 8163
4208 8164
4207 8165
4206 8166
4205 8167
4204 8168
4203 8169
4202 8170
4201 8171
4200 8172
4199 8173
4198 8174
4197 8175
4196 8176
4195 8177
4194 8178
4193 8179
4192 8180
4191 8181
4190 8182
4189 8183
4188 8184
4187 8185
4186 8615
4185 8616
4184 8617
4183 8618
4182 8619
4181 8620
4180 8621
4179 8622
4178 8623
4177 8624
4176 8625
4175 8626
4174 8627
4173 8628
4172 8629
4171 8565
4170 8566
4169 8567
4168 8568
4167 8569
4166 8570
4165 8571
4164 8572
4163 8573
4162 8527
4161 8528
4160 8529
4159 8530
4158 8531
4157 8532
4156 8533
4155 8534
4154 8535
4153 8536
4152 8537
4151 8538
4150 8539
4149 8540
4148 8541
4147 8542
4146 7599
4145 7600
4144 7601
4143 7602
4142 7603
4141 7604
4140 7605
4139 7606
4138 8479
4137 8480
4136 8481
4135 8482
4134 8483
4133 8484
4132 8485
4131 8486
4130 10007
4129 10008
4128 10009
4127 10010
4126 10011
4125 10012
4124 10013
4123 10014
4122 6966
4121 6967
4120 6968
4119 6969
4118 6970
4117 6971
4116 6972
4115 6973
4114 6974
4113 6975
4112 6976
4111 6977
4110 6978
4109 9267
4108 9268
4107 9269
4106 9270
4105 9271
4104 9272
4103 9273
4102 9274
4101 9275
4100 8416
4099 8417
4098 8418
4097 8419
4096 8420
4095 8421
4094 8422
4093 8423
4092 8424
4091 8425
4090 8426
4089 8427
4088 8428
4087 8429
4086 8430
4085 8431
4084 8432
4083 7534
4082 7535
4081 7536
4080 7537
4079 7538
4078 7539
4077 7540
4076 7541
4075 7542
4074 7543
4073 7544
4072 7545
4071 7546
4070 7547
4069 7548
4068 7549
4067 7550
4066 7551
4065 7510
4064 7511
4063 7512
4062 7513
4061 7514
4060 7515
4059 7516
4058 7517
4057 7518
4056 7519
4055 7520
4025 11180
4024 11181
4023 11182
4022 11183
4021 11184
4020 11185
4019 11186
4018 11187
4017 11188
4016 11189
4015 11190
4014 11191
4013 11192
4012 11193
4011 11194
4010 11195
4009 11196
4008 11197
4007 8349
4006 8350
4005 8351
4004 8352
4003 8353
4002 8354
4001 8355
4000 8356
3999 8357
3998 8358
3997 8359
3996 8360
3995 8361
3994 8362
3993 8363
3992 8364
3989 9107
3988 9108
3987 9109
3986 9110
3985 9111
3984 9112
3983 9113
3982 9114
3981 8131
3980 8132
3979 8133
3978 8134
3977 8135
3976 8136
3975 8137
3974 8138
3973 8139
3972 8140
3971 8141
3970 8142
3969 8143
3968 8144
3967 8145
3966 8146
3965 8147
3964 8148
3963 8149
3962 8150
3961 8151
3960 8152
3959 8153
3958 8154
3957 8155
3956 8156
3955 6789
3954 6790
3953 6791
3952 6792
3951 6793
3950 6794
3949 6795
3948 6796
3947 6797
3946 6798
3945 6799
3944 6800
3943 6801
3942 6802
3941 6806
3940 6807
3939 6808
3938 6809
3937 6810
3936 6811
3935 6812
3934 6877
3933 6878
3932 6879
3931 6880
3930 6881
3929 6882
3928 6883
3927 6884
3926 6885
3925 6886
3924 6887
3923 6888
3922 6889
3921 6890
3920 6891
3919 6892
3918 9911
3917 9912
3916 6893
3915 6894
3914 6895
3913 6896
3912 6897
3911 6898
3910 6899
3909 6900
3908 6901
3907 6902
3906 6903
3905 6904
3904 6905
3903 6906
3902 6907
3901 6908
3900 6909
3899 6910
3898 6911
3897 6912
3896 6913
3895 6914
3894 6915
3893 6916
3892 6953
3891 6954
3890 6955
3889 6956
3888 6957
3887 6958
3886 6959
3885 6960
3884 6961
3883 6962
3882 6963
3881 6964
3880 6965
3879 10015
3878 10016
3877 7006
3876 7007
3875 7008
3874 7009
3873 7010
3872 7011
3871 7012
3870 7075
3869 7076
3868 7077
3867 7078
3866 7079
3865 7080
3864 7081
3863 7082
3862 7083
3861 7084
3860 7085
3859 7086
3858 7087
3857 7088
3856 7089
3855 7098
3854 7099
3853 7100
3852 7101
3851 7102
3850 7103
3849 7104
3848 7105
3847 7106
3846 7107
3845 7108
3844 7109
3843 7110
3842 7111
3841 7112
3840 7113
3839 7174
3838 7175
3837 7176
3836 7177
3835 7178
3834 7179
3833 7180
3832 7181
3831 7182
3830 7183
3829 7184
3828 7185
3827 7186
3826 8186
3825 8187
3824 8188
3823 8189
3822 8190
3821 8191
3820 8192
3819 8193
3818 8194
3817 8195
3816 8196
3815 8197
3814 8198
3813 10503
3812 10504
3811 10505
3810 10506
3809 10507
3808 10508
3807 10509
3806 10510
3805 10511
3804 10512
3803 10513
3802 10514
3801 10515
3800 10516
3799 10517
3798 10518
3797 10519
3796 10520
3795 10521
3794 8713
3793 8714
3792 8715
3791 8716
3790 8717
3789 8718
3788 8719
3787 8720
3786 8721
3785 8722
3784 8723
3783 8724
3782 8725
3781 8726
3780 8727
3779 8728
3778 8729
3777 8730
3776 7313
3775 7314
3774 7315
3773 7316
3772 7317
3771 7318
3770 7295
3769 7296
3768 7297
3767 7298
3766 7299
3765 7300
3764 7328
3763 7329
3762 7330
3761 7331
3760 7332
3759 7333
3758 7334
3757 7335
3756 7336
3755 7367
3754 7368
3753 7369
3752 7370
3751 7371
3750 7372
3749 7373
3748 7374
3747 7375
3746 7376
3745 7377
3744 7378
3743 8236
3742 8237
3741 8238
3740 8239
3739 8240
3738 8241
3737 8242
3736 8243
3735 8244
3734 7424
3733 7425
3732 7426
3731 8266
3730 8267
3729 8268
3728 8269
3727 8270
3726 8271
3725 8272
3724 8273
3723 8274
3722 8275
3721 8276
3720 8277
3719 8278
3718 8279
3717 8280
3716 8281
3715 8282
3714 8283
3713 8284
3712 8285
3711 8286
3710 8287
3709 8316
3708 8317
3707 8318
3706 8319
3705 8320
3704 8321
3703 8322
3702 8323
3701 8324
3700 8325
3699 8326
3698 8327
3697 8328
3696 8329
3695 8330
3694 8331
3693 8332
3692 8333
3691 8334
3690 8335
3689 9092
3688 9093
3687 9094
3686 9095
3685 9096
3682 7465
3681 7466
3680 7467
3679 7447
3678 7448
3677 7449
3676 7450
3675 7451
3674 7427
3673 7428
3672 7429
3671 7430
3670 7431
3669 7432
3668 7433
3667 7434
3666 7435
3665 7392
3664 7393
3663 7394
3662 7395
3661 7396
3660 7397
3659 7398
3658 7399
3657 7400
3656 7401
3655 7402
3654 7403
3653 7404
3652 7405
3651 7406
3650 7407
3649 7408
3648 7409
3647 7410
3646 7411
3645 7412
3644 7413
3643 7414
3642 7415
3641 7416
3640 7417
3639 7418
3638 7419
3637 7420
3636 7421
3635 7422
3634 7423
3633 8245
3632 8246
3631 8247
3630 8248
3629 8249
3628 8250
3627 8251
3626 8252
3625 8253
3624 8254
3623 8255
3622 7357
3621 7358
3620 7359
3619 7360
3618 7361
3617 7362
3616 7363
3615 7364
3614 7365
3613 7366
3612 7319
3611 7320
3610 7321
3609 7322
3608 7323
3607 7324
3606 7325
3605 7326
3604 7327
3603 7301
3602 7302
3601 7303
3600 7304
3599 7305
3598 7306
3597 7307
3596 7308
3595 7309
3594 7310
3593 7311
3592 7312
3591 7243
3590 7244
3589 7245
3588 7246
3587 7247
3586 7248
3585 7249
3584 7250
3583 7251
3582 7252
3581 7253
3580 7221
3579 7222
3578 7223
3577 7224
3576 7225
3575 7226
3574 7227
3573 7228
3572 7229
3571 7230
3570 7203
3569 7204
3568 7205
3567 7206
3566 7207
3565 7208
3564 7209
3563 7210
3562 7211
3561 7212
3560 7213
3559 7214
3558 7215
3557 7216
3556 7217
3555 7218
3554 7219
3553 7220
3552 7151
3551 7152
3550 7153
3549 7154
3548 7155
3547 7156
3546 7157
3545 7158
3544 7159
3543 7160
3542 7161
3541 7162
3540 7163
3539 7164
3538 7165
3537 7166
3536 7167
3535 7168
3534 7169
3533 7170
3532 7171
3531 7172
3530 7173
3529 7114
3528 7115
3527 7116
3526 7117
3525 7118
3524 7119
3523 7120
3522 7121
3521 7122
3520 7123
3519 8556
3518 8557
3517 7056
3516 7057
3515 7058
3514 7059
3513 7060
3512 7061
3511 7062
3510 7063
3509 7064
3508 7065
3507 7066
3506 7067
3505 7068
3504 7069
3503 7070
3502 7071
3501 7072
3500 7073
3499 7074
3498 7013
3497 7014
3496 7015
3495 7016
3494 7017
3493 7018
3492 7019
3491 7020
3490 7021
3489 7022
3488 7023
3487 7024
3486 7025
3485 8991
3484 8992
3483 6947
3482 6948
3481 6949
3480 6950
3479 6951
3478 6952
3477 6917
3476 6918
3475 6919
3474 6920
3473 6921
3472 6922
3471 6923
3470 6924
3469 8446
3468 8447
3467 8448
3466 8449
3465 8450
3464 8451
3463 8452
3462 8453
3461 8454
3460 8455
3459 8456
3458 8457
3457 8458
3456 6856
3455 6857
3454 6858
3453 6859
3452 6860
3451 6861
3450 6862
3449 6863
3448 6864
3447 6865
3446 6866
3445 6867
3444 6868
3443 6869
3442 6870
3441 6871
3440 6872
3439 6873
3438 6874
3437 6875
3436 6876
3435 6813
3434 6814
3433 6815
3432 6816
3431 6817
3430 6818
3429 6819
3428 6820
3427 6821
3426 6822
3425 6823
3424 6824
3423 6825
3422 6781
3421 6782
3420 6783
3419 6784
3418 6785
3417 6786
3416 6787
3415 6788
3414 8157
3413 8158
3412 8159
3411 8160
3410 6748
3409 6749
3408 6750
3407 6751
3406 6752
3405 6753
3404 6754
3403 6755
3402 6756
3401 6727
3400 6728
3399 6729
3398 6730
3397 6731
3396 6732
3395 6733
3394 6734
3393 6735
3392 6736
3391 6737
3390 6738
3389 6739
3388 6740
3387 6741
3386 6742
3385 6743
3384 6744
3383 6745
3382 6746
3381 6747
3378 8399
3377 8400
3376 8401
3375 8402
3374 8403
3373 8404
3372 8405
3371 8406
3370 8407
3369 8408
3368 6714
3367 6715
3366 6716
3365 6717
3364 6718
3363 6719
3362 6720
3361 6721
3360 6722
3359 6723
3358 6724
3357 6725
3356 6726
3355 6757
3354 6758
3353 6759
3352 6760
3351 6761
3350 6762
3349 6763
3348 6764
3347 6765
3346 6766
3345 6767
3344 6768
3343 6769
3342 6770
3341 6771
3340 6772
3339 6773
3338 6774
3337 6775
3336 6776
3335 6777
3334 6778
3333 6779
3332 6780
3331 6826
3330 6827
3329 6828
3328 6829
3327 6830
3326 6831
3325 6832
3324 6833
3323 6834
3322 6835
3321 6836
3320 6837
3319 7468
3318 7469
3317 7470
3316 7471
3315 7472
3314 7473
3313 7474
3312 7475
3311 7476
3310 7477
3309 7478
3308 7479
3307 7480
3306 7481
3305 7482
3304 7483
3303 7484
3302 7485
3301 7486
3300 7487
3299 7521
3298 7522
3297 7523
3296 7524
3295 7525
3294 7526
3293 7527
3292 7528
3291 7529
3290 7530
3289 7531
3288 7532
3287 7533
3286 8433
3285 8434
3284 8435
3283 8436
3282 8437
3281 8438
3280 8439
3279 8440
3278 8441
3277 8442
3276 8443
3275 8444
3274 8445
3273 6925
3272 6926
3271 6927
3270 6928
3269 6929
3268 6930
3267 6931
3266 6932
3265 6933
3264 8979
3263 8980
3262 8981
3261 8982
3260 8983
3259 8984
3258 8985
3257 8986
3256 8987
3255 8988
3254 8989
3253 8990
3252 7026
3251 7027
3250 7028
3249 7029
3248 7030
3247 7031
3246 7032
3245 7033
3244 7034
3243 7035
3242 7036
3241 7037
3240 7038
3239 7039
3238 7040
3237 7041
3236 7586
3235 7587
3234 7588
3233 7589
3232 7590
3231 7591
3230 7592
3229 7593
3228 7594
3227 7595
3226 7596
3225 7597
3224 7598
3223 8543
3222 8544
3221 8545
3220 8546
3219 8547
3218 8548
3217 8549
3216 8550
3215 8551
3214 8552
3213 8553
3212 8554
3211 8555
3210 7124
3209 7125
3208 7126
3207 7127
3206 7128
3205 7129
3204 7130
3203 7131
3202 7132
3201 7133
3200 7134
3199 7135
3198 7136
3197 7137
3196 7138
3195 7139
3194 8654
3193 8655
3192 8656
3191 8657
3190 8658
3189 8659
3188 8660
3187 8661
3186 8662
3185 8663
3184 8664
3183 8665
3182 8666
3181 8667
3180 8668
3179 8669
3178 8670
3177 8671
3176 8672
3175 8673
3174 8674
3173 9036
3172 9037
3171 9038
3170 9039
3169 9040
3168 9041
3167 9042
3166 9043
3165 9044
3164 9045
3163 7187
3162 7188
3161 7189
3160 7190
3159 7191
3158 7192
3157 7193
3156 7194
3155 7195
3154 7196
3153 7197
3152 7198
3151 7199
3150 7200
3149 7201
3148 7202
3147 7231
3146 7232
3145 7233
3144 7234
3143 7235
3142 7236
3141 7237
3140 7238
3139 7239
3138 7240
3137 7241
3136 7242
3135 7254
3134 7255
3133 7256
3132 7257
3131 7258
3130 7259
3129 7260
3128 7261
3127 7262
3126 7263
3125 7264
3124 7265
3123 7266
3122 7267
3121 7268
3120 7619
3119 7620
3118 7621
3117 7622
3116 7623
3115 7624
3114 7625
3113 7626
3112 7627
3111 8783
3110 8784
3109 8785
3108 8786
3107 8787
3106 8788
3105 8789
3104 8790
3103 7337
3102 7338
3101 7339
3100 7340
3099 7341
3098 7342
3097 7343
3096 7344
3095 7345
3094 7346
3093 7347
3092 7348
3091 7349
3090 7350
3089 7351
3088 7352
3087 7353
3086 7354
3085 7355
3084 7356
3083 8256
3082 8257
3081 8258
3080 8259
3079 8260
3078 8261
3077 8262
3076 8263
3075 8264
3074 8265
3073 7633
3072 7634
3071 7635
3070 7636
3069 7637
3068 7638
3067 7671
3066 7672
3065 7673
3064 7674
3063 7675
3062 7676
3061 7677
3060 7678
3059 7679
3058 7691
3057 7692
3056 7693
3055 7694
3054 7695
3053 7696
3052 7697
3051 7698
3050 7699
3049 7700
3048 7712
3047 7713
3046 7714
3045 7715
3044 7716
3043 7717
3042 7718
3041 7719
3040 7720
3039 7762
3038 7763
3037 7764
3036 7765
3035 7766
3034 7767
3033 7768
3032 7769
3031 7436
3030 7437
3029 7438
3028 7439
3027 7440
3026 7441
3025 7442
3024 7443
3023 7444
3022 7445
3021 7446
3020 7452
3019 7453
3018 7454
3017 7455
3016 7456
3015 7457
3014 7458
3013 7459
3012 7460
3009 7731
3008 7732
3007 7733
3005 3006
3004 7736
3003 7737
3002 7738
3001 7739
3000 7740
2999 7741
2998 7742
2997 7743
2995 2996
2994 7746
2993 7747
2992 7748
2991 7749
2990 7750
2989 7751
2988 7752
2987 7753
2986 7754
2984 2985
2983 7757
2982 7758
2981 7759
2980 7760
2979 7761
2978 7721
2977 7722
2975 2976
2974 7725
2973 7726
2972 7727
2971 7728
2970 7729
2969 7730
2968 7701
2967 7702
2965 2966
2964 7705
2963 7706
2962 7707
2961 7708
2960 7709
2959 7710
2958 7711
2957 7680
2955 2956
2954 7683
2953 7684
2952 7685
2951 7686
2950 7687
2948 2949
2947 7690
2946 7639
2945 7640
2944 7641
2943 7642
2941 2942
2940 7645
2939 7646
2938 7647
2937 7648
2935 2936
2934 7651
2933 7652
2928 2929
2922 2923
2916 2917
2909 2910
2907 8079
2906 8080
2905 8081
2904 8082
2903 8083
2902 8084
2901 8776
2900 8777
2899 8778
2897 2898
2896 8781
2895 8782
2894 7628
2893 7629
2891 2892
2890 7632
2889 7613
2888 7614
2887 7615
2886 7616
2884 2885
2883 7269
2882 7270
2881 7271
2880 7272
2879 7273
2877 2878
2876 7276
2875 7277
2874 7278
2873 7279
2872 7280
2870 2871
2869 7283
2868 7284
2867 7285
2866 7286
2865 7287
2863 2864
2862 7290
2861 7291
2860 7292
2859 7293
2858 7294
2856 2857
2855 8021
2854 8022
2853 8023
2852 8024
2851 8025
2850 8026
2848 2849
2847 7999
2846 8000
2845 8001
2844 8002
2842 2843
2841 8005
2840 8006
2839 8007
2838 9019
2837 9020
2835 2836
2834 9023
2833 9024
2832 9025
2831 9026
2829 2830
2828 9029
2827 9030
2826 9031
2825 9032
2824 9033
2822 2823
2821 7940
2820 7941
2819 7942
2818 7943
2816 2817
2815 7946
2814 7947
2813 7948
2812 7949
2811 7950
2809 2810
2808 7953
2807 8644
2806 8645
2805 8646
2804 8647
2802 2803
2801 8650
2800 8651
2799 8652
2798 8653
2797 7140
2796 7141
2795 7142
2794 7143
2792 2793
2791 7146
2790 7147
2789 7148
2788 7149
2787 7150
2785 2786
2784 7925
2783 7926
2782 7927
2781 7928
2779 2780
2778 7931
2777 7932
2776 7933
2775 7558
2773 2774
2772 7561
2771 7562
2770 7563
2769 7564
2768 7565
2766 2767
2765 7568
2764 7569
2763 7570
2762 7571
2760 2761
2759 7574
2758 7575
2757 7576
2756 7577
2754 2755
2753 7580
2752 7581
2751 7582
2750 7583
2748 2749
2747 7042
2746 7043
2745 7044
2744 7045
2743 7046
2742 7047
2741 7048
2740 7049
2739 7050
2737 2738
2736 7053
2735 7054
2734 7055
2733 8961
2731 2732
2730 8964
2729 8965
2728 8966
2727 8967
2725 2726
2724 8970
2723 8971
2722 8972
2721 8973
2719 2720
2718 8976
2717 8977
2716 8978
2715 6934
2714 6935
2712 2713
2711 6938
2710 6939
2709 6940
2708 6941
2706 2707
2705 6944
2704 6945
2703 6946
2702 7912
2700 2701
2699 7915
2698 7916
2697 7917
2696 7896
2695 7897
2693 2694
2692 7900
2691 7879
2690 7880
2689 7881
2688 7882
2687 7883
2686 7884
2685 7885
2684 7886
2682 2683
2681 7889
2680 7890
2679 7891
2678 7892
2676 2677
2675 7895
2674 7488
2673 7489
2672 7490
2670 2671
2669 7493
2668 7494
2667 7495
2666 7496
2664 2665
2663 7499
2662 7500
2661 7501
2660 9707
2658 2659
2657 9710
2656 9711
2655 9712
2654 9713
2652 2653
2651 9716
2650 6838
2649 6839
2648 6840
2646 2647
2645 6843
2644 6844
2643 6845
2642 6846
2640 2641
2639 6849
2638 6850
2637 6851
2636 6852
2635 6853
2634 6854
2633 6855
2632 7812
2631 7813
2629 2630
2628 7816
2627 7817
2626 7818
2625 7819
2624 7820
2623 7821
2621 2622
2620 7824
2619 7825
2618 7792
2617 7793
2616 7794
2615 7795
2614 7796
2612 2613
2611 7799
2610 7800
2609 7801
2608 7770
2607 7771
2606 7772
2605 7773
2603 2604
2602 7776
2601 7777
2600 7778
2599 7779
2598 7780
2597 8382
2596 8383
2595 8384
2593 2594
2592 8387
2591 8388
2590 8389
2589 8390
2588 8391
2587 8392
2586 8393
2585 8394
2582 8369
2581 8370
2580 8371
2579 8372
2578 8373
2577 8374
2576 8375
2575 8376
2573 2574
2572 8379
2571 8380
2570 8381
2569 7781
2568 7782
2567 7783
2566 7784
2565 7785
2563 2564
2562 7788
2561 7789
2560 7790
2559 7791
2558 7802
2557 7803
2556 7804
2554 2555
2553 7807
2552 7808
2551 7809
2550 7810
2549 7811
2548 7826
2547 7827
2545 2546
2544 7830
2543 7831
2542 7832
2541 7833
2540 7834
2539 7835
2537 2538
2536 7838
2535 7839
2534 7840
2533 7841
2532 9681
2531 9682
2530 9683
2529 9684
2528 9685
2526 2527
2525 9688
2524 9689
2523 9690
2522 9691
2520 2521
2519 9694
2518 9695
2517 9696
2516 9697
2514 2515
2513 9700
2512 9701
2511 9702
2510 9703
2508 2509
2507 9706
2506 7502
2505 7503
2504 7504
2502 2503
2501 7507
2500 7508
2499 7509
2498 7552
2496 2497
2495 7555
2494 7556
2493 7557
2492 7861
2490 2491
2489 7864
2488 7865
2487 7866
2485 2486
2484 7869
2483 7870
2482 7871
2481 7872
2479 2480
2478 7875
2477 7876
2476 7877
2475 7878
2474 7901
2472 2473
2471 7904
2470 7905
2469 7906
2468 7907
2467 7908
2465 2466
2464 7911
2463 8409
2462 8410
2461 8411
2459 2460
2458 8414
2457 8415
2456 8898
2455 8899
2453 2454
2452 8902
2451 8903
2450 8904
2449 8905
2447 2448
2446 8947
2445 8948
2444 8949
2443 8950
2441 2442
2440 8953
2439 8954
2438 8955
2437 8956
2436 8957
2434 2435
2433 8960
2432 8459
2431 8460
2430 8461
2428 2429
2427 8464
2426 8465
2425 8466
2424 8467
2423 8468
2422 8469
2421 8470
2420 8471
2419 8472
2417 2418
2416 8475
2415 8476
2414 8477
2413 8478
2411 2412
2410 7609
2409 7610
2408 7611
2407 7612
2405 2406
2404 11236
2403 11237
2402 11238
2401 11239
2399 2400
2398 11242
2397 11243
2396 11244
2395 11245
2393 2394
2392 11248
2391 11249
2390 7934
2389 7935
2388 7936
2386 2387
2385 7939
2384 7918
2383 7919
2382 7920
2380 2381
2379 8558
2378 8559
2377 8560
2376 8561
2375 8562
2373 2374
2372 8630
2371 8631
2370 8632
2369 8633
2368 8634
2367 8635
2366 8636
2365 8637
2363 2364
2362 8640
2361 8641
2360 8642
2359 8643
2358 7954
2356 2357
2355 7957
2354 7958
2353 7959
2352 7960
2350 2351
2349 7963
2348 7964
2347 7965
2346 7966
2344 2345
2343 9003
2342 9004
2341 9005
2340 9006
2339 9007
2337 2338
2336 9010
2335 9011
2334 9012
2333 9013
2331 2332
2330 9016
2329 9017
2328 9018
2327 8008
2326 8009
2324 2325
2323 8012
2322 8013
2321 8014
2320 8015
2318 2319
2317 8018
2316 8027
2315 8028
2314 8029
2313 8030
2312 8031
2311 8032
2309 2310
2308 8035
2307 8036
2306 8037
2305 8038
2304 8039
2302 2303
2301 10160
2300 10161
2299 10162
2298 10163
2296 2297
2295 10166
2294 10167
2293 10168
2292 10169
2291 10170
2289 2290
2288 8752
2287 8753
2286 8754
2285 8755
2283 2284
2282 8758
2281 8759
2280 8760
2279 8761
2278 8762
2276 2277
2275 8765
2274 8766
2273 8767
2272 8768
2270 2271
2269 8771
2268 8772
2267 8773
2266 8774
2265 8775
2263 2264
2262 8087
2261 8088
2260 8089
2259 8090
2258 8091
2257 8092
2255 2256
2254 8095
2253 8096
2252 8097
2251 8098
2249 2250
2248 8101
2247 8102
2246 8103
2245 8104
2243 2244
2242 8107
2241 8108
2240 8109
2239 8110
2237 2238
2236 8113
2235 8114
2234 8115
2233 8116
2231 2232
2230 7655
2229 7656
2228 7657
2227 7658
2226 7659
2224 2225
2223 7662
2222 7663
2221 7664
2220 7665
2218 2219
2217 7668
2216 7669
2215 7670
2214 8804
2213 8805
2211 2212
2210 8808
2209 8809
2208 8810
2207 8811
2206 8812
2205 8813
2204 8814
2203 8815
2202 8816
2201 8817
2199 2200
2198 8820
2197 8821
2196 8822
2195 8823
2194 8824
2193 8825
2192 8826
2190 2191
2189 8871
2188 8872
2187 8873
2186 8874
2185 8875
2184 8876
2183 8877
2181 2182
2180 8880
2179 8881
2178 8882
2177 8883
2176 9061
2175 9062
2174 9063
2173 9064
2171 2172
2170 9067
2169 9068
2168 9069
2167 9070
2166 9071
2165 9072
2164 9073
2163 9074
2162 9075
2160 2161
2159 9078
2158 9079
2157 9080
2156 9081
2153 10338
2152 10339
2151 10340
2150 10341
2149 10342
2148 10343
2146 2147
2145 9048
2144 9049
2143 9050
2142 9051
2141 9052
2140 9053
2139 9054
2138 9055
2136 2137
2135 9058
2134 9059
2133 9060
2132 8884
2131 8885
2130 8886
2129 8887
2128 8888
2126 2127
2125 8891
2124 8892
2123 8893
2122 8894
2121 8895
2120 8896
2119 8897
2117 2118
2116 10285
2115 10286
2114 10287
2113 10288
2112 10289
2111 10290
2109 2110
2108 10293
2107 10294
2106 10295
2105 11400
2104 11401
2103 11402
2102 11403
2100 2101
2099 11406
2098 11407
2097 11408
2096 11409
2094 2095
2093 11412
2092 11413
2091 11414
2090 11415
2089 11416
2087 2088
2086 9558
2085 9559
2084 9560
2083 9561
2081 2082
2080 10680
2079 10681
2078 10682
2077 10683
2075 2076
2074 10686
2073 10687
2072 10688
2071 10689
2069 2070
2068 10692
2067 10693
2066 10694
2064 2065
2063 10248
2062 10249
2061 10250
2060 10251
2058 2059
2057 10254
2056 10255
2055 10256
2054 10257
2052 2053
2051 10260
2050 10261
2049 10181
2048 10182
2047 10183
2046 10184
2045 10185
2044 10186
2042 2043
2041 10189
2040 10190
2039 10191
2038 10192
2036 2037
2035 10195
2034 10196
2033 10197
2032 10134
2031 10135
2029 2030
2028 10138
2027 10139
2026 10140
2025 10141
2023 2024
2022 10144
2021 10145
2020 10146
2019 10147
2017 2018
2016 10150
2015 10151
2014 10152
2013 10153
2011 2012
2010 10156
2009 10157
2008 10158
2007 10159
2006 8042
2004 2005
2003 8045
2002 8046
2001 8047
2000 8048
1998 1999
1997 8051
1996 8052
1995 8053
1994 8054
1993 8055
1992 8056
1991 8057
1990 10093
1988 1989
1987 10096
1986 10097
1985 10098
1984 10099
1982 1983
1981 10102
1980 10103
1979 10104
1978 10105
1977 10106
1975 1976
1974 8993
1973 8994
1972 8995
1971 8996
1969 1970
1968 8999
1967 9000
1966 9001
1965 9002
1963 1964
1962 7971
1961 7972
1960 7973
1959 7974
1957 1958
1956 7977
1955 7978
1954 7979
1953 7980
1952 7981
1950 1951
1949 7984
1948 11081
1947 11082
1946 11083
1944 1945
1943 11086
1942 11087
1941 11088
1940 11089
1939 8587
1938 8588
1937 8589
1936 8590
1935 8591
1933 1934
1932 8594
1931 8595
1930 8596
1929 8597
1927 1928
1926 8600
1925 8601
1924 8602
1923 8603
1921 1922
1920 8606
1919 8607
1918 8608
1917 11218
1916 11219
1914 1915
1913 11222
1912 11223
1911 11224
1910 11225
1908 1909
1907 11228
1906 11229
1905 11230
1904 11231
1902 1903
1901 10017
1900 10018
1899 10019
1898 10020
1896 1897
1895 9981
1894 9982
1893 9983
1892 9984
1890 1891
1889 9987
1888 9988
1887 9989
1886 9990
1885 9991
1884 9992
1883 9993
1882 9994
1881 9995
1880 9996
1878 1879
1877 6992
1876 6993
1875 6994
1874 6995
1872 1873
1871 6998
1870 6999
1869 7000
1868 7001
1866 1867
1865 7004
1864 7005
1863 8941
1862 8942
1860 1861
1859 8906
1858 8907
1857 8908
1856 8909
1854 1855
1853 8912
1852 8913
1851 8914
1850 8915
1848 1849
1847 8918
1846 8919
1845 8920
1844 8921
1843 9913
1841 1842
1840 9916
1839 9917
1838 9918
1837 9919
1835 1836
1834 9922
1833 9923
1832 9924
1831 9925
1830 9926
1828 1829
1827 9929
1826 9930
1825 9931
1824 9932
1822 1823
1821 9870
1820 9871
1819 9872
1818 9873
1816 1817
1815 9876
1814 9737
1813 9738
1812 9739
1810 1811
1809 9742
1808 9743
1807 9744
1805 1806
1804 9747
1803 9748
1802 9749
1801 9842
1799 1800
1798 9845
1797 9846
1796 9847
1795 9848
1793 1794
1792 9851
1791 9852
1790 9666
1789 9667
1787 1788
1786 9670
1785 9671
1784 9672
1783 9673
1781 1782
1780 9676
1779 9677
1778 9678
1777 9679
1776 9680
1775 7842
1774 7843
1773 7844
1772 7845
1771 7846
1769 1770
1768 11155
1767 11156
1766 11157
1765 11158
1764 11159
1762 1763
1761 11162
1760 11163
1759 11164
1758 11165
1757 11166
1756 11167
1755 11168
1753 1754
1752 9577
1751 9578
1750 9579
1749 9580
1748 9581
1747 9582
1746 9583
1745 9584
1743 1744
1742 9587
1741 9588
1740 9589
1739 9590
1738 10790
1737 10791
1736 10792
1734 1735
1733 10795
1732 10796
1731 10797
1730 10798
1729 10799
1728 10800
1727 10801
1726 10802
1723 10777
1722 10778
1721 10779
1720 10780
1719 10781
1718 10782
1717 10783
1715 1716
1714 10786
1713 10787
1712 10788
1711 10789
1710 9591
1709 9592
1708 9593
1707 9594
1705 1706
1704 9597
1703 9598
1702 9599
1701 9600
1700 9601
1699 9602
1698 9603
1696 1697
1695 9606
1694 11141
1693 11142
1692 11143
1691 11144
1690 11145
1689 11146
1687 1688
1686 11149
1685 11150
1684 11151
1683 11152
1682 11153
1681 11154
1679 1680
1678 7851
1677 7852
1676 7853
1675 7854
1674 7855
1673 7856
1672 7857
1671 7858
1670 7859
1669 7860
1667 1668
1666 9823
1665 9824
1664 9825
1663 9826
1661 1662
1660 9829
1659 9830
1658 9831
1657 9832
1655 1656
1654 9835
1653 9836
1652 9837
1651 9838
1649 1650
1648 9841
1647 9750
1646 9751
1645 9752
1643 1644
1642 9755
1641 9756
1640 9853
1638 1639
1637 9856
1636 9857
1635 9858
1634 9859
1632 1633
1631 9862
1630 9863
1629 9864
1628 9865
1626 1627
1625 9933
1624 9934
1623 9935
1621 1622
1620 9938
1619 9939
1618 9940
1617 9941
1616 9942
1615 9943
1613 1614
1612 10866
1611 10867
1610 10868
1609 10869
1607 1608
1606 10872
1605 8922
1604 8923
1603 8924
1601 1602
1600 8927
1599 8928
1598 8929
1597 8930
1595 1596
1594 8933
1593 8934
1592 8935
1591 8936
1590 8937
1588 1589
1587 8940
1586 10873
1585 10874
1584 10875
1582 1583
1581 10878
1580 10879
1579 10880
1578 10881
1576 1577
1575 10884
1574 10885
1573 10886
1572 10887
1570 1571
1569 10890
1568 10891
1567 10892
1566 10893
1565 10894
1564 9970
1563 9971
1562 9972
1561 9973
1560 9974
1558 1559
1557 9977
1556 9978
1555 9979
1554 9980
1552 1553
1551 10025
1550 10026
1549 10027
1548 10028
1546 1547
1545 11204
1544 11205
1543 11206
1542 11207
1540 1541
1539 11210
1538 11211
1537 11212
1536 11213
1534 1535
1533 11216
1532 11217
1531 8609
1530 8610
1528 1529
1527 8613
1526 8614
1525 10991
1524 10992
1523 10993
1521 1522
1520 10996
1519 10997
1518 10998
1517 10999
1515 1516
1514 11002
1513 11068
1512 11069
1511 11070
1510 11071
1509 11072
1508 11073
1507 11074
1506 11075
1504 1505
1503 11078
1502 11079
1501 11080
1500 7985
1498 1499
1497 7988
1496 7989
1495 7990
1494 7991
1492 1493
1491 7994
1490 7995
1489 7996
1488 11250
1486 1487
1485 11253
1484 10067
1483 10068
1482 10069
1480 1481
1479 10072
1478 10073
1477 10074
1476 10075
1475 10076
1473 1474
1472 10079
1471 10080
1470 10081
1469 10082
1467 1468
1466 10085
1465 10086
1464 10087
1463 10088
1461 1462
1460 10091
1459 10092
1458 8058
1457 8059
1456 8060
1455 8061
1454 8062
1453 8063
1452 8064
1450 1451
1449 10544
1448 10545
1447 10546
1446 10547
1444 1445
1443 10550
1442 12662
1441 12663
1440 12664
1438 1439
1437 12667
1436 12668
1435 12669
1434 12670
1432 1433
1431 12673
1430 12674
1429 10121
1428 10122
1426 1427
1425 10125
1424 10126
1423 10127
1422 10128
1420 1421
1419 10131
1418 10132
1417 10133
1416 10198
1414 1415
1413 10201
1412 10202
1411 10203
1410 10204
1408 1409
1407 10207
1406 10208
1405 10209
1404 10210
1402 1403
1401 10230
1400 10231
1399 10232
1398 10233
1397 10234
1395 1396
1394 10237
1393 10238
1392 10239
1390 1391
1389 10242
1388 10243
1387 10244
1386 10245
1384 1385
1383 10697
1382 10698
1381 10699
1380 10700
1378 1379
1377 10703
1376 10667
1375 10668
1373 1374
1372 10671
1371 10672
1370 10673
1369 10674
1367 1368
1366 10677
1365 9562
1364 9563
1363 9564
1361 1362
1360 11312
1359 11313
1358 11314
1357 11315
1355 1356
1354 11318
1353 11319
1352 11320
1351 11321
1349 1350
1348 11394
1347 11395
1346 11396
1345 11397
1344 11398
1343 11399
1342 10296
1341 10297
1339 1340
1338 10300
1337 10301
1336 10302
1335 10303
1334 10304
1333 10305
1331 1332
1330 10308
1329 10309
1328 10310
1327 10311
1326 10312
1325 10313
1324 10314
1322 1323
1321 10317
1320 10318
1319 10319
1318 10320
1317 12239
1316 12240
1315 12241
1314 12242
1312 1313
1311 12245
1310 12246
1309 12247
1308 12248
1307 12249
1306 12250
1305 12251
1303 1304
1302 12254
1301 12255
1300 10344
1299 10345
1298 10346
1297 10347
1296 10348
1295 10349
1292 12215
1290 1291
1289 12218
1288 12219
1287 12220
1286 12221
1285 12222
1284 12223
1283 12224
1281 1282
1280 12227
1279 12228
1278 12229
1277 12230
1276 12231
1275 12232
1274 12233
1273 12234
1271 1272
1270 12237
1269 12238
1268 10321
1267 10322
1266 10323
1265 10324
1264 10325
1262 1263
1261 11370
1260 11371
1259 11372
1258 11373
1257 11374
1256 11375
1254 1255
1253 11378
1252 11379
1251 11380
1250 11381
1249 11382
1248 11383
1246 1247
1245 11386
1244 11387
1243 11388
1242 11389
1241 11390
1240 11391
1239 11392
1238 11393
1237 11324
1236 11325
1234 1235
1233 11328
1232 11329
1231 11330
1230 13283
1228 1229
1227 13286
1226 13287
1225 13288
1223 1224
1222 13291
1221 13292
1220 13293
1219 13294
1217 1218
1216 13297
1215 13298
1214 13299
1213 11109
1211 1212
1210 11112
1209 11113
1208 11114
1206 1207
1205 11117
1204 11118
1203 11119
1201 1202
1200 11122
1199 11123
1198 11124
1197 11125
1195 1196
1194 11128
1193 11129
1192 11130
1190 1191
1189 11133
1188 11134
1187 11135
1186 11136
1185 11137
1184 10213
1183 10214
1181 1182
1180 10217
1179 10218
1178 10219
1177 12684
1175 1176
1174 12687
1173 12688
1172 12689
1170 1171
1169 12692
1168 12693
1167 12638
1166 12639
1164 1165
1163 12642
1162 12643
1161 12644
1160 12645
1158 1159
1157 12648
1156 12649
1155 12650
1154 12651
1152 1153
1151 12654
1150 12655
1149 12656
1148 12657
1146 1147
1145 12660
1144 12661
1143 10551
1141 1142
1140 10554
1139 10555
1138 10556
1137 10557
1135 1136
1134 12159
1133 12160
1132 12161
1131 12162
1130 12163
1128 1129
1127 12592
1126 12593
1125 12594
1124 12595
1122 1123
1121 12598
1120 12599
1119 12600
1118 12601
1116 1117
1115 12604
1114 12576
1113 12577
1112 12578
1110 1111
1109 12581
1108 12582
1107 12583
1106 12584
1104 1105
1103 12587
1102 12588
1101 12589
1100 11254
1098 1099
1097 11257
1096 11258
1095 11259
1094 11260
1092 1093
1091 11263
1090 11264
1089 11265
1088 11266
1086 1087
1085 10973
1084 10974
1083 10975
1082 10976
1080 1081
1079 10979
1078 10980
1077 10981
1076 10982
1075 10983
1074 10984
1073 10985
1072 10986
1071 10987
1069 1070
1068 10990
1067 12493
1066 12494
1065 12495
1064 12496
1062 1063
1061 12490
1060 12491
1059 12492
1058 12471
1056 1057
1055 12474
1054 12475
1053 12476
1052 10056
1050 1051
1049 10059
1048 10060
1047 10061
1046 10062
1044 1045
1043 10065
1042 10066
1041 11198
1040 11199
1038 1039
1037 10029
1036 10030
1035 10031
1034 10032
1032 1033
1031 12451
1030 12452
1029 12453
1028 12454
1026 1027
1025 12457
1024 12458
1023 12459
1022 12460
1021 12063
1020 12064
1019 12065
1018 12066
1017 12067
1016 12068
1014 1015
1013 10927
1012 10928
1011 10929
1010 10930
1009 12391
1007 1008
1006 12394
1005 12395
1004 12396
1003 12397
1001 1002
1000 12867
999 12868
998 12869
997 12870
995 996
994 12873
993 12874
992 12875
991 12876
989 990
988 12879
987 12880
986 12881
985 12882
983 984
982 12885
981 12886
980 12887
979 13144
977 978
976 13147
975 13148
974 13149
973 13150
971 972
970 13153
969 13154
968 13155
967 13156
966 13157
965 13158
963 964
962 13161
961 13162
960 13163
959 13164
957 958
956 12379
955 12380
954 12381
952 953
951 12384
950 12385
949 12386
948 12387
946 947
945 12390
944 9757
943 9758
942 9759
940 941
939 9762
938 9763
937 12351
935 936
934 12354
933 12355
932 12336
931 12337
929 930
928 12340
927 12314
926 12315
925 12316
923 924
922 12319
921 12320
920 12321
919 12322
917 918
916 12294
915 12295
914 12296
913 12297
912 12298
911 12299
910 12300
909 12301
908 12302
907 12303
905 906
904 11968
903 11969
902 11970
901 11971
900 11972
899 9166
897 898
896 9169
895 9170
894 9171
893 11138
892 11139
891 11140
890 12256
888 889
887 12259
886 12260
885 12261
884 12262
883 12263
882 12264
881 12265
879 880
878 12268
877 12269
876 12270
875 12271
874 13091
873 13092
872 13093
871 13094
869 870
868 13097
867 13098
866 13099
865 13100
864 13101
863 13102
862 13103
859 13078
858 13079
857 13080
856 13081
855 13082
854 13083
853 13084
851 852
850 13087
849 13088
848 13089
847 13090
846 12272
845 12273
844 12274
843 12275
841 842
840 12278
839 12279
838 12280
837 12281
836 12282
835 12283
834 12284
832 833
831 12287
830 12288
829 12289
828 12290
827 12291
826 12292
825 12293
823 824
822 11958
821 11959
820 11960
819 11961
818 11962
817 11963
815 816
814 12304
813 12305
812 12306
811 12307
810 12308
809 12309
808 12310
807 12311
806 12312
805 12313
803 804
802 12327
801 12328
800 12329
799 12330
797 798
796 12333
795 12334
794 12335
793 12341
791 792
790 12344
789 12345
788 12346
787 12347
785 786
784 12350
783 12356
782 12357
780 781
779 12360
778 12361
777 12362
776 12363
774 775
773 12366
772 12367
771 12368
769 770
768 12371
767 12372
766 12373
765 12374
763 764
762 13165
761 13166
760 13167
758 759
757 13170
756 13171
755 13172
754 13173
753 13174
752 13175
751 13176
749 750
748 13137
747 13138
746 13139
745 13140
743 744
742 13143
741 12888
740 12889
739 12890
737 738
736 12893
735 12894
734 12895
733 12854
731 732
730 12857
729 12858
728 12859
727 12860
725 726
724 12863
723 12864
722 12865
721 12866
719 720
718 12402
717 12403
716 12404
715 12405
713 714
712 12408
711 12922
710 12923
709 12924
707 708
706 12927
705 12928
704 12929
703 12930
701 702
700 12933
699 12934
698 12461
697 12462
696 12463
695 12464
693 694
692 12467
691 12468
690 12469
689 12470
687 688
686 10037
685 10038
684 10039
683 10040
681 682
680 10043
679 10044
678 10045
677 10046
675 676
674 10049
673 10050
672 10051
671 10052
669 670
668 10055
667 12477
666 12478
665 12479
663 664
662 12482
661 12483
660 12484
659 12485
657 658
656 12497
655 12498
654 12499
653 12500
651 652
650 12503
649 13182
648 13183
647 13184
645 646
644 13187
643 13188
642 13189
641 13190
640 13191
638 639
637 12543
636 12544
635 12545
633 634
632 12548
631 12549
630 12550
629 12551
627 628
626 12554
625 12555
624 12556
623 12557
621 622
620 12560
619 12561
618 12562
617 12563
615 616
614 12566
613 12567
612 12568
611 12569
609 610
608 12572
607 12573
606 12574
605 12575
603 604
602 12607
601 12608
600 12609
599 12610
597 598
596 12143
595 12144
594 12145
593 12146
591 592
590 12149
589 12150
588 12151
587 12152
586 12153
585 12154
583 584
582 10558
581 10559
580 10560
578 579
577 10563
576 10564
575 10565
574 10566
572 573
571 10569
570 10570
569 10571
568 10572
566 567
565 10575
564 10576
563 10577
561 562
560 10580
559 10581
558 10582
557 10583
555 556
554 12635
553 12636
552 12637
550 551
549 12696
548 12697
547 12698
546 12699
544 545
543 12702
542 12703
541 10220
539 540
538 10223
537 10224
536 10225
535 10226
534 10227
533 10228
532 10229
531 13199
529 530
528 13202
527 13203
526 13204
525 13205
523 524
522 13208
521 13209
520 13210
518 519
517 13213
516 13214
515 13215
513 514
512 13259
511 13260
510 13261
509 13262
507 508
506 13265
505 13266
504 13267
502 503
501 13270
500 13271
499 13272
497 498
496 13275
495 13276
494 13277
493 13278
491 492
490 13281
489 13282
488 11331
487 11332
485 486
484 11335
483 11336
482 11337
481 11338
479 480
478 11341
477 11342
476 11343
475 11344
474 11345
473 11346
471 472
470 11839
469 11840
468 11841
467 11842
466 11843
464 465
463 11846
462 11847
461 11848
460 11849
459 11850
458 11851
456 457
455 11854
454 11855
453 11856
452 11857
451 11858
450 11859
449 11860
447 448
446 11863
445 13300
444 13301
443 13302
442 13303
441 13304
440 13305
438 439
437 13057
436 13058
435 13059
434 13060
433 13061
432 13062
431 13063
430 13064
428 429
427 13067
426 13068
423 13043
422 13044
421 13045
420 13046
419 13047
418 13048
417 13049
416 13050
415 13051
414 13052
413 13053
412 13054
411 13306
410 13307
409 13308
408 13309
407 13310
406 13311
405 13312
404 13313
403 13314
402 13315
401 13316
400 13317
399 13318
398 13319
397 13320
396 11826
395 11827
394 11828
393 11829
392 11830
391 11831
390 11832
389 11833
388 11834
387 11835
386 11836
385 11837
384 11838
383 11349
382 11350
381 11351
380 11352
379 11353
378 11354
377 11355
376 11356
375 11357
374 13023
373 13024
372 13025
371 13026
370 13027
369 13028
368 13029
367 13030
366 13031
365 13032
364 13033
363 10640
362 10641
361 10642
360 10643
359 13248
358 13249
357 13250
356 13251
355 13252
354 13253
353 13254
352 13255
351 13256
350 13257
349 13258
348 13218
347 13219
346 13220
345 13221
344 13222
343 13223
342 13224
341 13225
340 13226
339 13227
338 13228
337 13229
336 13230
335 12179
334 12180
333 12181
332 12182
331 12183
329 330
328 12186
327 12187
326 12188
325 12189
324 12190
323 12191
322 12192
321 12193
320 12194
319 12195
318 12196
317 12197
316 12198
315 12199
314 12200
313 12201
312 12202
311 13003
310 13004
309 13005
308 13006
307 13007
306 13008
305 13009
304 13010
303 13011
302 13012
301 12960
300 12961
299 12962
298 12963
297 12964
296 12965
295 12966
294 12967
293 12127
292 12128
291 12129
290 12130
289 12131
288 12132
287 12133
286 12134
285 12135
284 12136
283 12137
282 12138
281 12139
280 12140
279 12141
278 12142
277 12613
276 12614
275 12615
274 12616
273 12617
272 12618
271 12619
270 12620
269 12621
268 12622
267 12623
266 12624
265 12625
264 12626
263 12627
262 12628
261 12629
260 12630
259 11635
258 11636
257 11637
256 11638
255 11639
254 11640
253 11641
252 11642
251 11643
250 11644
249 11645
248 11646
247 11647
246 11648
245 11649
244 11650
243 13194
242 13195
241 13196
240 13197
239 13198
238 13177
237 13178
236 13179
235 13180
234 13181
233 12504
232 12505
231 12506
230 12507
229 12508
228 12509
227 12510
226 12511
225 12512
224 12513
223 12514
222 12515
221 12516
220 12517
219 12518
218 12519
217 12520
216 12521
215 12522
214 12523
213 12524
212 12525
211 12526
210 12527
209 12528
208 12529
207 12530
206 12531
205 12532
204 12533
203 12534
202 12535
201 12536
200 12537
199 12538
198 12539
197 12540
196 12907
195 12908
194 12909
193 12910
192 12911
191 12912
190 12913
189 12914
188 12915
187 12916
186 12917
185 12918
184 12919
183 12920
182 12921
181 12409
180 12410
179 12411
178 12412
177 12413
176 12414
175 12415
174 12416
173 12844
172 12845
171 12846
170 12847
169 12848
168 12849
167 12850
166 12851
165 12852
164 12853
163 13121
162 13122
161 13123
160 13124
159 13125
158 13126
157 13127
156 13128
155 13129
154 13130
153 13131
152 13132
151 13133
150 13134
149 12778
148 12779
147 12780
146 12781
145 12782
144 12783
143 12784
142 12785
141 12786
140 12787
139 12788
138 12789
137 12790
136 12791
135 12792
134 12793
133 12029
132 12030
131 12031
130 12032
129 12033
128 12034
127 12035
126 12036
125 11980
124 11981
123 11982
122 11983
121 11984
120 11985
119 11986
118 11987
117 11988
116 11989
115 11990
114 11991
113 11992
112 11993
111 11994
110 11995
109 11996
108 11997
107 11998
106 11999
105 12000
104 11938
103 11939
102 11940
101 11941
100 11942
99 11943
98 11944
97 11945
96 11946
95 11947
94 11948
93 11949
92 11950
91 11951
90 11952
89 11953
88 11954
87 11955
86 12730
85 12731
84 12732
83 12733
82 12734
81 12735
80 12736
79 12737
78 12738
77 12739
76 12740
75 12741
74 12742
73 12743
72 12744
71 12745
70 12719
69 12720
68 12721
67 12722
66 12723
65 12724
64 12725
63 12726
62 12727
61 12728
60 12729
59 13069
58 13070
57 13071
56 13072
55 13073
