24 2904
23 2905
22 2905
21 2907
20 2908
19 2909
18 2910
17 2911
16 2912
15 2912
14 2914
13 2915
12 2916
11 2917
10 2918
9 2918
8 2920
7 2921
6 2922
5 2923
4 2924
3 2924
2 2926
1 2927
0 2928
49 4037
48 4038
47 4039
46 4040
45 4041
44 4042
43 4043
42 4044
41 4045
40 4046
39 4047
38 4048
37 4049
36 4050
35 4051
34 4052
33 4053
32 4054
31 4055
30 4056
29 4057
28 4058
27 4059
26 4060
25 4061
6708 12761
6707 12762
6706 12763
6705 12764
6704 12765
6703 12766
6702 12767
6701 12768
6700 12769
6699 12770
6698 12771
6697 12772
6696 12773
6695 12774
6694 12775
6693 12825
6692 12826
6691 12827
6690 12828
6689 12829
6688 12830
6687 12831
6686 12832
6685 12833
6684 12834
6683 12835
6682 12836
6681 12837
6680 12838
6679 12839
6678 12840
6677 12841
6676 12842
6675 12843
6674 12844
6673 12845
6672 12846
6671 12847
6670 12848
6669 12849
6668 12850
6667 12851
6666 12852
6665 12853
6664 12854
6663 11569
6662 11570
6661 11571
6660 11572
6659 11573
6658 11574
6657 11575
6656 11576
6655 11577
6654 11578
6653 12902
6652 12903
6651 12904
6650 12905
6649 12906
6648 12907
6647 12908
6646 12909
6645 12910
6644 12911
6643 12912
6642 12913
6641 12914
6640 12873
6639 12874
6638 12875
6637 12876
6636 12877
6635 12878
6634 12879
6633 12880
6632 11589
6631 11590
6630 11591
6629 11592
6628 11593
6627 11594
6626 11595
6625 11596
6624 11597
6623 11598
6622 11599
6621 12440
6620 12441
6619 12442
6618 12443
6617 12444
6616 12445
6615 12915
6614 12916
6613 12917
6612 12918
6611 12919
6610 12920
6609 12921
6608 12922
6607 12412
6606 12413
6605 12414
6604 12415
6603 12416
6602 12417
6601 12418
6600 12096
6599 12097
6598 12975
6597 12976
6596 12977
6595 12978
6594 12979
6593 12980
6592 12981
6591 12982
6590 12983
6589 12984
6588 12985
6587 12536
6586 12537
6585 11600
6584 11601
6583 11602
6582 11603
6581 11604
6580 11605
6579 11606
6578 11607
6577 11608
6576 11609
6575 11610
6574 11611
6573 11612
6572 11613
6571 11614
6570 11615
6569 11616
6568 11617
6567 11618
6566 11619
6565 11620
6564 11621
6563 11622
6562 11623
6561 11624
6560 11625
6559 11626
6558 11671
6557 11672
6556 11673
6555 11674
6554 11675
6553 11676
6552 11677
6551 11678
6550 11679
6549 11680
6548 11681
6547 11710
6546 11711
6545 11712
6544 11713
6543 11714
6542 11715
6541 11716
6540 11717
6539 11718
6538 11719
6537 11720
6536 11721
6535 12635
6534 12636
6533 11682
6532 11683
6531 11684
6530 11685
6529 11686
6528 11687
6527 11688
6526 13014
6525 13015
6524 13016
6523 13017
6522 13018
6521 13019
6520 13020
6519 13021
6518 13022
6517 13023
6516 13024
6515 13025
6514 13026
6513 13027
6512 13028
6511 13029
6510 13030
6509 13031
6508 13032
6507 13033
6506 13034
6505 13035
6504 13036
6503 13037
6502 13038
6501 13073
6500 13074
6499 13075
6498 13076
6497 13077
6496 13078
6495 13079
6494 13080
6493 13081
6492 11738
6491 11739
6490 11740
6489 11741
6488 11742
6487 11743
6486 11744
6485 11745
6484 11272
6483 11273
6482 11274
6481 11275
6480 11276
6479 11277
6478 11278
6477 11279
6476 11280
6475 11281
6474 11282
6473 11283
6472 11284
6471 11285
6470 11286
6469 11287
6468 11288
6467 11289
6466 11290
6465 13092
6464 13093
6463 13094
6462 13095
6461 13096
6460 13097
6459 13098
6458 13099
6457 13100
6456 13101
6455 13102
6454 13103
6453 13104
6452 13105
6451 13106
6450 13134
6449 13135
6448 13136
6447 13137
6446 13138
6445 13139
6444 13140
6443 13141
6442 13142
6441 13143
6440 10548
6439 10549
6438 10550
6437 11798
6436 11799
6435 11800
6434 11801
6433 11802
6432 10792
6431 10793
6430 10794
6429 10795
6428 10796
6427 10797
6426 10798
6425 10799
6424 10800
6423 10801
6422 10802
6421 13327
6420 13328
6419 13329
6418 13330
6417 13331
6416 13332
6415 13333
6414 13334
6413 13335
6412 13336
6411 13337
6410 13338
6409 13339
6408 13155
6407 13156
6406 13157
6405 13158
6404 13159
6403 13160
6402 13161
6401 13162
6400 13163
6399 13164
6398 13165
6395 11858
6394 11859
6393 11860
6392 11861
6391 11862
6390 11863
6389 11864
6388 11865
6387 11866
6386 11867
6385 11868
6384 11869
6383 11870
6382 11871
6381 11872
6380 10836
6379 10837
6378 10838
6377 10839
6376 10840
6375 10841
6374 10842
6373 10843
6372 10844
6371 10845
6370 10846
6369 10847
6368 10848
6367 10785
6366 10786
6365 10787
6364 10788
6363 10789
6362 10790
6361 10791
6360 11803
6359 11804
6358 11805
6357 11806
6356 11807
6355 11808
6354 11809
6353 11810
6352 11811
6351 11812
6350 11813
6349 12754
6348 12755
6347 12756
6346 12757
6345 12758
6344 12759
6343 12760
6342 10716
6341 10717
6340 10718
6339 10719
6338 10720
6337 10721
6336 10722
6335 10723
6334 10724
6333 10725
6332 10726
6331 10727
6330 10728
6329 10729
6328 10730
6327 10731
6326 10732
6325 11256
6324 11257
6323 11258
6322 11259
6321 11260
6320 11261
6319 11262
6318 11263
6317 11264
6316 11265
6315 11266
6314 11267
6313 11268
6312 11269
6311 11270
6310 11271
6309 11746
6308 11747
6307 11748
6306 11749
6305 11750
6304 11751
6303 11752
6302 11753
6301 11754
6300 11755
6299 11756
6298 11757
6297 11758
6296 13060
6295 13061
6294 13062
6293 13063
6292 13064
6291 13065
6290 13066
6289 13067
6288 13068
6287 13069
6286 13070
6285 13071
6284 13072
6283 9645
6282 9646
6281 9647
6280 9648
6279 9649
6278 9650
6277 9651
6276 9652
6275 9653
6274 9654
6273 9655
6272 9656
6271 9657
6270 9658
6269 9659
6268 9660
6267 11689
6266 11690
6265 11691
6264 11692
6263 11693
6262 11694
6261 11695
6260 11696
6259 11697
6258 11698
6257 11699
6256 11700
6255 11701
6254 11702
6253 11703
6252 11704
6251 11705
6250 11706
6249 11707
6248 11708
6247 11709
6246 11660
6245 11661
6244 11662
6243 11663
6242 11664
6241 11665
6240 11666
6239 11667
6238 11668
6237 11669
6236 11670
6235 11627
6234 11628
6233 11629
6232 11630
6231 11631
6230 11632
6229 11633
6228 11634
6227 11635
6226 11636
6225 11637
6224 11638
6223 11639
6222 11640
6221 11641
6220 10617
6219 10618
6218 10619
6217 10620
6216 10621
6215 10622
6214 10623
6213 10624
6212 12077
6211 12078
6210 12079
6209 12080
6208 12081
6207 12082
6206 12083
6205 12084
6204 12085
6203 12086
6202 12087
6201 12088
6200 12089
6199 12090
6198 12091
6197 12092
6196 12093
6195 12094
6194 12095
6193 12419
6192 12420
6191 12421
6190 12422
6189 12423
6188 12424
6187 12425
6186 12426
6185 12427
6184 12428
6183 12429
6182 12430
6181 12431
6180 12432
6179 12433
6178 12434
6177 12435
6176 12436
6175 12437
6174 12438
6173 12439
6172 11579
6171 11580
6170 11581
6169 11582
6168 11583
6167 11584
6166 11585
6165 11586
6164 11587
6163 11588
6162 12881
6161 12882
6160 12883
6159 12884
6158 12885
6157 12886
6156 12887
6155 12888
6154 12889
6153 12890
6152 12891
6151 12892
6150 12893
6149 12894
6148 12895
6147 12896
6146 12897
6145 12898
6144 12899
6143 12900
6142 12901
6141 11559
6140 11560
6139 11561
6138 11562
6137 11563
6136 11564
6135 11565
6134 11566
6133 11567
6132 11568
6131 12855
6130 12856
6129 10563
6128 10564
6127 10565
6126 10566
6125 10567
6124 10568
6123 10569
6122 10570
6121 10571
6120 10572
6119 10573
6118 10574
6117 10575
6116 10576
6115 9338
6114 9339
6113 9340
6112 9341
6111 9342
6110 9343
6109 9344
6108 9345
6107 11512
6106 11513
6105 11514
6104 11515
6103 11516
6102 11517
6101 11518
6100 11519
6099 11520
6098 11521
6097 11522
6096 11523
6095 11524
6094 11525
6093 11526
6092 11527
6091 11528
6090 11529
6089 11530
6088 11531
6087 11532
6084 12228
6083 12229
6082 12230
6081 12231
6080 12232
6079 12233
6078 12234
6077 12235
6076 12236
6075 12237
6074 12238
6073 12239
6072 12240
6071 11502
6070 11503
6069 11504
6068 11505
6067 11506
6066 11507
6065 11508
6064 11509
6063 11510
6062 11511
6061 9346
6060 9347
6059 9348
6058 9349
6057 9350
6056 9351
6055 9352
6054 9353
6053 9354
6052 9355
6051 9356
6050 11916
6049 11917
6048 11918
6047 11919
6046 11920
6045 11921
6044 11922
6043 11923
6042 11924
6041 11925
6040 11926
6039 11927
6038 11928
6037 11929
6036 11930
6035 11931
6034 11988
6033 11989
6032 11990
6031 11991
6030 11992
6029 11993
6028 11994
6027 11995
6026 11996
6025 11997
6024 11998
6023 11999
6022 12000
6021 12001
6020 9410
6019 9411
6018 9412
6017 9413
6016 9414
6015 9415
6014 9416
6013 12024
6012 12025
6011 12026
6010 12027
6009 12028
6008 12029
6007 12030
6006 12031
6005 12032
6004 12033
6003 12034
6002 12035
6001 12036
6000 12037
5999 12038
5998 12039
5997 12040
5996 12041
5995 12042
5994 12043
5993 12044
5992 12045
5991 12046
5990 12047
5989 12048
5988 12049
5987 10892
5986 10893
5985 10894
5984 10895
5983 10896
5982 10897
5981 10898
5980 10899
5979 10900
5978 10901
5977 10902
5976 10903
5975 10904
5974 10905
5973 10906
5972 10907
5971 10908
5970 10909
5969 10910
5968 10911
5967 10912
5966 10984
5965 10985
5964 10986
5963 10987
5962 10988
5961 10989
5960 10990
5959 10991
5958 10992
5957 10993
5956 10994
5955 10995
5954 10996
5953 12058
5952 12059
5951 12060
5950 12061
5949 12062
5948 12063
5947 12064
5946 12065
5945 12066
5944 12067
5943 12068
5942 12069
5941 12070
5940 12071
5939 12072
5938 12073
5937 12074
5936 12075
5935 12076
5934 10625
5933 10626
5932 10627
5931 10628
5930 10629
5929 10630
5928 10631
5927 10632
5926 10633
5925 10634
5924 11007
5923 11008
5922 11009
5921 11010
5920 11011
5919 11012
5918 11013
5917 11014
5916 11015
5915 11016
5914 11017
5913 11018
5912 11019
5911 11020
5910 11021
5909 11022
5908 11023
5907 11024
5906 11025
5905 11026
5904 11027
5903 11028
5902 11029
5901 11030
5900 11031
5899 11032
5898 11033
5897 11034
5896 11035
5895 11036
5894 11037
5893 11038
5892 11039
5891 11040
5890 12111
5889 12112
5888 12113
5887 12114
5886 12115
5885 12116
5884 12117
5883 12118
5882 12119
5881 12120
5880 12121
5879 12122
5878 12123
5877 12124
5876 12125
5875 12126
5874 12127
5873 12128
5872 12129
5871 12130
5870 12131
5869 12132
5868 12133
5867 12134
5866 12135
5865 12136
5864 12137
5863 12138
5862 12139
5861 11141
5860 11142
5859 11143
5858 11144
5857 11145
5856 11146
5855 11147
5854 11148
5853 11149
5852 11150
5851 11151
5850 11152
5849 11153
5848 11154
5847 11155
5846 11156
5845 13047
5844 13048
5843 13049
5842 13050
5841 13051
5840 13052
5839 13053
5838 13054
5837 13055
5836 13056
5835 13057
5834 13058
5833 13059
5832 11759
5831 11760
5830 11761
5829 11762
5828 11763
5827 11764
5826 11765
5825 11766
5824 11767
5823 11768
5822 11769
5821 11770
5820 11771
5819 11194
5818 11195
5817 11196
5816 11197
5815 11198
5814 11199
5813 11200
5812 11201
5811 11202
5810 11203
5809 11204
5808 11205
5807 11206
5806 11207
5805 11208
5804 11233
5803 11234
5802 11235
5801 11236
5800 11237
5799 11238
5798 11239
5797 11240
5796 10465
5795 10466
5794 10467
5793 10468
5792 10469
5791 10470
5790 10471
5789 10472
5788 10473
5787 10474
5786 10475
5785 12737
5784 12738
5783 12739
5782 12740
5781 12741
5780 12742
5779 12743
5778 12744
5777 12745
5776 12746
5775 12747
5774 12748
5773 12749
5772 12750
5771 12751
5770 12752
5769 12753
5768 11814
5767 11815
5766 11816
5765 11817
5764 11818
5763 11819
5762 11820
5761 11821
5760 11822
5759 11823
5758 11824
5757 11825
5756 10879
5755 10880
5754 10881
5753 10882
5752 10883
5751 10884
5750 10885
5749 10886
5748 10887
5747 10888
5746 10889
5745 10890
5744 10891
5743 11492
5742 11493
5741 11494
5740 11495
5739 11496
5738 11497
5737 11498
5736 11499
5735 11500
5734 11501
5733 11873
5732 11874
5731 11875
5730 11876
5729 11877
5728 11878
5727 11879
5726 11880
5725 11881
5724 12158
5723 12159
5722 12160
5721 12161
5720 12162
5719 12163
5718 12164
5717 12165
5714 9849
5713 9850
5712 9851
5711 9852
5710 9853
5709 9854
5708 9855
5707 9856
5706 11882
5705 11883
5704 11884
5703 11885
5702 11886
5701 11887
5700 11888
5699 11889
5698 11890
5697 11891
5696 11892
5695 11893
5694 10859
5693 10860
5692 10861
5691 10862
5690 10863
5689 10864
5688 10865
5687 10866
5686 10867
5685 10868
5684 10869
5683 10870
5682 10871
5681 10872
5680 10873
5679 10874
5678 10875
5677 10876
5676 10877
5675 10878
5674 11826
5673 11827
5672 11828
5671 11829
5670 11830
5669 11831
5668 11832
5667 11833
5666 11834
5665 11835
5664 11836
5663 11837
5662 11838
5661 11839
5660 11840
5659 11841
5658 11842
5657 11843
5656 10751
5655 10752
5654 10753
5653 10754
5652 10755
5651 10756
5650 10757
5649 10758
5648 10759
5647 10760
5646 10761
5645 10762
5644 10763
5643 10764
5642 10457
5641 10458
5640 10459
5639 10460
5638 10461
5637 10462
5636 10463
5635 10464
5634 11241
5633 11242
5632 11243
5631 11244
5630 11245
5629 11246
5628 11247
5627 11248
5626 11249
5625 11180
5624 11181
5623 11182
5622 11183
5621 11184
5620 11185
5619 11186
5618 11187
5617 11188
5616 11189
5615 11190
5614 11191
5613 11192
5612 11193
5611 11772
5610 11773
5609 11774
5608 11775
5607 11776
5606 11777
5605 11778
5604 11779
5603 11780
5602 11781
5601 11782
5600 11783
5599 11784
5598 12679
5597 12680
5596 12681
5595 12682
5594 12683
5593 12684
5592 12685
5591 10666
5590 10667
5589 10668
5588 10669
5587 10670
5586 10671
5585 10672
5584 10673
5583 10674
5582 10675
5581 11129
5580 11130
5579 11131
5578 11132
5577 11133
5576 11134
5575 11135
5574 11136
5573 11137
5572 11138
5571 11139
5570 11140
5569 12140
5568 12141
5567 12142
5566 12143
5565 12144
5564 12145
5563 12146
5562 12147
5561 12148
5560 12149
5559 12150
5558 12151
5557 12152
5556 12153
5555 12154
5554 12155
5553 12156
5552 12157
5551 9538
5550 9539
5549 9540
5548 9541
5547 9542
5546 9543
5545 9544
5544 9545
5543 9546
5542 9547
5541 9548
5540 9549
5539 9550
5538 9551
5537 9552
5536 9553
5535 9554
5534 9555
5533 9556
5532 9557
5531 9558
5530 9559
5529 9560
5528 9561
5527 9562
5526 11079
5525 11080
5524 11081
5523 11082
5522 11083
5521 11084
5520 11085
5519 11653
5518 11654
5517 11655
5516 11656
5515 11657
5514 11658
5513 11659
5512 11001
5511 11002
5510 11003
5509 11004
5508 11005
5507 11006
5506 10635
5505 10636
5504 10637
5503 10638
5502 10639
5501 10640
5500 10641
5499 10642
5498 10643
5497 10644
5496 10645
5495 10646
5494 10647
5493 10648
5492 10649
5491 10650
5490 10651
5489 10652
5488 10653
5487 10654
5486 10655
5485 10656
5484 10657
5483 10965
5482 10966
5481 10967
5480 10968
5479 10969
5478 10970
5477 10971
5476 10972
5475 10973
5474 10974
5473 10975
5472 10976
5471 10977
5470 10978
5469 10979
5468 10980
5467 10981
5466 10982
5465 10983
5464 10913
5463 10914
5462 10915
5461 10916
5460 10917
5459 10918
5458 10919
5457 10920
5456 10921
5455 10922
5454 10923
5453 10924
5452 10925
5451 10926
5450 10927
5449 10928
5448 10929
5447 10930
5446 10931
5445 10932
5444 10933
5443 10934
5442 10935
5441 10163
5440 10164
5439 10165
5438 10166
5437 10167
5436 10168
5435 10169
5434 10170
5433 10171
5432 10172
5431 10173
5430 10174
5429 10175
5428 10176
5427 10177
5426 10178
5425 9395
5424 9396
5423 9397
5422 9398
5421 9399
5420 9400
5419 9401
5418 9402
5417 9403
5416 9404
5415 9405
5414 9406
5413 9407
5412 9408
5411 9409
5410 12002
5409 12003
5408 12004
5407 12005
5406 12006
5405 12007
5404 12008
5403 12009
5402 12010
5401 12011
5400 12012
5399 12013
5398 12014
5397 12015
5396 8458
5395 8459
5394 8460
5393 8461
5392 8462
5391 8463
5390 8464
5389 8465
5388 8466
5387 10584
5386 10585
5385 10586
5384 10587
5383 10588
5382 10589
5381 10590
5380 10591
5379 10592
5378 10593
5377 10594
5376 10595
5375 10596
5374 10597
5373 10598
5372 10599
5371 10600
5370 10601
5369 10602
5368 10603
5367 10604
5366 10605
5365 10606
5364 10607
5363 10608
5362 10609
5361 10610
5360 10611
5359 12241
5358 12242
5357 12243
5356 12244
5355 12245
5354 12246
5353 12247
5352 12248
5351 12249
5350 12250
5349 12251
5348 12252
5347 12253
5344 11537
5343 11538
5342 11539
5341 11540
5340 11541
5339 11542
5338 11543
5337 11544
5336 11545
5335 11546
5334 11547
5333 11548
5332 11549
5331 11550
5330 11551
5329 11552
5328 11553
5327 11554
5326 11555
5325 11556
5324 11557
5323 11558
5322 9331
5321 9332
5320 9333
5319 9334
5318 9335
5317 9336
5316 9337
5315 10577
5314 10578
5313 10579
5312 10580
5311 10581
5310 10582
5309 10583
5308 8467
5307 8468
5306 8469
5305 8470
5304 8471
5303 8472
5302 8473
5301 8474
5300 8475
5299 8476
5298 8477
5297 8478
5296 8479
5295 8480
5294 8481
5293 8482
5292 8483
5291 8484
5290 8485
5289 9382
5288 9383
5287 9384
5286 9385
5285 9386
5284 9387
5283 9388
5282 9389
5281 9390
5280 9391
5279 9392
5278 9393
5277 9394
5276 10179
5275 10180
5274 10181
5273 10182
5272 10183
5271 10184
5270 10185
5269 10186
5268 10187
5267 10188
5266 9417
5265 9418
5264 9419
5263 9420
5262 9421
5261 9422
5260 9423
5259 9424
5258 9425
5257 9426
5256 9427
5255 9428
5254 9429
5253 9430
5252 9431
5251 9432
5250 9433
5249 9434
5248 9435
5247 9498
5246 9499
5245 9500
5244 9501
5243 9502
5242 9503
5241 9504
5240 9505
5239 9506
5238 9507
5237 9508
5236 9509
5235 9510
5234 9511
5233 9512
5232 9513
5231 9514
5230 9515
5229 9516
5228 9517
5227 9518
5226 8630
5225 8631
5224 8632
5223 8633
5222 8634
5221 8635
5220 8636
5219 8637
5218 8638
5217 8639
5216 8640
5215 10612
5214 10613
5213 10614
5212 10615
5211 10616
5210 11642
5209 11643
5208 11644
5207 11645
5206 11646
5205 11647
5204 11648
5203 11649
5202 11650
5201 11651
5200 11652
5199 11086
5198 11087
5197 11088
5196 11089
5195 11090
5194 11091
5193 11092
5192 11093
5191 11094
5190 11095
5189 11096
5188 11097
5187 11098
5186 11099
5185 11100
5184 9527
5183 9528
5182 9529
5181 9530
5180 9531
5179 9532
5178 9533
5177 9534
5176 9535
5175 9536
5174 9537
5173 9563
5172 9564
5171 9565
5170 9566
5169 9567
5168 9568
5167 9569
5166 9570
5165 9571
5164 9572
5163 9573
5162 9574
5161 9575
5160 9576
5159 9577
5158 9578
5157 9579
5156 9580
5155 9581
5154 9638
5153 9639
5152 9640
5151 9641
5150 9642
5149 9643
5148 9644
5147 10658
5146 10659
5145 10660
5144 10661
5143 10662
5142 10663
5141 10664
5140 10665
5139 12686
5138 12687
5137 9661
5136 9662
5135 9663
5134 9664
5133 9665
5132 9666
5131 9667
5130 9668
5129 9669
5128 9670
5127 9671
5126 9672
5125 9673
5124 9674
5123 9675
5122 9676
5121 8873
5120 8874
5119 8875
5118 8876
5117 8877
5116 8878
5115 8879
5114 8880
5113 8881
5112 8882
5111 11250
5110 11251
5109 11252
5108 11253
5107 11254
5106 11255
5105 10733
5104 10734
5103 10735
5102 10736
5101 10737
5100 10738
5099 10739
5098 10740
5097 10741
5096 10742
5095 10743
5094 10744
5093 10745
5092 10746
5091 10747
5090 10748
5089 10749
5088 10750
5087 11844
5086 11845
5085 11846
5084 11847
5083 11848
5082 11849
5081 11850
5080 11851
5079 11852
5078 11853
5077 11854
5076 11855
5075 11856
5074 11857
5073 10776
5072 10777
5071 10778
5070 10779
5069 10780
5068 10781
5067 10782
5066 10783
5065 10784
5064 10849
5063 10850
5062 10851
5061 10852
5060 10853
5059 10854
5058 10855
5057 10856
5056 10857
5055 10858
5054 11894
5053 11895
5052 11896
5051 11897
5050 11898
5049 11899
5048 11900
5047 9834
5046 9835
5045 9836
5044 9837
5043 9838
5042 9839
5041 9840
5040 9841
5039 9842
5038 9843
5037 9844
5034 9823
5033 9824
5032 9825
5031 9826
5030 9827
5029 9828
5028 9829
5027 9830
5026 9831
5025 9832
5024 9833
5023 11901
5022 11902
5021 11903
5020 11904
5019 11905
5018 11906
5017 11907
5016 11908
5015 11909
5014 11910
5013 11911
5012 11912
5011 11913
5010 11914
5009 11915
5008 8306
5007 8307
5006 8308
5005 8309
5004 8310
5003 8311
5002 8312
5001 8313
5000 8314
4999 8315
4998 8316
4997 8317
4996 8318
4995 8319
4994 8320
4993 8321
4992 8322
4991 8323
4990 9716
4989 9717
4988 9718
4987 9719
4986 9720
4985 9721
4984 9722
4983 9723
4982 9724
4981 9725
4980 9726
4979 9727
4978 9728
4977 9729
4976 9730
4975 9731
4974 9732
4973 9733
4972 9734
4971 8852
4970 8853
4969 8854
4968 8855
4967 8856
4966 8857
4965 8858
4964 8859
4963 8860
4962 8861
4961 8862
4960 8863
4959 8864
4958 8865
4957 8866
4956 8867
4955 8868
4954 8869
4953 8870
4952 8871
4951 8872
4950 9677
4949 9678
4948 9679
4947 9680
4946 9681
4945 9682
4944 9683
4943 9684
4942 9685
4941 9686
4940 9687
4939 9688
4938 9689
4937 9618
4936 9619
4935 9620
4934 9621
4933 9622
4932 9623
4931 9624
4930 9625
4929 9626
4928 9627
4927 9628
4926 9629
4925 9630
4924 9631
4923 9632
4922 9633
4921 9634
4920 9635
4919 9636
4918 9637
4917 9582
4916 9583
4915 9584
4914 9585
4913 9586
4912 9587
4911 9588
4910 9589
4909 9590
4908 9591
4907 9592
4906 9593
4905 9594
4904 9595
4903 8211
4902 8212
4901 8213
4900 8214
4899 8215
4898 8216
4897 8217
4896 8218
4895 9519
4894 9520
4893 9521
4892 9522
4891 9523
4890 9524
4889 9525
4888 9526
4887 11101
4886 11102
4885 11103
4884 11104
4883 11105
4882 11106
4881 11107
4880 11108
4879 11109
4878 11110
4877 11111
4876 11112
4875 11113
4874 11114
4873 11115
4872 11116
4871 11117
4870 11118
4869 11119
4868 8114
4867 8115
4866 8116
4865 8117
4864 8118
4863 8119
4862 8120
4861 7034
4860 7035
4859 7036
4858 7037
4857 7038
4856 7039
4855 7040
4854 7041
4853 8622
4852 8623
4851 8624
4850 8625
4849 8626
4848 8627
4847 8628
4846 8629
4845 9477
4844 9478
4843 9479
4842 9480
4841 9481
4840 9482
4839 9483
4838 9484
4837 9485
4836 9486
4835 9487
4834 9488
4833 9489
4832 9490
4831 9491
4830 9492
4829 9493
4828 9494
4827 9495
4826 9496
4825 9497
4824 9436
4823 9437
4822 9438
4821 9439
4820 9440
4819 9441
4818 9442
4817 9443
4816 9444
4815 9445
4814 9446
4813 9447
4812 9448
4811 10117
4810 10118
4809 10119
4808 10120
4807 10121
4806 10122
4805 10123
4804 10124
4803 10125
4802 10126
4801 10127
4800 10128
4799 10129
4798 9366
4797 9367
4796 9368
4795 9369
4794 9370
4793 9371
4792 9372
4791 9373
4790 9374
4789 9375
4788 9376
4787 9377
4786 9378
4785 9379
4784 9380
4783 9381
4782 8055
4781 8056
4780 8057
4779 8058
4778 8059
4777 8060
4776 8061
4775 6800
4774 6801
4773 6802
4772 9308
4771 9309
4770 9310
4769 9311
4768 9312
4767 9313
4766 9314
4765 9315
4764 9316
4763 9317
4762 9318
4761 9319
4760 9320
4759 9321
4758 9322
4757 9323
4756 9324
4755 9325
4754 9326
4753 9327
4752 9328
4751 9329
4750 9330
4749 8011
4748 8012
4747 8013
4746 8014
4745 8015
4744 8016
4743 8017
4742 8018
4741 8019
4740 8020
4739 8021
4738 8022
4737 8023
4736 8024
4735 7995
4734 7996
4733 7997
4732 7998
4731 7999
4730 8000
4729 8001
4728 8002
4725 9874
4724 9875
4723 9876
4722 9877
4721 9878
4720 9879
4719 9880
4718 9881
4717 9882
4716 9883
4715 9884
4714 9885
4713 9886
4712 9887
4711 9888
4710 9889
4709 9890
4708 9891
4707 9892
4706 9893
4705 9894
4704 9895
4703 9896
4702 9897
4701 9898
4700 9997
4699 9998
4698 9999
4697 10000
4696 10001
4695 10002
4694 10003
4693 10004
4692 10005
4691 8442
4690 8443
4689 8444
4688 8445
4687 8446
4686 8447
4685 8448
4684 8449
4683 8450
4682 8451
4681 8452
4680 8453
4679 8454
4678 8455
4677 8456
4676 8457
4675 9751
4674 9752
4673 9753
4672 9754
4671 9755
4670 9756
4669 9757
4668 9758
4667 10043
4666 10044
4665 10045
4664 10046
4663 10047
4662 10048
4661 10049
4660 10050
4659 10051
4658 10052
4657 10053
4656 10054
4655 10055
4654 10056
4653 10057
4652 10058
4651 10059
4650 10060
4649 10061
4648 10062
4647 10096
4646 10097
4645 10098
4644 10099
4643 10100
4642 10101
4641 10102
4640 10103
4639 10104
4638 10105
4637 10106
4636 10107
4635 10108
4634 10109
4633 10110
4632 10111
4631 10112
4630 10113
4629 10114
4628 10115
4627 10116
4626 9449
4625 9450
4624 9451
4623 9452
4622 9453
4621 9454
4620 9455
4619 9456
4618 9457
4617 9458
4616 9459
4615 9460
4614 9461
4613 9462
4612 9463
4611 9464
4610 9465
4609 9466
4608 9467
4607 6923
4606 6924
4605 6925
4604 6926
4603 6927
4602 6928
4601 6929
4600 6930
4599 6931
4598 6932
4597 6933
4596 6934
4595 6935
4594 10218
4593 10219
4592 10220
4591 10221
4590 10222
4589 10223
4588 10224
4587 10225
4586 8611
4585 8612
4584 8613
4583 8614
4582 8615
4581 8616
4580 8617
4579 8618
4578 8619
4577 8620
4576 8621
4575 7042
4574 7043
4573 7044
4572 7045
4571 7046
4570 7047
4569 7048
4568 7049
4567 7050
4566 7051
4565 8641
4564 8642
4563 8643
4562 8644
4561 8645
4560 8646
4559 8647
4558 8648
4557 8649
4556 8650
4555 8651
4554 8699
4553 8700
4552 8701
4551 8702
4550 8703
4549 8704
4548 8705
4547 8706
4546 8707
4545 8708
4544 8709
4543 8710
4542 8711
4541 10360
4540 10361
4539 10362
4538 10363
4537 10364
4536 10365
4535 10366
4534 10367
4533 10368
4532 10369
4531 10370
4530 10371
4529 10372
4528 10373
4527 10374
4526 10375
4525 10376
4524 8219
4523 8220
4522 8221
4521 8222
4520 8223
4519 8224
4518 8225
4517 8226
4516 8227
4515 8228
4514 8229
4513 8230
4512 8231
4511 11338
4510 11339
4509 11340
4508 11341
4507 11342
4506 11343
4505 11344
4504 11345
4503 11346
4502 8743
4501 8744
4500 8745
4499 8746
4498 8747
4497 8748
4496 8749
4495 8750
4494 8751
4493 8752
4492 8753
4491 8754
4490 8755
4489 8756
4488 8757
4487 8758
4486 8759
4485 8760
4484 8761
4483 8762
4482 8763
4481 9249
4480 9250
4479 9251
4478 9252
4477 9253
4476 9254
4475 9255
4474 9256
4473 9690
4472 9691
4471 9692
4470 9693
4469 9694
4468 9695
4467 9696
4466 9697
4465 9698
4464 9699
4463 9700
4462 9701
4461 9702
4460 9703
4459 9704
4458 9705
4457 9706
4456 9707
4455 9708
4454 9709
4453 9710
4452 9711
4451 9712
4450 9713
4449 9714
4448 9715
4447 11397
4446 11398
4445 11399
4444 11400
4443 11401
4442 11402
4441 11403
4440 11404
4439 8844
4438 8845
4437 8846
4436 8847
4435 8848
4434 8849
4433 8850
4432 8851
4431 9735
4430 9736
4429 9737
4428 9738
4427 9739
4426 9740
4425 9741
4424 9742
4423 9743
4422 9744
4421 9745
4420 9746
4419 9747
4418 9748
4417 9749
4416 9750
4415 11452
4414 11453
4413 11454
4412 11455
4411 11456
4410 11457
4409 11458
4408 11459
4407 8324
4406 8325
4405 8326
4404 8327
4403 8328
4402 8329
4401 8330
4400 8331
4399 8332
4398 8333
4397 8927
4396 8928
4395 8929
4394 8930
4393 8931
4392 8932
4391 8933
4390 8934
4389 8935
4388 8936
4387 8937
4386 8938
4385 8939
4384 8940
4383 8941
4382 8942
4381 8943
4380 8944
4379 8945
4378 8946
4377 8947
4376 9800
4375 9801
4374 9802
4373 9803
4372 9804
4371 9805
4370 9806
4369 9807
4368 9808
4367 9809
4366 9810
4365 9811
4364 9812
4363 9813
4362 9814
4361 9815
4360 9816
4359 9817
4358 9818
4355 9297
4354 9298
4353 9299
4352 9300
4351 9301
4350 9302
4349 8354
4348 8355
4347 8356
4346 8357
4345 8358
4344 8359
4343 8360
4342 8361
4341 8362
4340 8363
4339 8364
4338 8365
4337 8366
4336 8948
4335 8949
4334 8950
4333 8951
4332 8952
4331 8953
4330 8954
4329 8955
4328 8956
4327 8957
4326 8958
4325 8959
4324 8960
4323 8919
4322 8920
4321 8921
4320 8922
4319 8923
4318 8924
4317 8925
4316 8926
4315 8883
4314 8884
4313 8885
4312 8886
4311 8887
4310 8888
4309 8889
4308 8890
4307 8891
4306 8892
4305 8893
4304 8894
4303 8895
4302 8232
4301 8233
4300 8234
4299 8235
4298 8236
4297 8237
4296 8238
4295 8239
4294 8240
4293 8241
4292 8242
4291 8243
4290 8244
4289 8245
4288 8246
4287 8247
4286 8831
4285 8832
4284 8833
4283 8834
4282 8835
4281 8836
4280 8837
4279 8838
4278 8839
4277 8840
4276 8841
4275 8842
4274 8843
4273 8773
4272 8774
4271 8775
4270 8776
4269 8777
4268 8778
4267 8779
4266 8780
4265 8781
4264 8782
4263 8783
4262 8784
4261 8785
4260 8786
4259 8787
4258 8788
4257 8789
4256 8790
4255 8791
4254 8792
4253 8793
4252 8794
4251 8795
4250 8796
4249 8797
4248 8798
4247 8799
4246 8800
4245 8801
4244 8802
4243 8803
4242 8804
4241 8805
4240 8806
4239 9241
4238 9242
4237 9243
4236 9244
4235 9245
4234 9246
4233 9247
4232 9248
4231 8764
4230 8765
4229 8766
4228 8767
4227 8768
4226 8769
4225 8770
4224 8771
4223 8772
4222 9615
4221 9616
4220 9617
4219 8734
4218 8735
4217 8736
4216 8737
4215 8738
4214 8739
4213 8740
4212 8741
4211 8742
4210 11347
4209 11348
4208 11349
4207 11350
4206 8174
4205 8175
4204 8176
4203 8177
4202 8178
4201 8179
4200 8180
4199 8181
4198 8182
4197 8183
4196 8184
4195 8185
4194 8186
4193 8187
4192 8188
4191 8189
4190 8190
4189 8191
4188 8192
4187 8193
4186 8194
4185 8195
4184 8196
4183 8197
4182 7085
4181 7086
4180 7087
4179 7088
4178 7089
4177 7090
4176 7091
4175 7092
4174 7093
4173 7094
4172 7095
4171 7096
4170 7097
4169 7098
4168 7099
4167 8690
4166 8691
4165 8692
4164 8693
4163 8694
4162 8695
4161 8696
4160 8697
4159 8698
4158 8652
4157 8653
4156 8654
4155 8655
4154 8656
4153 8657
4152 8658
4151 8659
4150 8660
4149 8661
4148 8662
4147 8663
4146 8664
4145 8665
4144 8666
4143 8667
4142 7430
4141 7431
4140 7432
4139 7433
4138 7434
4137 7435
4136 7436
4135 7437
4134 8603
4133 8604
4132 8605
4131 8606
4130 8607
4129 8608
4128 8609
4127 8610
4126 10226
4125 10227
4124 10228
4123 10229
4122 10230
4121 10231
4120 10232
4119 10233
4118 6910
4117 6911
4116 6912
4115 6913
4114 6914
4113 6915
4112 6916
4111 6917
4110 6918
4109 6919
4108 6920
4107 6921
4106 6922
4105 9468
4104 9469
4103 9470
4102 9471
4101 9472
4100 9473
4099 9474
4098 9475
4097 9476
4096 8537
4095 8538
4094 8539
4093 8540
4092 8541
4091 8542
4090 8543
4089 8544
4088 8545
4087 8546
4086 8547
4085 8548
4084 8549
4083 8550
4082 8551
4081 8552
4080 8553
4079 7374
4078 7375
4077 7376
4076 7377
4075 7378
4074 7379
4073 7380
4072 7381
4071 7382
4070 7383
4069 7384
4068 7385
4067 7386
4066 7387
4065 7388
4064 8486
4063 8487
4062 8488
4036 8427
4035 8428
4034 8429
4033 8430
4032 8431
4031 8432
4030 8433
4029 8434
4028 8435
4027 8436
4026 8437
4025 8438
4024 8439
4023 8440
4022 8441
4021 10006
4020 10007
4019 10008
4018 10009
4017 10010
4016 10011
4015 10012
4014 10013
4013 10014
4012 10015
4011 10016
4010 10017
4009 10018
4008 10019
4007 10020
4006 10021
4005 10022
4004 8367
4003 8368
4002 8369
4001 8370
4000 8371
3999 8372
3998 8373
3997 8374
3996 8375
3995 8376
3994 8377
3993 8378
3992 8379
3991 8380
3990 8381
3989 8382
3988 8383
3985 8007
3984 8008
3983 8009
3982 8010
3981 7991
3980 7992
3979 7993
3978 7994
3977 8025
3976 8026
3975 8027
3974 8028
3973 8029
3972 8030
3971 8031
3970 8032
3969 8033
3968 8034
3967 8035
3966 8036
3965 8037
3964 8038
3963 8039
3962 8040
3961 8041
3960 8042
3959 8043
3958 8044
3957 8045
3956 8046
3955 8047
3954 8048
3953 8049
3952 8050
3951 6786
3950 6787
3949 6788
3948 6789
3947 6790
3946 6791
3945 6792
3944 6793
3943 6794
3942 6795
3941 6796
3940 6797
3939 6798
3938 6799
3937 8062
3936 8063
3935 8064
3934 8065
3933 8066
3932 8067
3931 8068
3930 6821
3929 6822
3928 6823
3927 6824
3926 6825
3925 6826
3924 6827
3923 6828
3922 6829
3921 6830
3920 6831
3919 6832
3918 6833
3917 6834
3916 6835
3915 6836
3914 10130
3913 10131
3912 6837
3911 6838
3910 6839
3909 6840
3908 6841
3907 6842
3906 6843
3905 6844
3904 6845
3903 6846
3902 6847
3901 6848
3900 6849
3899 6850
3898 6851
3897 6852
3896 6853
3895 6854
3894 6855
3893 6856
3892 6857
3891 6858
3890 6859
3889 6860
3888 6897
3887 6898
3886 6899
3885 6900
3884 6901
3883 6902
3882 6903
3881 6904
3880 6905
3879 6906
3878 6907
3877 6908
3876 6909
3875 10234
3874 10235
3873 6950
3872 6951
3871 6952
3870 6953
3869 6954
3868 6955
3867 6956
3866 7019
3865 7020
3864 7021
3863 7022
3862 7023
3861 7024
3860 7025
3859 7026
3858 7027
3857 7028
3856 7029
3855 7030
3854 7031
3853 7032
3852 7033
3851 8121
3850 8122
3849 8123
3848 8124
3847 8125
3846 8126
3845 8127
3844 8128
3843 8129
3842 8130
3841 8131
3840 8132
3839 8133
3838 8134
3837 8135
3836 8136
3835 7072
3834 7073
3833 7074
3832 7075
3831 7076
3830 7077
3829 7078
3828 7079
3827 7080
3826 7081
3825 7082
3824 7083
3823 7084
3822 8198
3821 8199
3820 8200
3819 8201
3818 8202
3817 8203
3816 8204
3815 8205
3814 8206
3813 8207
3812 8208
3811 8209
3810 8210
3809 9596
3808 9597
3807 9598
3806 9599
3805 9600
3804 9601
3803 9602
3802 9603
3801 9604
3800 9605
3799 9606
3798 9607
3797 9608
3796 9609
3795 9610
3794 9611
3793 9612
3792 9613
3791 9614
3790 7157
3789 7158
3788 7159
3787 7160
3786 7161
3785 7162
3784 7163
3783 7164
3782 7165
3781 7166
3780 7167
3779 7168
3778 7169
3777 7170
3776 7171
3775 7172
3774 7173
3773 7174
3772 7226
3771 7227
3770 7228
3769 7229
3768 7230
3767 7231
3766 7232
3765 7233
3764 7234
3763 7235
3762 7212
3761 7213
3760 7245
3759 7246
3758 7247
3757 7248
3756 7249
3755 7250
3754 7251
3753 7252
3752 7253
3751 7509
3750 7510
3749 7511
3748 7512
3747 7513
3746 7514
3745 7515
3744 7516
3743 7517
3742 7518
3741 7519
3740 7520
3739 8248
3738 8249
3737 8250
3736 8251
3735 8252
3734 8253
3733 8254
3732 8255
3731 8256
3730 7286
3729 7287
3728 7288
3727 8284
3726 8285
3725 8286
3724 8287
3723 8288
3722 8289
3721 8290
3720 8291
3719 8292
3718 8293
3717 8294
3716 8295
3715 8296
3714 8297
3713 8298
3712 8299
3711 8300
3710 8301
3709 8302
3708 8303
3707 8304
3706 8305
3705 8334
3704 8335
3703 8336
3702 8337
3701 8338
3700 8339
3699 8340
3698 8341
3697 8342
3696 8343
3695 8344
3694 8345
3693 8346
3692 8347
3691 8348
3690 8349
3689 8350
3688 8351
3687 8352
3686 8353
3685 9303
3684 9304
3683 9305
3682 9306
3681 9307
3678 7627
3677 7628
3676 7629
3675 7630
3674 7631
3673 7632
3672 7633
3671 7634
3670 7289
3669 7290
3668 7291
3667 7292
3666 7293
3665 7294
3664 7295
3663 7296
3662 7297
3661 7254
3660 7255
3659 7256
3658 7257
3657 7258
3656 7259
3655 7260
3654 7261
3653 7262
3652 7263
3651 7264
3650 7265
3649 7266
3648 7267
3647 7268
3646 7269
3645 7270
3644 7271
3643 7272
3642 7273
3641 7274
3640 7275
3639 7276
3638 7277
3637 7278
3636 7279
3635 7280
3634 7281
3633 7282
3632 7283
3631 7284
3630 7285
3629 8257
3628 8258
3627 8259
3626 8260
3625 8261
3624 8262
3623 8263
3622 8264
3621 8265
3620 8266
3619 8267
3618 7499
3617 7500
3616 7501
3615 7502
3614 7503
3613 7504
3612 7505
3611 7506
3610 7507
3609 7508
3608 7236
3607 7237
3606 7238
3605 7239
3604 7240
3603 7241
3602 7242
3601 7243
3600 7244
3599 7214
3598 7215
3597 7216
3596 7217
3595 7218
3594 7219
3593 7220
3592 7221
3591 7222
3590 7223
3589 7224
3588 7225
3587 7175
3586 7176
3585 7177
3584 7178
3583 7179
3582 7180
3581 7181
3580 7182
3579 7183
3578 7184
3577 7185
3576 7135
3575 7136
3574 7137
3573 7138
3572 7139
3571 7140
3570 7141
3569 7142
3568 7143
3567 7144
3566 7114
3565 7115
3564 7116
3563 7117
3562 7118
3561 7119
3560 7120
3559 7121
3558 7122
3557 7123
3556 7124
3555 7125
3554 7126
3553 7127
3552 7128
3551 7129
3550 7130
3549 7131
3548 7132
3547 7133
3546 7134
3545 7052
3544 7053
3543 7054
3542 7055
3541 7056
3540 7057
3539 7058
3538 7059
3537 7060
3536 7061
3535 7062
3534 7063
3533 7064
3532 7065
3531 7066
3530 7067
3529 7068
3528 7069
3527 7070
3526 7071
3525 8137
3524 8138
3523 8139
3522 8140
3521 8141
3520 8142
3519 8143
3518 8144
3517 8145
3516 8146
3515 8681
3514 8682
3513 7000
3512 7001
3511 7002
3510 7003
3509 7004
3508 7005
3507 7006
3506 7007
3505 7008
3504 7009
3503 7010
3502 7011
3501 7012
3500 7013
3499 7014
3498 7015
3497 7016
3496 7017
3495 7018
3494 6957
3493 6958
3492 6959
3491 6960
3490 6961
3489 6962
3488 6963
3487 6964
3486 6965
3485 6966
3484 6967
3483 6968
3482 6969
3481 9098
3480 9099
3479 6891
3478 6892
3477 6893
3476 6894
3475 6895
3474 6896
3473 6861
3472 6862
3471 6863
3470 6864
3469 6865
3468 6866
3467 6867
3466 6868
3465 8567
3464 8568
3463 8569
3462 8570
3461 8571
3460 8572
3459 8573
3458 8574
3457 8575
3456 8576
3455 8577
3454 8578
3453 8579
3452 8580
3451 8581
3450 8582
3449 6803
3448 6804
3447 6805
3446 6806
3445 6807
3444 6808
3443 6809
3442 6810
3441 6811
3440 6812
3439 6813
3438 6814
3437 6815
3436 6816
3435 6817
3434 6818
3433 6819
3432 6820
3431 8069
3430 8070
3429 8071
3428 8072
3427 8073
3426 8074
3425 8075
3424 8076
3423 8077
3422 8078
3421 8079
3420 8080
3419 8081
3418 6778
3417 6779
3416 6780
3415 6781
3414 6782
3413 6783
3412 6784
3411 6785
3410 8051
3409 8052
3408 8053
3407 8054
3406 6745
3405 6746
3404 6747
3403 6748
3402 6749
3401 6750
3400 6751
3399 6752
3398 6753
3397 6724
3396 6725
3395 6726
3394 6727
3393 6728
3392 6729
3391 6730
3390 6731
3389 6732
3388 6733
3387 6734
3386 6735
3385 6736
3384 6737
3383 6738
3382 6739
3381 6740
3380 6741
3379 6742
3378 6743
3377 6744
3374 8418
3373 8419
3372 8420
3371 8421
3370 8422
3369 8423
3368 8424
3367 8425
3366 8426
3365 6710
3364 6711
3363 6712
3362 6713
3361 6714
3360 6715
3359 6716
3358 6717
3357 6718
3356 6719
3355 6720
3354 6721
3353 6722
3352 6723
3351 6754
3350 6755
3349 6756
3348 6757
3347 6758
3346 6759
3345 6760
3344 6761
3343 6762
3342 6763
3341 6764
3340 6765
3339 6766
3338 6767
3337 6768
3336 6769
3335 6770
3334 6771
3333 6772
3332 6773
3331 6774
3330 6775
3329 6776
3328 6777
3327 8082
3326 8083
3325 8084
3324 8085
3323 8086
3322 8087
3321 8088
3320 8089
3319 8090
3318 8091
3317 8092
3316 8093
3315 7319
3314 7320
3313 7321
3312 7322
3311 7323
3310 7324
3309 7325
3308 7326
3307 7327
3306 7328
3305 7329
3304 7330
3303 7331
3302 7332
3301 7333
3300 7334
3299 7335
3298 7336
3297 7337
3296 7338
3295 7361
3294 7362
3293 7363
3292 7364
3291 7365
3290 7366
3289 7367
3288 7368
3287 7369
3286 7370
3285 7371
3284 7372
3283 7373
3282 8554
3281 8555
3280 8556
3279 8557
3278 8558
3277 8559
3276 8560
3275 8561
3274 8562
3273 8563
3272 8564
3271 8565
3270 8566
3269 6869
3268 6870
3267 6871
3266 6872
3265 6873
3264 6874
3263 6875
3262 6876
3261 6877
3260 9086
3259 9087
3258 9088
3257 9089
3256 9090
3255 9091
3254 9092
3253 9093
3252 9094
3251 9095
3250 9096
3249 9097
3248 6970
3247 6971
3246 6972
3245 6973
3244 6974
3243 6975
3242 6976
3241 6977
3240 6978
3239 6979
3238 6980
3237 6981
3236 6982
3235 6983
3234 6984
3233 6985
3232 7417
3231 7418
3230 7419
3229 7420
3228 7421
3227 7422
3226 7423
3225 7424
3224 7425
3223 7426
3222 7427
3221 7428
3220 7429
3219 8668
3218 8669
3217 8670
3216 8671
3215 8672
3214 8673
3213 8674
3212 8675
3211 8676
3210 8677
3209 8678
3208 8679
3207 8680
3206 8147
3205 8148
3204 8149
3203 8150
3202 8151
3201 8152
3200 8153
3199 8154
3198 8155
3197 8156
3196 8157
3195 8158
3194 8159
3193 8160
3192 8161
3191 8162
3190 7810
3189 7811
3188 7812
3187 7813
3186 7814
3185 7815
3184 7816
3183 7817
3182 7818
3181 7819
3180 7820
3179 7821
3178 7822
3177 7823
3176 7824
3175 7825
3174 7826
3173 7827
3172 7828
3171 7829
3170 7830
3169 9190
3168 9191
3167 9192
3166 9193
3165 9194
3164 9195
3163 9196
3162 9197
3161 9198
3160 9199
3159 9200
3158 9201
3157 7100
3156 7101
3155 7102
3154 7103
3153 7104
3152 7105
3151 7106
3150 7107
3149 7108
3148 7109
3147 7110
3146 7111
3145 7112
3144 7113
3143 7145
3142 7146
3141 7147
3140 7148
3139 7149
3138 7150
3137 7151
3136 7152
3135 7153
3134 7154
3133 7155
3132 7156
3131 7186
3130 7187
3129 7188
3128 7189
3127 7190
3126 7191
3125 7192
3124 7193
3123 7194
3122 7195
3121 7196
3120 7197
3119 7198
3118 7199
3117 7200
3116 7460
3115 7461
3114 7462
3113 7463
3112 7444
3111 7445
3110 7446
3109 7447
3108 7448
3107 7471
3106 7472
3105 7473
3104 7474
3103 7475
3102 7476
3101 7477
3100 7478
3099 7479
3098 7480
3097 7481
3096 7482
3095 7483
3094 7484
3093 7485
3092 7486
3091 7487
3090 7488
3089 7489
3088 7490
3087 7491
3086 7492
3085 7493
3084 7494
3083 7495
3082 7496
3081 7497
3080 7498
3079 8268
3078 8269
3077 8270
3076 8271
3075 8272
3074 8273
3073 8274
3072 8275
3071 8276
3070 8277
3069 8278
3068 8279
3067 8280
3066 8281
3065 8282
3064 8283
3063 7538
3062 7539
3061 7540
3060 7521
3059 7522
3058 7523
3057 7524
3056 7525
3055 7526
3054 7541
3053 7542
3052 7543
3051 7544
3050 7545
3049 7546
3048 7547
3047 7548
3046 7549
3045 7550
3044 7562
3043 7563
3042 7564
3041 7565
3040 7566
3039 7567
3038 7568
3037 7569
3036 7570
3035 7612
3034 7613
3033 7614
3032 7615
3031 7616
3030 7617
3029 7618
3028 7619
3027 7298
3026 7299
3025 7300
3024 7301
3023 7302
3022 7303
3021 7304
3020 7305
3019 7306
3018 7307
3017 7308
3016 7635
3015 7636
3014 7637
3013 7638
3012 7639
3011 7640
3010 7620
3009 7621
3008 7622
3005 7581
3004 7582
3003 7583
3001 3002
3000 7586
2999 7587
2998 7588
2997 7589
2996 7590
2995 7591
2994 7592
2993 7593
2991 2992
2990 7596
2989 7597
2988 7598
2987 7599
2986 7600
2985 7601
2984 7602
2983 7603
2982 7604
2980 2981
2979 7607
2978 7608
2977 7609
2976 7610
2975 7611
2974 7571
2973 7572
2971 2972
2970 7575
2969 7576
2968 7577
2967 7578
2966 7579
2965 7580
2964 7551
2963 7552
2961 2962
2960 7555
2959 7556
2958 7557
2957 7558
2956 7559
2955 7560
2954 7561
2953 7527
2951 2952
2950 7530
2949 7531
2948 7532
2947 7533
2946 7534
2944 2945
2943 7537
2942 7959
2941 7960
2940 7961
2939 7962
2937 2938
2936 7965
2935 7966
2934 7967
2933 7968
2931 2932
2930 7971
2929 7972
2924 2925
2918 2919
2912 2913
2905 2906
2903 7921
2902 7922
2901 7923
2900 7924
2899 7925
2898 7926
2897 7464
2896 7465
2895 7466
2893 2894
2892 7469
2891 7470
2890 7449
2889 7450
2887 2888
2886 7453
2885 7454
2884 7455
2883 7456
2882 7457
2880 2881
2879 7201
2878 7202
2877 7203
2876 7204
2875 7205
2873 2874
2872 7208
2871 7209
2870 7210
2869 7211
2868 7867
2866 2867
2865 7870
2864 7871
2863 7872
2862 7873
2861 7874
2859 2860
2858 7877
2857 7878
2856 7879
2855 7880
2854 7881
2852 2853
2851 7884
2850 7885
2849 7886
2848 7887
2847 7888
2846 7889
2844 2845
2843 7847
2842 7848
2841 7849
2840 7850
2838 2839
2837 7853
2836 7854
2835 7855
2834 9173
2833 9174
2831 2832
2830 9177
2829 9178
2828 9179
2827 9180
2825 2826
2824 9183
2823 9184
2822 9185
2821 9186
2820 9187
2818 2819
2817 7831
2816 7832
2815 7833
2814 7834
2812 2813
2811 7837
2810 7838
2809 7839
2808 7840
2807 7841
2805 2806
2804 7844
2803 7800
2802 7801
2801 7802
2800 7803
2798 2799
2797 7806
2796 7807
2795 7808
2794 7809
2793 8163
2792 8164
2791 8165
2790 8166
2788 2789
2787 8169
2786 8170
2785 8171
2784 8172
2783 8173
2781 2782
2780 7783
2779 7784
2778 7785
2777 7764
2775 2776
2774 7767
2773 7768
2772 7769
2771 7389
2769 2770
2768 7392
2767 7393
2766 7394
2765 7395
2764 7396
2762 2763
2761 7399
2760 7400
2759 7401
2758 7402
2756 2757
2755 7405
2754 7406
2753 7407
2752 7408
2750 2751
2749 7411
2748 7412
2747 7413
2746 7414
2744 2745
2743 6986
2742 6987
2741 6988
2740 6989
2739 6990
2738 6991
2737 6992
2736 6993
2735 6994
2733 2734
2732 6997
2731 6998
2730 6999
2729 9068
2727 2728
2726 9071
2725 9072
2724 9073
2723 9074
2721 2722
2720 9077
2719 9078
2718 9079
2717 9080
2715 2716
2714 9083
2713 9084
2712 9085
2711 6878
2710 6879
2708 2709
2707 6882
2706 6883
2705 6884
2704 6885
2702 2703
2701 6888
2700 6889
2699 6890
2698 7759
2696 2697
2695 7762
2694 7763
2693 7742
2692 7743
2691 7744
2689 2690
2688 7747
2687 8513
2686 8514
2685 8515
2684 8516
2683 8517
2682 8518
2681 8519
2680 8520
2678 2679
2677 8523
2676 8524
2675 8525
2674 8526
2672 2673
2671 8529
2670 7339
2669 7340
2668 7341
2666 2667
2665 7344
2664 7345
2663 7346
2662 7347
2660 2661
2659 7350
2658 7351
2657 7352
2656 7309
2654 2655
2653 7312
2652 7313
2651 7314
2650 7315
2648 2649
2647 7318
2646 8094
2645 8095
2644 8096
2642 2643
2641 8099
2640 8100
2639 8101
2638 8102
2636 2637
2635 8105
2634 8106
2633 8107
2632 8108
2631 8109
2630 8110
2629 8111
2628 8112
2627 8113
2625 2626
2624 7685
2623 7686
2622 7687
2621 7688
2620 7689
2619 7690
2617 2618
2616 7693
2615 7694
2614 7663
2613 7664
2612 7665
2611 7666
2610 7667
2608 2609
2607 7670
2606 7671
2605 7672
2604 7641
2603 7642
2602 7643
2601 7644
2599 2600
2598 7647
2597 7648
2596 7649
2595 7650
2594 7651
2593 8401
2592 8402
2591 8403
2589 2590
2588 8406
2587 8407
2586 8408
2585 8409
2584 8410
2583 8411
2582 8412
2581 8413
2578 8388
2577 8389
2576 8390
2575 8391
2574 8392
2573 8393
2572 8394
2571 8395
2569 2570
2568 8398
2567 8399
2566 8400
2565 7652
2564 7653
2563 7654
2562 7655
2561 7656
2559 2560
2558 7659
2557 7660
2556 7661
2555 7662
2554 7673
2553 7674
2552 7675
2550 2551
2549 7678
2548 7679
2547 7680
2546 7681
2545 7682
2544 7695
2543 7696
2541 2542
2540 7699
2539 7700
2538 7701
2537 7702
2536 7703
2535 7704
2533 2534
2532 7707
2531 7708
2530 7709
2529 7710
2528 9774
2527 9775
2526 9776
2525 9777
2524 9778
2522 2523
2521 9781
2520 9782
2519 9783
2518 9784
2516 2517
2515 9787
2514 9788
2513 9789
2512 9790
2510 2511
2509 9793
2508 9794
2507 9795
2506 9796
2504 2505
2503 9799
2502 7353
2501 7354
2500 7355
2498 2499
2497 7358
2496 7359
2495 7360
2494 8489
2492 2493
2491 8492
2490 8493
2489 8494
2488 8495
2486 2487
2485 8498
2484 8499
2483 8500
2481 2482
2480 8503
2479 8504
2478 8505
2477 8506
2475 2476
2474 8509
2473 8510
2472 8511
2471 8512
2470 7748
2468 2469
2467 7751
2466 7752
2465 7753
2464 7754
2463 7755
2461 2462
2460 7758
2459 8530
2458 8531
2457 8532
2455 2456
2454 8535
2453 8536
2452 9003
2451 9004
2449 2450
2448 9007
2447 9008
2446 9009
2445 9010
2443 2444
2442 9054
2441 9055
2440 9056
2439 9057
2437 2438
2436 9060
2435 9061
2434 9062
2433 9063
2432 9064
2430 2431
2429 9067
2428 8583
2427 8584
2426 8585
2424 2425
2423 8588
2422 8589
2421 8590
2420 8591
2419 8592
2418 8593
2417 8594
2416 8595
2415 8596
2413 2414
2412 8599
2411 8600
2410 8601
2409 8602
2407 2408
2406 7440
2405 7441
2404 7442
2403 7443
2401 2402
2400 10324
2399 10325
2398 10326
2397 10327
2395 2396
2394 10330
2393 10331
2392 10332
2391 10333
2389 2390
2388 10336
2387 10337
2386 7770
2385 7771
2384 7772
2382 2383
2381 7775
2380 7776
2379 7777
2378 7778
2376 2377
2375 8683
2374 8684
2373 8685
2372 8686
2371 8687
2369 2370
2368 7786
2367 7787
2366 7788
2365 7789
2364 7790
2363 7791
2362 7792
2361 7793
2359 2360
2358 7796
2357 7797
2356 7798
2355 7799
2354 9100
2352 2353
2351 9103
2350 9104
2349 9105
2348 9106
2346 2347
2345 9109
2344 9110
2343 9111
2342 9112
2340 2341
2339 9157
2338 9158
2337 9159
2336 9160
2335 9161
2333 2334
2332 9164
2331 9165
2330 9166
2329 9167
2327 2328
2326 9170
2325 9171
2324 9172
2323 7856
2322 7857
2320 2321
2319 7860
2318 7861
2317 7862
2316 7863
2314 2315
2313 7866
2312 7890
2311 7891
2310 7892
2309 7893
2308 7894
2307 7895
2305 2306
2304 7898
2303 7899
2302 7900
2301 7901
2300 7902
2298 2299
2297 9228
2296 9229
2295 9230
2294 9231
2292 2293
2291 9234
2290 9235
2289 9236
2288 9237
2287 9238
2285 2286
2284 8807
2283 8808
2282 8809
2281 8810
2279 2280
2278 8813
2277 8814
2276 8815
2275 8816
2274 8817
2272 2273
2271 8820
2270 8821
2269 8822
2268 8823
2266 2267
2265 8826
2264 8827
2263 8828
2262 8829
2261 8830
2259 2260
2258 7929
2257 7930
2256 7931
2255 7932
2254 7933
2253 7934
2251 2252
2250 7937
2249 7938
2248 7939
2247 7940
2245 2246
2244 7943
2243 7944
2242 7945
2241 7946
2239 2240
2238 7949
2237 7950
2236 7951
2235 7952
2233 2234
2232 7955
2231 7956
2230 7957
2229 7958
2227 2228
2226 7975
2225 7976
2224 7977
2223 7978
2222 7979
2220 2221
2219 7982
2218 7983
2217 7984
2216 7985
2214 2215
2213 7988
2212 7989
2211 7990
2210 8896
2209 8897
2207 2208
2206 8900
2205 8901
2204 8902
2203 8903
2202 8904
2201 8905
2200 8906
2199 8907
2198 8908
2197 8909
2195 2196
2194 8912
2193 8913
2192 8914
2191 8915
2190 8916
2189 8917
2188 8918
2186 2187
2185 8963
2184 8964
2183 8965
2182 8966
2181 8967
2180 8968
2179 8969
2177 2178
2176 8972
2175 8973
2174 8974
2173 8975
2172 9272
2171 9273
2170 9274
2169 9275
2167 2168
2166 9278
2165 9279
2164 9280
2163 9281
2162 9282
2161 9283
2160 9284
2159 9285
2158 9286
2156 2157
2155 9289
2154 9290
2153 9291
2152 9292
2149 10551
2148 10552
2147 10553
2146 10554
2145 10555
2144 10556
2142 2143
2141 9259
2140 9260
2139 9261
2138 9262
2137 9263
2136 9264
2135 9265
2134 9266
2132 2133
2131 9269
2130 9270
2129 9271
2128 8976
2127 8977
2126 8978
2125 8979
2124 8980
2122 2123
2121 8983
2120 8984
2119 8985
2118 8986
2117 8987
2116 8988
2115 8989
2113 2114
2112 8992
2111 8993
2110 8994
2109 8995
2108 8996
2107 8997
2105 2106
2104 9000
2103 9001
2102 9002
2101 11435
2100 11436
2099 11437
2098 11438
2096 2097
2095 11441
2094 11442
2093 11443
2092 11444
2090 2091
2089 11447
2088 11448
2087 11449
2086 11450
2085 11451
2083 2084
2082 10493
2081 10494
2080 10495
2079 10496
2077 2078
2076 10433
2075 10434
2074 10435
2073 10436
2071 2072
2070 10439
2069 10440
2068 10441
2067 10442
2065 2066
2064 10445
2063 10446
2062 10447
2060 2061
2059 11383
2058 11384
2057 11385
2056 11386
2054 2055
2053 11389
2052 11390
2051 11391
2050 11392
2048 2049
2047 11395
2046 11396
2045 10377
2044 10378
2043 10379
2042 10380
2041 10381
2040 10382
2038 2039
2037 10385
2036 10386
2035 10387
2034 10388
2032 2033
2031 10391
2030 10392
2029 10393
2028 9202
2027 9203
2025 2026
2024 9206
2023 9207
2022 9208
2021 9209
2019 2020
2018 9212
2017 9213
2016 9214
2015 9215
2013 2014
2012 9218
2011 9219
2010 9220
2009 9221
2007 2008
2006 9224
2005 9225
2004 9226
2003 9227
2002 7905
2000 2001
1999 7908
1998 7909
1997 7910
1996 7911
1994 1995
1993 7914
1992 7915
1991 7916
1990 7917
1989 7918
1988 7919
1987 7920
1986 11322
1984 1985
1983 11325
1982 11326
1981 11327
1980 11328
1978 1979
1977 11331
1976 11332
1975 11333
1974 11334
1973 11335
1971 1972
1970 9147
1969 9148
1968 9149
1967 9150
1965 1966
1964 9153
1963 9154
1962 9155
1961 9156
1959 1960
1958 9117
1957 9118
1956 9119
1955 9120
1953 1954
1952 9123
1951 9124
1950 9125
1949 9126
1948 9127
1946 1947
1945 9130
1944 10351
1943 10352
1942 10353
1940 1941
1939 10356
1938 10357
1937 10358
1936 10359
1935 8712
1934 8713
1933 8714
1932 8715
1931 8716
1929 1930
1928 8719
1927 8720
1926 8721
1925 8722
1923 1924
1922 8725
1921 8726
1920 8727
1919 8728
1917 1918
1916 8731
1915 8732
1914 8733
1913 10306
1912 10307
1910 1911
1909 10310
1908 10311
1907 10312
1906 10313
1904 1905
1903 10316
1902 10317
1901 10318
1900 10319
1898 1899
1897 10236
1896 10237
1895 10238
1894 10239
1892 1893
1891 10200
1890 10201
1889 10202
1888 10203
1886 1887
1885 10206
1884 10207
1883 10208
1882 10209
1881 10210
1880 10211
1879 10212
1878 10213
1877 10214
1876 10215
1874 1875
1873 6936
1872 6937
1871 6938
1870 6939
1868 1869
1867 6942
1866 6943
1865 6944
1864 6945
1862 1863
1861 6948
1860 6949
1859 9048
1858 9049
1856 1857
1855 9011
1854 9012
1853 9013
1852 9014
1850 1851
1849 9017
1848 9018
1847 9019
1846 9020
1844 1845
1843 9023
1842 9024
1841 9025
1840 9026
1839 10132
1837 1838
1836 10135
1835 10136
1834 10137
1833 10138
1831 1832
1830 10141
1829 10142
1828 10143
1827 10144
1826 10145
1824 1825
1823 10148
1822 10149
1821 10150
1820 10151
1818 1819
1817 10089
1816 10090
1815 10091
1814 10092
1812 1813
1811 10095
1810 10063
1809 10064
1808 10065
1806 1807
1805 10068
1804 10069
1803 10070
1801 1802
1800 10073
1799 10074
1798 10075
1797 10032
1795 1796
1794 10035
1793 10036
1792 10037
1791 10038
1789 1790
1788 10041
1787 10042
1786 9759
1785 9760
1783 1784
1782 9763
1781 9764
1780 9765
1779 9766
1777 1778
1776 9769
1775 9770
1774 9771
1773 9772
1772 9773
1771 7711
1770 7712
1769 7713
1768 7714
1767 7715
1765 1766
1764 9981
1763 9982
1762 9983
1761 9984
1760 9985
1758 1759
1757 9988
1756 9989
1755 9990
1754 9991
1753 9992
1752 9993
1751 9994
1749 1750
1748 9899
1747 9900
1746 9901
1745 9902
1744 9903
1743 9904
1742 9905
1741 9906
1739 1740
1738 9909
1737 9910
1736 9911
1735 9912
1734 9857
1733 9858
1732 9859
1730 1731
1729 9862
1728 9863
1727 9864
1726 9865
1725 9866
1724 9867
1723 9868
1722 9869
1719 12258
1718 12259
1717 12260
1716 12261
1715 12262
1714 12263
1713 12264
1711 1712
1710 12267
1709 12268
1708 12269
1707 12270
1706 9913
1705 9914
1704 9915
1703 9916
1701 1702
1700 9919
1699 9920
1698 9921
1697 9922
1696 9923
1695 9924
1694 9925
1692 1693
1691 9928
1690 9967
1689 9968
1688 9969
1687 9970
1686 9971
1685 9972
1683 1684
1682 9975
1681 9976
1680 9977
1679 9978
1678 9979
1677 9980
1675 1676
1674 7720
1673 7721
1672 7722
1671 7723
1670 7724
1669 7725
1668 7726
1667 7727
1666 7728
1665 7729
1663 1664
1662 7732
1661 7733
1660 7734
1659 7735
1657 1658
1656 7738
1655 7739
1654 7740
1653 7741
1651 1652
1650 10025
1649 10026
1648 10027
1647 10028
1645 1646
1644 10031
1643 10076
1642 10077
1641 10078
1639 1640
1638 10081
1637 10082
1636 12375
1634 1635
1633 12378
1632 12379
1631 12380
1630 12381
1628 1629
1627 12384
1626 12385
1625 10083
1624 10084
1622 1623
1621 10152
1620 10153
1619 10154
1617 1618
1616 10157
1615 10158
1614 10159
1613 10160
1612 10161
1611 10162
1609 1610
1608 10938
1607 10939
1606 10940
1605 10941
1603 1604
1602 10944
1601 9027
1600 9028
1599 9029
1597 1598
1596 9032
1595 9033
1594 9034
1593 9035
1591 1592
1590 9038
1589 9039
1588 9040
1587 9041
1586 9042
1584 1585
1583 9045
1582 9046
1581 9047
1580 10945
1578 1579
1577 10948
1576 10949
1575 10950
1574 10951
1572 1573
1571 10954
1570 10955
1569 10956
1568 10957
1566 1567
1565 10960
1564 10961
1563 10962
1562 10963
1561 10964
1560 10189
1559 10190
1558 10191
1557 10192
1556 10193
1554 1555
1553 10196
1552 10197
1551 10198
1550 10199
1548 1549
1547 10244
1546 10245
1545 10246
1544 10247
1542 1543
1541 10292
1540 10293
1539 10294
1538 10295
1536 1537
1535 10298
1534 10299
1533 10300
1532 10301
1530 1531
1529 10304
1528 10305
1527 11061
1526 11062
1524 1525
1523 11065
1522 11066
1521 11067
1520 11068
1519 11069
1517 1518
1516 11072
1515 11073
1514 11074
1513 11075
1511 1512
1510 11078
1509 10338
1508 10339
1507 10340
1506 10341
1505 10342
1504 10343
1503 10344
1502 10345
1500 1501
1499 10348
1498 10349
1497 10350
1496 9131
1494 1495
1493 9134
1492 9135
1491 9136
1490 9137
1488 1489
1487 9140
1486 9141
1485 9142
1484 9143
1482 1483
1481 9146
1480 11296
1479 11297
1478 11298
1476 1477
1475 11301
1474 11302
1473 11303
1472 11304
1471 11305
1469 1470
1468 11308
1467 11309
1466 11310
1465 11311
1463 1464
1462 11314
1461 11315
1460 11316
1459 11317
1457 1458
1456 11320
1455 11321
1454 11120
1453 11121
1452 11122
1451 11123
1450 11124
1449 11125
1448 11126
1446 1447
1445 10676
1444 10677
1443 10678
1442 10679
1440 1441
1439 10682
1438 12666
1437 12667
1436 12668
1434 1435
1433 12671
1432 12672
1431 12673
1430 12674
1428 1429
1427 12677
1426 12678
1425 11785
1424 11786
1422 1423
1421 11789
1420 11790
1419 11791
1418 11792
1416 1417
1415 11795
1414 11796
1413 11797
1412 10394
1410 1411
1409 10397
1408 10398
1407 10399
1406 10400
1404 1405
1403 10403
1402 10404
1401 10405
1400 10406
1398 1399
1397 11365
1396 11366
1395 11367
1394 11368
1393 11369
1391 1392
1390 11372
1389 11373
1388 11374
1386 1387
1385 11377
1384 11378
1383 11379
1382 11380
1380 1381
1379 10450
1378 10451
1377 10452
1376 10453
1374 1375
1373 10456
1372 10765
1371 10766
1369 1370
1368 10769
1367 10770
1366 10771
1365 10772
1363 1364
1362 10775
1361 10497
1360 10498
1359 10499
1357 1358
1356 10502
1355 10503
1354 10504
1353 10505
1351 1352
1350 10508
1349 10509
1348 10510
1347 10511
1345 1346
1344 11429
1343 11430
1342 11431
1341 11432
1340 11433
1339 11434
1338 11460
1337 11461
1335 1336
1334 11464
1333 11465
1332 11466
1331 11467
1330 11468
1329 11469
1327 1328
1326 11472
1325 11473
1324 11474
1323 11475
1322 11476
1321 11477
1320 11478
1318 1319
1317 11481
1316 11482
1315 11483
1314 11484
1313 12194
1312 12195
1311 12196
1310 12197
1308 1309
1307 12200
1306 12201
1305 12202
1304 12203
1303 12204
1302 12205
1301 12206
1299 1300
1298 12209
1297 12210
1296 10557
1295 10558
1294 10559
1293 10560
1292 10561
1291 10562
1288 12170
1286 1287
1285 12173
1284 12174
1283 12175
1282 12176
1281 12177
1280 12178
1279 12179
1277 1278
1276 12182
1275 12183
1274 12184
1273 12185
1272 12186
1271 12187
1270 12188
1269 12189
1267 1268
1266 12192
1265 12193
1264 11485
1263 11486
1262 11487
1261 11488
1260 11489
1258 1259
1257 11405
1256 11406
1255 11407
1254 11408
1253 11409
1252 11410
1250 1251
1249 11413
1248 11414
1247 11415
1246 11416
1245 11417
1244 11418
1242 1243
1241 11421
1240 11422
1239 11423
1238 11424
1237 11425
1236 11426
1235 11427
1234 11428
1233 10514
1232 10515
1230 1231
1229 10518
1228 10519
1227 10520
1226 12720
1224 1225
1223 12723
1222 12724
1221 12725
1219 1220
1218 12728
1217 12729
1216 12730
1215 12731
1213 1214
1212 12734
1211 12735
1210 12736
1209 10476
1207 1208
1206 10479
1205 10480
1204 10481
1202 1203
1201 10484
1200 10485
1199 10486
1197 1198
1196 10489
1195 10490
1194 11351
1193 11352
1191 1192
1190 11355
1189 11356
1188 11357
1186 1187
1185 11360
1184 11361
1183 11362
1182 11363
1181 11364
1180 10409
1179 10410
1177 1178
1176 10413
1175 10414
1174 10415
1173 12688
1171 1172
1170 12691
1169 12692
1168 12693
1166 1167
1165 12696
1164 12697
1163 12642
1162 12643
1160 1161
1159 12646
1158 12647
1157 12648
1156 12649
1154 1155
1153 12652
1152 12653
1151 12654
1150 12655
1148 1149
1147 12658
1146 12659
1145 12660
1144 12661
1142 1143
1141 12664
1140 12665
1139 10683
1137 1138
1136 10686
1135 10687
1134 10688
1133 10689
1131 1132
1130 12589
1129 12590
1128 12591
1127 12592
1126 12593
1124 1125
1123 12596
1122 12597
1121 12598
1120 12599
1118 1119
1117 12602
1116 12603
1115 12604
1114 12605
1112 1113
1111 12608
1110 12571
1109 12572
1108 12573
1106 1107
1105 12576
1104 12577
1103 12578
1102 12579
1100 1101
1099 11293
1098 11294
1097 11295
1096 12098
1094 1095
1093 12101
1092 12102
1091 12103
1090 12104
1088 1089
1087 12107
1086 12108
1085 12109
1084 12110
1082 1083
1081 11043
1080 11044
1079 11045
1078 11046
1076 1077
1075 11049
1074 11050
1073 11051
1072 11052
1071 11053
1070 11054
1069 11055
1068 11056
1067 11057
1065 1066
1064 11060
1063 12488
1062 12489
1061 12490
1060 12491
1058 1059
1057 12476
1056 12477
1055 12478
1054 12479
1052 1053
1051 12482
1050 12483
1049 12484
1048 10275
1046 1047
1045 10278
1044 10279
1043 10280
1042 10281
1040 1041
1039 10284
1038 10285
1037 10286
1036 10287
1034 1035
1033 10248
1032 10249
1031 10250
1030 10251
1028 1029
1027 12446
1026 12447
1025 12448
1024 12449
1022 1023
1021 12452
1020 12453
1019 12454
1018 12455
1017 12050
1016 12051
1015 12052
1014 12053
1013 12054
1012 12055
1010 1011
1009 10997
1008 10998
1007 10999
1006 11000
1005 12386
1003 1004
1002 12389
1001 12390
1000 12391
999 12392
997 998
996 12946
995 12947
994 12948
993 12949
991 992
990 12952
989 12953
988 12954
987 12955
985 986
984 12958
983 12959
982 12960
981 12961
979 980
978 12964
977 12965
976 12966
975 13219
973 974
972 13222
971 13223
970 13224
969 13225
967 968
966 13228
965 13229
964 13230
963 13231
962 13232
961 13233
959 960
958 13236
957 13237
956 13238
955 13239
953 954
952 12363
951 12364
950 12365
948 949
947 12368
946 12369
945 12370
944 12371
942 943
941 12374
940 12333
939 12334
938 12335
936 937
935 12338
934 12339
933 12313
931 932
930 12316
929 12317
928 12318
927 12319
925 926
924 12322
923 12291
922 12292
921 12293
919 920
918 12296
917 12297
916 12298
915 12299
913 914
912 12271
911 12272
910 12273
909 12274
908 12275
907 12276
906 12277
905 12278
904 12279
903 12280
901 902
900 11962
899 11963
898 11964
897 11965
896 11966
895 9357
893 894
892 9360
891 9361
890 9362
889 9363
888 9364
887 9365
886 9929
884 885
883 9932
882 9933
881 9934
880 9935
879 9936
878 9937
877 9938
875 876
874 9941
873 9942
872 9943
871 9944
870 12211
869 12212
868 12213
867 12214
865 866
864 12217
863 12218
862 12219
861 12220
860 12221
859 12222
858 12223
855 12796
854 12797
853 12798
852 12799
851 12800
850 12801
849 12802
847 848
846 12805
845 12806
844 12807
843 12808
842 9945
841 9946
840 9947
839 9948
837 838
836 9951
835 9952
834 9953
833 9954
832 9955
831 9956
830 9957
828 829
827 9960
826 9961
825 9962
824 9963
823 9964
822 9965
821 9966
819 820
818 11952
817 11953
816 11954
815 11955
814 11956
813 11957
811 812
810 12281
809 12282
808 12283
807 12284
806 12285
805 12286
804 12287
803 12288
802 12289
801 12290
799 800
798 12304
797 12305
796 12306
795 12307
793 794
792 12310
791 12311
790 12312
789 12323
787 788
786 12326
785 12327
784 12328
783 12329
781 782
780 12332
779 12340
778 12341
776 777
775 12344
774 12345
773 12346
772 12347
770 771
769 12350
768 12351
767 12352
765 766
764 12355
763 12356
762 12357
761 12358
759 760
758 13240
757 13241
756 13242
754 755
753 13245
752 13246
751 13247
750 13248
749 13249
748 13250
747 13251
745 746
744 13212
743 13213
742 13214
741 13215
739 740
738 13218
737 12967
736 12968
735 12969
733 734
732 12972
731 12973
730 12974
729 12933
727 728
726 12936
725 12937
724 12938
723 12939
721 722
720 12942
719 12943
718 12944
717 12945
715 716
714 12397
713 12398
712 12399
711 12400
709 710
708 12403
707 13001
706 13002
705 13003
703 704
702 13006
701 13007
700 13008
699 13009
697 698
696 13012
695 13013
694 12456
693 12457
692 12458
691 12459
689 690
688 12462
687 12463
686 12464
685 12465
683 684
682 10256
681 10257
680 10258
679 10259
677 678
676 10262
675 10263
674 10264
673 10265
671 672
670 10268
669 10269
668 10270
667 10271
665 666
664 10274
663 12485
662 12486
661 12487
659 660
658 12468
657 12469
656 12470
655 12471
653 654
652 12492
651 12493
650 12494
649 12495
647 648
646 12498
645 13266
644 13267
643 13268
641 642
640 13271
639 13272
638 13273
637 13252
636 13253
634 635
633 12538
632 12539
631 12540
629 630
628 12543
627 12544
626 12545
625 12546
623 624
622 12549
621 12550
620 12551
619 12552
617 618
616 12555
615 12556
614 12557
613 12558
611 612
610 12561
609 12562
608 12563
607 12564
605 606
604 12567
603 12568
602 12569
601 12570
599 600
598 12611
597 12612
596 12613
595 12614
593 594
592 11173
591 11174
590 11175
589 11176
587 588
586 11179
585 12580
584 12581
583 12582
582 12583
581 12584
579 580
578 10690
577 10691
576 10692
574 575
573 10695
572 10696
571 10697
570 10698
568 569
567 10701
566 10702
565 10703
564 10704
562 563
561 10707
560 10708
559 10709
557 558
556 10712
555 10713
554 10714
553 10715
551 552
550 12639
549 12640
548 12641
546 547
545 12700
544 12701
543 12702
542 12703
540 541
539 12706
538 12707
537 10416
535 536
534 10419
533 10420
532 10421
531 10422
530 10423
529 10424
528 10425
527 10426
525 526
524 10429
523 10430
522 13274
521 13275
519 520
518 13278
517 13279
516 13280
514 515
513 13283
512 13284
511 13285
509 510
508 13122
507 13123
506 13124
505 13125
503 504
502 13128
501 13129
500 13130
498 499
497 13133
496 12708
495 12709
493 494
492 12712
491 12713
490 12714
489 12715
487 488
486 12718
485 12719
484 10521
483 10522
481 482
480 10525
479 10526
478 10527
477 10528
475 476
474 10531
473 10532
472 10533
471 10534
470 10535
469 10536
467 468
466 10816
465 10817
464 10818
463 10819
462 10820
460 461
459 10823
458 10824
457 10825
456 10826
455 10827
454 10828
452 453
451 10831
450 10832
449 10833
448 10834
447 10835
446 13301
445 13302
443 444
442 13305
441 13306
440 13307
439 13308
438 13309
437 13310
436 13311
434 435
433 13184
432 13185
431 13186
430 13187
429 13188
428 13189
427 13190
426 13191
424 425
423 13194
422 13195
419 13170
418 13171
417 13172
416 13173
415 13174
414 13175
413 13176
412 13177
411 13178
410 13179
409 13180
408 13181
407 13312
406 13313
405 13314
404 13315
403 13316
402 13317
401 13318
400 13319
399 13320
398 13321
397 13322
396 13323
395 13324
394 13325
393 13326
392 10803
391 10804
390 10805
389 10806
388 10807
387 10808
386 10809
385 10810
384 10811
383 10812
382 10813
381 10814
380 10815
379 10539
378 10540
377 10541
376 10542
375 10543
374 10544
373 10545
372 10546
371 10547
370 13144
369 13145
368 13146
367 13147
366 13148
365 13149
364 13150
363 13151
362 13152
361 13153
360 13154
359 13107
358 13108
357 13109
356 13110
355 13111
354 13112
353 13113
352 13114
351 13115
350 13116
349 13117
348 13118
347 13119
346 13120
345 13121
344 13288
343 13289
342 13290
341 13291
340 13292
339 13293
338 13294
337 13295
336 13296
335 13297
334 13298
333 13299
332 13300
331 11209
330 11210
329 11211
328 11212
327 11213
325 326
324 11216
323 11217
322 11218
321 11219
320 11220
319 11221
318 11222
317 11223
316 11224
315 11225
314 11226
313 11227
312 11228
311 11229
310 11230
309 11231
308 11232
307 13082
306 13083
305 13084
304 13085
303 13086
302 13087
301 13088
300 13089
299 13090
298 13091
297 13039
296 13040
295 13041
294 13042
293 13043
292 13044
291 13045
290 13046
289 11157
288 11158
287 11159
286 11160
285 11161
284 11162
283 11163
282 11164
281 11165
280 11166
279 11167
278 11168
277 11169
276 11170
275 11171
274 11172
273 12617
272 12618
271 12619
270 12620
269 12621
268 12622
267 12623
266 12624
265 12625
264 12626
263 12627
262 12628
261 12629
260 12630
259 12631
258 12632
257 12633
256 12634
255 11722
254 11723
253 11724
252 11725
251 11726
250 11727
249 11728
248 11729
247 11730
246 11731
245 11732
244 11733
243 11734
242 11735
241 11736
240 11737
239 13256
238 13257
237 13258
236 13259
235 13260
234 13261
233 13262
232 13263
231 13264
230 13265
229 12499
228 12500
227 12501
226 12502
225 12503
224 12504
223 12505
222 12506
221 12507
220 12508
219 12509
218 12510
217 12511
216 12512
215 12513
214 12514
213 12515
212 12516
211 12517
210 12518
209 12519
208 12520
207 12521
206 12522
205 12523
204 12524
203 12525
202 12526
201 12527
200 12528
199 12529
198 12530
197 12531
196 12532
195 12533
194 12534
193 12535
192 12986
191 12987
190 12988
189 12989
188 12990
187 12991
186 12992
185 12993
184 12994
183 12995
182 12996
181 12997
180 12998
179 12999
178 13000
177 12404
176 12405
175 12406
174 12407
173 12408
172 12409
171 12410
170 12411
169 12923
168 12924
167 12925
166 12926
165 12927
164 12928
163 12929
162 12930
161 12931
160 12932
159 13196
158 13197
157 13198
156 13199
155 13200
154 13201
153 13202
152 13203
151 13204
150 13205
149 13206
148 13207
147 13208
146 13209
145 12857
144 12858
143 12859
142 12860
141 12861
140 12862
139 12863
138 12864
137 12865
136 12866
135 12867
134 12868
133 12869
132 12870
131 12871
130 12872
129 12016
128 12017
127 12018
126 12019
125 12020
124 12021
123 12022
122 12023
121 11967
120 11968
119 11969
118 11970
117 11971
116 11972
115 11973
114 11974
113 11975
112 11976
111 11977
110 11978
109 11979
108 11980
107 11981
106 11982
105 11983
104 11984
103 11985
102 11986
101 11987
100 11932
99 11933
98 11934
97 11935
96 11936
95 11937
94 11938
93 11939
92 11940
91 11941
90 11942
89 11943
88 11944
87 11945
86 11946
85 11947
84 11948
83 11949
82 12809
81 12810
80 12811
79 12812
78 12813
77 12814
76 12815
75 12816
74 12817
73 12818
72 12819
71 12820
70 12821
69 12822
68 12823
67 12824
66 12776
65 12777
64 12778
63 12779
62 12780
61 12781
60 12782
59 12783
58 12784
57 12785
56 12786
55 12787
54 12788
53 12789
52 12790
51 12791
