8029 9582
8028 9583
8027 9584
8026 9585
8025 9586
8024 9587
8023 9588
8022 9589
8021 9590
8020 9591
8019 9592
8018 9593
8017 9594
8016 9595
8015 10262
8014 10263
8013 10264
8012 10265
8011 10266
8010 10267
8009 10268
8008 10269
8007 10270
8006 10271
8005 10272
8004 10273
8003 10274
8002 10275
8001 10276
8000 10277
7999 10278
7998 10279
7997 10280
7996 10281
7995 10282
7994 9984
7993 9985
7992 9986
7991 9987
7990 9988
7989 9989
7988 9990
7987 9991
7986 9992
7985 9993
7984 9994
7983 9995
7982 9996
7981 9997
7980 9998
7979 10394
7978 10395
7977 10396
7976 10397
7975 10398
7974 10399
7973 10400
7972 10401
7971 10093
7970 10094
7969 10095
7968 10096
7967 10097
7966 10098
7965 10099
7964 10100
7963 10101
7962 10073
7961 10074
7960 10075
7959 10076
7958 10077
7957 10078
7956 10079
7955 10431
7954 10432
7953 10433
7952 10434
7951 10435
7950 10436
7949 10437
7948 10438
7947 10439
7946 10440
7945 10441
7944 10442
7943 10443
7942 10444
7941 10445
7940 10741
7939 10742
7938 10743
7937 10744
7936 10745
7935 10746
7934 10747
7933 10748
7932 10749
7931 10750
7930 10751
7929 10752
7928 10753
7927 10754
7926 10755
7925 10756
7924 10757
7923 10758
7922 10759
7921 10794
7920 10795
7919 10796
7918 10797
7917 10798
7916 10799
7915 10800
7914 10801
7913 10802
7912 10803
7911 10804
7910 10907
7909 10908
7908 10909
7907 10910
7906 10911
7905 10912
7904 10913
7903 10914
7902 10915
7901 10916
7900 10917
7899 10918
7898 10919
7897 10920
7896 10921
7895 9611
7894 9612
7893 9613
7892 9614
7891 9615
7890 9616
7889 9617
7888 11124
7887 11125
7886 11126
7885 11127
7884 11128
7883 11129
7882 11130
7881 11131
7880 11132
7879 11133
7878 11134
7877 11135
7876 11136
7875 11137
7874 11138
7873 11139
7872 11140
7871 11141
7870 11142
7869 11143
7868 11144
7867 11302
7866 11303
7865 11304
7864 11305
7863 11306
7862 11307
7861 11308
7860 11309
7859 11310
7858 11311
7857 11312
7856 11313
7855 11314
7854 11315
7853 11316
7852 11317
7851 11318
7850 11319
7849 11260
7848 11261
7847 11262
7846 11263
7845 11264
7844 11265
7843 11266
7842 11267
7841 11268
7840 11269
7839 11458
7838 11459
7837 11460
7836 11461
7835 11462
7834 11463
7833 11464
7832 11562
7831 11563
7830 11564
7829 11565
7828 11566
7827 11567
7826 11568
7825 11569
7824 11570
7823 11571
7822 11572
7821 11573
7820 11574
7819 11575
7818 11576
7817 11577
7816 11578
7815 11662
7814 11663
7813 11664
7812 11665
7811 11666
7810 11667
7809 11668
7808 11697
7807 11698
7806 11699
7805 11700
7804 11701
7803 11702
7802 11703
7801 11704
7800 11705
7799 11706
7798 11707
7797 11708
7796 11709
7795 11710
7794 12052
7793 12053
7792 12054
7791 12055
7790 12056
7789 12057
7788 12058
7787 12019
7786 12020
7785 12021
7784 12022
7783 12023
7782 12024
7781 12025
7780 12026
7779 12027
7778 12028
7777 12029
7776 12030
7775 11987
7774 11988
7773 11989
7772 11990
7771 11991
7770 11992
7769 11993
7768 11994
7767 11995
7766 11996
7765 11997
7764 11998
7763 12112
7762 12113
7761 12114
7760 12115
7759 12116
7758 12117
7757 12118
7756 12119
7755 12120
7754 12121
7753 12122
7752 12123
7751 12124
7750 12125
7749 12126
7748 12459
7747 12460
7746 12461
7745 12462
7744 12463
7743 12464
7742 12465
7741 12466
7740 12467
7739 12509
7738 12510
7737 12511
7736 12512
7735 12513
7734 12514
7733 12515
7732 12516
7731 12517
7730 12518
7729 12519
7728 12520
7727 12521
7726 12522
7725 12523
7724 12356
7723 12357
7722 12358
7721 12359
7720 12360
7719 12361
7718 12362
7717 12363
7716 12364
7715 12365
7714 12366
7713 12367
7712 12368
7711 12369
7710 12327
7709 12328
7708 12329
7707 12330
7706 12331
7705 12332
7704 12333
7703 12334
7702 12335
7701 12292
7700 12293
7699 12294
7698 12295
7697 12296
7696 12297
7695 12298
7694 12299
7693 12300
7692 12301
7691 12302
7690 12303
7689 12772
7688 12773
7687 12774
7686 12775
7685 12776
7684 12777
7683 12778
7682 12779
7681 12780
7680 12781
7679 12782
7678 12783
7677 12784
7676 12785
7675 12786
7674 12787
7673 12788
7672 12193
7671 12194
7670 12195
7669 12196
7668 12197
7667 12198
7666 12199
7665 12200
7664 13914
7663 13915
7662 13916
7661 13917
7660 13918
7659 13919
7658 13920
7657 13921
7656 13922
7655 13923
7654 13924
7653 13925
7652 13926
7651 13927
7650 13828
7649 13829
7648 13830
7647 13831
7646 13832
7645 13833
7644 13834
7643 13835
7642 13836
7641 13837
7640 13838
7639 13839
7638 13840
7637 13841
7636 13842
7635 13751
7634 13752
7633 13753
7632 13754
7631 13755
7630 13756
7629 13757
7628 13758
7627 13759
7626 13760
7625 13761
7624 13762
7623 13763
7622 13667
7621 13668
7620 13669
7619 13670
7618 13671
7617 13672
7616 13673
7615 14061
7614 14062
7613 14063
7612 14064
7611 14065
7610 14066
7609 14067
7608 14068
7607 14069
7606 14070
7605 14071
7604 14072
7603 14073
7602 14074
7601 14075
7600 14076
7599 14077
7598 14078
7597 14079
7596 13407
7595 13408
7594 13409
7593 13410
7592 13411
7591 13412
7590 13413
7589 13414
7588 13415
7587 13416
7586 13417
7585 13418
7584 13419
7583 13420
7582 13421
7581 13422
7580 13423
7579 13424
7578 13425
7577 13426
7576 13362
7575 13363
7574 13364
7573 13365
7572 13366
7571 13367
7570 13368
7569 13369
7568 13370
7567 13371
7566 13372
7565 14207
7564 14208
7563 14209
7562 14210
7561 14211
7560 14212
7559 14213
7558 14214
7557 14215
7556 14216
7555 14217
7554 14218
7553 14219
7552 14220
7551 14221
7550 14222
7549 14223
7548 14224
7547 14225
7546 14226
7545 14227
7544 14228
7543 14229
7542 14230
7541 14231
7540 14232
7539 14233
7538 14234
7537 14235
7536 14236
7535 9830
7534 9831
7533 9832
7532 9833
7531 9834
7530 9835
7529 9836
7528 9837
7527 9838
7526 9839
7525 9840
7524 9850
7523 9851
7522 9852
7521 9853
7520 9854
7519 9855
7518 9856
7517 9857
7516 9858
7515 9859
7514 9860
7513 9861
7512 13070
7511 13071
7510 13072
7509 13073
7508 13074
7507 13075
7506 13076
7505 13077
7504 13078
7503 13079
7502 13080
7501 13081
7500 13082
7499 13083
7498 13084
7497 13085
7496 13086
7495 13087
7494 13088
7493 13089
7492 13090
7491 13091
7490 13092
7489 14409
7488 14410
7487 14411
7486 14412
7485 14413
7484 14414
7483 14415
7482 14416
7481 14417
7480 14418
7479 14419
7478 14420
7477 14421
7476 14422
7475 14423
7474 14424
7473 14425
7472 14426
7471 14427
7470 14428
7469 14429
7468 14430
7467 14431
7466 14432
7465 14433
7464 14434
7463 14435
7462 14436
7461 12903
7460 12904
7459 12905
7458 12906
7457 12907
7456 12908
7455 12909
7454 12910
7453 12911
7452 12912
7451 12913
7450 14596
7449 14597
7448 14598
7447 14599
7446 14600
7445 14601
7444 14602
7443 14603
7442 14604
7441 14605
7440 14606
7439 14607
7438 14608
7437 14609
7436 14610
7435 14611
7434 14612
7433 14613
7432 14614
7431 14615
7430 14616
7429 14617
7428 14618
7427 14619
7426 14620
7425 14621
7424 14622
7423 14623
7422 14624
7421 14625
7420 14626
7419 14627
7418 14628
7417 14629
7416 14630
7415 14631
7414 14632
7413 14633
7412 14634
7411 14635
7410 14636
7409 14669
7408 14670
7407 14671
7406 14672
7405 14673
7404 14674
7403 14675
7402 14676
7401 14677
7400 14678
7399 14679
7398 14680
7397 14681
7396 14682
7395 14683
7394 14684
7393 9676
7392 9677
7391 9678
7390 9679
7389 9680
7388 9681
7387 9682
7386 9683
7385 9684
7384 9685
7383 9686
7382 9687
7381 9688
7380 9746
7379 9747
7378 9748
7377 9749
7376 9750
7375 9751
7374 9752
7373 9753
7372 9754
7371 9755
7370 9756
7369 9757
7368 9758
7367 9759
7366 9760
7365 9761
7364 9762
7363 9763
7362 15313
7361 15314
7360 15315
7359 15316
7358 15317
7357 15318
7356 15319
7355 15320
7354 15321
7353 15322
7352 15323
7351 15324
7350 15325
7349 15326
7348 15327
7347 15328
7346 15383
7345 15384
7344 15385
7343 15386
7342 15387
7341 15388
7340 15389
7339 15390
7338 15391
7337 15392
7336 15393
7335 15394
7334 15395
7333 15396
7332 15397
7331 15398
7330 15399
7329 15400
7328 15401
7327 15402
7326 15403
7325 15404
7324 15405
7323 15406
7322 15407
7321 15408
7320 15409
7319 15410
7318 15411
7317 15412
7316 15413
7315 15414
7314 15415
7313 15416
7312 15417
7311 15803
7310 15804
7309 15805
7308 15806
7307 15807
7306 15808
7305 15809
7304 15810
7303 15811
7302 15812
7301 15813
7300 15814
7299 15815
7298 15816
7297 15817
7296 15818
7295 15819
7294 15820
7293 9873
7292 9874
7291 9875
7290 9876
7289 9877
7288 9878
7287 9879
7286 9880
7285 9881
7284 9882
7283 9883
7282 15854
7281 15855
7280 15856
7279 15857
7278 15858
7277 15859
7276 15860
7275 15861
7274 15862
7273 15863
7272 15864
7271 15865
7270 15866
7269 15867
7268 15868
7267 15869
7266 15870
7265 15871
7264 15872
7263 15873
7262 15874
7261 15875
7260 15876
7259 15877
7258 15878
7257 15879
7256 15880
7255 15881
7254 15882
7253 15883
7252 15884
7251 15885
7250 8758
7249 8759
7248 8760
7247 8761
7246 8762
7245 8763
7244 8764
7243 8765
7242 8766
7241 8767
7240 8768
7239 8769
7236 9569
7235 9570
7234 9571
7233 9572
7232 9573
7231 9574
7230 8751
7229 8752
7228 8753
7227 8754
7226 8755
7225 8756
7224 8757
7223 15886
7222 15887
7221 15888
7220 15889
7219 15890
7218 15891
7217 15892
7216 15893
7215 15894
7214 15895
7213 15896
7212 15897
7211 15752
7210 15753
7209 15754
7208 15755
7207 15756
7206 15757
7205 15758
7204 15759
7203 15760
7202 15761
7201 15762
7200 15763
7199 15764
7198 15765
7197 15766
7196 15767
7195 15768
7194 15769
7193 15770
7192 15771
7191 15772
7190 15773
7189 15774
7188 15775
7187 15776
7186 15777
7185 15778
7184 15779
7183 15780
7181 7182
7180 15783
7179 15784
7178 15785
7177 15786
7176 15787
7175 15788
7174 15789
7173 15790
7172 15791
7171 15792
7170 15793
7169 15794
7168 15795
7167 15796
7166 15797
7165 15798
7164 15799
7163 15800
7162 15801
7161 15802
7160 15418
7159 15419
7158 15420
7157 15421
7156 15422
7155 15423
7154 15424
7153 15425
7152 15426
7151 15427
7150 15428
7149 15429
7148 9559
7147 9560
7146 9561
7145 9562
7144 9563
7143 9564
7142 9565
7140 7141
7139 9568
7138 15282
7137 15283
7136 15284
7135 15285
7134 15286
7133 15287
7132 15288
7131 15289
7130 15290
7129 15291
7128 15292
7127 15293
7126 15294
7125 15295
7124 15296
7123 15297
7122 15298
7121 15299
7120 15300
7119 15301
7118 15302
7117 15303
7116 15304
7115 15305
7114 15306
7113 15307
7112 15308
7111 15309
7110 15310
7109 15311
7108 15312
7107 9764
7106 9765
7105 9766
7104 9767
7103 9768
7102 9769
7101 9770
7100 9771
7098 7099
7097 9774
7096 9775
7095 9776
7094 9777
7093 9657
7092 9658
7091 9659
7090 9660
7089 9661
7088 9662
7087 9663
7086 9664
7085 9665
7084 9666
7083 9667
7082 9668
7081 9669
7080 9670
7079 9671
7078 9672
7077 9673
7076 9674
7075 9675
7074 14685
7073 14686
7072 14687
7071 14688
7070 14689
7069 14690
7068 14691
7067 14692
7066 14693
7065 14694
7064 14695
7063 14696
7062 14697
7061 14698
7060 14699
7059 14700
7058 14701
7057 14702
7056 14703
7055 14704
7053 7054
7052 14707
7051 9537
7050 9538
7049 9539
7048 9540
7047 9541
7046 9542
7045 9543
7044 9544
7043 9545
7042 9546
7041 9547
7040 9514
7039 9515
7038 9516
7037 9517
7036 9518
7035 9519
7034 9520
7033 9521
7032 9522
7031 9494
7030 9495
7028 7029
7027 9498
7026 9499
7025 9500
7024 9501
7023 9502
7022 9503
7021 14588
7020 14589
7019 14590
7018 14591
7017 14592
7016 14593
7015 14594
7014 14595
7013 12914
7012 12915
7011 12916
7010 12917
7009 12918
7007 7008
7006 12921
7005 12922
7004 12923
7003 12924
7002 12925
7001 12926
7000 12927
6999 12928
6998 12929
6997 12930
6996 12931
6995 12932
6994 12933
6993 12934
6992 12935
6991 12936
6990 12937
6989 12938
6988 14392
6987 14393
6986 14394
6985 14395
6984 14396
6983 14397
6982 14398
6981 14399
6979 6980
6978 14402
6977 14403
6976 14404
6975 14405
6974 14406
6973 14407
6972 14408
6971 13093
6970 13094
6969 13095
6968 13096
6967 13097
6966 13098
6965 13099
6964 13100
6962 6963
6961 13103
6960 13104
6959 13105
6958 13106
6957 13107
6956 13108
6955 13109
6954 13110
6953 13111
6952 13112
6951 13113
6950 13114
6949 13115
6948 13116
6947 13117
6946 13118
6945 13119
6944 13120
6942 6943
6941 13123
6940 13124
6939 13125
6938 13126
6937 13127
6936 13128
6935 13129
6934 13130
6933 13131
6932 13132
6931 13133
6930 13134
6928 6929
6927 13137
6926 13138
6925 9472
6924 9473
6923 9474
6922 9475
6921 9476
6920 9477
6919 9478
6918 9479
6916 6917
6915 9482
6914 9450
6913 9451
6912 9452
6911 9453
6910 9454
6909 9455
6908 9456
6907 9457
6906 9458
6905 9430
6904 9431
6903 9432
6902 9433
6901 9434
6900 9435
6899 9436
6898 9437
6897 9438
6896 14200
6895 14201
6893 6894
6892 14204
6891 14205
6890 14206
6889 13373
6888 13374
6887 13375
6886 13376
6885 13377
6884 13378
6882 6883
6881 13381
6880 13382
6879 13383
6878 13384
6877 13385
6876 13386
6875 13387
6874 13388
6873 13389
6871 6872
6870 13392
6869 13393
6868 13394
6867 13395
6866 13396
6865 13397
6864 13398
6863 13399
6862 13400
6861 13401
6860 13402
6859 13403
6858 13404
6856 6857
6855 14080
6854 14081
6853 14082
6852 14083
6851 14084
6850 14085
6849 14086
6848 14087
6846 6847
6845 14090
6844 14091
6843 14092
6842 14093
6841 14054
6840 14055
6839 14056
6838 14057
6836 6837
6835 14060
6834 13674
6833 13675
6832 13676
6831 13677
6830 13678
6829 13679
6827 6828
6826 13682
6825 13683
6824 13684
6823 13741
6822 13742
6821 13743
6820 13744
6819 13745
6818 13746
6817 13747
6816 13748
6815 13749
6814 13750
6813 13843
6812 13844
6811 13845
6809 6810
6808 13848
6807 13849
6806 13850
6805 13851
6804 13852
6803 13853
6802 13854
6800 6801
6799 9408
6798 9409
6797 9410
6796 9411
6795 9412
6794 9413
6793 9414
6791 6792
6790 9417
6789 9418
6788 9385
6787 9386
6786 9387
6785 9388
6784 9389
6782 6783
6781 9392
6780 9393
6779 9394
6778 9364
6777 9365
6776 9366
6775 9367
6774 9368
6773 9369
6772 9370
6770 6771
6769 9373
6768 9344
6767 9345
6766 9346
6765 9347
6764 9348
6763 9349
6761 6762
6760 9352
6759 12765
6758 12766
6757 12767
6756 12768
6755 12769
6753 6754
6752 12304
6751 12305
6750 12306
6749 12307
6748 12308
6747 12309
6745 6746
6744 12312
6743 12313
6742 12314
6741 12315
6740 12316
6739 12317
6737 6738
6736 12320
6735 12321
6734 12322
6733 12323
6732 12324
6731 12325
6730 12326
6729 12370
6728 12371
6727 12372
6726 12373
6725 12374
6723 6724
6722 12377
6721 12378
6720 12379
6719 12380
6718 12381
6717 12382
6715 6716
6714 12385
6713 12386
6712 12387
6711 12388
6710 12389
6709 12390
6707 6708
6706 12393
6705 12394
6704 12501
6703 12502
6702 12503
6701 12504
6699 6700
6698 12507
6697 12508
6696 12468
6695 12469
6694 12470
6693 12471
6691 6692
6690 12474
6689 12475
6688 12476
6687 12477
6686 12478
6685 9325
6684 9326
6683 9327
6682 9328
6681 9329
6680 9330
6678 6679
6677 9333
6676 9306
6675 9307
6674 9308
6673 9309
6672 9310
6670 6671
6669 9313
6668 9314
6667 9315
6666 11977
6665 11978
6664 11979
6662 6663
6661 11982
6660 11983
6659 11984
6658 11985
6657 11986
6656 12031
6654 6655
6653 12034
6652 12035
6651 12036
6650 12037
6649 12038
6648 12039
6646 6647
6645 12042
6644 12043
6643 12044
6642 12045
6641 12046
6640 12047
6639 12048
6638 12049
6637 12050
6636 12051
6635 11711
6634 11712
6632 6633
6631 11715
6630 11716
6629 11717
6628 11718
6627 11719
6626 11720
6624 6625
6623 11723
6622 11724
6621 11652
6620 11653
6619 11654
6618 11655
6616 6617
6615 11658
6614 11659
6613 11660
6612 11661
6611 11579
6610 11580
6608 6609
6607 11583
6606 11584
6605 11585
6604 11586
6603 11587
6601 6602
6600 11590
6599 11591
6598 11592
6597 11593
6596 11594
6595 11595
6594 11596
6592 6593
6591 11450
6590 11451
6589 11452
6588 11453
6587 11454
6585 6586
6584 11457
6583 11270
6582 11271
6581 11272
6580 11273
6579 11274
6577 6578
6576 11277
6575 11278
6574 11279
6573 11280
6572 11281
6570 6571
6569 11284
6568 11285
6567 11286
6566 11287
6565 11288
6564 11289
6562 6563
6561 11292
6560 11293
6559 11294
6558 11295
6557 11296
6555 6556
6554 11299
6553 11300
6552 11301
6551 11145
6550 11146
6549 11147
6548 11148
6546 6547
6545 11151
6544 11152
6543 11153
6542 11154
6541 11155
6539 6540
6538 11158
6537 11114
6536 11115
6535 11116
6534 11117
6533 11118
6531 6532
6530 11121
6529 11122
6528 11123
6527 9618
6526 9619
6524 6525
6523 9622
6522 9623
6521 9624
6520 9625
6519 9626
6518 10891
6516 6517
6515 10894
6514 10895
6513 10896
6512 10897
6511 10898
6509 6510
6508 10901
6507 10902
6506 10903
6505 10904
6504 10905
6503 10906
6502 10805
6500 6501
6499 10808
6498 10809
6497 10810
6496 10811
6495 10671
6493 6494
6492 10674
6491 10675
6490 10676
6489 10677
6488 10678
6487 10679
6485 6486
6484 10682
6483 10683
6482 10684
6481 10685
6480 10686
6479 10687
6477 6478
6476 10690
6475 10733
6474 10734
6473 10735
6472 10736
6470 6471
6469 10739
6468 10740
6467 10446
6466 10447
6465 10448
6464 10449
6462 6463
6461 10452
6460 10453
6459 10454
6458 10455
6457 10456
6456 10457
6455 10458
6454 10459
6452 6453
6451 10064
6450 10065
6449 10066
6448 10067
6447 10068
6445 6446
6444 10071
6443 10072
6442 10102
6441 10103
6440 10104
6438 6439
6437 10107
6436 10108
6435 10109
6434 10110
6433 10111
6431 6432
6430 10114
6429 10115
6428 10116
6427 10117
6426 10118
6424 6425
6423 10121
6422 10122
6421 10123
6420 10124
6419 10125
6417 6418
6416 10128
6415 10129
6414 10130
6413 10131
6412 10132
6411 10133
6410 10235
6409 10236
6408 10237
6407 10238
6406 10239
6405 10240
6404 10241
6402 6403
6401 10244
6400 10245
6399 10246
6398 10247
6397 10248
6396 10249
6395 10250
6394 10251
6393 10252
6391 6392
6390 10255
6389 10256
6388 10257
6387 10258
6386 10259
6385 10260
6384 10261
6383 9596
6382 9597
6381 9598
6379 6380
6378 9601
6377 9602
6376 9603
6375 9604
6374 9605
6373 9606
6372 9607
6371 9608
6370 9609
6369 9610
6366 8060
6365 8061
6364 8062
6363 8063
6361 6362
6360 8066
6359 8067
6358 8068
6357 8069
6356 8070
6354 6355
6353 8073
6352 8074
6351 8075
6350 8076
6349 8077
6347 6348
6346 8080
6345 8081
6344 8082
6343 8083
6341 6342
6340 8086
6339 8087
6338 8088
6337 10218
6335 6336
6334 10221
6333 10222
6332 10223
6331 10224
6329 6330
6328 10227
6327 10228
6326 10229
6324 6325
6323 10232
6322 10233
6321 10234
6320 10134
6319 10135
6318 10136
6316 6317
6315 10139
6314 10140
6312 6313
6311 10143
6310 10144
6308 6309
6307 10147
6306 8152
6304 6305
6303 8155
6302 8156
6300 6301
6299 8159
6298 8160
6296 6297
6295 8174
6294 8175
6292 6293
6291 8178
6290 8179
6288 6289
6287 8182
6286 8183
6284 6285
6283 10050
6282 10051
6280 6281
6279 10054
6278 10055
6276 6277
6275 10058
6274 10059
6272 6273
6271 10460
6270 10461
6269 10462
6268 10463
6267 10464
6265 6266
6264 10467
6263 10468
6261 6262
6260 10471
6259 10472
6258 10473
6256 6257
6255 10476
6254 10477
6252 6253
6251 10728
6250 10729
6248 6249
6247 10732
6246 10691
6244 6245
6243 10694
6242 10695
6241 10696
6239 6240
6238 10699
6237 10700
6235 6236
6234 10703
6233 10704
6231 6232
6230 10665
6229 10666
6228 10667
6226 6227
6225 10670
6224 10812
6222 6223
6221 10815
6220 10816
6218 6219
6217 10819
6216 10820
6215 10821
6213 6214
6212 10824
6211 10878
6210 10879
6208 6209
6207 10882
6206 10883
6204 6205
6203 10886
6202 10887
6200 6201
6199 10890
6198 9627
6197 9628
6195 6196
6194 9631
6193 9632
6191 6192
6190 11100
6189 11101
6187 6188
6186 11104
6185 11105
6183 6184
6182 11108
6181 11109
6180 11110
6178 6179
6177 11113
6176 11159
6174 6175
6173 11162
6172 11163
6170 6171
6169 11166
6168 11167
6166 6167
6165 11170
6164 11171
6163 11172
6161 6162
6160 11175
6159 8215
6158 8216
6156 6157
6155 8219
6154 8220
6152 6153
6151 8223
6150 8224
6148 6149
6147 8237
6146 8238
6144 6145
6143 8241
6142 8242
6141 8243
6139 6140
6138 8257
6137 8258
6135 6136
6134 8261
6133 8262
6131 6132
6130 8265
6129 8266
6127 6128
6126 11435
6125 11436
6124 11437
6122 6123
6121 11440
6120 11441
6118 6119
6117 11444
6116 11445
6114 6115
6113 11597
6112 11598
6111 11599
6109 6110
6108 11602
6107 11603
6106 8277
6104 6105
6103 8280
6102 8281
6100 6101
6099 8284
6098 8285
6096 6097
6095 11638
6094 11639
6093 11640
6091 6092
6090 11643
6089 11644
6087 6088
6086 11647
6085 11648
6083 6084
6082 11651
6081 11725
6079 6080
6078 11728
6077 11729
6076 11730
6074 6075
6073 11733
6072 11734
6070 6071
6069 11737
6068 11738
6066 6067
6065 11741
6064 8320
6063 8321
6062 8322
6061 8323
6060 8324
6058 6059
6057 8327
6056 8328
6055 8329
6053 6054
6052 8343
6051 8344
6049 6050
6048 8347
6047 8348
6045 6046
6044 11963
6043 11964
6042 11965
6040 6041
6039 11968
6038 11969
6036 6037
6035 11972
6034 11973
6032 6033
6031 11976
6030 9294
6029 9295
6027 6028
6026 9298
6025 9299
6023 6024
6022 9302
6021 9303
6019 6020
6018 9316
6017 9317
6016 9318
6014 6015
6013 9321
6012 9322
6011 9323
6010 9324
6009 12479
6007 6008
6006 12482
6005 12483
6004 12484
6002 6003
6001 12487
6000 12488
5998 5999
5997 12491
5996 12492
5994 5995
5993 12495
5992 12496
5991 12497
5989 5990
5988 12500
5987 12395
5985 5986
5984 12398
5983 12399
5981 5982
5980 12402
5979 12403
5978 12404
5976 5977
5975 12407
5974 12408
5972 5973
5971 12411
5970 12719
5968 5969
5967 12722
5966 12723
5965 12724
5963 5964
5962 12727
5961 12728
5960 12729
5959 12730
5958 12731
5957 12732
5955 5956
5954 12735
5953 12736
5951 5952
5950 12739
5949 12740
5947 5948
5946 12743
5945 12744
5944 12745
5942 5943
5941 12748
5940 12749
5938 5939
5937 12752
5936 12753
5934 5935
5933 12756
5932 12757
5931 12758
5929 5930
5928 12761
5927 12762
5925 5926
5924 9334
5923 9335
5921 5922
5920 9338
5919 9339
5918 9340
5916 5917
5915 9343
5914 9353
5912 5913
5911 9356
5910 9357
5909 9358
5908 9359
5907 9360
5906 9361
5904 5905
5903 9374
5902 9375
5900 5901
5899 9378
5898 9379
5896 5897
5895 9382
5894 9383
5893 9384
5891 5892
5890 9397
5889 9398
5887 5888
5886 9401
5885 9402
5884 9403
5882 5883
5881 9406
5880 9407
5878 5879
5877 13859
5876 13860
5875 13861
5873 5874
5872 13864
5871 13865
5869 5870
5868 13724
5867 13725
5866 13726
5864 5865
5863 13729
5862 13730
5860 5861
5859 13733
5858 13734
5857 13735
5856 13736
5855 13737
5853 5854
5852 13740
5851 13685
5849 5850
5848 13688
5847 13689
5846 13690
5844 5845
5843 13693
5842 13694
5840 5841
5839 14045
5838 14046
5837 14047
5835 5836
5834 14050
5833 14051
5831 5832
5830 14094
5829 14095
5828 14096
5826 5827
5825 14099
5824 14100
5822 5823
5821 14103
5820 14104
5819 14105
5817 5818
5816 14108
5815 14109
5814 14110
5812 5813
5811 14113
5810 14114
5808 5809
5807 14117
5806 14118
5805 14119
5804 14120
5802 5803
5801 14123
5800 14124
5798 5799
5797 14127
5796 14128
5795 14129
5793 5794
5792 14132
5791 14133
5790 14134
5788 5789
5787 14180
5786 14181
5784 5785
5783 14184
5782 14185
5781 14186
5779 5780
5778 14189
5777 14190
5776 14191
5774 5775
5773 14194
5772 14195
5770 5771
5769 14198
5768 14199
5767 9419
5765 5766
5764 9422
5763 9423
5762 9424
5760 5761
5759 9427
5758 9428
5757 9429
5756 9439
5755 9440
5754 9441
5752 5753
5751 9444
5750 9445
5749 9446
5747 5748
5746 9449
5745 9459
5743 5744
5742 9462
5741 9463
5740 9464
5738 5739
5737 9467
5736 9468
5735 9469
5733 5734
5732 13139
5731 13140
5730 13141
5728 5729
5727 13144
5726 13145
5725 13146
5723 5724
5722 13149
5721 13150
5720 13151
5718 5719
5717 8521
5716 8522
5715 8523
5713 5714
5712 8526
5711 8527
5710 8528
5708 5709
5707 8541
5706 8542
5705 8543
5704 8544
5702 5703
5701 8547
5700 8548
5699 8549
5697 5698
5696 14355
5695 14356
5694 14357
5692 5693
5691 14360
5690 14361
5689 14362
5687 5688
5686 14365
5685 14366
5684 14367
5683 14368
5681 5682
5680 14371
5679 14372
5678 14373
5676 5677
5675 14376
5674 14377
5673 14378
5671 5672
5670 14381
5669 14382
5668 14383
5666 5667
5665 14386
5664 14387
5663 14388
5661 5662
5660 14391
5659 12939
5658 12940
5657 12941
5656 12942
5655 12943
5653 5654
5652 12946
5651 12947
5650 12948
5649 12949
5647 5648
5646 14562
5645 14563
5644 14564
5642 5643
5641 14567
5640 14568
5639 14569
5637 5638
5636 14572
5635 14573
5634 14574
5632 5633
5631 14577
5630 14578
5629 14579
5628 14580
5626 5627
5625 14583
5624 14584
5623 14585
5621 5622
5620 9483
5619 9484
5618 9485
5617 9486
5615 5616
5614 9489
5613 9490
5612 9491
5610 5611
5609 9504
5608 9505
5607 9506
5606 9507
5605 9508
5603 5604
5602 9511
5601 9512
5600 9513
5598 5599
5597 9525
5596 9526
5595 9527
5593 5594
5592 9530
5591 9531
5590 9532
5589 9533
5587 5588
5586 9536
5585 14708
5584 14709
5582 5583
5581 14712
5580 14713
5579 14714
5578 14715
5576 5577
5575 14718
5574 14719
5573 14720
5571 5572
5570 14723
5569 14724
5568 14725
5567 14726
5565 5566
5564 14729
5563 14730
5562 14731
5561 14732
5560 8624
5559 8625
5558 8626
5557 8627
5555 5556
5554 8630
5553 8631
5552 8632
5550 5551
5549 9733
5548 9734
5547 9735
5546 9736
5544 5545
5543 9739
5542 9740
5541 9741
5540 9742
5538 5539
5537 9745
5536 9778
5535 9779
5533 5534
5532 9782
5531 9783
5530 9784
5529 9785
5527 5528
5526 9788
5525 9789
5524 9790
5523 9791
5521 5522
5520 15245
5519 15246
5518 15247
5516 5517
5515 15250
5514 15251
5513 15252
5512 15253
5511 15254
5510 15255
5509 15256
5507 5508
5506 15259
5505 15260
5504 15261
5502 5503
5501 15264
5500 15265
5499 15266
5498 15267
5496 5497
5495 15270
5494 15271
5493 15272
5492 15273
5490 5491
5489 15276
5488 15277
5487 15278
5486 15279
5484 5485
5483 9548
5482 9549
5481 9550
5479 5480
5478 9553
5477 9554
5476 9555
5475 9556
5473 5474
5472 15430
5471 15431
5470 15432
5468 5469
5467 15435
5466 15436
5465 15437
5464 15438
5463 15439
5462 15440
5460 5461
5459 15443
5458 15444
5457 15445
5456 15446
5454 5455
5453 15449
5452 15450
5451 15451
5449 5450
5448 15454
5447 15455
5446 15456
5444 5445
5443 15459
5442 15460
5441 15461
5439 5440
5438 15464
5437 15465
5436 15466
5435 15467
5433 5434
5432 8671
5431 8672
5430 8673
5428 5429
5427 8676
5426 8677
5425 8678
5424 15727
5422 5423
5421 15730
5420 15731
5419 15732
5418 15733
5417 15734
5416 15735
5415 15736
5414 15737
5413 15738
5412 15739
5410 5411
5409 15742
5408 15743
5407 15744
5406 15745
5405 15746
5403 5404
5402 15749
5401 15750
5400 15751
5399 15898
5398 15899
5397 15900
5396 15901
5394 5395
5393 15904
5392 15905
5391 15906
5390 15907
5389 15908
5388 15909
5387 15910
5385 5386
5384 8745
5383 8746
5382 8747
5381 8748
5380 8749
5379 8750
5378 9575
5376 5377
5375 9578
5374 9579
5373 9580
5372 9581
5369 8731
5368 8732
5367 8733
5366 8734
5365 8735
5363 5364
5362 8738
5361 8739
5360 8740
5359 8741
5358 8742
5356 5357
5355 15913
5354 15914
5353 15915
5352 15916
5351 15917
5349 5350
5348 15920
5347 15921
5346 15922
5345 15923
5343 5344
5342 8721
5341 8722
5340 8723
5339 8724
5337 5338
5336 8727
5335 8728
5334 8729
5333 8730
5331 5332
5330 8702
5329 8703
5328 8704
5326 5327
5325 8707
5324 8708
5323 8709
5322 8710
5321 15720
5320 15721
5319 15722
5317 5318
5316 15725
5315 15726
5313 5314
5312 8681
5311 8682
5309 5310
5308 8685
5307 8686
5305 5306
5304 8689
5303 15468
5301 5302
5300 15471
5299 15472
5297 5298
5296 15475
5295 15476
5293 5294
5292 15479
5291 15480
5289 5290
5288 15483
5287 15484
5285 5286
5284 15487
5283 15488
5281 5282
5280 15491
5279 15492
5277 5278
5276 15495
5275 15496
5273 5274
5272 15499
5271 15500
5270 15501
5268 5269
5267 15504
5266 15505
5264 5265
5263 15508
5262 15509
5260 5261
5259 15512
5258 15513
5257 15514
5255 5256
5254 15517
5253 15518
5251 5252
5250 15521
5249 15522
5247 5248
5246 15525
5245 15526
5243 5244
5242 15529
5241 15530
5240 15531
5238 5239
5237 15534
5236 15535
5234 5235
5233 15538
5232 15539
5230 5231
5229 15225
5228 15226
5226 5227
5225 15229
5224 15230
5223 15231
5221 5222
5220 15234
5219 15235
5218 15236
5216 5217
5215 15239
5214 15240
5212 5213
5211 15243
5210 15244
5209 9794
5207 5208
5206 9797
5205 9798
5203 5204
5202 9801
5201 9802
5199 5200
5198 9805
5197 9806
5195 5196
5194 8659
5193 8660
5192 8661
5190 5191
5189 8664
5188 8665
5186 5187
5185 8668
5184 9726
5182 5183
5181 9729
5180 9730
5178 5179
5177 8635
5176 8636
5174 5175
5173 8639
5172 8640
5171 8641
5169 5170
5168 8644
5167 8645
5166 14733
5165 14734
5163 5164
5162 14737
5161 14738
5159 5160
5158 14741
5157 14742
5155 5156
5154 14745
5153 14746
5151 5152
5150 14795
5149 14796
5147 5148
5146 14799
5145 14800
5144 14801
5142 5143
5141 14804
5140 14805
5138 5139
5137 14808
5136 14809
5134 5135
5133 14812
5132 14813
5130 5131
5129 14816
5128 14817
5126 5127
5125 14820
5124 14821
5123 14822
5121 5122
5120 14825
5119 14826
5117 5118
5116 14829
5115 14830
5114 14831
5113 14832
5111 5112
5110 14835
5109 14836
5107 5108
5106 14839
5105 14840
5103 5104
5102 14843
5101 14844
5099 5100
5098 14847
5097 14848
5095 5096
5094 14851
5093 14852
5092 14853
5090 5091
5089 14856
5088 14857
5086 5087
5085 14860
5084 14861
5082 5083
5081 14554
5080 14555
5078 5079
5077 14558
5076 14559
5074 5075
5073 12952
5072 12953
5071 12954
5069 5070
5068 12957
5067 12958
5065 5066
5064 12961
5063 12962
5062 12963
5061 12964
5059 5060
5058 8614
5057 8615
5055 5056
5054 8618
5053 8619
5051 5052
5050 8622
5049 8623
5048 8593
5046 5047
5045 8596
5044 8597
5042 5043
5041 8600
5040 8601
5038 5039
5037 8573
5036 8574
5034 5035
5033 8577
5032 8578
5030 5031
5029 8581
5028 8582
5026 5027
5025 14350
5024 14351
5022 5023
5021 14354
5020 8552
5019 8553
5017 5018
5016 8556
5015 8557
5013 5014
5012 8560
5011 8561
5010 8562
5009 8531
5007 5008
5006 8534
5005 8535
5004 8536
5002 5003
5001 8539
5000 8540
4998 4999
4997 13156
4996 13157
4994 4995
4993 13160
4992 13226
4990 4991
4989 13229
4988 13230
4986 4987
4985 13233
4984 13234
4982 4983
4981 13237
4980 13238
4978 4979
4977 13241
4976 13242
4974 4975
4973 13245
4972 13246
4971 13247
4969 4970
4968 13250
4967 13251
4965 4966
4964 13254
4963 13255
4961 4962
4960 13258
4959 13259
4958 13260
4957 13261
4955 4956
4954 13264
4953 13265
4952 13266
4950 4951
4949 13269
4948 13270
4946 4947
4945 13273
4944 13274
4942 4943
4941 8513
4940 8514
4938 4939
4937 8517
4936 8518
4934 4935
4933 14169
4932 14170
4930 4931
4929 14173
4928 14174
4926 4927
4925 14177
4924 14135
4922 4923
4921 14138
4920 14139
4919 14140
4917 4918
4916 14143
4915 14144
4913 4914
4912 14147
4911 13520
4909 4910
4908 13523
4907 13524
4906 13525
4905 13526
4903 4904
4902 13529
4901 13530
4899 4900
4898 13533
4897 13534
4896 13535
4894 4895
4893 13538
4892 13539
4890 4891
4889 13542
4888 8494
4886 4887
4885 8497
4884 8498
4882 4883
4881 8501
4880 8502
4878 4879
4877 14037
4876 14038
4874 4875
4873 14041
4872 14042
4870 4871
4869 13697
4868 13698
4866 4867
4865 13701
4864 13702
4863 13703
4861 4862
4860 13706
4859 13707
4857 4858
4856 13710
4855 13711
4854 13712
4853 13713
4851 4852
4850 13716
4849 13717
4847 4848
4846 13720
4845 13721
4843 4844
4842 13868
4841 13869
4840 13870
4838 4839
4837 13873
4836 13874
4834 4835
4833 13877
4832 13878
4830 4831
4829 13881
4828 13882
4826 4827
4825 13885
4824 13886
4822 4823
4821 13889
4820 13890
4818 4819
4817 8476
4816 8477
4814 4815
4813 8480
4812 8481
4811 8482
4809 4810
4808 8485
4807 8455
4805 4806
4804 8458
4803 8459
4802 8460
4801 8461
4799 4800
4798 8464
4797 8465
4795 4796
4794 8437
4793 8438
4791 4792
4790 8441
4789 8442
4787 4788
4786 8445
4785 12627
4783 4784
4782 12630
4781 12631
4780 12632
4778 4779
4777 12635
4776 12636
4774 4775
4773 12639
4772 12640
4770 4771
4769 12643
4768 12644
4766 4767
4765 12647
4764 12648
4762 4763
4761 12651
4760 12652
4759 12653
4757 4758
4756 12656
4755 12657
4753 4754
4752 12660
4751 12661
4750 12662
4749 12663
4747 4748
4746 12666
4745 12712
4743 4744
4742 12715
4741 12716
4739 4740
4738 12412
4737 12413
4735 4736
4734 12416
4733 12417
4731 4732
4730 12420
4729 12421
4728 12422
4726 4727
4725 12425
4724 12426
4722 4723
4721 8416
4720 8417
4718 4719
4717 8420
4716 8421
4714 4715
4713 8424
4712 8392
4710 4711
4709 8395
4708 8396
4706 4707
4705 8399
4704 8400
4703 8401
4701 4702
4700 8371
4699 8372
4698 8373
4697 8374
4695 4696
4694 8377
4693 8378
4691 4692
4690 8381
4689 11937
4687 4688
4686 11940
4685 11941
4683 4684
4682 11944
4681 11945
4679 4680
4678 11948
4677 11949
4676 11950
4674 4675
4673 11953
4672 11954
4670 4671
4669 11957
4668 11958
4666 4667
4665 11961
4664 11962
4662 4663
4661 8353
4660 8354
4658 4659
4657 8357
4656 8358
4654 4655
4653 8330
4652 8331
4651 8332
4649 4650
4648 8335
4647 8336
4646 8337
4644 4645
4643 8340
4642 11742
4640 4641
4639 11745
4638 11746
4637 11747
4635 4636
4634 11750
4633 11751
4631 4632
4630 11754
4629 11755
4627 4628
4626 8311
4625 8312
4623 4624
4622 8315
4621 8316
4619 4620
4618 8319
4617 11632
4616 11633
4614 4615
4613 11636
4612 11637
4610 4611
4609 8290
4608 8291
4606 4607
4605 8294
4604 8295
4602 4603
4601 8298
4600 11604
4599 11605
4597 4598
4596 11608
4595 11609
4594 11610
4592 4593
4591 11420
4590 11421
4588 4589
4587 11424
4586 11425
4584 4585
4583 11428
4582 11429
4581 11430
4579 4580
4578 8267
4577 8268
4575 4576
4574 8271
4573 8272
4571 4572
4570 8275
4569 8276
4567 4568
4566 8248
4565 8249
4564 8250
4562 4563
4561 8253
4560 8254
4558 4559
4557 8225
4556 8226
4554 4555
4553 8229
4552 8230
4550 4551
4549 8233
4548 8234
4547 11176
4545 4546
4544 11179
4543 11180
4542 11181
4540 4541
4539 11184
4538 11185
4536 4537
4535 11188
4534 11189
4532 4533
4531 11085
4530 11086
4528 4529
4527 11089
4526 11090
4525 11091
4523 4524
4522 11094
4521 11095
4519 4520
4518 11098
4517 11099
4515 4516
4514 9637
4513 9638
4511 4512
4510 9641
4509 10864
4508 10865
4506 4507
4505 10868
4504 10869
4502 4503
4501 10872
4500 10873
4498 4499
4497 10876
4496 10877
4495 10825
4493 4494
4492 10828
4491 10829
4490 10830
4488 4489
4487 10833
4486 10834
4484 4485
4483 10837
4482 10838
4481 10656
4479 4480
4478 10659
4477 10660
4475 4476
4474 10705
4473 10706
4471 4472
4470 10709
4469 10710
4467 4468
4466 10713
4465 10714
4464 10715
4462 4463
4461 10718
4460 10719
4458 4459
4457 10722
4456 10723
4454 4455
4453 10478
4452 10479
4450 4451
4449 10482
4448 10483
4447 10484
4445 4446
4444 10487
4443 10488
4441 4442
4440 10491
4439 8204
4438 8205
4437 8206
4436 8207
4434 4435
4433 8210
4432 8211
4430 4431
4429 8214
4428 10041
4426 4427
4425 10044
4424 10045
4422 4423
4421 8184
4420 8185
4418 4419
4417 8188
4416 8189
4414 4415
4413 8192
4412 8193
4410 4411
4409 8165
4408 8166
4406 4407
4405 8169
4404 8170
4402 4403
4401 8173
4400 10148
4398 4399
4397 10151
4396 10152
4394 4395
4393 10155
4392 10156
4390 4391
4389 10159
4388 10160
4387 10161
4386 10162
4385 10163
4384 10164
4382 4383
4381 10167
4380 10168
4379 10169
4377 4378
4376 10211
4375 10212
4374 10213
4373 10214
4371 4372
4370 10217
4369 8089
4368 8090
4367 8091
4365 4366
4364 8094
4363 8095
4362 8096
4361 8097
4359 4360
4358 8100
4357 8101
4356 8102
4355 8045
4354 8046
4352 4353
4351 8049
4350 8050
4349 8051
4348 8052
4347 8053
4345 4346
4344 8056
4343 8057
4342 8058
4341 8059
4338 8031
4337 8032
4336 8033
4335 8034
4334 8035
4333 8036
4332 8037
4331 8038
4330 8039
4329 8040
4327 4328
4326 8043
4325 8044
4324 8103
4323 8104
4322 8105
4321 8106
4320 8107
4319 8108
4318 8109
4317 8110
4315 4316
4314 8113
4313 10199
4312 10200
4311 10201
4310 10202
4309 10203
4308 10204
4307 10205
4305 4306
4304 10208
4303 10170
4302 10171
4301 10172
4300 10173
4299 10174
4298 10175
4297 10176
4296 10177
4295 10178
4294 10179
4293 10007
4292 10008
4291 10009
4289 4290
4288 10012
4287 10013
4286 10014
4285 10015
4284 10016
4282 4283
4281 10019
4280 10020
4279 10021
4278 10022
4277 10023
4275 4276
4274 10026
4273 10027
4272 10028
4271 10029
4270 10030
4268 4269
4267 10033
4266 10034
4265 10035
4264 10036
4263 10037
4261 4262
4260 10040
4259 8194
4258 8195
4257 8196
4256 8197
4254 4255
4253 8200
4252 8201
4251 8202
4250 8203
4249 10492
4248 10493
4247 10494
4246 10495
4244 4245
4243 10498
4242 10499
4241 10500
4240 10501
4239 10502
4238 10503
4236 4237
4235 10506
4234 10507
4233 10508
4232 10636
4231 10637
4229 4230
4228 10640
4227 10641
4226 10642
4225 10643
4224 10644
4222 4223
4221 10647
4220 10648
4219 10649
4218 10650
4217 10651
4216 10652
4214 4215
4213 10655
4212 10839
4211 10840
4210 10841
4209 10842
4207 4208
4206 10845
4205 10846
4204 10847
4203 10848
4202 10849
4201 10850
4200 10851
4199 10852
4197 4198
4196 10855
4195 10856
4194 10857
4193 10858
4192 10859
4190 4191
4189 10862
4188 10863
4187 9642
4186 9643
4185 9644
4184 9645
4182 4183
4181 9648
4180 9649
4179 11070
4178 11071
4177 11072
4175 4176
4174 11075
4173 11076
4172 11077
4171 11078
4170 11079
4169 11080
4167 4168
4166 11190
4165 11191
4164 11192
4163 11193
4162 11194
4160 4161
4159 11197
4158 11198
4157 11199
4156 11200
4155 11201
4154 11202
4153 11203
4151 4152
4150 11206
4149 11207
4148 11383
4147 11384
4146 11385
4144 4145
4143 11388
4142 11389
4141 11390
4140 11391
4139 11392
4137 4138
4136 11395
4135 11396
4134 11397
4133 11398
4132 11399
4131 11400
4129 4130
4128 11403
4127 11404
4126 11405
4125 11406
4124 11407
4122 4123
4121 11410
4120 11411
4119 11412
4118 11413
4117 11414
4115 4116
4114 11417
4113 11611
4112 11612
4111 11613
4110 11614
4109 11615
4108 11616
4106 4107
4105 11619
4104 11620
4103 11621
4102 11622
4101 11623
4100 11624
4098 4099
4097 11627
4096 11628
4095 11629
4094 11630
4093 11631
4091 4092
4090 8301
4089 8302
4088 8303
4087 8304
4086 8305
4084 4085
4083 8308
4082 11756
4081 11757
4080 11758
4079 11759
4077 4078
4076 11762
4075 11763
4074 8770
4073 8771
4072 8772
4070 4071
4069 8775
4068 8776
4067 8777
4066 8778
4065 8779
4064 8780
4063 11902
4062 11903
4060 4061
4059 11906
4058 11907
4057 11908
4056 11909
4055 11910
4053 4054
4052 11913
4051 11914
4050 11915
4049 11916
4048 11917
4046 4047
4045 11920
4044 11921
4043 11922
4042 11923
4041 11924
4039 4040
4038 11927
4037 11928
4036 11929
4035 11930
4034 11931
4032 4033
4031 11934
4030 11935
4029 11936
4028 8361
4027 8362
4025 4026
4024 8365
4023 8366
4022 8367
4021 8368
4020 8369
4019 8370
4018 8382
4017 8383
4016 8384
4014 4015
4013 8387
4012 8388
4011 8389
4010 8390
4009 8391
4007 4008
4006 8406
4005 8407
4004 8408
4003 8409
4002 8410
4000 4001
3999 8413
3998 12427
3997 12428
3996 12429
3995 12430
3993 3994
3992 12433
3991 12434
3990 12700
3989 12701
3988 12702
3986 3987
3985 12705
3984 12706
3983 12707
3982 12708
3981 12709
3979 3980
3978 12667
3977 12668
3976 12669
3975 12670
3974 12671
3973 12672
3972 12673
3971 12674
3970 12675
3968 3969
3967 12678
3966 12604
3965 12605
3964 12606
3963 12607
3961 3962
3960 12610
3959 12611
3958 12612
3957 12613
3956 12614
3954 3955
3953 12617
3952 12618
3951 12619
3950 12620
3948 3949
3947 12623
3946 12624
3945 12625
3944 12626
3943 8425
3941 3942
3940 8428
3939 8429
3938 8430
3937 8431
3936 8432
3934 3935
3933 8446
3932 8447
3931 8448
3930 8449
3929 8450
3928 8451
3927 8452
3926 8453
3925 8454
3924 8466
3922 3923
3921 8469
3920 8470
3919 8471
3918 8472
3916 3917
3915 8475
3914 13893
3913 13894
3912 13895
3911 13896
3909 3910
3908 13899
3907 13900
3906 13988
3905 13989
3903 3904
3902 13992
3901 13993
3900 13994
3899 13995
3898 13996
3896 3897
3895 13999
3894 14000
3893 14001
3892 14002
3890 3891
3889 14005
3888 14006
3887 14007
3886 14008
3885 14009
3883 3884
3882 14012
3881 14013
3880 14014
3879 14015
3878 14016
3876 3877
3875 14019
3874 14020
3873 14021
3872 14022
3871 14023
3869 3870
3868 14026
3867 14027
3866 14028
3865 14029
3863 3864
3862 14032
3861 14033
3860 14034
3859 8486
3857 3858
3856 8489
3855 8490
3854 8491
3853 8492
3852 8493
3850 3851
3849 13545
3848 13546
3847 13547
3846 13548
3844 3845
3843 13507
3842 13508
3841 13509
3840 13510
3838 3839
3837 13513
3836 13514
3835 13515
3834 13516
3833 13517
3832 13518
3831 13519
3829 3830
3828 14150
3827 14151
3826 14152
3825 14153
3823 3824
3822 14156
3821 14157
3820 14158
3819 14159
3817 3818
3816 14162
3815 14163
3814 14164
3813 14165
3812 14166
3810 3811
3809 8503
3808 8504
3807 8505
3806 8506
3804 3805
3803 8509
3802 8510
3801 13275
3800 13276
3798 3799
3797 13279
3796 13280
3795 13281
3794 13282
3792 3793
3791 8791
3790 8792
3789 8793
3788 8794
3787 8795
3786 8796
3785 8797
3784 8798
3782 3783
3781 13201
3780 13202
3779 13203
3778 13204
3776 3777
3775 13207
3774 13208
3773 13209
3772 13210
3770 3771
3769 13213
3768 13214
3767 13215
3766 13216
3764 3765
3763 13219
3762 13220
3761 13221
3759 3760
3758 13224
3757 13225
3756 13161
3755 13162
3753 3754
3752 13165
3751 13166
3750 13167
3749 13168
3747 3748
3746 14326
3745 14327
3744 14328
3743 14329
3741 3742
3740 14332
3739 14333
3738 14334
3737 14335
3736 14336
3734 3735
3733 14339
3732 14340
3731 14341
3729 3730
3728 14344
3727 14345
3726 14346
3725 14347
3723 3724
3722 8565
3721 8566
3720 8567
3719 8568
3717 3718
3716 8571
3715 8572
3714 8583
3712 3713
3711 8586
3710 8587
3709 8588
3708 8589
3706 3707
3705 8592
3704 8604
3703 8605
3701 3702
3700 8608
3699 8609
3698 8610
3697 8611
3695 3696
3694 12967
3693 12968
3692 12969
3691 12970
3690 12971
3689 12972
3688 12973
3686 3687
3685 12976
3684 12977
3683 14544
3681 3682
3680 14547
3679 14548
3678 14549
3677 14550
3675 3676
3674 14553
3673 14864
3672 14865
3670 3671
3669 14868
3668 14869
3667 14870
3666 14871
3664 3665
3663 14874
3662 14875
3661 14876
3659 3660
3658 14879
3657 14880
3656 14881
3655 14882
3653 3654
3652 14885
3651 14886
3650 14887
3648 3649
3647 14890
3646 14891
3645 14892
3644 14893
3643 14894
3642 14895
3641 14896
3640 14897
3638 3639
3637 14900
3636 14901
3635 14902
3633 3634
3632 8813
3631 8814
3630 8815
3628 3629
3627 8818
3626 8819
3625 8820
3624 8821
3622 3623
3621 14780
3620 14781
3619 14782
3617 3618
3616 14785
3615 14786
3614 14787
3613 14788
3611 3612
3610 14791
3609 14792
3608 14747
3606 3607
3605 14750
3604 14751
3603 14752
3602 14753
3600 3601
3599 14756
3598 9706
3597 9707
3596 9708
3595 9709
3594 9710
3593 9711
3591 3592
3590 9714
3589 9715
3588 9716
3587 9717
3585 3586
3584 9720
3583 9721
3582 9722
3580 3581
3579 9725
3578 8646
3577 8647
3576 8648
3574 3575
3573 8651
3572 8652
3571 8653
3569 3570
3568 8656
3567 9807
3566 9808
3565 9809
3563 3564
3562 9812
3561 9813
3560 8831
3558 3559
3557 8834
3556 8835
3555 8836
3554 8837
3552 3553
3551 8840
3550 8841
3549 15212
3548 15213
3547 15214
3546 15215
3545 15216
3543 3544
3542 15219
3541 15220
3540 15221
3539 15222
3537 3538
3536 15542
3535 15543
3534 15544
3532 3533
3531 15547
3530 15548
3529 15549
3528 15550
3526 3527
3525 15553
3524 15554
3523 15555
3521 3522
3520 15558
3519 15559
3518 15560
3517 15561
3515 3516
3514 15564
3513 15565
3512 15566
3510 3511
3509 15569
3508 15570
3507 15571
3505 3506
3504 15574
3503 15575
3502 15576
3501 15577
3500 15578
3499 15579
3498 15580
3497 15581
3495 3496
3494 15584
3493 15585
3492 15586
3490 3491
3489 15589
3488 15590
3487 8851
3485 3486
3484 8854
3483 8855
3482 8856
3480 3481
3479 8859
3478 8860
3477 8861
3475 3476
3474 15697
3473 15698
3472 15699
3470 3471
3469 15702
3468 15703
3467 15704
3465 3466
3464 15707
3463 15708
3462 15709
3460 3461
3459 15712
3458 15713
3457 15714
3456 15715
3454 3455
3453 15718
3452 15719
3451 8690
3450 8691
3449 8692
3448 8693
3447 8694
3445 3446
3444 8697
3443 8698
3442 8699
3441 8711
3440 8712
3438 3439
3437 8715
3436 8716
3435 8717
3434 8718
3433 8719
3432 8720
3430 3431
3429 15928
3428 15929
3427 15930
3426 15931
3425 15932
3424 15933
3422 3423
3421 15936
3420 15937
3419 15938
3418 15939
3417 15940
3416 15941
3415 15942
3413 3414
3412 8882
3411 8883
3410 8884
3409 8885
3408 8886
3407 8887
3406 8888
3403 8872
3402 8873
3401 8874
3400 8875
3399 8876
3398 8877
3397 8878
3396 8879
3395 15943
3394 15944
3393 15945
3391 3392
3390 15948
3389 15949
3388 15950
3387 15951
3386 9098
3385 9099
3384 9100
3383 9101
3382 9102
3381 9103
3380 9104
3379 9105
3378 9106
3377 9107
3376 9077
3375 9078
3374 9079
3373 9080
3372 9081
3371 9082
3370 9083
3369 9084
3368 9085
3367 9086
3366 9087
3365 9055
3364 9056
3363 9057
3362 9058
3361 9059
3360 9060
3359 9061
3357 3358
3356 9064
3355 9065
3354 15681
3353 15682
3352 15683
3351 15684
3350 15685
3349 15686
3348 15687
3347 15688
3346 15689
3345 15690
3344 15691
3343 15692
3342 15693
3341 15694
3340 8862
3338 3339
3337 8865
3336 8866
3335 8867
3334 8868
3333 8869
3332 8870
3331 8871
3330 15591
3329 15592
3328 15593
3327 15594
3326 15595
3325 15596
3324 15597
3323 15598
3322 15599
3321 15600
3320 15601
3319 15602
3318 15603
3317 15604
3316 15605
3315 15606
3314 15607
3313 15608
3312 15177
3311 15178
3310 15179
3309 15180
3308 15181
3307 15182
3306 15183
3305 15184
3304 15185
3303 15186
3302 15187
3301 15188
3299 3300
3298 15191
3297 15192
3296 15193
3295 15194
3294 15195
3293 15196
3292 15197
3291 15198
3290 15199
3289 15200
3288 15201
3287 15202
3286 15203
3285 15204
3284 15205
3283 15206
3282 15207
3281 15208
3280 15209
3279 15210
3278 15211
3277 8842
3276 8843
3275 8844
3274 8845
3273 8846
3272 8847
3271 8848
3270 8849
3269 8850
3268 9814
3267 9815
3266 9816
3265 9817
3264 9818
3263 9819
3262 9820
3261 9821
3260 9822
3258 3259
3257 9825
3256 9826
3255 9827
3254 9828
3253 9829
3252 9689
3251 9690
3250 9691
3249 9692
3248 9693
3247 9694
3246 9695
3245 9696
3244 9697
3243 9698
3242 9699
3241 9700
3240 9701
3239 9702
3238 9703
3237 9704
3236 9705
3235 14757
3234 14758
3233 14759
3232 14760
3231 14761
3230 14762
3229 14763
3228 14764
3227 14765
3226 14766
3225 14767
3224 14768
3223 14769
3222 14770
3221 14771
3220 14772
3218 3219
3217 14775
3216 14776
3215 14777
3214 8822
3213 8823
3212 8824
3211 8825
3210 8826
3209 8827
3208 8828
3207 8829
3206 8830
3205 14903
3204 14904
3203 14905
3202 14906
3201 14907
3200 14908
3199 14909
3198 14910
3197 14911
3196 14912
3195 14913
3194 14914
3193 14915
3192 14916
3191 14917
3190 14918
3189 14919
3188 14920
3187 14921
3186 14922
3185 14923
3184 14924
3183 14925
3182 14926
3181 14927
3179 3180
3178 14930
3177 14931
3176 14531
3175 14532
3174 14533
3173 14534
3172 14535
3171 14536
3170 14537
3169 14538
3168 14539
3167 14540
3166 14541
3165 14542
3164 14543
3163 12978
3162 12979
3161 12980
3160 12981
3159 12982
3158 12983
3157 12984
3156 12985
3155 9034
3154 9035
3153 9036
3152 9037
3151 9038
3150 9039
3149 9040
3148 9041
3147 9042
3146 9043
3145 9044
3144 9012
3143 9013
3142 9014
3140 3141
3139 9017
3138 9018
3137 9019
3136 9020
3135 9021
3134 9022
3133 9023
3132 14303
3131 14304
3130 14305
3129 14306
3128 14307
3127 14308
3126 14309
3125 14310
3124 14311
3123 14312
3122 14313
3121 14314
3120 14315
3119 14316
3118 14317
3117 14318
3116 14319
3115 14320
3114 14321
3113 14322
3112 14323
3111 14324
3110 14325
3109 13171
3108 13172
3107 13173
3105 3106
3104 13176
3103 13177
3102 13178
3101 13179
3100 13180
3099 13181
3098 13182
3097 13183
3096 13184
3095 13185
3094 13186
3093 13187
3092 13188
3091 13189
3090 13190
3089 13191
3088 13192
3087 13193
3086 13194
3085 13195
3084 13196
3083 13197
3082 13198
3081 13199
3080 13200
3079 8801
3078 8802
3077 8803
3076 8804
3075 8805
3074 8806
3073 8807
3072 8808
3070 3071
3069 13285
3068 13286
3067 13287
3066 13288
3065 13289
3064 13290
3063 13291
3062 13292
3061 8990
3060 8991
3059 8992
3058 8993
3057 8994
3056 8995
3055 8996
3054 8997
3053 8998
3052 8999
3051 9000
3050 8969
3049 8970
3048 8971
3047 8972
3046 8973
3045 8974
3044 8975
3043 8976
3042 8977
3041 8978
3040 8979
3039 13493
3038 13494
3037 13495
3036 13496
3035 13497
3034 13498
3033 13499
3032 13500
3031 13501
3030 13502
3029 13503
3028 13504
3027 13505
3026 13506
3025 13551
3024 13552
3023 13553
3022 13554
3021 13555
3020 13556
3019 13557
3018 13558
3017 13559
3016 13652
3015 13653
3014 13654
3013 13655
3012 13656
3011 13657
3010 13658
3009 13659
3008 13660
3007 13661
3006 13662
3005 13663
3004 13664
3003 13665
3002 13666
3001 13764
3000 13765
2999 13766
2998 13767
2997 13768
2996 13769
2995 13770
2994 13771
2993 13772
2992 13773
2991 13774
2990 13775
2989 13776
2988 13777
2987 13778
2986 13974
2985 13975
2984 13976
2983 13977
2982 13978
2981 13979
2980 13980
2979 13981
2978 13982
2977 13983
2976 13984
2975 13985
2974 13986
2973 13987
2972 13901
2971 13902
2970 13903
2969 13904
2968 13905
2967 13906
2966 13907
2965 13908
2964 13909
2963 13910
2962 13911
2961 13912
2960 13913
2959 12201
2958 12202
2957 12203
2956 12204
2955 12205
2954 12206
2953 12207
2952 12208
2951 12209
2950 12210
2949 12211
2948 12212
2947 12213
2946 12214
2945 8948
2944 8949
2943 8950
2942 8951
2941 8952
2940 8953
2939 8954
2938 8955
2937 8956
2936 8957
2935 8958
2934 12590
2933 12591
2932 12592
2931 12593
2930 12594
2929 12595
2928 12596
2927 12597
2926 12598
2925 12599
2924 12600
2923 12601
2922 12602
2921 12603
2920 12679
2919 12680
2918 12681
2917 12682
2916 12683
2915 12684
2914 12685
2913 12686
2912 12687
2911 12688
2910 12689
2909 12690
2908 12691
2907 12692
2906 12693
2905 12694
2904 12695
2903 12696
2902 12697
2901 12698
2900 12699
2899 12435
2898 12436
2897 12437
2896 12438
2895 12439
2894 12440
2893 12441
2892 12442
2891 12443
2890 12444
2889 12445
2888 12446
2887 12447
2886 12448
2885 12449
2884 12450
2883 12451
2882 12452
2881 12453
2880 12454
2879 12455
2878 12456
2877 12457
2876 12458
2875 12127
2874 12128
2873 12129
2872 12130
2871 12131
2870 12132
2869 12133
2868 12134
2867 12135
2866 12136
2865 12137
2864 12138
2863 12139
2862 12140
2861 8928
2860 8929
2859 8930
2858 8931
2857 8932
2856 8933
2855 8934
2854 8935
2853 8936
2852 8937
2851 8938
2850 11888
2849 11889
2848 11890
2847 11891
2846 11892
2845 11893
2844 11894
2843 11895
2842 11896
2841 11897
2840 11898
2839 11899
2838 11900
2837 11901
2836 8781
2835 8782
2834 8783
2833 8784
2832 8785
2831 8786
2830 8787
2829 8788
2828 8789
2827 8790
2826 11764
2825 11765
2824 11766
2823 11767
2822 11768
2821 11769
2820 11770
2819 11771
2818 11772
2817 11773
2816 11774
2815 11775
2814 11776
2813 11777
2812 11778
2811 11779
2810 11780
2809 11781
2808 11782
2807 11783
2806 11784
2805 11785
2804 11786
2803 11787
2802 11788
2801 11789
2800 11790
2799 11554
2798 11555
2797 11556
2796 11557
2795 11558
2794 11559
2793 11560
2792 11561
2791 11465
2790 11466
2789 11467
2788 11468
2787 11469
2786 11470
2785 11471
2784 11472
2783 11473
2782 11474
2781 11475
2780 11476
2779 11477
2778 11478
2777 11368
2776 11369
2775 11370
2774 11371
2773 11372
2772 11373
2771 11374
2770 11375
2769 11376
2768 11377
2767 11378
2766 11379
2765 11380
2764 11381
2763 11382
2762 11208
2761 11209
2760 11210
2759 11211
2758 11212
2757 11213
2756 11214
2755 11215
2754 11051
2753 11052
2752 11053
2751 11054
2750 11055
2749 11056
2748 11057
2747 11058
2746 11059
2745 11060
2744 11061
2743 11062
2742 11063
2741 11064
2740 11065
2739 11066
2738 11067
2737 11068
2736 11069
2735 9650
2734 9651
2733 9652
2732 9653
2731 9654
2730 9655
2729 9656
2728 10922
2727 10923
2726 10924
2725 10925
2724 10926
2723 10927
2722 10928
2721 10929
2720 10930
2719 10931
2718 10932
2717 10933
2716 10934
2715 10935
2714 10936
2713 10937
2712 10938
2711 10939
2710 10940
2709 10941
2708 10942
2707 10943
2706 10944
2705 10620
2704 10621
2703 10622
2702 10623
2701 10624
2700 10625
2699 10626
2698 10627
2697 10628
2696 10629
2695 10630
2694 10631
2693 10632
2692 10633
2691 10634
2690 10635
2689 10509
2688 10510
2687 10511
2686 10512
2685 10513
2684 10514
2683 10515
2682 10516
2681 10517
2680 10518
2679 10519
2678 10520
2677 10521
2676 10522
2675 10523
2674 10524
2673 10525
2672 10526
2671 10527
2670 10368
2669 10369
2668 10370
2667 10371
2666 10372
2665 10373
2664 10374
2663 10375
2662 10376
2661 10377
2660 10378
2659 10379
2658 10380
2657 10381
2656 10382
2655 10383
2654 10384
2653 10385
2652 10386
2651 10387
2650 10388
2649 10389
2648 10390
2647 10391
2646 10392
2645 10393
2644 9999
2643 10000
2642 10001
2641 10002
2640 10003
2639 10004
2638 10005
2637 10006
2636 10180
2635 10181
2634 10182
2633 10183
2632 10184
2631 10185
2630 10186
2629 10187
2628 10188
2627 10189
2626 10190
2625 10191
2624 10192
2623 10193
2622 10194
2621 10195
2620 10196
2619 10197
2618 10198
2617 8114
2616 8115
2615 8116
2614 8117
2613 8118
2612 8119
2611 8120
2610 8121
2609 8903
2608 8904
2607 8905
2606 8906
2605 8907
2604 8908
2603 8909
2602 8910
2601 8911
2600 8912
2599 8913
2598 8914
2597 8915
2596 8916
2595 8917
2592 8889
2591 8890
2590 8891
2589 8892
2588 8893
2587 8894
2586 8895
2585 8896
2584 8897
2583 8898
2582 8899
2581 8900
2580 8901
2579 8902
2578 8122
2577 8123
2576 8124
2575 8125
2574 8126
2573 8127
2572 8128
2571 8129
2570 8130
2569 10323
2568 10324
2567 10325
2566 10326
2565 10327
2564 10328
2563 10329
2562 10330
2561 10331
2560 10332
2559 10333
2558 10334
2557 10335
2556 10336
2555 10337
2554 10338
2553 10339
2552 10340
2551 10341
2550 10342
2549 10343
2548 10344
2547 10345
2546 10346
2545 10347
2544 10348
2543 10349
2542 10350
2541 10351
2540 10352
2539 10353
2538 10354
2537 10355
2536 10356
2535 10357
2534 10358
2533 10359
2532 10360
2531 10361
2530 10362
2529 10363
2528 10364
2527 10365
2526 10366
2525 10367
2524 10528
2523 10529
2522 10530
2521 10531
2520 10532
2519 10533
2518 10534
2517 9108
2516 9109
2515 9110
2514 9111
2513 9112
2512 9113
2511 9114
2510 9115
2509 9116
2508 9117
2507 9118
2506 9119
2505 10609
2504 10610
2503 10611
2502 10612
2501 10613
2500 10614
2499 10615
2498 10616
2497 10617
2496 10618
2495 10619
2494 10945
2493 10946
2492 10947
2491 10948
2490 10949
2489 10950
2488 10951
2487 10952
2486 10953
2485 10954
2484 10955
2483 10956
2482 10957
2481 10958
2480 10959
2479 10960
2478 10961
2477 10962
2476 10963
2475 10964
2474 10965
2473 10966
2472 10967
2471 10968
2470 10969
2469 10970
2468 10971
2467 10972
2466 11036
2465 11037
2464 11038
2463 11039
2462 11040
2461 11041
2460 11042
2459 11043
2458 11044
2457 11045
2456 11046
2455 11047
2454 11048
2453 11049
2452 11050
2451 11216
2450 11217
2449 11218
2448 11219
2447 11220
2446 11221
2445 11222
2444 11223
2443 11224
2442 11357
2441 11358
2440 11359
2439 11360
2438 11361
2437 11362
2436 11363
2435 11364
2434 11365
2433 11366
2432 11367
2431 11479
2430 11480
2429 11481
2428 11482
2427 11483
2426 11484
2425 11485
2424 11486
2423 11542
2422 11543
2421 11544
2420 11545
2419 11546
2418 11547
2417 11548
2416 11549
2415 11550
2414 11551
2413 11552
2412 11553
2411 11791
2410 11792
2409 11793
2408 11794
2407 11795
2406 11796
2405 11797
2404 11798
2403 11799
2402 11800
2401 11801
2400 11802
2399 11803
2398 11804
2397 11805
2396 11806
2395 11807
2394 11808
2393 11809
2392 11863
2391 11864
2390 11865
2389 11866
2388 11867
2387 11868
2386 11869
2385 11870
2384 11871
2383 11872
2382 11873
2381 11874
2380 11875
2379 11876
2378 11877
2377 11878
2376 11879
2375 11880
2374 11881
2373 11882
2372 11883
2371 11884
2370 11885
2369 11886
2368 11887
2367 8918
2366 8919
2365 8920
2364 8921
2363 8922
2362 8923
2361 8924
2360 8925
2359 8926
2358 8927
2357 12141
2356 12142
2355 12143
2354 12144
2353 12145
2352 12146
2351 12147
2350 9130
2349 9131
2348 9132
2347 9133
2346 9134
2345 9135
2344 9136
2343 9137
2342 9138
2341 9139
2340 9149
2339 9150
2338 9151
2337 9152
2336 9153
2335 9154
2334 9155
2333 9156
2332 9157
2331 9158
2330 9159
2329 9160
2328 12555
2327 12556
2326 12557
2325 12558
2324 12559
2323 12560
2322 12561
2321 12562
2320 12563
2319 12564
2318 12565
2317 12566
2316 12567
2315 12568
2314 12569
2313 12570
2312 12571
2311 12572
2310 12573
2309 12574
2308 12575
2307 12576
2306 12577
2305 12578
2304 12579
2303 12580
2302 12581
2301 12582
2300 12583
2299 12584
2298 12585
2297 12586
2296 12587
2295 12588
2294 12589
2293 8939
2292 8940
2291 8941
2290 8942
2289 8943
2288 8944
2287 8945
2286 8946
2285 8947
2284 12215
2283 12216
2282 12217
2281 12218
2280 12219
2279 12220
2278 12221
2277 12222
2276 9171
2275 9172
2274 9173
2273 9174
2272 9175
2271 9176
2270 9177
2269 9178
2268 9179
2267 9180
2266 9181
2265 13957
2264 13958
2263 13959
2262 13960
2261 13961
2260 13962
2259 13963
2258 13964
2257 13965
2256 13966
2255 13967
2254 13968
2253 13969
2252 13970
2251 13971
2250 13972
2249 13973
2248 13779
2247 13780
2246 13781
2245 13782
2244 13783
2243 13784
2242 13785
2241 13786
2240 13787
2239 13788
2238 13789
2237 13790
2236 13791
2235 13792
2234 13638
2233 13639
2232 13640
2231 13641
2230 13642
2229 13643
2228 13644
2227 13645
2226 13646
2225 13647
2224 13648
2223 13649
2222 13650
2221 13651
2220 13560
2219 13561
2218 13562
2217 13563
2216 13564
2215 13565
2214 13566
2213 13479
2212 13480
2211 13481
2210 13482
2209 13483
2208 13484
2207 13485
2206 13486
2205 13487
2204 13488
2203 13489
2202 13490
2201 13491
2200 13492
2199 8959
2198 8960
2197 8961
2196 8962
2195 8963
2194 8964
2193 8965
2192 8966
2191 8967
2190 8968
2189 8980
2188 8981
2187 8982
2186 8983
2185 8984
2184 8985
2183 8986
2182 8987
2181 8988
2180 8989
2179 13293
2178 13294
2177 13295
2176 13296
2175 13297
2174 13298
2173 13299
2172 13300
2171 13301
2170 13302
2169 13303
2168 13304
2167 13305
2166 13306
2165 13307
2164 13308
2163 13309
2162 13310
2161 9191
2160 9192
2159 9193
2158 9194
2157 9195
2156 9196
2155 9197
2154 9198
2153 9199
2152 9200
2151 9201
2150 9202
2149 9203
2148 14270
2147 14271
2146 14272
2145 14273
2144 14274
2143 14275
2142 14276
2141 14277
2140 14278
2139 14279
2138 14280
2137 14281
2136 14282
2135 14283
2134 14284
2133 14285
2132 14286
2131 14287
2130 14288
2129 14289
2128 14290
2127 14291
2126 14292
2125 14293
2124 14294
2123 14295
2122 14296
2121 14297
2120 14298
2119 14299
2118 14300
2117 14301
2116 14302
2115 9001
2114 9002
2113 9003
2112 9004
2111 9005
2110 9006
2109 9007
2108 9008
2107 9009
2106 9010
2105 9011
2104 9024
2103 9025
2102 9026
2101 9027
2100 9028
2099 9029
2098 9030
2097 9031
2096 9032
2095 9033
2094 12986
2093 12987
2092 12988
2091 12989
2090 12990
2089 12991
2088 12992
2087 12993
2086 14519
2085 14520
2084 14521
2083 14522
2082 14523
2081 14524
2080 14525
2079 14526
2078 14527
2077 14528
2076 14529
2075 14530
2074 14932
2073 14933
2072 14934
2071 14935
2070 14936
2069 14937
2068 14938
2067 14939
2066 14940
2065 14941
2064 14942
2063 14943
2062 14944
2061 14945
2060 14946
2059 14947
2058 14948
2057 14949
2056 14950
2055 14951
2054 14952
2053 14953
2052 14954
2051 14955
2050 14956
2049 14957
2048 14958
2047 14959
2046 14960
2045 14961
2044 14962
2043 14963
2042 14964
2041 14965
2040 14966
2039 14967
2038 14968
2037 14969
2036 14970
2035 14971
2034 14972
2033 14973
2032 14974
2031 14975
2030 14976
2029 14977
2028 14978
2027 14979
2026 14980
2025 14981
2024 14982
2023 14983
2022 14984
2021 14985
2020 14986
2019 14987
2018 14988
2017 14989
2016 14990
2015 14991
2014 14992
2013 14993
2012 14994
2011 14995
2010 14996
2009 14997
2008 14998
2007 14999
2006 15000
2005 15001
2004 15002
2003 15003
2002 15004
2001 15005
2000 15006
1999 15007
1998 15008
1997 15009
1996 15010
1995 15011
1994 15012
1993 9214
1992 9215
1991 9216
1990 9217
1989 9218
1988 9219
1987 9220
1986 9221
1985 9222
1984 9223
1983 9224
1982 9234
1981 9235
1980 9236
1979 9237
1978 9238
1977 9239
1976 9240
1975 9241
1974 9242
1973 9243
1972 9244
1971 9245
1970 15152
1969 15153
1968 15154
1967 15155
1966 15156
1965 15157
1964 15158
1963 15159
1962 15160
1961 15161
1960 15162
1959 15163
1958 15164
1957 15165
1956 15166
1955 15167
1954 15168
1953 15169
1952 15170
1951 15171
1950 15172
1949 15173
1948 15174
1947 15175
1946 15176
1945 15609
1944 15610
1943 15611
1942 15612
1941 15613
1940 15614
1939 15615
1938 15616
1937 15617
1936 15618
1935 15619
1934 15620
1933 15621
1932 15622
1931 15623
1930 9256
1929 9257
1928 9258
1927 9259
1926 9260
1925 9261
1924 9262
1923 9263
1922 9264
1921 9265
1920 9266
1919 9267
1918 15668
1917 15669
1916 15670
1915 15671
1914 15672
1913 15673
1912 15674
1911 15675
1910 15676
1909 15677
1908 15678
1907 15679
1906 15680
1905 9045
1904 9046
1903 9047
1902 9048
1901 9049
1900 9050
1899 9051
1898 9052
1897 9053
1896 9054
1895 9066
1894 9067
1893 9068
1892 9069
1891 9070
1890 9071
1889 9072
1888 9073
1887 9074
1886 9075
1885 9076
1884 9088
1883 9089
1882 9090
1881 9091
1880 9092
1879 9093
1878 9094
1877 9095
1876 9096
1875 9097
1874 15952
1873 15953
1872 15954
1871 15955
1870 15956
1869 15957
1868 15958
1867 9285
1866 9286
1865 9287
1864 9288
1863 9289
1862 9290
1861 9291
1860 9292
1859 9293
1856 9277
1855 9278
1854 9279
1853 9280
1852 9281
1851 9282
1850 9283
1849 9284
1848 15959
1847 15960
1846 15961
1845 15962
1844 15963
1843 15964
1842 15965
1841 15966
1840 15967
1839 15968
1838 15969
1837 15970
1836 15971
1835 15972
1834 15973
1833 15974
1832 15975
1831 15976
1830 15977
1829 15978
1828 15979
1827 15980
1826 15981
1825 15982
1824 15983
1823 15984
1822 15985
1821 15986
1820 15987
1819 15988
1818 15989
1817 15990
1816 15991
1815 15992
1814 15993
1813 15994
1812 15660
1811 15661
1810 15662
1809 15663
1808 15664
1807 15665
1806 15666
1805 15667
1804 9268
1803 9269
1802 9270
1801 9271
1800 9272
1799 9273
1798 9274
1797 9275
1796 9276
1795 15624
1794 15625
1793 15626
1792 15627
1791 15628
1790 15629
1789 15630
1788 15631
1787 15632
1786 15633
1785 15634
1784 15635
1783 15636
1782 15637
1781 15638
1780 15639
1779 15135
1778 15136
1777 15137
1776 15138
1775 15139
1774 15140
1773 15141
1772 15142
1771 15143
1770 15144
1769 15145
1768 15146
1767 15147
1766 15148
1765 15149
1764 15150
1763 15151
1762 9246
1761 9247
1760 9248
1759 9249
1758 9250
1757 9251
1756 9252
1755 9253
1754 9254
1753 9255
1752 9225
1751 9226
1750 9227
1749 9228
1748 9229
1747 9230
1746 9231
1745 9232
1744 9233
1743 15013
1742 15014
1741 15015
1740 15016
1739 15017
1738 15018
1737 15019
1736 15020
1735 15021
1734 15022
1733 15023
1732 15024
1731 15025
1730 15026
1729 15027
1728 15028
1727 15029
1726 15030
1725 15031
1724 15032
1723 15033
1722 15034
1721 15035
1720 15036
1719 15037
1718 15038
1717 15039
1716 15040
1715 15041
1714 15042
1713 15043
1712 15044
1711 15045
1710 15046
1709 15047
1708 15048
1707 15049
1706 12852
1705 12853
1704 12854
1703 12855
1702 12856
1701 12857
1700 12858
1699 12859
1698 12860
1697 12861
1696 12862
1695 12863
1694 12864
1693 12865
1692 12866
1691 12867
1690 12868
1689 12869
1688 12870
1687 12871
1686 12872
1685 12873
1684 14502
1683 14503
1682 14504
1681 14505
1680 14506
1679 14507
1678 14508
1677 14509
1676 14510
1675 14511
1674 14512
1673 14513
1672 14514
1671 14515
1670 14516
1669 14517
1668 14518
1667 12994
1666 12995
1665 12996
1664 12997
1663 12998
1662 12999
1661 13000
1660 13001
1659 13002
1658 13003
1657 13004
1656 13005
1655 13006
1654 13007
1653 13008
1652 13009
1651 13010
1650 13011
1649 13012
1648 13013
1647 13014
1646 13015
1645 13016
1644 13017
1643 13018
1642 13019
1641 13020
1640 13021
1639 13022
1638 13023
1637 13024
1636 13025
1635 13026
1634 13027
1633 13028
1632 13029
1631 13030
1630 13031
1629 13032
1628 13033
1627 13034
1626 13035
1625 13036
1624 13037
1623 13038
1622 14263
1621 14264
1620 14265
1619 14266
1618 14267
1617 14268
1616 14269
1615 9204
1614 9205
1613 9206
1612 9207
1611 9208
1610 9209
1609 9210
1608 9211
1607 9212
1606 9213
1605 13311
1604 13312
1603 13313
1602 13314
1601 13315
1600 13316
1599 13317
1598 13318
1597 13319
1596 13320
1595 13321
1594 13322
1593 13323
1592 13324
1591 13450
1590 13451
1589 13452
1588 13453
1587 13454
1586 13455
1585 13456
1584 13457
1583 13458
1582 13459
1581 13460
1580 13461
1579 13462
1578 13463
1577 13464
1576 13465
1575 13466
1574 13467
1573 13468
1572 13469
1571 13470
1570 13471
1569 13472
1568 13473
1567 13474
1566 13475
1565 13476
1564 13477
1563 13478
1562 13567
1561 13568
1560 13569
1559 13570
1558 13571
1557 13572
1556 13573
1555 13627
1554 13628
1553 13629
1552 13630
1551 13631
1550 13632
1549 13633
1548 13634
1547 13635
1546 13636
1545 13637
1544 13793
1543 13794
1542 13795
1541 13796
1540 13797
1539 13798
1538 13799
1537 13800
1536 13801
1535 13802
1534 13803
1533 13804
1532 13805
1531 13806
1530 13947
1529 13948
1528 13949
1527 13950
1526 13951
1525 13952
1524 13953
1523 13954
1522 13955
1521 13956
1520 9182
1519 9183
1518 9184
1517 9185
1516 9186
1515 9187
1514 9188
1513 9189
1512 9190
1511 12223
1510 12224
1509 12225
1508 12226
1507 12227
1506 12228
1505 12229
1504 12230
1503 12231
1502 12232
1501 12233
1500 12234
1499 12235
1498 12236
1497 12237
1496 12238
1495 12239
1494 12240
1493 12241
1492 12242
1491 12243
1490 12244
1489 12245
1488 12246
1487 12247
1486 12248
1485 12249
1484 12250
1483 12251
1482 12252
1481 12253
1480 12254
1479 12255
1478 12256
1477 12546
1476 12547
1475 12548
1474 12549
1473 12550
1472 12551
1471 12552
1470 12553
1469 12554
1468 9161
1467 9162
1466 9163
1465 9164
1464 9165
1463 9166
1462 9167
1461 9168
1460 9169
1459 9170
1458 9140
1457 9141
1456 9142
1455 9143
1454 9144
1453 9145
1452 9146
1451 9147
1450 9148
1449 12148
1448 12149
1447 12150
1446 12151
1445 12152
1444 12153
1443 12154
1442 12155
1441 12156
1440 12157
1439 12158
1438 12159
1437 12160
1436 12161
1435 12162
1434 11844
1433 11845
1432 11846
1431 11847
1430 11848
1429 11849
1428 11850
1427 11851
1426 11852
1425 11853
1424 11854
1423 11855
1422 11856
1421 11857
1420 11858
1419 11859
1418 11860
1417 11861
1416 11862
1415 11810
1414 11811
1413 11812
1412 11813
1411 11814
1410 11815
1409 11816
1408 11817
1407 11818
1406 11819
1405 11820
1404 11821
1403 11822
1402 11528
1401 11529
1400 11530
1399 11531
1398 11532
1397 11533
1396 11534
1395 11535
1394 11536
1393 11537
1392 11538
1391 11539
1390 11540
1389 11541
1388 11487
1387 11488
1386 11489
1385 11490
1384 11491
1383 11492
1382 11493
1381 11349
1380 11350
1379 11351
1378 11352
1377 11353
1376 11354
1375 11355
1374 11356
1373 11225
1372 11226
1371 11227
1370 11228
1369 11229
1368 11230
1367 11231
1366 11232
1365 11233
1364 11234
1363 11235
1362 11236
1361 11237
1360 11029
1359 11030
1358 11031
1357 11032
1356 11033
1355 11034
1354 11035
1353 10973
1352 10974
1351 10975
1350 10976
1349 10977
1348 10978
1347 10979
1346 10980
1345 10981
1344 10982
1343 10983
1342 10984
1341 10985
1340 10986
1339 10591
1338 10592
1337 10593
1336 10594
1335 10595
1334 10596
1333 10597
1332 10598
1331 10599
1330 10600
1329 10601
1328 10602
1327 10603
1326 10604
1325 10605
1324 10606
1323 10607
1322 10608
1321 9120
1320 9121
1319 9122
1318 9123
1317 9124
1316 9125
1315 9126
1314 9127
1313 9128
1312 9129
1311 10535
1310 10536
1309 10537
1308 10538
1307 10539
1306 10540
1305 10541
1304 10542
1303 10543
1302 10544
1301 10545
1300 10546
1299 10547
1298 10548
1297 9938
1296 9939
1295 9940
1294 9941
1293 9942
1292 9943
1291 9944
1290 9945
1289 9946
1288 9947
1287 9948
1286 9949
1285 9950
1284 9951
1283 9952
1282 9953
1281 9954
1280 9955
1279 9956
1278 9957
1277 9958
1276 10315
1275 10316
1274 10317
1273 10318
1272 10319
1271 10320
1270 10321
1269 10322
1268 8131
1267 8132
1266 8133
1265 8134
1264 8135
1263 8136
1262 8137
1261 8138
1260 8139
1259 8140
1258 8141
1257 8142
1256 8143
1255 8144
1254 8145
1253 8146
1252 8147
1251 8148
1250 8149
1249 8150
1248 8151
1245 9892
1244 9893
1243 9894
1242 9895
1241 9896
1240 9897
1239 9898
1238 9899
1237 9900
1236 9901
1235 9902
1234 9903
1233 9904
1232 9905
1231 10300
1230 10301
1229 10302
1228 10303
1227 10304
1226 10305
1225 10306
1224 10307
1223 10308
1222 10309
1221 10310
1220 10311
1219 10312
1218 10313
1217 10314
1216 9959
1215 9960
1214 9961
1213 9962
1212 9963
1211 9964
1210 9965
1209 9966
1208 9967
1207 9968
1206 9969
1205 9928
1204 9929
1203 9930
1202 9931
1201 9932
1200 9933
1199 9934
1198 9935
1197 9936
1196 9937
1195 10402
1194 10403
1193 10404
1192 10405
1191 10406
1190 10407
1189 10408
1188 10409
1187 10410
1186 10411
1185 10412
1184 10413
1183 10414
1182 10415
1181 10416
1180 10417
1179 10418
1178 10566
1177 10567
1176 10568
1175 10569
1174 10570
1173 10571
1172 10572
1171 10573
1170 10574
1169 10575
1168 10576
1167 10577
1166 10578
1165 10579
1164 10580
1163 10581
1162 10582
1161 10583
1160 10584
1159 10585
1158 10586
1157 10587
1156 10588
1155 10589
1154 10590
1153 10760
1152 10761
1151 10762
1150 10763
1149 10764
1148 10765
1147 10766
1146 10767
1145 10768
1144 11017
1143 11018
1142 11019
1141 11020
1140 11021
1139 11022
1138 11023
1137 11024
1136 11025
1135 11026
1134 11027
1133 11028
1132 10987
1131 10988
1130 10989
1129 10990
1128 10991
1127 10992
1126 10993
1125 11335
1124 11336
1123 11337
1122 11338
1121 11339
1120 11340
1119 11341
1118 11342
1117 11343
1116 11344
1115 11345
1114 11346
1113 11347
1112 11348
1111 11238
1110 11239
1109 11240
1108 11241
1107 11242
1106 11243
1105 11244
1104 11245
1103 11246
1102 11516
1101 11517
1100 11518
1099 11519
1098 11520
1097 11521
1096 11522
1095 11523
1094 11524
1093 11525
1092 11526
1091 11527
1090 11669
1089 11670
1088 11671
1087 11672
1086 11673
1085 11674
1084 11675
1083 11676
1082 11677
1081 11678
1080 11679
1079 11680
1078 11681
1077 11682
1076 11683
1075 11684
1074 11685
1073 11830
1072 11831
1071 11832
1070 11833
1069 11834
1068 11835
1067 11836
1066 11837
1065 11838
1064 11839
1063 11840
1062 11841
1061 11842
1060 11843
1059 12059
1058 12060
1057 12061
1056 12062
1055 12063
1054 12064
1053 12065
1052 12066
1051 12067
1050 12068
1049 12069
1048 12070
1047 12071
1046 12072
1045 12073
1044 12074
1043 12075
1042 12076
1041 12077
1040 12078
1039 12079
1038 12080
1037 12081
1036 12082
1035 12083
1034 12084
1033 12085
1032 12086
1031 12532
1030 12533
1029 12534
1028 12535
1027 12536
1026 12537
1025 12538
1024 12539
1023 12540
1022 12541
1021 12542
1020 12543
1019 12544
1018 12545
1017 12257
1016 12258
1015 12259
1014 12260
1013 12261
1012 12262
1011 12263
1010 12264
1009 12265
1008 12266
1007 12267
1006 12268
1005 12269
1004 12270
1003 12271
1002 12272
1001 12273
1000 12274
999 12275
998 12276
997 12277
996 12163
995 12164
994 12165
993 12166
992 12167
991 12168
990 12169
989 12170
988 12171
987 12172
986 12173
985 12174
984 12175
983 12176
982 12177
981 12178
980 12179
979 12180
978 13935
977 13936
976 13937
975 13938
974 13939
973 13940
972 13941
971 13942
970 13943
969 13944
968 13945
967 13946
966 13807
965 13808
964 13809
963 13810
962 13811
961 13812
960 13610
959 13611
958 13612
957 13613
956 13614
955 13615
954 13616
953 13617
952 13618
951 13619
950 13620
949 13621
948 13622
947 13623
946 13624
945 13625
944 13626
943 13574
942 13575
941 13576
940 13577
939 13578
938 13579
937 13580
936 12799
935 12800
934 12801
933 12802
932 12803
931 12804
930 12805
929 12806
928 12807
927 12808
926 13434
925 13435
924 13436
923 13437
922 13438
921 13439
920 13440
919 13441
918 13442
917 13443
916 13444
915 13445
914 13446
913 13447
912 13448
911 13449
910 13325
909 13326
908 13327
907 13328
906 13329
905 13330
904 13331
903 13332
902 13333
901 13334
900 13335
899 13336
898 14245
897 14246
896 14247
895 14248
894 14249
893 14250
892 14251
891 14252
890 14253
889 14254
888 14255
887 14256
886 14257
885 14258
884 14259
883 14260
882 14261
881 14262
880 13039
879 13040
878 13041
877 13042
876 13043
875 13044
874 13045
873 13046
872 13047
871 13048
870 13049
869 13050
868 13051
867 13052
866 13053
865 13054
864 13055
863 14465
862 14466
861 14467
860 14468
859 14469
858 14470
857 14471
856 14472
855 14473
854 14474
853 14475
852 14476
851 14477
850 14478
849 14479
848 14480
847 14481
846 14482
845 14483
844 14484
843 14485
842 14486
841 14487
840 14488
839 14489
838 14490
837 14491
836 14492
835 14493
834 14494
833 14495
832 14496
831 14497
830 14498
829 14499
828 14500
827 14501
826 12874
825 12875
824 12876
823 12877
822 12878
821 12879
820 12880
819 12840
818 12841
817 12842
816 12843
815 12844
814 12845
813 12846
812 12847
811 12848
810 12849
809 12850
808 12851
807 14637
806 14638
805 14639
804 14640
803 14641
802 14642
801 14643
800 14644
799 14645
798 14646
797 14647
796 14648
795 14649
794 14650
793 14651
792 14652
791 14653
790 14654
789 15050
788 15051
787 15052
786 15053
785 15054
784 15055
783 15056
782 15057
781 15058
780 15059
779 15098
778 15099
777 15100
776 15101
775 15102
774 15103
773 15104
772 15105
771 15106
770 15107
769 15108
768 15109
767 15110
766 15111
765 15112
764 15113
763 15114
762 15115
761 15116
760 15117
759 15118
758 15119
757 15120
756 15121
755 15122
754 15123
753 15124
752 15125
751 15126
750 15127
749 15128
748 15129
747 15130
746 15131
745 15132
744 15133
743 15134
742 15329
741 15330
740 15331
739 15332
738 15333
737 15334
736 15335
735 15336
734 15337
733 15338
732 15339
731 15340
730 15341
729 15342
728 15343
727 15344
726 15345
725 15346
724 15347
723 15649
722 15650
721 15651
720 15652
719 15653
718 15654
717 15655
716 15656
715 15657
714 15658
713 15659
712 15821
711 15822
710 15823
709 15824
708 15825
707 15826
706 15827
705 15828
704 15829
703 15830
702 15831
701 15832
700 15833
699 15834
698 15835
697 15836
696 15837
695 15838
694 15995
693 15996
692 15997
691 15998
690 15999
689 16000
688 16001
687 16002
686 16003
685 16004
684 16029
683 16030
682 16031
681 16032
680 16033
679 16034
678 16035
677 16036
676 16037
675 16038
674 16039
673 16040
672 16041
669 16016
668 16017
667 16018
666 16019
665 16020
664 16021
663 16022
662 16023
661 16024
660 16025
659 16026
658 16027
657 16028
656 16005
655 16006
654 16007
653 16008
652 16009
651 16010
650 16011
649 16012
648 16013
647 16014
646 16015
645 15839
644 15840
643 15841
642 15842
641 15843
640 15844
639 15845
638 15846
637 15847
636 15848
635 15849
634 15850
633 15851
632 15852
631 15853
630 9884
629 9885
628 9886
627 9887
626 9888
625 9889
624 9890
623 9891
622 15640
621 15641
620 15642
619 15643
618 15644
617 15645
616 15646
615 15647
614 15648
613 15348
612 15349
611 15350
610 15351
609 15352
608 15353
607 15354
606 15355
605 15356
604 15357
603 15358
602 15359
601 15360
600 15361
599 15362
598 15363
597 15364
596 15365
595 15366
594 15367
593 15368
592 15369
591 15370
590 15371
589 15372
588 15373
587 15374
586 15375
585 15376
584 15377
583 15378
582 15379
581 15380
580 15381
579 15382
578 15071
577 15072
576 15073
575 15074
574 15075
573 15076
572 15077
571 15078
570 15079
569 15080
568 15081
567 15082
566 15083
565 15084
564 15085
563 15086
562 15087
561 15088
560 15089
559 15090
558 15091
557 15092
556 15093
555 15094
554 15095
553 15096
552 15097
551 15060
550 15061
549 15062
548 15063
547 15064
546 15065
545 15066
544 15067
543 15068
542 15069
541 15070
540 14655
539 14656
538 14657
537 14658
536 14659
535 14660
534 14661
533 14662
532 14663
531 14664
530 14665
529 14666
528 14667
527 14668
526 12820
525 12821
524 12822
523 12823
522 12824
521 12825
520 12826
519 12827
518 12828
517 12829
516 12830
515 12831
514 12832
513 12833
512 12834
511 12835
510 12836
509 12837
508 12838
507 12839
506 12881
505 12882
504 12883
503 12884
502 12885
501 12886
500 12887
499 12888
498 12889
497 12890
496 12891
495 12892
494 12893
493 12894
492 12895
491 12896
490 12897
489 12898
488 12899
487 12900
486 12901
485 12902
484 14437
483 14438
482 14439
481 14440
480 14441
479 14442
478 14443
477 14444
476 14445
475 14446
474 14447
473 14448
472 14449
471 14450
470 14451
469 14452
468 14453
467 14454
466 14455
465 14456
464 14457
463 14458
462 14459
461 14460
460 14461
459 14462
458 14463
457 14464
456 13056
455 13057
454 13058
453 13059
452 13060
451 13061
450 13062
449 13063
448 13064
447 13065
446 13066
445 13067
444 13068
443 13069
442 9862
441 9863
440 9864
439 9865
438 9866
437 9867
436 9868
435 9869
434 9870
433 9871
432 9872
431 9841
430 9842
429 9843
428 9844
427 9845
426 9846
425 9847
424 9848
423 9849
422 14237
421 14238
420 14239
419 14240
418 14241
417 14242
416 14243
415 14244
414 13337
413 13338
412 13339
411 13340
410 13341
409 13342
408 13343
407 13344
406 13345
405 13346
404 13347
403 13348
402 13349
401 13350
400 13351
399 13352
398 13353
397 13354
396 13355
395 13356
394 13357
393 13358
392 13359
391 13360
390 13361
389 13427
388 13428
387 13429
386 13430
385 13431
384 13432
383 13433
382 12809
381 12810
380 12811
379 12812
378 12813
377 12814
376 12815
375 12816
374 12817
373 12818
372 12819
371 13581
370 13582
369 13583
368 13584
367 13585
366 13586
365 13587
364 13588
363 13589
362 13590
361 13591
360 13592
359 13593
358 13594
357 13595
356 13596
355 13597
354 13598
353 13599
352 13600
351 13601
350 13602
349 13603
348 13604
347 13605
346 13606
345 13607
344 13608
343 13609
342 13813
341 13814
340 13815
339 13816
338 13817
337 13818
336 13819
335 13820
334 13821
333 13822
332 13823
331 13824
330 13825
329 13826
328 13827
327 13928
326 13929
325 13930
324 13931
323 13932
322 13933
321 13934
320 12181
319 12182
318 12183
317 12184
316 12185
315 12186
314 12187
313 12188
312 12189
311 12190
310 12191
309 12192
308 12789
307 12790
306 12791
305 12792
304 12793
303 12794
302 12795
301 12796
300 12797
299 12798
298 12278
297 12279
296 12280
295 12281
294 12282
293 12283
292 12284
291 12285
290 12286
289 12287
288 12288
287 12289
286 12290
285 12291
284 12336
283 12337
282 12338
281 12339
280 12340
279 12341
278 12342
277 12343
276 12344
275 12345
274 12346
273 12347
272 12348
271 12349
270 12350
269 12351
268 12352
267 12353
266 12354
265 12355
264 12524
263 12525
262 12526
261 12527
260 12528
259 12529
258 12530
257 12531
256 12087
255 12088
254 12089
253 12090
252 12091
251 12092
250 12093
249 12094
248 12095
247 12096
246 12097
245 12098
244 12099
243 12100
242 12101
241 12102
240 12103
239 12104
238 12105
237 12106
236 12107
235 12108
234 12109
233 12110
232 12111
231 11999
230 12000
229 12001
228 12002
227 12003
226 12004
225 12005
224 12006
223 12007
222 12008
221 12009
220 12010
219 12011
218 12012
217 12013
216 12014
215 12015
214 12016
213 12017
212 12018
211 11823
210 11824
209 11825
208 11826
207 11827
206 11828
205 11829
204 11686
203 11687
202 11688
201 11689
200 11690
199 11691
198 11692
197 11693
196 11694
195 11695
194 11696
193 11494
192 11495
191 11496
190 11497
189 11498
188 11499
187 11500
186 11501
185 11502
184 11503
183 11504
182 11505
181 11506
180 11507
179 11508
178 11509
177 11510
176 11511
175 11512
174 11513
173 11514
172 11515
171 11247
170 11248
169 11249
168 11250
167 11251
166 11252
165 11253
164 11254
163 11255
162 11256
161 11257
160 11258
159 11259
158 11320
157 11321
156 11322
155 11323
154 11324
153 11325
152 11326
151 11327
150 11328
149 11329
148 11330
147 11331
146 11332
145 11333
144 11334
143 10994
142 10995
141 10996
140 10997
139 10998
138 10999
137 11000
136 11001
135 11002
134 11003
133 11004
132 11005
131 11006
130 11007
129 11008
128 11009
127 11010
126 11011
125 11012
124 11013
123 11014
122 11015
121 11016
120 10769
119 10770
118 10771
117 10772
116 10773
115 10774
114 10775
113 10776
112 10777
111 10778
110 10779
109 10780
108 10781
107 10782
106 10783
105 10784
104 10785
103 10786
102 10787
101 10788
100 10789
99 10790
98 10791
97 10792
96 10793
95 10549
94 10550
93 10551
92 10552
91 10553
90 10554
89 10555
88 10556
87 10557
86 10558
85 10559
84 10560
83 10561
82 10562
81 10563
80 10564
79 10565
78 10419
77 10420
76 10421
75 10422
74 10423
73 10424
72 10425
71 10426
70 10427
69 10428
68 10429
67 10430
66 10080
65 10081
64 10082
63 10083
62 10084
61 10085
60 10086
59 10087
58 10088
57 10089
56 10090
55 10091
54 10092
53 9921
52 9922
51 9923
50 9924
49 9925
48 9926
47 9927
46 9970
45 9971
44 9972
43 9973
42 9974
41 9975
40 9976
39 9977
38 9978
37 9979
36 9980
35 9981
34 9982
33 9983
32 10283
31 10284
30 10285
29 10286
28 10287
27 10288
26 10289
25 10290
24 10291
23 10292
22 10293
21 10294
20 10295
19 10296
18 10297
17 10298
16 10299
15 9906
14 9907
13 9908
12 9909
11 9910
10 9911
9 9912
8 9913
7 9914
6 9915
5 9916
4 9917
3 9918
2 9919
1 9920
