0 14677
1 14676
2 14675
3 14674
4 14673
5 14672
6 14671
7 14670
8 14669
9 14668
10 14667
11 14666
12 14665
13 14664
14 15482
15 15481
16 15480
17 15479
18 15478
19 15477
20 15476
21 15475
22 15474
23 15473
24 15472
25 15471
26 15470
27 15469
28 14863
29 14862
30 14861
31 14860
32 14859
33 14858
34 14857
35 14856
36 14855
37 14854
38 14853
39 14852
40 14851
41 14850
42 14849
43 14848
44 14847
45 14846
46 14845
47 15317
48 15316
49 15315
50 15314
51 15313
52 15312
53 15311
54 15234
55 15233
56 15232
57 15231
58 15230
59 15229
60 15228
61 15227
62 15226
63 15225
64 15224
65 15223
66 15222
67 15221
68 14549
69 14548
70 14547
71 14546
72 14545
73 14544
74 14543
75 14542
76 14541
77 14540
78 14539
79 14538
80 14537
81 14536
82 14535
83 14534
84 14533
85 14532
86 14531
87 15033
88 15032
89 15031
90 15030
91 15029
92 15028
93 15027
94 14466
95 14465
96 14464
97 14463
98 14462
99 14461
100 14460
101 14459
102 14458
103 14457
104 14456
105 14455
106 14454
107 14453
108 14452
109 14451
110 14450
111 14449
112 14448
113 14447
114 14446
115 14445
116 14444
117 14443
118 14442
119 14441
120 14440
121 14439
122 14438
123 14437
124 14436
125 14435
126 14434
127 14109
128 14108
129 14107
130 14106
131 14105
132 14104
133 14103
134 14046
135 14045
136 14044
137 14043
138 14042
139 14041
140 14040
141 14039
142 14038
143 14037
144 14036
145 14035
146 14034
147 14033
148 14032
149 14031
150 14030
151 14029
152 14028
153 14027
154 14026
155 14025
156 14024
157 14023
158 14022
159 14021
160 14020
161 14019
162 14018
163 14017
164 14016
165 14015
166 14014
167 13857
168 13856
169 13855
170 13854
171 13853
172 13852
173 13851
174 13626
175 13625
176 13624
177 13623
178 13622
179 13621
180 13620
181 13619
182 13618
183 13617
184 13616
185 13615
186 13614
187 13613
188 13612
189 13611
190 13610
191 13609
192 13608
193 13607
194 13606
195 13605
196 13604
197 13603
198 13602
199 13601
200 13600
201 13599
202 13598
203 13597
204 13596
205 13445
206 13444
207 13443
208 13442
209 13441
210 13440
211 13439
212 13136
213 13135
214 13134
215 13133
216 13132
217 13131
218 13130
219 13129
220 13128
221 13127
222 13126
223 13125
224 13124
225 13123
226 13122
227 13121
228 13120
229 13119
230 13118
231 13117
232 13116
233 13115
234 13114
235 13113
236 13112
237 13111
238 13110
239 13109
240 13108
241 13107
242 13106
243 12987
244 12986
245 12985
246 12984
247 12983
248 12982
249 12981
250 12744
251 12743
252 12742
253 12741
254 12740
255 12739
256 12738
257 12737
258 12736
259 12735
260 12734
261 12733
262 12732
263 12731
264 12730
265 12729
266 12728
267 12727
268 12726
269 12725
270 12724
271 12723
272 12722
273 12721
274 12720
275 12719
276 12718
277 12717
278 12716
279 12715
280 12714
281 12587
282 12586
283 12585
284 12584
285 12583
286 12582
287 12581
288 12307
289 12306
290 12305
291 12304
292 12303
293 12302
294 12301
295 12300
296 12299
297 12298
298 12297
299 12296
300 12295
301 12294
302 12293
303 12292
304 12291
305 12230
306 12229
307 12228
308 12227
309 12226
310 12225
311 12224
312 12223
313 12222
314 12221
315 12220
316 12219
317 12218
318 12217
319 12063
320 12062
321 12061
322 12060
323 12059
324 12058
325 12057
326 11835
327 11834
328 11833
329 11832
330 11831
331 11830
332 11829
333 11828
334 11827
335 11826
336 11825
337 11824
338 11823
339 11822
340 11821
341 11820
342 11819
343 11756
344 11755
345 11754
346 11753
347 11752
348 11751
349 11750
350 11749
351 11748
352 11747
353 11746
354 11745
355 11744
356 11743
357 11523
358 11522
359 11521
360 11520
361 11519
362 11518
363 11517
364 11516
365 11515
366 11514
367 11387
368 11386
369 11385
370 11384
371 11383
372 11382
373 11381
374 11380
375 11655
376 11654
377 11653
378 11652
379 11651
380 11650
381 11649
382 11648
383 11647
384 11646
385 11645
386 11644
387 11643
388 11642
389 11176
390 11175
391 11174
392 11173
393 11172
394 11171
395 11170
396 11169
397 11168
398 11167
399 11166
400 11165
401 11164
402 11163
403 11162
404 11161
405 11160
406 11159
407 10892
408 10891
409 10890
410 10889
411 10888
412 10887
413 10886
414 10885
415 10884
416 10883
417 10882
418 10881
419 10880
420 10879
421 10610
422 10609
423 10608
424 10607
425 10606
426 10605
427 10604
428 10603
429 10602
430 10601
431 10600
432 10599
433 10598
434 10597
435 10596
436 10595
437 10594
438 10593
439 10592
440 10591
441 10590
442 10589
443 10588
444 10587
445 10586
446 10585
447 10584
448 10583
449 10582
450 10581
451 10580
452 10579
453 10578
454 10577
455 10576
456 10575
457 10574
458 10573
459 10572
460 10571
461 10570
462 10569
463 10568
464 10567
465 10566
466 10565
467 10564
468 10381
469 10380
470 10379
471 10378
472 10377
473 10376
474 10375
475 10048
476 10047
477 10046
478 10045
479 10044
480 10043
481 10042
482 10041
483 10040
484 10039
485 10038
486 10037
487 10036
488 10035
489 10034
490 10033
491 10032
492 9654
493 9653
494 9652
495 9651
496 9650
497 9649
498 9648
499 9647
500 9646
501 9645
502 9789
503 9788
504 9787
505 9786
506 9785
507 9784
508 9783
509 9626
510 9625
511 9624
512 9623
513 9622
514 9621
515 9620
516 9619
517 9618
518 9617
519 9616
520 9615
521 9614
522 9613
523 9612
524 9611
525 9610
526 9609
527 9608
528 9607
529 9606
530 9605
531 9604
532 9603
533 9602
534 9601
535 9600
536 9478
537 9477
538 9476
539 9475
540 9474
541 9473
542 9472
543 9198
544 9197
545 9196
546 9195
547 9194
548 9193
549 9192
550 9191
551 9190
552 9189
553 9188
554 9187
555 9186
556 9185
557 9184
558 9183
559 9182
560 9181
561 9180
562 9179
563 9178
564 9177
565 9176
566 9175
567 9174
568 9173
569 9172
570 9005
571 9004
572 9003
573 9002
574 9001
575 9000
576 8999
577 8706
578 8705
579 8704
580 8703
581 8702
582 8701
583 8700
584 8699
585 8698
586 8697
587 8696
588 8648
589 8647
590 8646
591 8645
592 8644
593 8643
594 8642
595 8641
596 8640
597 8639
598 8638
599 8637
600 8636
601 8635
602 8634
603 8633
604 8508
605 8507
606 8506
607 8505
608 8504
609 8503
610 8502
611 8059
612 8058
613 8057
614 8056
615 8055
616 8054
617 8053
618 8052
619 8051
620 8050
621 8049
622 8048
623 8047
624 8046
625 8045
626 8044
627 8043
628 8042
629 8041
630 8040
631 8039
632 8038
633 8037
634 8036
635 8035
636 8034
637 8033
638 8289
639 8288
640 8287
641 8286
642 8285
643 8284
644 8283
645 8282
646 8281
647 8280
648 8279
649 8278
650 8277
651 8276
652 8275
653 8274
656 8305
657 8304
658 8303
659 8302
660 8301
661 8300
662 8299
663 8298
664 8297
665 8296
666 8295
667 8294
668 8293
669 8292
670 8291
671 8290
672 8032
673 8031
674 8030
675 8029
676 8028
677 8027
678 8026
679 8539
680 8538
681 8537
682 8536
683 8535
684 8534
685 8533
686 8532
687 8531
688 8530
689 8529
690 8528
691 8527
692 8526
693 8525
694 8524
695 8523
696 8522
697 8521
698 8520
699 8519
700 8518
701 8517
702 8516
703 8515
704 8514
705 8513
706 8512
707 8511
708 8510
709 8509
710 8632
711 8631
712 8630
713 8629
714 8628
715 8627
716 8626
717 9080
718 9079
719 9078
720 9077
721 9076
722 9075
723 9074
724 9073
725 9072
726 9071
727 9070
728 9025
729 9024
730 9023
731 9022
732 9021
733 9020
734 9019
735 9018
736 9017
737 9016
738 9015
739 9014
740 9013
741 9012
742 9011
743 9010
744 9009
745 9008
746 9007
747 9006
748 9171
749 9170
750 9169
751 9168
752 9167
753 9166
754 9165
755 8770
756 8769
757 8768
758 8767
759 8766
760 8765
761 8764
762 8763
763 8762
764 8799
765 8798
766 8797
767 8796
768 8795
769 8794
770 8793
771 8792
772 9492
773 9491
774 9490
775 9489
776 9488
777 9487
778 9486
779 9485
780 9484
781 9483
782 9482
783 9481
784 9480
785 9479
786 9599
787 9598
788 9597
789 9596
790 9595
791 9594
792 9593
793 9592
794 9591
795 9590
796 9589
797 9588
798 9587
799 9586
800 9585
801 9584
802 9583
803 9582
804 9581
805 9580
806 9579
807 9578
808 9577
809 9803
810 9802
811 9801
812 9800
813 9799
814 9798
815 9797
816 9796
817 9795
818 9794
819 9793
820 9792
821 9791
822 9790
823 9644
824 9643
825 9642
826 9641
827 9640
828 9639
829 9638
830 9637
831 9636
832 9635
833 9634
834 9948
835 9947
836 9946
837 9945
838 9944
839 9943
840 9942
841 9941
842 9940
843 9939
844 9938
845 9937
846 10395
847 10394
848 10393
849 10392
850 10391
851 10390
852 10389
853 10388
854 10387
855 10386
856 10385
857 10384
858 10383
859 10382
860 10563
861 10562
862 10561
863 10560
864 10559
865 10558
866 10557
867 10556
868 10555
869 10554
870 10553
871 10552
872 10551
873 10550
874 10549
875 10548
876 10547
877 10546
878 10545
879 10544
880 10543
881 10542
882 10541
883 10640
884 10639
885 10638
886 10637
887 10636
888 10635
889 10634
890 10633
891 10632
892 10631
893 10630
894 10629
895 10628
896 10627
897 10626
898 10625
899 10624
900 10623
901 10622
902 10621
903 10620
904 10619
905 10618
906 10617
907 10616
908 10615
909 10614
910 10613
911 10612
912 10611
913 10878
914 10877
915 10876
916 10875
917 10874
918 10873
919 10872
920 10999
921 10998
922 10997
923 10996
924 10995
925 10994
926 10993
927 10992
928 10991
929 10990
930 10989
931 10988
932 10987
933 10986
934 10985
935 10984
936 10983
937 10982
938 11185
939 11184
940 11183
941 11182
942 11181
943 11180
944 11179
945 11178
946 11177
947 11641
948 11640
949 11639
950 11638
951 11637
952 11636
953 11635
954 11550
955 11549
956 11548
957 11547
958 11546
959 11545
960 11544
961 11543
962 11542
963 11541
964 11540
965 11539
966 11538
967 11537
968 11536
969 11535
970 11534
971 11533
972 11532
973 11531
974 11530
975 11529
976 11528
977 11527
978 11526
979 11525
980 11524
981 11742
982 11741
983 11740
984 11739
985 11738
986 11737
987 11736
988 11874
989 11873
990 11872
991 11871
992 11870
993 11869
994 11868
995 11867
996 11866
997 11865
998 11864
999 11863
1000 11862
1001 11861
1002 11860
1003 11859
1004 11858
1005 11857
1006 11856
1007 11855
1008 11854
1009 11853
1010 11852
1011 11851
1012 11850
1013 11849
1014 11848
1015 11847
1016 11846
1017 12216
1018 12215
1019 12214
1020 12213
1021 12212
1022 12211
1023 12210
1024 12616
1025 12615
1026 12614
1027 12613
1028 12612
1029 12611
1030 12610
1031 12609
1032 12608
1033 12607
1034 12606
1035 12605
1036 12604
1037 12603
1038 12602
1039 12601
1040 12600
1041 12599
1042 12598
1043 12597
1044 12596
1045 12595
1046 12594
1047 12593
1048 12592
1049 12591
1050 12590
1051 12589
1052 12588
1053 12713
1054 12712
1055 12711
1056 12710
1057 12709
1058 12708
1059 12707
1060 13016
1061 13015
1062 13014
1063 13013
1064 13012
1065 13011
1066 13010
1067 13009
1068 13008
1069 13007
1070 13006
1071 13005
1072 13004
1073 13003
1074 13002
1075 13001
1076 13000
1077 12999
1078 12998
1079 12997
1080 12996
1081 12995
1082 12994
1083 12993
1084 12992
1085 12991
1086 12990
1087 12989
1088 12988
1089 13105
1090 13104
1091 13103
1092 13102
1093 13101
1094 13100
1095 13099
1096 13474
1097 13473
1098 13472
1099 13471
1100 13470
1101 13469
1102 13468
1103 13467
1104 13466
1105 13465
1106 13464
1107 13463
1108 13462
1109 13461
1110 13460
1111 13459
1112 13458
1113 13457
1114 13456
1115 13455
1116 13454
1117 13453
1118 13452
1119 13451
1120 13450
1121 13449
1122 13448
1123 13447
1124 13446
1125 13595
1126 13594
1127 13593
1128 13592
1129 13591
1130 13590
1131 13589
1132 13230
1133 13229
1134 13228
1135 13227
1136 13226
1137 13225
1138 13224
1139 13257
1140 13256
1141 13255
1142 13254
1143 13253
1144 13252
1145 13251
1146 13250
1147 13871
1148 13870
1149 13869
1150 13868
1151 13867
1152 13866
1153 13865
1154 13864
1155 13863
1156 13862
1157 13861
1158 13860
1159 13859
1160 13858
1161 14013
1162 14012
1163 14011
1164 14010
1165 14009
1166 14008
1167 14007
1168 14006
1169 14005
1170 14004
1171 14003
1172 14002
1173 14001
1174 14000
1175 13999
1176 13998
1177 13997
1178 13996
1179 13995
1180 13994
1181 13993
1182 13992
1183 13991
1184 13990
1185 14123
1186 14122
1187 14121
1188 14120
1189 14119
1190 14118
1191 14117
1192 14116
1193 14115
1194 14114
1195 14113
1196 14112
1197 14111
1198 14110
1199 14433
1200 14432
1201 14431
1202 14430
1203 14429
1204 14428
1205 14427
1206 14426
1207 14425
1208 14424
1209 14423
1210 14422
1211 14421
1212 14420
1213 14419
1214 14418
1215 14417
1216 14416
1217 14415
1218 14414
1219 14413
1220 14412
1221 14411
1222 14410
1223 15047
1224 15046
1225 15045
1226 15044
1227 15043
1228 15042
1229 15041
1230 15040
1231 15039
1232 15038
1233 15037
1234 15036
1235 15035
1236 15034
1237 14530
1238 14529
1239 14528
1240 14527
1241 14526
1242 14525
1243 14524
1244 14523
1245 14522
1246 14557
1247 14556
1248 14555
1249 14554
1250 14553
1251 14552
1252 14551
1253 14550
1254 15220
1255 15219
1256 15218
1257 15217
1258 15216
1259 15215
1260 15214
1261 15331
1262 15330
1263 15329
1264 15328
1265 15327
1266 15326
1267 15325
1268 15324
1269 15323
1270 15322
1271 15321
1272 15320
1273 15319
1274 15318
1275 14844
1276 14843
1277 14842
1278 14841
1279 14840
1280 14839
1281 14838
1282 14873
1283 14872
1284 14871
1285 14870
1286 14869
1287 14868
1288 14867
1289 14866
1290 14865
1291 14864
1292 15468
1293 15467
1294 15466
1295 15465
1296 15464
1297 15463
1298 15462
1299 15677
1300 15676
1301 15675
1302 15674
1303 15673
1304 15672
1305 15671
1306 15670
1307 15669
1308 15668
1309 15667
1310 15666
1311 15665
1312 15664
1313 15663
1314 15662
1315 15661
1316 15660
1317 15659
1318 15658
1319 15657
1320 15656
1321 15655
1322 15654
1323 15653
1324 15652
1325 15651
1326 15650
1327 15649
1328 15648
1329 15647
1330 15646
1331 15645
1332 15798
1333 15797
1334 15796
1335 15795
1336 15794
1337 15793
1338 15792
1339 14597
1340 14596
1341 14595
1342 14594
1343 14593
1344 14592
1345 14591
1346 14590
1347 14589
1348 14588
1349 14587
1350 14586
1351 14585
1352 14584
1353 14642
1354 14641
1355 14640
1356 14639
1357 14638
1360 14637
1361 14636
1362 14635
1363 14634
1364 14633
1365 15567
1366 15566
1367 15565
1368 15564
1369 15563
1370 15562
1371 15561
1372 14604
1373 14603
1374 14602
1375 14601
1376 14600
1377 14599
1378 14598
1379 15791
1380 15790
1381 15789
1382 15788
1383 15787
1384 15786
1385 15785
1386 14746
1387 14745
1388 14744
1389 14743
1390 14742
1391 14741
1392 14740
1393 14739
1394 14738
1395 14737
1396 14736
1397 14735
1398 14734
1399 15523
1400 15522
1401 15521
1402 15520
1403 15519
1404 15518
1405 15517
1406 15516
1407 15515
1408 15514
1409 15513
1410 15512
1411 15511
1412 15684
1413 15683
1414 15682
1415 15681
1416 15680
1417 15679
1418 15678
1419 15461
1420 15460
1421 15459
1422 15458
1423 15457
1424 15456
1425 15455
1426 14899
1427 14898
1428 14897
1429 14896
1430 14895
1431 14894
1432 14893
1433 14892
1434 14891
1435 14890
1436 14889
1437 14888
1438 14887
1439 14886
1440 14885
1441 14884
1442 14883
1443 14882
1444 14881
1445 14933
1446 14932
1447 14931
1448 14930
1449 14929
1450 14928
1451 14927
1452 15338
1453 15337
1454 15336
1455 15335
1456 15334
1457 15333
1458 15332
1459 15213
1460 15212
1461 15211
1462 15210
1463 15209
1464 15208
1465 15207
1466 15108
1467 15107
1468 15106
1469 15105
1470 15104
1471 15103
1472 15102
1473 15101
1474 15100
1475 15135
1476 15134
1477 15133
1478 15132
1479 15131
1480 15130
1481 15129
1482 15128
1483 15127
1484 15126
1485 14274
1486 14273
1487 14272
1488 14271
1489 14270
1490 14269
1491 14268
1492 15054
1493 15053
1494 15052
1495 15051
1496 15050
1497 15049
1498 15048
1499 14409
1500 14408
1501 14407
1502 14406
1503 14405
1504 14404
1505 14403
1506 14402
1507 14401
1508 14400
1509 14399
1510 14398
1511 14397
1512 14396
1513 14219
1514 14218
1515 14217
1516 14216
1517 14215
1518 14214
1519 14213
1520 14212
1521 14211
1522 14210
1523 14209
1524 14208
1525 13661
1526 13660
1527 13659
1528 13658
1529 13657
1530 13656
1531 13655
1532 14130
1533 14129
1534 14128
1535 14127
1536 14126
1537 14125
1538 14124
1539 13989
1540 13988
1541 13987
1542 13986
1543 13985
1544 13984
1545 13983
1546 13982
1547 13981
1548 13980
1549 13979
1550 13978
1551 13977
1552 13976
1553 13975
1554 13974
1555 13973
1556 13972
1557 13971
1558 13970
1559 13969
1560 13968
1561 13967
1562 13966
1563 13965
1564 13964
1565 13329
1566 13328
1567 13327
1568 13326
1569 13325
1570 13324
1571 13323
1572 13878
1573 13877
1574 13876
1575 13875
1576 13874
1577 13873
1578 13872
1579 13249
1580 13248
1581 13247
1582 13246
1583 13245
1584 13244
1585 13243
1586 13242
1587 13241
1588 13240
1589 13239
1590 13238
1591 13237
1592 13236
1593 13235
1594 13234
1595 13233
1596 13232
1597 13231
1598 13588
1599 13587
1600 13586
1601 13585
1602 13584
1603 13583
1604 13582
1605 12883
1606 12882
1607 12881
1608 12880
1609 12879
1610 12878
1611 12877
1612 12794
1613 12793
1614 12792
1615 12791
1616 12790
1617 12789
1618 12788
1619 12787
1620 12786
1621 12785
1622 12784
1623 12783
1624 12782
1625 12781
1626 12780
1627 13485
1628 13484
1629 13483
1630 13482
1631 13481
1632 13480
1633 13479
1634 13478
1635 13477
1636 13476
1637 13475
1638 13098
1639 13097
1640 13096
1641 13095
1642 13094
1643 13093
1644 13092
1645 12491
1646 12490
1647 12489
1648 12488
1649 12487
1650 12486
1651 12485
1652 13042
1653 13041
1654 13040
1655 13039
1656 13038
1657 13037
1658 13036
1659 13035
1660 13034
1661 13033
1662 13032
1663 13031
1664 13030
1665 13029
1666 13028
1667 13027
1668 13026
1669 13025
1670 13024
1671 13023
1672 13022
1673 13021
1674 13020
1675 13019
1676 13018
1677 13017
1678 12706
1679 12705
1680 12704
1681 12703
1682 12702
1683 12701
1684 12700
1685 12162
1686 12161
1687 12160
1688 12159
1689 12158
1690 12157
1691 12156
1692 12142
1693 12141
1694 12140
1695 12139
1696 12138
1697 12137
1698 12136
1699 12135
1700 12134
1701 12133
1702 12132
1703 12131
1704 12130
1705 12129
1706 12128
1707 12127
1708 12126
1709 12125
1710 12124
1711 12623
1712 12622
1713 12621
1714 12620
1715 12619
1716 12618
1717 12617
1718 12209
1719 12208
1720 12207
1721 12206
1722 12205
1723 12204
1724 12203
1725 11275
1726 11274
1727 11273
1728 11272
1729 11271
1730 11270
1731 11269
1732 11257
1733 11256
1734 11255
1735 11254
1736 11253
1737 11252
1738 11251
1739 11250
1740 11249
1741 11248
1742 11247
1743 11246
1744 11245
1745 11244
1746 11243
1747 11242
1748 11241
1749 11240
1750 11239
1751 11881
1752 11880
1753 11879
1754 11878
1755 11877
1756 11876
1757 11875
1758 11735
1759 11734
1760 11733
1761 11732
1762 11731
1763 11730
1764 11729
1765 11416
1766 11415
1767 11414
1768 11413
1769 11412
1770 11411
1771 11410
1772 11478
1773 11477
1774 11476
1775 11475
1776 11474
1777 11473
1778 11472
1779 11513
1780 11512
1781 11511
1782 11510
1783 11509
1784 11508
1785 11507
1786 11506
1787 11505
1788 11504
1789 11503
1790 11502
1791 11557
1792 11556
1793 11555
1794 11554
1795 11553
1796 11552
1797 11551
1798 11634
1799 11633
1800 11632
1801 11631
1802 11630
1803 11629
1804 11628
1805 10928
1806 10927
1807 10926
1808 10925
1809 10924
1810 10923
1811 10922
1812 10921
1813 10920
1814 10919
1815 10918
1816 10917
1817 10954
1818 10953
1819 10952
1820 10951
1821 10950
1822 10949
1823 10948
1824 10169
1825 10168
1826 10167
1827 10166
1828 10165
1829 10164
1830 10163
1831 11006
1832 11005
1833 11004
1834 11003
1835 11002
1836 11001
1837 11000
1838 10871
1839 10870
1840 10869
1841 10868
1842 10867
1843 10866
1844 10865
1845 10784
1846 10783
1847 10782
1848 10781
1849 10780
1850 10779
1851 10778
1852 10777
1853 10776
1854 10775
1855 10774
1856 10773
1857 10772
1858 10771
1859 10770
1860 10769
1861 10768
1862 10767
1863 10766
1864 10765
1865 10764
1866 10289
1867 10288
1868 10287
1869 10286
1870 10285
1871 10284
1872 10283
1873 10647
1874 10646
1875 10645
1876 10644
1877 10643
1878 10642
1879 10641
1880 10540
1881 10539
1882 10538
1883 10537
1884 10536
1885 10535
1886 10534
1887 10088
1888 10087
1889 10086
1890 10085
1891 10084
1892 10083
1893 10082
1894 10081
1895 10080
1896 10079
1897 10078
1898 10077
1899 10076
1900 10075
1901 10074
1902 10073
1903 10072
1904 10071
1905 10070
1906 10069
1907 10068
1908 9697
1909 9696
1910 9695
1911 9694
1912 9693
1913 9692
1914 9691
1915 10402
1916 10401
1917 10400
1918 10399
1919 10398
1920 10397
1921 10396
1922 9936
1923 9935
1924 9934
1925 9933
1926 9932
1927 9931
1928 9930
1929 9880
1930 9879
1931 9878
1932 9877
1933 9876
1934 9875
1935 9874
1936 9873
1937 9872
1938 9871
1939 9870
1940 9869
1941 9868
1942 9867
1943 9866
1944 9865
1945 9864
1946 9863
1947 9862
1948 9861
1949 9860
1950 9288
1951 9287
1952 9286
1953 9285
1954 9284
1955 9283
1956 9282
1957 9810
1958 9809
1959 9808
1960 9807
1961 9806
1962 9805
1963 9804
1964 9576
1965 9575
1966 9574
1967 9573
1968 9572
1969 9571
1970 9570
1971 9569
1972 9568
1973 9567
1974 9566
1975 9565
1976 9564
1977 9563
1978 9562
1979 9561
1980 9560
1981 9559
1982 9558
1983 9557
1984 9556
1985 9555
1986 9554
1987 9553
1988 9552
1989 9551
1990 9550
1991 9549
1992 8851
1993 8850
1994 8849
1995 8848
1996 8847
1997 8846
1998 8845
1999 9499
2000 9498
2001 9497
2002 9496
2003 9495
2004 9494
2005 9493
2006 8791
2007 8790
2008 8789
2009 8788
2010 8787
2011 8786
2012 8785
2013 8784
2014 8783
2015 8782
2016 8781
2017 8780
2018 8779
2019 8778
2020 8777
2021 8776
2022 8775
2023 8774
2024 8773
2025 8772
2026 8771
2027 9164
2028 9163
2029 9162
2030 9161
2031 9160
2032 9159
2033 9158
2034 8354
2035 8353
2036 8352
2037 8351
2038 8350
2039 8349
2040 8348
2041 9108
2042 9107
2043 9106
2044 9105
2045 9104
2046 9103
2047 9102
2048 9101
2049 9100
2050 9099
2051 9098
2052 9097
2053 9096
2054 9095
2055 9094
2056 9093
2057 9092
2058 9091
2059 9090
2060 9089
2061 9088
2062 9087
2063 9086
2064 9085
2065 9084
2066 9083
2067 9082
2068 9081
2069 8625
2070 8624
2071 8623
2072 8622
2073 8621
2074 8620
2075 8619
2076 8124
2077 8123
2078 8122
2079 8121
2080 8120
2081 8119
2082 8118
2083 8334
2084 8333
2085 8332
2086 8331
2087 8330
2088 8329
2089 8328
2090 8327
2091 8326
2092 8325
2093 8324
2094 8323
2095 8322
2096 8321
2097 8320
2098 8319
2099 8318
2100 8317
2101 8316
2102 8315
2103 8314
2104 8546
2105 8545
2106 8544
2107 8543
2108 8542
2109 8541
2110 8540
2111 8025
2112 8024
2113 8023
2114 8022
2115 8021
2116 8020
2117 8019
2118 7976
2119 7975
2120 7974
2121 7973
2122 7972
2123 7971
2124 7970
2125 7990
2126 7989
2127 7988
2128 7987
2129 7986
2132 7985
2133 7984
2134 7983
2135 7982
2136 7981
2137 7980
2138 7979
2139 7978
2140 7977
2141 8018
2142 8017
2143 8016
2144 8015
2145 8014
2146 8013
2147 8012
2148 8215
2149 8214
2150 8213
2151 8212
2152 8211
2153 8210
2154 8209
2155 8208
2156 8207
2157 8206
2158 8205
2159 8204
2160 8203
2161 8202
2162 8201
2163 8200
2164 8199
2165 8198
2166 8197
2167 8196
2168 8195
2169 8194
2170 8193
2171 8138
2172 8137
2173 8136
2174 8135
2175 8134
2176 8133
2177 8132
2178 8131
2179 8130
2180 8129
2181 8128
2182 8127
2183 8126
2184 8125
2185 8618
2186 8617
2187 8616
2188 8615
2189 8614
2190 8613
2191 8612
2192 8445
2193 8444
2194 8443
2195 8442
2196 8441
2197 8440
2198 8439
2199 8438
2200 8437
2201 8436
2202 8435
2203 8434
2204 8433
2205 8432
2206 8431
2207 8430
2208 8429
2209 8428
2210 8427
2211 8426
2212 8425
2213 8424
2214 8423
2215 8368
2216 8367
2217 8366
2218 8365
2219 8364
2220 8363
2221 8362
2222 8361
2223 8360
2224 8359
2225 8358
2226 8357
2227 8356
2228 8355
2229 9157
2230 9156
2231 9155
2232 9154
2233 9153
2234 9152
2235 9151
2236 8942
2237 8941
2238 8940
2239 8939
2240 8938
2241 8937
2242 8936
2243 8935
2244 8934
2245 8933
2246 8932
2247 8931
2248 8930
2249 8929
2250 8928
2251 8927
2252 8926
2253 8925
2254 8924
2255 8923
2256 8922
2257 8921
2258 8920
2259 8865
2260 8864
2261 8863
2262 8862
2263 8861
2264 8860
2265 8859
2266 8858
2267 8857
2268 8856
2269 8855
2270 8854
2271 8853
2272 8852
2273 9548
2274 9547
2275 9546
2276 9545
2277 9544
2278 9543
2279 9542
2280 9220
2281 9219
2282 9218
2283 9217
2284 9216
2285 9215
2286 9214
2287 9213
2288 9212
2289 9260
2290 9259
2291 9258
2292 9257
2293 9256
2294 9255
2295 9254
2296 9253
2297 9252
2298 9251
2299 9250
2300 9249
2301 9248
2302 9302
2303 9301
2304 9300
2305 9299
2306 9298
2307 9297
2308 9296
2309 9295
2310 9294
2311 9293
2312 9292
2313 9291
2314 9290
2315 9289
2316 9859
2317 9858
2318 9857
2319 9856
2320 9855
2321 9854
2322 9853
2323 9895
2324 9894
2325 9893
2326 9892
2327 9891
2328 9890
2329 9889
2330 9888
2331 9887
2332 9886
2333 9885
2334 9884
2335 9883
2336 9882
2337 9881
2338 9929
2339 9928
2340 9927
2341 9926
2342 9925
2343 9924
2344 9923
2345 9711
2346 9710
2347 9709
2348 9708
2349 9707
2350 9706
2351 9705
2352 9704
2353 9703
2354 9702
2355 9701
2356 9700
2357 9699
2358 9698
2359 10067
2360 10066
2361 10065
2362 10064
2363 10063
2364 10062
2365 10061
2366 10060
2367 10059
2368 10058
2369 10057
2370 10056
2371 10098
2372 10097
2373 10096
2374 10095
2375 10094
2376 10093
2377 10092
2378 10091
2379 10090
2380 10089
2381 10533
2382 10532
2383 10531
2384 10530
2385 10529
2386 10528
2387 10527
2388 10303
2389 10302
2390 10301
2391 10300
2392 10299
2393 10298
2394 10297
2395 10296
2396 10295
2397 10294
2398 10293
2399 10292
2400 10291
2401 10290
2402 10763
2403 10762
2404 10761
2405 10760
2406 10759
2407 10758
2408 10757
2409 10756
2410 10755
2411 10754
2412 10796
2413 10795
2414 10794
2415 10793
2416 10792
2417 10791
2418 10790
2419 10789
2420 10788
2421 10787
2422 10786
2423 10785
2424 10864
2425 10863
2426 10862
2427 10861
2428 10860
2429 10859
2430 10858
2431 10183
2432 10182
2433 10181
2434 10180
2435 10179
2436 10178
2437 10177
2438 10176
2439 10175
2440 10174
2441 10173
2442 10172
2443 10171
2444 10170
2445 10947
2446 10946
2447 10945
2448 10944
2449 10943
2450 10942
2451 10941
2452 10940
2453 10939
2454 10938
2455 10937
2456 10936
2457 10935
2458 10934
2459 10933
2460 10932
2461 10931
2462 10930
2463 10929
2464 11627
2465 11626
2466 11625
2467 11624
2468 11623
2469 11622
2470 11621
2471 11449
2472 11448
2473 11447
2474 11446
2475 11445
2476 11444
2477 11443
2478 11442
2479 11441
2480 11440
2481 11439
2482 11438
2483 11437
2484 11436
2485 11435
2486 11434
2487 11433
2488 11432
2489 11431
2490 11430
2491 11429
2492 11428
2493 11427
2494 11426
2495 11425
2496 11424
2497 11423
2498 11422
2499 11421
2500 11420
2501 11419
2502 11418
2503 11417
2504 11728
2505 11727
2506 11726
2507 11725
2508 11724
2509 11723
2510 11722
2511 11308
2512 11307
2513 11306
2514 11305
2515 11304
2516 11303
2517 11302
2518 11301
2519 11300
2520 11299
2521 11298
2522 11297
2523 11296
2524 11295
2525 11294
2526 11293
2527 11292
2528 11291
2529 11290
2530 11289
2531 11288
2532 11287
2533 11286
2534 11285
2535 11284
2536 11283
2537 11282
2538 11281
2539 11280
2540 11279
2541 11278
2542 11277
2543 11276
2544 12202
2545 12201
2546 12200
2547 12199
2548 12198
2549 12197
2550 12196
2551 12195
2552 12194
2553 12193
2554 12192
2555 12191
2556 12190
2557 12189
2558 12188
2559 12187
2560 12186
2561 12185
2562 12184
2563 12183
2564 12182
2565 12181
2566 12180
2567 12179
2568 12178
2569 12177
2570 12176
2571 12175
2572 12174
2573 12173
2574 12172
2575 12171
2576 12170
2577 12169
2578 12168
2579 12167
2580 12166
2581 12165
2582 12164
2583 12163
2584 12699
2585 12698
2586 12697
2587 12696
2588 12695
2589 12694
2590 12693
2591 12524
2592 12523
2593 12522
2594 12521
2595 12520
2596 12519
2597 12518
2598 12517
2599 12516
2600 12515
2601 12514
2602 12513
2603 12512
2604 12511
2605 12510
2606 12509
2607 12508
2608 12507
2609 12506
2610 12505
2611 12504
2612 12503
2613 12502
2614 12501
2615 12500
2616 12499
2617 12498
2618 12497
2619 12496
2620 12495
2621 12494
2622 12493
2623 12492
2624 13091
2625 13090
2626 13089
2627 13088
2628 13087
2629 13086
2630 13085
2631 13514
2632 13513
2633 13512
2634 13511
2635 13510
2636 13509
2637 13508
2638 13507
2639 13506
2640 13505
2641 13504
2642 13503
2643 13502
2644 13501
2645 13500
2646 13499
2647 13498
2648 13497
2649 13496
2650 12897
2651 12896
2652 12895
2653 12894
2654 12893
2655 12892
2656 12891
2657 12890
2658 12889
2659 12888
2660 12887
2661 12886
2662 12885
2663 12884
2664 13581
2665 13580
2666 13579
2667 13578
2668 13577
2669 13576
2670 13575
2671 13190
2672 13189
2673 13188
2674 13187
2675 13186
2676 13185
2677 13184
2678 13183
2679 13182
2680 13223
2681 13222
2682 13221
2683 13220
2684 13219
2685 13218
2686 13217
2687 13216
2688 13215
2689 13214
2690 13343
2691 13342
2692 13341
2693 13340
2694 13339
2695 13338
2696 13337
2697 13336
2698 13335
2699 13334
2700 13333
2701 13332
2702 13331
2703 13330
2704 13963
2705 13962
2706 13961
2707 13960
2708 13959
2709 13958
2710 13957
2711 13956
2712 13955
2713 13954
2714 13953
2715 13952
2716 13951
2717 13950
2718 13949
2719 13948
2720 13947
2721 13946
2722 13945
2723 13944
2724 13943
2725 13942
2726 13941
2727 13940
2728 13675
2729 13674
2730 13673
2731 13672
2732 13671
2733 13670
2734 13669
2735 13668
2736 13667
2737 13666
2738 13665
2739 13664
2740 13663
2741 13662
2742 14207
2743 14206
2744 14205
2745 14204
2746 14203
2747 14202
2748 14201
2749 14200
2750 14199
2751 14198
2752 14197
2753 14246
2754 14245
2755 14244
2756 14243
2757 14242
2758 14241
2759 14240
2760 14239
2761 14238
2762 14237
2763 14236
2764 14235
2765 14234
2766 14288
2767 14287
2768 14286
2769 14285
2770 14284
2771 14283
2772 14282
2773 14281
2774 14280
2775 14279
2776 14278
2777 14277
2778 14276
2779 14275
2780 15125
2781 15124
2782 15123
2783 15122
2784 15121
2785 15120
2786 15119
2787 15118
2788 15117
2789 15116
2790 15115
2791 15114
2792 15113
2793 15112
2794 15111
2795 15110
2796 15109
2797 15206
2798 15205
2799 15204
2800 15203
2801 15202
2802 15201
2803 15200
2804 14947
2805 14946
2806 14945
2807 14944
2808 14943
2809 14942
2810 14941
2811 14940
2812 14939
2813 14938
2814 14937
2815 14936
2816 14935
2817 14934
2818 14880
2819 14879
2820 14878
2821 14877
2822 14876
2823 14875
2824 14874
2825 14909
2826 14908
2827 14907
2828 14906
2829 14905
2830 14904
2831 14903
2832 14902
2833 14901
2834 14900
2835 15454
2836 15453
2837 15452
2838 15451
2839 15450
2840 15449
2841 15448
2842 14775
2843 14774
2844 14773
2845 14772
2846 14771
2847 14770
2848 14769
2849 14768
2850 14767
2851 14766
2852 14765
2853 14764
2854 14763
2855 14762
2856 14761
2857 14760
2858 14759
2859 14758
2860 14757
2861 14756
2862 14755
2863 14754
2864 14753
2865 14752
2866 14751
2867 14750
2868 14749
2869 14748
2870 14747
2871 15784
2872 15783
2873 15782
2874 15781
2875 15780
2876 15779
2877 15778
2878 15581
2879 15580
2880 15579
2881 15578
2882 15577
2883 15576
2884 15575
2885 15574
2886 15573
2887 15572
2888 15571
2889 15570
2890 15569
2891 15568
2892 14632
2893 14631
2894 14630
2895 14629
2896 14628
2899 14567
2900 14566
2901 14565
2902 14564
2903 14563
2904 15588
2905 15587
2906 15586
2907 15585
2908 15584
2909 15583
2910 15582
2911 15777
2912 15776
2913 15775
2914 15774
2915 15773
2916 15772
2917 15771
2918 15770
2919 15769
2920 15768
2921 15767
2922 15766
2923 15765
2924 15764
2925 15763
2926 15762
2927 15761
2928 15760
2929 14733
2930 14732
2931 14731
2932 14730
2933 14729
2934 14728
2935 14727
2936 14726
2937 14725
2938 14724
2939 14723
2940 14782
2941 14781
2942 14780
2943 14779
2944 14778
2945 14777
2946 14776
2947 15447
2948 15446
2949 15445
2950 15444
2951 15443
2952 15442
2953 15441
2954 15440
2955 15439
2956 15438
2957 15437
2958 15436
2959 15435
2960 15434
2961 15433
2962 15432
2963 15431
2964 15430
2965 15381
2966 15380
2967 15379
2968 15378
2969 15377
2970 15376
2971 15375
2972 15374
2973 15373
2974 15372
2975 15371
2976 15370
2977 15369
2978 15368
2979 15367
2980 14954
2981 14953
2982 14952
2983 14951
2984 14950
2985 14949
2986 14948
2987 15199
2988 15198
2989 15197
2990 15196
2991 15195
2992 15194
2993 15193
2994 15192
2995 15191
2996 15190
2997 15189
2998 15188
2999 15187
3000 15186
3001 15185
3002 15184
3003 15099
3004 15098
3005 15097
3006 15096
3007 15095
3008 15094
3009 15093
3010 15092
3011 15091
3012 15090
3013 15089
3014 15088
3015 15087
3016 15086
3017 15085
3018 15084
3019 15083
3020 14295
3021 14294
3022 14293
3023 14292
3024 14291
3025 14290
3026 14289
3027 14233
3028 14232
3029 14231
3030 14230
3031 14229
3032 14228
3033 14227
3034 14226
3035 14225
3036 14224
3037 14223
3038 14222
3039 14221
3040 14220
3041 14177
3042 14176
3043 14175
3044 14174
3045 14173
3046 14172
3047 14171
3048 14170
3049 14169
3050 14168
3051 14167
3052 14166
3053 14165
3054 14164
3055 14163
3056 14162
3057 14161
3058 14160
3059 14159
3060 13682
3061 13681
3062 13680
3063 13679
3064 13678
3065 13677
3066 13676
3067 13939
3068 13938
3069 13937
3070 13936
3071 13935
3072 13934
3073 13933
3074 13932
3075 13931
3076 13930
3077 13929
3078 13928
3079 13927
3080 13926
3081 13925
3082 13924
3083 13923
3084 13922
3085 13921
3086 13920
3087 13919
3088 13918
3089 13917
3090 13916
3091 13915
3092 13914
3093 13913
3094 13912
3095 13911
3096 13910
3097 13909
3098 13908
3099 13907
3100 13350
3101 13349
3102 13348
3103 13347
3104 13346
3105 13345
3106 13344
3107 13213
3108 13212
3109 13211
3110 13210
3111 13209
3112 13208
3113 13207
3114 13206
3115 13205
3116 13204
3117 13203
3118 13202
3119 13201
3120 13200
3121 13199
3122 13198
3123 13197
3124 13196
3125 13195
3126 13194
3127 13193
3128 13192
3129 13191
3130 13574
3131 13573
3132 13572
3133 13571
3134 13570
3135 13569
3136 13568
3137 13567
3138 13566
3139 13565
3140 13564
3141 13563
3142 13562
3143 13561
3144 12904
3145 12903
3146 12902
3147 12901
3148 12900
3149 12899
3150 12898
3151 13495
3152 13494
3153 13493
3154 13492
3155 13491
3156 13490
3157 13489
3158 13488
3159 13487
3160 13486
3161 13527
3162 13526
3163 13525
3164 13524
3165 13523
3166 13522
3167 13521
3168 13520
3169 13519
3170 13518
3171 13517
3172 13516
3173 13515
3174 13084
3175 13083
3176 13082
3177 13081
3178 13080
3179 13079
3180 13078
3181 13077
3182 13076
3183 13075
3184 13074
3185 13073
3186 13072
3187 13071
3188 12352
3189 12351
3190 12350
3191 12349
3192 12348
3193 12347
3194 12346
3195 12345
3196 12344
3197 12343
3198 12342
3199 12341
3200 12340
3201 12339
3202 12338
3203 12337
3204 12336
3205 12335
3206 12334
3207 12333
3208 12332
3209 12331
3210 12330
3211 12531
3212 12530
3213 12529
3214 12528
3215 12527
3216 12526
3217 12525
3218 12692
3219 12691
3220 12690
3221 12689
3222 12688
3223 12687
3224 12686
3225 12685
3226 12684
3227 12683
3228 12682
3229 12681
3230 12680
3231 12679
3232 12098
3233 12097
3234 12096
3235 12095
3236 12094
3237 12093
3238 12092
3239 12091
3240 12090
3241 12089
3242 12088
3243 12087
3244 12086
3245 12085
3246 12084
3247 12083
3248 12082
3249 12081
3250 12080
3251 12079
3252 12078
3253 12077
3254 12076
3255 12007
3256 12006
3257 12005
3258 12004
3259 12003
3260 12002
3261 12001
3262 12000
3263 11999
3264 11998
3265 11997
3266 11996
3267 11995
3268 11994
3269 11993
3270 11992
3271 11991
3272 11990
3273 11989
3274 11988
3275 11987
3276 11932
3277 11931
3278 11930
3279 11929
3280 11928
3281 11927
3282 11926
3283 11925
3284 11924
3285 11923
3286 11922
3287 11921
3288 11920
3289 11919
3290 11918
3291 11917
3292 11916
3293 11915
3294 11914
3295 11913
3296 11912
3297 11911
3298 11910
3299 11315
3300 11314
3301 11313
3302 11312
3303 11311
3304 11310
3305 11309
3306 11721
3307 11720
3308 11719
3309 11718
3310 11717
3311 11716
3312 11715
3313 11714
3314 11713
3315 11712
3316 11711
3317 11710
3318 11709
3319 11708
3320 11214
3321 11213
3322 11212
3323 11211
3324 11210
3325 11209
3326 11208
3327 11207
3328 11206
3329 11205
3330 11471
3331 11470
3332 11469
3333 11468
3334 11467
3335 11466
3336 11465
3337 11464
3338 11463
3339 11462
3340 11461
3341 11460
3342 11459
3343 11458
3344 11457
3345 11456
3346 11455
3347 11454
3348 11453
3349 11452
3350 11451
3351 11450
3352 11620
3353 11619
3354 11618
3355 11617
3356 11616
3357 11615
3358 11614
3359 11613
3360 11612
3361 11611
3362 11610
3363 11609
3364 11608
3365 11607
3366 11059
3367 11058
3368 11057
3369 11056
3370 11055
3371 11054
3372 11053
3373 11052
3374 11051
3375 11050
3376 11049
3377 11048
3378 11047
3379 11046
3380 11045
3381 11044
3382 11043
3383 11042
3384 11041
3385 11040
3386 11039
3387 11038
3388 11037
3389 11036
3390 11035
3391 10190
3392 10189
3393 10188
3394 10187
3395 10186
3396 10185
3397 10184
3398 10857
3399 10856
3400 10855
3401 10854
3402 10853
3403 10852
3404 10851
3405 10850
3406 10849
3407 10848
3408 10847
3409 10846
3410 10845
3411 10844
3412 10702
3413 10701
3414 10700
3415 10699
3416 10698
3417 10697
3418 10696
3419 10695
3420 10694
3421 10693
3422 10692
3423 10691
3424 10690
3425 10689
3426 10688
3427 10687
3428 10686
3429 10685
3430 10684
3431 10683
3432 10682
3433 10681
3434 10680
3435 10679
3436 10678
3437 10677
3438 10676
3439 10310
3440 10309
3441 10308
3442 10307
3443 10306
3444 10305
3445 10304
3446 10526
3447 10525
3448 10524
3449 10523
3450 10522
3451 10521
3452 10520
3453 10519
3454 10518
3455 10517
3456 10516
3457 10515
3458 10514
3459 10513
3460 10512
3461 10511
3462 10510
3463 10509
3464 10508
3465 10452
3466 10451
3467 10450
3468 10449
3469 10448
3470 10447
3471 10446
3472 10445
3473 10444
3474 10443
3475 10442
3476 10441
3477 10440
3478 10439
3479 10438
3480 10437
3481 10436
3482 10435
3483 10434
3484 10433
3485 10432
3486 10431
3487 9718
3488 9717
3489 9716
3490 9715
3491 9714
3492 9713
3493 9712
3494 9922
3495 9921
3496 9920
3497 9919
3498 9918
3499 9917
3500 9916
3501 9915
3502 9914
3503 9913
3504 9912
3505 9911
3506 9910
3507 9909
3508 9908
3509 9907
3510 9906
3511 9905
3512 9904
3513 9903
3514 9902
3515 9901
3516 9900
3517 9899
3518 9898
3519 9897
3520 9896
3521 9852
3522 9851
3523 9850
3524 9849
3525 9848
3526 9847
3527 9846
3528 9845
3529 9844
3530 9843
3531 9842
3532 9841
3533 9840
3534 9839
3535 9309
3536 9308
3537 9307
3538 9306
3539 9305
3540 9304
3541 9303
3542 9247
3543 9246
3544 9245
3545 9244
3546 9243
3547 9242
3548 9241
3549 9240
3550 9239
3551 9238
3552 9237
3553 9236
3554 9235
3555 9234
3556 9233
3557 9232
3558 9231
3559 9230
3560 9229
3561 9228
3562 9227
3563 9226
3564 9225
3565 9224
3566 9223
3567 9222
3568 9221
3569 9541
3570 9540
3571 9539
3572 9538
3573 9537
3574 9536
3575 9535
3576 9534
3577 9533
3578 9532
3579 9531
3580 9530
3581 9529
3582 9528
3583 8872
3584 8871
3585 8870
3586 8869
3587 8868
3588 8867
3589 8866
3590 8919
3591 8918
3592 8917
3593 8916
3594 8915
3595 8914
3596 8913
3597 8912
3598 8911
3599 8910
3600 8909
3601 8908
3602 8907
3603 8906
3604 8905
3605 8904
3606 8903
3607 8902
3608 8901
3609 8900
3610 8949
3611 8948
3612 8947
3613 8946
3614 8945
3615 8944
3616 8943
3617 9150
3618 9149
3619 9148
3620 9147
3621 9146
3622 9145
3623 9144
3624 9143
3625 9142
3626 9141
3627 9140
3628 9139
3629 9138
3630 9137
3631 8375
3632 8374
3633 8373
3634 8372
3635 8371
3636 8370
3637 8369
3638 8422
3639 8421
3640 8420
3641 8419
3642 8418
3643 8417
3644 8416
3645 8415
3646 8414
3647 8413
3648 8412
3649 8411
3650 8410
3651 8409
3652 8408
3653 8407
3654 8406
3655 8405
3656 8404
3657 8403
3658 8452
3659 8451
3660 8450
3661 8449
3662 8448
3663 8447
3664 8446
3665 8611
3666 8610
3667 8609
3668 8608
3669 8607
3670 8606
3671 8605
3672 8604
3673 8603
3674 8602
3675 8601
3676 8600
3677 8599
3678 8598
3679 8145
3680 8144
3681 8143
3682 8142
3683 8141
3684 8140
3685 8139
3686 8192
3687 8191
3688 8190
3689 8189
3690 8188
3691 8187
3692 8186
3693 8185
3694 8184
3695 8183
3696 8182
3697 8181
3698 8180
3699 8179
3700 8178
3701 8177
3702 8176
3703 8175
3704 8174
3705 8173
3706 8222
3707 8221
3708 8220
3709 8219
3710 8218
3711 8217
3712 8216
3713 8011
3714 8010
3715 8009
3716 8008
3717 8007
3718 8006
3719 8005
3720 8004
3721 8003
3722 8002
3723 8001
3724 8000
3725 7999
3726 7998
3727 7997
3728 7996
3731 7953
3732 7952
3733 7951
3734 7950
3735 7949
3736 7948
3737 7947
3738 7946
3739 7945
3740 7944
3741 7943
3742 7942
3743 7941
3744 7940
3745 7939
3746 7938
3747 8236
3748 8235
3749 8234
3750 8233
3751 8232
3752 8231
3753 8230
3754 8229
3755 8228
3756 8227
3757 8226
3758 8225
3759 8224
3760 8223
3761 8172
3762 8171
3763 8170
3764 8169
3765 8168
3766 8167
3767 8166
3768 8165
3769 8164
3770 8163
3771 8162
3772 8161
3773 8160
3774 8159
3775 8158
3776 8157
3777 8156
3778 8155
3779 8154
3780 8153
3781 8152
3782 8151
3783 8150
3784 8149
3785 8148
3786 8147
3787 8146
3788 8597
3789 8596
3790 8595
3791 8594
3792 8593
3793 8592
3794 8591
3795 8466
3796 8465
3797 8464
3798 8463
3799 8462
3800 8461
3801 8460
3802 8459
3803 8458
3804 8457
3805 8456
3806 8455
3807 8454
3808 8453
3809 8402
3810 8401
3811 8400
3812 8399
3813 8398
3814 8397
3815 8396
3816 8395
3817 8394
3818 8393
3819 8392
3820 8391
3821 8390
3822 8389
3823 8388
3824 8387
3825 8386
3826 8385
3827 8384
3828 8383
3829 8382
3830 8381
3831 8380
3832 8379
3833 8378
3834 8377
3835 8376
3836 9136
3837 9135
3838 9134
3839 9133
3840 9132
3841 9131
3842 9130
3843 8963
3844 8962
3845 8961
3846 8960
3847 8959
3848 8958
3849 8957
3850 8956
3851 8955
3852 8954
3853 8953
3854 8952
3855 8951
3856 8950
3857 8899
3858 8898
3859 8897
3860 8896
3861 8895
3862 8894
3863 8893
3864 8892
3865 8891
3866 8890
3867 8889
3868 8888
3869 8887
3870 8886
3871 8885
3872 8884
3873 8883
3874 8882
3875 8881
3876 8880
3877 8879
3878 8878
3879 8877
3880 8876
3881 8875
3882 8874
3883 8873
3884 9527
3885 9526
3886 9525
3887 9524
3888 9523
3889 9522
3890 9521
3891 9401
3892 9400
3893 9399
3894 9398
3895 9397
3896 9396
3897 9395
3898 9394
3899 9393
3900 9392
3901 9391
3902 9390
3903 9389
3904 9388
3905 9387
3906 9386
3907 9385
3908 9384
3909 9383
3910 9382
3911 9381
3912 9380
3913 9379
3914 9378
3915 9377
3916 9376
3917 9375
3918 9374
3919 9373
3920 9323
3921 9322
3922 9321
3923 9320
3924 9319
3925 9318
3926 9317
3927 9316
3928 9315
3929 9314
3930 9313
3931 9312
3932 9311
3933 9310
3934 9838
3935 9837
3936 9836
3937 9835
3938 9834
3939 9833
3940 9832
3941 10004
3942 10003
3943 10002
3944 10001
3945 10000
3946 9999
3947 9998
3948 9997
3949 9996
3950 9995
3951 9994
3952 9993
3953 9992
3954 9991
3955 9990
3956 9989
3957 9988
3958 9987
3959 9986
3960 9985
3961 9984
3962 9983
3963 9982
3964 9981
3965 9980
3966 9979
3967 9978
3968 9977
3969 9976
3970 9732
3971 9731
3972 9730
3973 9729
3974 9728
3975 9727
3976 9726
3977 9725
3978 9724
3979 9723
3980 9722
3981 9721
3982 9720
3983 9719
3984 10430
3985 10429
3986 10428
3987 10427
3988 10426
3989 10425
3990 10424
3991 10493
3992 10492
3993 10491
3994 10490
3995 10489
3996 10488
3997 10487
3998 10486
3999 10485
4000 10484
4001 10483
4002 10482
4003 10481
4004 10480
4005 10479
4006 10478
4007 10477
4008 10476
4009 10475
4010 10474
4011 10473
4012 10472
4013 10471
4014 10470
4015 10469
4016 10468
4017 10467
4018 10466
4019 10465
4020 10324
4021 10323
4022 10322
4023 10321
4024 10320
4025 10319
4026 10318
4027 10317
4028 10316
4029 10315
4030 10314
4031 10313
4032 10312
4033 10311
4034 10675
4035 10674
4036 10673
4037 10672
4038 10671
4039 10670
4040 10669
4041 10810
4042 10809
4043 10808
4044 10807
4045 10806
4046 10805
4047 10804
4048 10803
4049 10802
4050 10801
4051 10800
4052 10799
4053 10798
4054 10797
4055 10710
4056 10709
4057 10708
4058 10707
4059 10706
4060 10705
4061 10704
4062 10703
4063 10843
4064 10842
4065 10841
4066 10840
4067 10839
4068 10838
4069 10837
4070 10204
4071 10203
4072 10202
4073 10201
4074 10200
4075 10199
4076 10198
4077 10197
4078 10196
4079 10195
4080 10194
4081 10193
4082 10192
4083 10191
4084 11034
4085 11033
4086 11032
4087 11031
4088 11030
4089 11029
4090 11028
4091 11081
4092 11080
4093 11079
4094 11078
4095 11077
4096 11076
4097 11075
4098 11074
4099 11073
4100 11072
4101 11071
4102 11070
4103 11069
4104 11068
4105 11067
4106 11066
4107 11065
4108 11064
4109 11063
4110 11062
4111 11061
4112 11060
4113 11606
4114 11605
4115 11604
4116 11603
4117 11602
4118 11601
4119 11600
4120 11599
4121 11598
4122 11597
4123 11596
4124 11595
4125 11594
4126 11593
4127 11592
4128 11591
4129 11590
4130 11589
4131 11588
4132 11587
4133 11586
4134 11585
4135 11584
4136 11583
4137 11582
4138 11581
4139 11580
4140 11579
4141 11195
4142 11194
4143 11193
4144 11192
4145 11191
4146 11190
4147 11189
4148 11188
4149 11187
4150 11186
4151 11226
4152 11225
4153 11224
4154 11223
4155 11222
4156 11221
4157 11220
4158 11219
4159 11218
4160 11217
4161 11216
4162 11215
4163 11707
4164 11706
4165 11705
4166 11704
4167 11703
4168 11702
4169 11701
4170 11329
4171 11328
4172 11327
4173 11326
4174 11325
4175 11324
4176 11323
4177 11322
4178 11321
4179 11320
4180 11319
4181 11318
4182 11317
4183 11316
4184 11909
4185 11908
4186 11907
4187 11906
4188 11905
4189 11904
4190 11903
4191 11952
4192 11951
4193 11950
4194 11949
4195 11948
4196 11947
4197 11946
4198 11945
4199 11944
4200 11943
4201 11942
4202 11941
4203 11940
4204 11939
4205 11938
4206 11937
4207 11936
4208 11935
4209 11934
4210 11933
4211 11986
4212 11985
4213 11984
4214 11983
4215 11982
4216 11981
4217 11980
4218 12021
4219 12020
4220 12019
4221 12018
4222 12017
4223 12016
4224 12015
4225 12014
4226 12013
4227 12012
4228 12011
4229 12010
4230 12009
4231 12008
4232 12075
4233 12074
4234 12073
4235 12072
4236 12071
4237 12070
4238 12069
4239 12068
4240 12067
4241 12066
4242 12065
4243 12064
4244 12113
4245 12112
4246 12111
4247 12110
4248 12109
4249 12108
4250 12107
4251 12106
4252 12105
4253 12104
4254 12103
4255 12102
4256 12101
4257 12100
4258 12099
4259 12678
4260 12677
4261 12676
4262 12675
4263 12674
4264 12673
4265 12672
4266 12545
4267 12544
4268 12543
4269 12542
4270 12541
4271 12540
4272 12539
4273 12538
4274 12537
4275 12536
4276 12535
4277 12534
4278 12533
4279 12532
4280 12329
4281 12328
4282 12327
4283 12326
4284 12325
4285 12324
4286 12323
4287 12322
4288 12321
4289 12320
4290 12369
4291 12368
4292 12367
4293 12366
4294 12365
4295 12364
4296 12363
4297 12362
4298 12361
4299 12360
4300 12359
4301 12358
4302 12357
4303 12356
4304 12355
4305 12354
4306 12353
4307 13070
4308 13069
4309 13068
4310 13067
4311 13066
4312 13065
4313 13064
4314 12945
4315 12944
4316 12943
4317 12942
4318 12941
4319 12940
4320 12939
4321 12938
4322 12937
4323 12936
4324 12935
4325 12934
4326 12933
4327 12932
4328 12931
4329 12930
4330 12929
4331 12928
4332 12927
4333 12926
4334 12925
4335 12924
4336 12923
4337 12922
4338 12921
4339 12920
4340 12919
4341 12918
4342 12917
4343 12916
4344 12915
4345 12914
4346 12913
4347 12912
4348 12911
4349 12910
4350 12909
4351 12908
4352 12907
4353 12906
4354 12905
4355 13560
4356 13559
4357 13558
4358 13557
4359 13556
4360 13555
4361 13554
4362 13403
4363 13402
4364 13401
4365 13400
4366 13399
4367 13398
4368 13397
4369 13396
4370 13395
4371 13394
4372 13393
4373 13392
4374 13391
4375 13390
4376 13389
4377 13388
4378 13387
4379 13386
4380 13385
4381 13384
4382 13181
4383 13180
4384 13179
4385 13178
4386 13177
4387 13176
4388 13175
4389 13364
4390 13363
4391 13362
4392 13361
4393 13360
4394 13359
4395 13358
4396 13357
4397 13356
4398 13355
4399 13354
4400 13353
4401 13352
4402 13351
4403 13906
4404 13905
4405 13904
4406 13903
4407 13902
4408 13901
4409 13900
4410 13815
4411 13814
4412 13813
4413 13812
4414 13811
4415 13810
4416 13809
4417 13808
4418 13807
4419 13806
4420 13805
4421 13804
4422 13803
4423 13802
4424 13801
4425 13800
4426 13799
4427 13798
4428 13797
4429 13796
4430 13795
4431 13794
4432 13793
4433 13696
4434 13695
4435 13694
4436 13693
4437 13692
4438 13691
4439 13690
4440 13689
4441 13688
4442 13687
4443 13686
4444 13685
4445 13684
4446 13683
4447 14158
4448 14157
4449 14156
4450 14155
4451 14154
4452 14153
4453 14152
4454 14067
4455 14066
4456 14065
4457 14064
4458 14063
4459 14062
4460 14061
4461 14060
4462 14059
4463 14058
4464 14057
4465 14056
4466 14055
4467 14054
4468 14196
4469 14195
4470 14194
4471 14193
4472 14192
4473 14191
4474 14190
4475 14189
4476 14188
4477 14309
4478 14308
4479 14307
4480 14306
4481 14305
4482 14304
4483 14303
4484 14302
4485 14301
4486 14300
4487 14299
4488 14298
4489 14297
4490 14296
4491 15082
4492 15081
4493 15080
4494 15079
4495 15078
4496 15077
4497 15076
4498 15170
4499 15169
4500 15168
4501 15167
4502 15166
4503 15165
4504 15164
4505 15163
4506 15162
4507 15161
4508 15160
4509 15159
4510 15158
4511 15157
4512 15156
4513 15155
4514 15154
4515 15153
4516 15152
4517 15151
4518 15150
4519 15149
4520 15148
4521 14968
4522 14967
4523 14966
4524 14965
4525 14964
4526 14963
4527 14962
4528 14961
4529 14960
4530 14959
4531 14958
4532 14957
4533 14956
4534 14955
4535 15366
4536 15365
4537 15364
4538 15363
4539 15362
4540 15361
4541 15360
4542 15418
4543 15417
4544 15416
4545 15415
4546 15414
4547 15413
4548 15412
4549 15411
4550 15410
4551 15409
4552 15408
4553 15407
4554 15406
4555 15405
4556 15404
4557 15403
4558 15402
4559 15401
4560 15400
4561 15399
4562 15398
4563 15397
4564 15396
4565 14796
4566 14795
4567 14794
4568 14793
4569 14792
4570 14791
4571 14790
4572 14789
4573 14788
4574 14787
4575 14786
4576 14785
4577 14784
4578 14783
4579 14722
4580 14721
4581 14720
4582 14719
4583 14718
4584 14717
4585 14716
4586 14715
4587 14714
4588 14713
4589 14712
4590 14711
4591 14710
4592 15741
4593 15740
4594 15739
4595 15738
4596 15737
4597 15736
4598 15735
4599 15734
4600 15733
4601 15732
4602 15731
4603 15730
4604 15729
4605 15602
4606 15601
4607 15600
4608 15599
4609 15598
4610 15597
4611 15596
4612 15595
4613 15594
4614 15593
4615 15592
4616 15591
4617 15590
4618 15589
4619 14562
4620 14561
4621 14560
4622 14559
4623 14558
4626 14627
4627 14626
4628 14625
4629 14624
4630 14623
4631 14622
4632 14621
4633 14620
4634 14619
4635 14618
4636 14617
4637 14616
4638 14615
4639 14614
4640 14613
4641 14612
4642 15609
4643 15608
4644 15607
4645 15606
4646 15605
4647 15604
4648 15603
4649 15728
4650 15727
4651 15726
4652 15725
4653 15724
4654 15723
4655 15722
4656 15721
4657 15720
4658 15719
4659 15718
4660 15717
4661 15716
4662 15715
4663 15714
4664 15713
4665 15712
4666 15711
4667 15710
4668 15709
4669 15708
4670 15707
4671 15706
4672 15705
4673 15704
4674 15703
4675 15702
4676 15701
4677 15700
4678 15699
4679 15698
4680 15697
4681 15696
4682 15695
4683 15694
4684 15693
4685 15692
4686 14803
4687 14802
4688 14801
4689 14800
4690 14799
4691 14798
4692 14797
4693 15395
4694 15394
4695 15393
4696 15392
4697 15391
4698 15390
4699 15389
4700 15388
4701 15387
4702 15386
4703 15385
4704 15384
4705 15383
4706 15382
4707 15429
4708 15428
4709 15427
4710 15426
4711 15425
4712 15424
4713 15423
4714 15422
4715 15421
4716 15420
4717 15419
4718 15359
4719 15358
4720 15357
4721 15356
4722 15355
4723 15354
4724 15353
4725 15352
4726 15351
4727 15350
4728 15349
4729 15348
4730 15347
4731 15346
4732 14975
4733 14974
4734 14973
4735 14972
4736 14971
4737 14970
4738 14969
4739 15147
4740 15146
4741 15145
4742 15144
4743 15143
4744 15142
4745 15141
4746 15140
4747 15139
4748 15138
4749 15137
4750 15136
4751 15183
4752 15182
4753 15181
4754 15180
4755 15179
4756 15178
4757 15177
4758 15176
4759 15175
4760 15174
4761 15173
4762 15172
4763 15171
4764 15075
4765 15074
4766 15073
4767 15072
4768 15071
4769 15070
4770 15069
4771 15068
4772 15067
4773 15066
4774 15065
4775 15064
4776 15063
4777 15062
4778 14316
4779 14315
4780 14314
4781 14313
4782 14312
4783 14311
4784 14310
4785 14187
4786 14186
4787 14185
4788 14184
4789 14183
4790 14182
4791 14181
4792 14180
4793 14179
4794 14178
4795 14395
4796 14394
4797 14393
4798 14392
4799 14391
4800 14390
4801 14389
4802 14388
4803 14074
4804 14073
4805 14072
4806 14071
4807 14070
4808 14069
4809 14068
4810 14151
4811 14150
4812 14149
4813 14148
4814 14147
4815 14146
4816 14145
4817 14144
4818 14143
4819 14142
4820 14141
4821 14140
4822 14139
4823 14138
4824 13703
4825 13702
4826 13701
4827 13700
4828 13699
4829 13698
4830 13697
4831 13792
4832 13791
4833 13790
4834 13789
4835 13788
4836 13787
4837 13786
4838 13785
4839 13784
4840 13783
4841 13782
4842 13781
4843 13780
4844 13779
4845 13778
4846 13777
4847 13776
4848 13775
4849 13822
4850 13821
4851 13820
4852 13819
4853 13818
4854 13817
4855 13816
4856 13899
4857 13898
4858 13897
4859 13896
4860 13895
4861 13894
4862 13893
4863 13892
4864 13891
4865 13890
4866 13889
4867 13888
4868 13887
4869 13886
4870 13371
4871 13370
4872 13369
4873 13368
4874 13367
4875 13366
4876 13365
4877 13174
4878 13173
4879 13172
4880 13171
4881 13170
4882 13169
4883 13168
4884 13167
4885 13166
4886 13165
4887 13164
4888 13163
4889 13162
4890 13161
4891 13160
4892 13159
4893 13158
4894 13157
4895 13156
4896 13155
4897 13410
4898 13409
4899 13408
4900 13407
4901 13406
4902 13405
4903 13404
4904 13553
4905 13552
4906 13551
4907 13550
4908 13549
4909 13548
4910 13547
4911 13546
4912 13545
4913 13544
4914 13543
4915 13542
4916 13541
4917 13540
4918 13539
4919 13538
4920 13537
4921 13536
4922 13535
4923 13534
4924 13533
4925 13532
4926 13531
4927 13530
4928 13529
4929 13528
4930 12779
4931 12778
4932 12777
4933 12776
4934 12775
4935 12774
4936 12773
4937 12772
4938 12771
4939 12770
4940 12769
4941 12768
4942 12767
4943 12766
4944 12765
4945 12952
4946 12951
4947 12950
4948 12949
4949 12948
4950 12947
4951 12946
4952 13063
4953 13062
4954 13061
4955 13060
4956 13059
4957 13058
4958 13057
4959 13056
4960 13055
4961 13054
4962 13053
4963 13052
4964 13051
4965 13050
4966 12411
4967 12410
4968 12409
4969 12408
4970 12407
4971 12406
4972 12405
4973 12404
4974 12403
4975 12402
4976 12401
4977 12400
4978 12399
4979 12398
4980 12397
4981 12396
4982 12395
4983 12394
4984 12393
4985 12392
4986 12391
4987 12390
4988 12389
4989 12388
4990 12387
4991 12386
4992 12385
4993 12552
4994 12551
4995 12550
4996 12549
4997 12548
4998 12547
4999 12546
5000 12671
5001 12670
5002 12669
5003 12668
5004 12667
5005 12666
5006 12665
5007 12664
5008 12663
5009 12662
5010 12661
5011 12660
5012 12659
5013 12658
5014 12657
5015 12656
5016 12655
5017 12654
5018 12653
5019 12652
5020 12651
5021 12650
5022 12649
5023 12648
5024 12647
5025 12646
5026 12645
5027 12644
5028 12643
5029 12642
5030 12641
5031 12640
5032 12639
5033 12638
5034 12637
5035 12636
5036 12635
5037 12634
5038 12633
5039 12632
5040 12631
5041 12028
5042 12027
5043 12026
5044 12025
5045 12024
5046 12023
5047 12022
5048 11979
5049 11978
5050 11977
5051 11976
5052 11975
5053 11974
5054 11973
5055 11972
5056 11971
5057 11970
5058 11969
5059 11968
5060 11967
5061 11966
5062 11965
5063 11964
5064 11963
5065 11962
5066 11961
5067 11960
5068 11959
5069 11958
5070 11957
5071 11956
5072 11955
5073 11954
5074 11953
5075 11902
5076 11901
5077 11900
5078 11899
5079 11898
5080 11897
5081 11896
5082 11895
5083 11894
5084 11893
5085 11892
5086 11891
5087 11890
5088 11889
5089 11336
5090 11335
5091 11334
5092 11333
5093 11332
5094 11331
5095 11330
5096 11700
5097 11699
5098 11698
5099 11697
5100 11696
5101 11695
5102 11694
5103 11693
5104 11692
5105 11691
5106 11690
5107 11689
5108 11688
5109 11687
5110 11686
5111 11685
5112 11684
5113 11683
5114 11204
5115 11203
5116 11202
5117 11201
5118 11200
5119 11199
5120 11198
5121 11197
5122 11196
5123 11578
5124 11577
5125 11576
5126 11575
5127 11574
5128 11573
5129 11572
5130 11571
5131 11570
5132 11569
5133 11568
5134 11567
5135 11566
5136 11565
5137 11115
5138 11114
5139 11113
5140 11112
5141 11111
5142 11110
5143 11109
5144 11108
5145 11107
5146 11106
5147 11105
5148 11104
5149 11103
5150 11102
5151 11101
5152 11100
5153 11099
5154 11098
5155 11097
5156 11096
5157 11095
5158 11094
5159 11093
5160 11092
5161 11091
5162 11090
5163 11089
5164 11088
5165 11087
5166 11086
5167 11085
5168 11084
5169 11083
5170 11082
5171 11027
5172 11026
5173 11025
5174 11024
5175 11023
5176 11022
5177 11021
5178 11020
5179 11019
5180 11018
5181 11017
5182 11016
5183 11015
5184 11014
5185 10211
5186 10210
5187 10209
5188 10208
5189 10207
5190 10206
5191 10205
5192 10836
5193 10835
5194 10834
5195 10833
5196 10832
5197 10831
5198 10830
5199 10829
5200 10828
5201 10827
5202 10826
5203 10825
5204 10824
5205 10823
5206 10822
5207 10821
5208 10820
5209 10819
5210 10818
5211 10817
5212 10816
5213 10815
5214 10814
5215 10813
5216 10812
5217 10811
5218 10668
5219 10667
5220 10666
5221 10665
5222 10664
5223 10663
5224 10662
5225 10661
5226 10660
5227 10659
5228 10658
5229 10657
5230 10656
5231 10655
5232 10331
5233 10330
5234 10329
5235 10328
5236 10327
5237 10326
5238 10325
5239 10464
5240 10463
5241 10462
5242 10461
5243 10460
5244 10459
5245 10458
5246 10457
5247 10456
5248 10455
5249 10454
5250 10453
5251 10507
5252 10506
5253 10505
5254 10504
5255 10503
5256 10502
5257 10501
5258 10500
5259 10499
5260 10498
5261 10497
5262 10496
5263 10495
5264 10494
5265 10423
5266 10422
5267 10421
5268 10420
5269 10419
5270 10418
5271 10417
5272 10416
5273 10415
5274 10414
5275 10413
5276 10412
5277 10411
5278 10410
5279 9739
5280 9738
5281 9737
5282 9736
5283 9735
5284 9734
5285 9733
5286 9975
5287 9974
5288 9973
5289 9972
5290 9971
5291 9970
5292 9969
5293 9968
5294 9967
5295 9966
5296 9965
5297 9964
5298 9963
5299 9962
5300 9961
5301 9960
5302 9959
5303 9958
5304 9957
5305 10011
5306 10010
5307 10009
5308 10008
5309 10007
5310 10006
5311 10005
5312 9831
5313 9830
5314 9829
5315 9828
5316 9827
5317 9826
5318 9825
5319 9824
5320 9823
5321 9822
5322 9821
5323 9820
5324 9819
5325 9818
5326 9330
5327 9329
5328 9328
5329 9327
5330 9326
5331 9325
5332 9324
5333 9372
5334 9371
5335 9370
5336 9369
5337 9368
5338 9367
5339 9366
5340 9365
5341 9364
5342 9363
5343 9362
5344 9361
5345 9360
5346 9359
5347 9358
5348 9357
5349 9356
5350 9355
5351 9354
5352 9408
5353 9407
5354 9406
5355 9405
5356 9404
5357 9403
5358 9402
5359 9520
5360 9519
5361 9518
5362 9517
5363 9516
5364 9515
5365 9514
5366 9513
5367 9512
5368 9511
5369 9510
5370 9509
5371 9508
5372 9507
5373 8751
5374 8750
5375 8749
5376 8748
5377 8747
5378 8746
5379 8745
5380 8744
5381 8743
5382 8742
5383 8741
5384 8740
5385 8739
5386 8738
5387 8737
5388 8736
5389 8735
5390 8734
5391 8733
5392 8732
5393 8731
5394 8730
5395 8729
5396 8970
5397 8969
5398 8968
5399 8967
5400 8966
5401 8965
5402 8964
5403 9129
5404 9128
5405 9127
5406 9126
5407 9125
5408 9124
5409 9123
5410 9122
5411 9121
5412 9120
5413 9119
5414 9118
5415 9117
5416 9116
5417 9061
5418 9060
5419 9059
5420 9058
5421 9057
5422 9056
5423 9055
5424 9054
5425 9053
5426 9052
5427 9051
5428 9050
5429 9049
5430 9048
5431 9047
5432 9046
5433 9045
5434 9044
5435 9043
5436 9042
5437 9041
5438 9040
5439 9039
5440 8473
5441 8472
5442 8471
5443 8470
5444 8469
5445 8468
5446 8467
5447 8590
5448 8589
5449 8588
5450 8587
5451 8586
5452 8585
5453 8584
5454 8583
5455 8582
5456 8581
5457 8580
5458 8579
5459 8578
5460 8577
5461 8576
5462 8575
5463 8574
5464 8573
5465 8572
5466 8571
5467 8570
5468 8569
5469 8568
5470 8567
5471 8566
5472 8565
5473 8564
5474 8563
5475 8562
5476 8561
5477 8560
5478 8559
5479 8558
5480 8557
5481 8556
5482 8555
5483 8554
5484 8243
5485 8242
5486 8241
5487 8240
5488 8239
5489 8238
5490 8237
5491 7937
5492 7936
5493 7935
5494 7934
5495 7933
5496 7932
5497 7931
5498 7930
5499 7929
5500 7928
5501 7927
5502 7926
5503 7925
5504 7924
5505 7923
5506 7922
5509 7995
5510 7994
5511 7993
5512 7992
5513 7991
5514 7969
5515 7968
5516 7967
5517 7966
5518 7965
5519 7964
5520 7963
5521 8250
5522 8249
5523 8248
5524 8247
5525 8246
5526 8245
5527 8244
5528 8553
5529 8552
5530 8551
5531 8550
5532 8549
5533 8548
5534 8547
5535 8313
5536 8312
5537 8311
5538 8310
5539 8309
5540 8308
5541 8307
5542 8306
5543 8347
5544 8346
5545 8345
5546 8344
5547 8343
5548 8342
5549 8341
5550 8340
5551 8339
5552 8338
5553 8337
5554 8336
5555 8335
5556 8117
5557 8116
5558 8115
5559 8114
5560 8113
5561 8112
5562 8111
5563 8480
5564 8479
5565 8478
5566 8477
5567 8476
5568 8475
5569 8474
5570 9038
5571 9037
5572 9036
5573 9035
5574 9034
5575 9033
5576 9032
5577 9031
5578 9030
5579 9029
5580 9028
5581 9027
5582 9026
5583 9069
5584 9068
5585 9067
5586 9066
5587 9065
5588 9064
5589 9063
5590 9062
5591 9115
5592 9114
5593 9113
5594 9112
5595 9111
5596 9110
5597 9109
5598 8675
5599 8674
5600 8673
5601 8672
5602 8671
5603 8670
5604 8669
5605 8977
5606 8976
5607 8975
5608 8974
5609 8973
5610 8972
5611 8971
5612 8728
5613 8727
5614 8726
5615 8725
5616 8724
5617 8723
5618 8722
5619 8721
5620 8720
5621 8719
5622 8718
5623 8761
5624 8760
5625 8759
5626 8758
5627 8757
5628 8756
5629 8755
5630 8754
5631 8753
5632 8752
5633 9506
5634 9505
5635 9504
5636 9503
5637 9502
5638 9501
5639 9500
5640 8844
5641 8843
5642 8842
5643 8841
5644 8840
5645 8839
5646 8838
5647 9415
5648 9414
5649 9413
5650 9412
5651 9411
5652 9410
5653 9409
5654 9353
5655 9352
5656 9351
5657 9350
5658 9349
5659 9348
5660 9347
5661 9346
5662 9345
5663 9344
5664 9343
5665 9342
5666 9341
5667 9340
5668 9339
5669 9338
5670 9337
5671 9336
5672 9335
5673 9334
5674 9333
5675 9332
5676 9331
5677 9817
5678 9816
5679 9815
5680 9814
5681 9813
5682 9812
5683 9811
5684 9281
5685 9280
5686 9279
5687 9278
5688 9277
5689 9276
5690 9275
5691 10018
5692 10017
5693 10016
5694 10015
5695 10014
5696 10013
5697 10012
5698 9956
5699 9955
5700 9954
5701 9953
5702 9952
5703 9951
5704 9950
5705 9949
5706 9669
5707 9668
5708 9667
5709 9666
5710 9665
5711 9664
5712 9663
5713 9662
5714 9746
5715 9745
5716 9744
5717 9743
5718 9742
5719 9741
5720 9740
5721 10409
5722 10408
5723 10407
5724 10406
5725 10405
5726 10404
5727 10403
5728 9690
5729 9689
5730 9688
5731 9687
5732 9686
5733 9685
5734 9684
5735 10111
5736 10110
5737 10109
5738 10108
5739 10107
5740 10106
5741 10105
5742 10104
5743 10103
5744 10102
5745 10101
5746 10100
5747 10099
5748 10141
5749 10140
5750 10139
5751 10138
5752 10137
5753 10136
5754 10135
5755 10134
5756 10133
5757 10132
5758 10338
5759 10337
5760 10336
5761 10335
5762 10334
5763 10333
5764 10332
5765 10654
5766 10653
5767 10652
5768 10651
5769 10650
5770 10649
5771 10648
5772 10282
5773 10281
5774 10280
5775 10279
5776 10278
5777 10277
5778 10276
5779 10721
5780 10720
5781 10719
5782 10718
5783 10717
5784 10716
5785 10715
5786 10714
5787 10713
5788 10712
5789 10711
5790 10753
5791 10752
5792 10751
5793 10750
5794 10749
5795 10748
5796 10747
5797 10746
5798 10745
5799 10744
5800 10743
5801 10742
5802 10218
5803 10217
5804 10216
5805 10215
5806 10214
5807 10213
5808 10212
5809 11013
5810 11012
5811 11011
5812 11010
5813 11009
5814 11008
5815 11007
5816 10162
5817 10161
5818 10160
5819 10159
5820 10158
5821 10157
5822 10156
5823 10908
5824 10907
5825 10906
5826 10905
5827 10904
5828 10903
5829 10902
5830 10901
5831 10900
5832 10981
5833 10980
5834 10979
5835 10978
5836 10977
5837 10976
5838 10975
5839 10974
5840 10973
5841 10972
5842 10971
5843 10970
5844 10969
5845 10968
5846 11122
5847 11121
5848 11120
5849 11119
5850 11118
5851 11117
5852 11116
5853 11564
5854 11563
5855 11562
5856 11561
5857 11560
5858 11559
5859 11558
5860 11501
5861 11500
5862 11499
5863 11498
5864 11497
5865 11496
5866 11495
5867 11494
5868 11493
5869 11492
5870 11491
5871 11490
5872 11489
5873 11488
5874 11487
5875 11486
5876 11485
5877 11484
5878 11483
5879 11482
5880 11481
5881 11480
5882 11479
5883 11409
5884 11408
5885 11407
5886 11406
5887 11405
5888 11404
5889 11403
5890 11343
5891 11342
5892 11341
5893 11340
5894 11339
5895 11338
5896 11337
5897 11888
5898 11887
5899 11886
5900 11885
5901 11884
5902 11883
5903 11882
5904 11238
5905 11237
5906 11236
5907 11235
5908 11234
5909 11233
5910 11232
5911 11231
5912 11230
5913 11229
5914 11228
5915 11227
5916 11268
5917 11267
5918 11266
5919 11265
5920 11264
5921 11263
5922 11262
5923 11261
5924 11260
5925 11259
5926 11258
5927 11807
5928 11806
5929 11805
5930 11804
5931 11803
5932 11802
5933 11801
5934 12035
5935 12034
5936 12033
5937 12032
5938 12031
5939 12030
5940 12029
5941 12630
5942 12629
5943 12628
5944 12627
5945 12626
5946 12625
5947 12624
5948 12123
5949 12122
5950 12121
5951 12120
5952 12119
5953 12118
5954 12117
5955 12116
5956 12115
5957 12114
5958 12155
5959 12154
5960 12153
5961 12152
5962 12151
5963 12150
5964 12149
5965 12148
5966 12147
5967 12146
5968 12145
5969 12144
5970 12143
5971 12281
5972 12280
5973 12279
5974 12278
5975 12277
5976 12276
5977 12275
5978 12559
5979 12558
5980 12557
5981 12556
5982 12555
5983 12554
5984 12553
5985 12384
5986 12383
5987 12382
5988 12381
5989 12380
5990 12379
5991 12378
5992 12377
5993 12376
5994 12375
5995 12374
5996 12373
5997 12372
5998 12371
5999 12370
6000 12419
6001 12418
6002 12417
6003 12416
6004 12415
6005 12414
6006 12413
6007 12412
6008 13049
6009 13048
6010 13047
6011 13046
6012 13045
6013 13044
6014 13043
6015 12484
6016 12483
6017 12482
6018 12481
6019 12480
6020 12479
6021 12478
6022 12959
6023 12958
6024 12957
6025 12956
6026 12955
6027 12954
6028 12953
6029 12764
6030 12763
6031 12762
6032 12761
6033 12760
6034 12759
6035 12758
6036 12757
6037 12756
6038 12755
6039 12754
6040 12753
6041 12752
6042 12811
6043 12810
6044 12809
6045 12808
6046 12807
6047 12806
6048 12805
6049 12804
6050 12803
6051 12802
6052 12801
6053 12800
6054 12799
6055 12798
6056 12797
6057 12796
6058 12795
6059 12876
6060 12875
6061 12874
6062 12873
6063 12872
6064 12871
6065 12870
6066 13417
6067 13416
6068 13415
6069 13414
6070 13413
6071 13412
6072 13411
6073 13154
6074 13153
6075 13152
6076 13151
6077 13150
6078 13149
6079 13148
6080 13147
6081 13146
6082 13145
6083 13144
6084 13383
6085 13382
6086 13381
6087 13380
6088 13379
6089 13378
6090 13377
6091 13376
6092 13375
6093 13374
6094 13373
6095 13372
6096 13885
6097 13884
6098 13883
6099 13882
6100 13881
6101 13880
6102 13879
6103 13322
6104 13321
6105 13320
6106 13319
6107 13318
6108 13317
6109 13316
6110 13829
6111 13828
6112 13827
6113 13826
6114 13825
6115 13824
6116 13823
6117 13774
6118 13773
6119 13772
6120 13771
6121 13770
6122 13769
6123 13768
6124 13767
6125 13766
6126 13765
6127 13764
6128 13763
6129 13762
6130 13761
6131 13760
6132 13759
6133 13710
6134 13709
6135 13708
6136 13707
6137 13706
6138 13705
6139 13704
6140 14137
6141 14136
6142 14135
6143 14134
6144 14133
6145 14132
6146 14131
6147 13654
6148 13653
6149 13652
6150 13651
6151 13650
6152 13649
6153 13648
6154 14081
6155 14080
6156 14079
6157 14078
6158 14077
6159 14076
6160 14075
6161 14387
6162 14386
6163 14385
6164 14384
6165 14383
6166 14382
6167 14381
6168 14380
6169 14379
6170 14378
6171 14377
6172 14376
6173 14375
6174 14374
6175 14373
6176 14372
6177 14323
6178 14322
6179 14321
6180 14320
6181 14319
6182 14318
6183 14317
6184 15061
6185 15060
6186 15059
6187 15058
6188 15057
6189 15056
6190 15055
6191 14267
6192 14266
6193 14265
6194 14264
6195 14263
6196 14262
6197 14261
6198 14485
6199 14484
6200 14483
6201 14482
6202 14481
6203 14480
6204 14479
6205 14478
6206 14477
6207 14476
6208 14475
6209 14474
6210 14521
6211 14520
6212 14519
6213 14518
6214 14517
6215 14516
6216 14515
6217 14514
6218 14513
6219 14512
6220 14511
6221 14982
6222 14981
6223 14980
6224 14979
6225 14978
6226 14977
6227 14976
6228 15345
6229 15344
6230 15343
6231 15342
6232 15341
6233 15340
6234 15339
6235 14926
6236 14925
6237 14924
6238 14923
6239 14922
6240 14921
6241 14920
6242 14919
6243 14918
6244 14917
6245 14916
6246 14915
6247 14914
6248 14913
6249 14912
6250 14911
6251 14910
6252 15293
6253 15292
6254 15291
6255 15290
6256 15289
6257 15288
6258 15287
6259 15286
6260 15285
6261 15284
6262 15283
6263 15282
6264 15281
6265 14810
6266 14809
6267 14808
6268 14807
6269 14806
6270 14805
6271 14804
6272 15691
6273 15690
6274 15689
6275 15688
6276 15687
6277 15686
6278 15685
6279 15510
6280 15509
6281 15508
6282 15507
6283 15506
6284 15505
6285 15504
6286 15749
6287 15748
6288 15747
6289 15746
6290 15745
6291 15744
6292 15743
6293 15742
6294 14709
6295 14708
6296 14707
6297 14706
6298 14705
6299 14704
6300 14703
6301 14702
6302 14701
6303 14700
6304 14699
6305 14698
6306 14697
6307 14696
6308 14695
6309 15616
6310 15615
6311 15614
6312 15613
6313 15612
6314 15611
6315 15610
6316 14611
6317 14610
6318 14609
6319 14608
6320 14607
6321 14606
6322 14605
6323 15560
6324 15559
6325 15558
6326 15557
6327 15556
6328 15555
6329 15554
6336 15553
6337 15552
6338 15551
6339 15550
6340 15549
6341 15548
6342 15547
6343 15546
6344 15545
6345 15544
6346 15543
6347 15542
6348 15541
6349 15540
6350 15623
6351 15622
6352 15621
6353 15620
6354 15619
6355 15618
6356 15617
6357 14694
6358 14693
6359 14692
6360 14691
6361 14690
6362 14689
6363 14688
6364 14687
6365 14686
6366 14685
6367 14684
6368 14683
6369 14682
6370 14681
6371 14680
6372 14679
6373 14678
6374 15759
6375 15758
6376 15757
6377 15756
6378 15755
6379 15754
6380 15753
6381 15752
6382 15751
6383 15750
6384 15503
6385 15502
6386 15501
6387 15500
6388 15499
6389 15498
6390 15497
6391 15496
6392 15495
6393 15494
6394 15493
6395 15492
6396 15491
6397 15490
6398 14817
6399 14816
6400 14815
6401 14814
6402 14813
6403 14812
6404 14811
6405 15280
6406 15279
6407 15278
6408 15277
6409 15276
6410 15275
6411 15274
6412 15273
6413 15272
6414 15271
6415 15270
6416 15269
6417 15268
6418 15267
6419 15266
6420 15265
6421 15264
6422 15263
6423 15262
6424 15261
6425 15260
6426 15259
6427 15258
6428 15257
6429 15256
6430 15255
6431 15254
6432 15253
6433 15252
6434 15251
6435 15250
6436 15249
6437 15248
6438 15247
6439 15246
6440 15245
6441 15244
6442 15243
6443 15242
6444 14989
6445 14988
6446 14987
6447 14986
6448 14985
6449 14984
6450 14983
6451 14510
6452 14509
6453 14508
6454 14507
6455 14506
6456 14505
6457 14504
6458 14503
6459 14502
6460 14501
6461 14500
6462 14499
6463 14498
6464 14497
6465 14496
6466 14495
6467 14494
6468 14493
6469 14492
6470 14491
6471 14490
6472 14489
6473 14488
6474 14487
6475 14486
6476 14260
6477 14259
6478 14258
6479 14257
6480 14256
6481 14255
6482 14254
6483 14253
6484 14252
6485 14251
6486 14250
6487 14249
6488 14248
6489 14247
6490 14330
6491 14329
6492 14328
6493 14327
6494 14326
6495 14325
6496 14324
6497 14371
6498 14370
6499 14369
6500 14368
6501 14367
6502 14366
6503 14365
6504 14364
6505 14363
6506 14362
6507 14361
6508 14360
6509 14359
6510 14358
6511 14357
6512 14356
6513 14355
6514 14354
6515 14088
6516 14087
6517 14086
6518 14085
6519 14084
6520 14083
6521 14082
6522 13647
6523 13646
6524 13645
6525 13644
6526 13643
6527 13642
6528 13641
6529 13640
6530 13639
6531 13638
6532 13637
6533 13636
6534 13635
6535 13634
6536 13717
6537 13716
6538 13715
6539 13714
6540 13713
6541 13712
6542 13711
6543 13758
6544 13757
6545 13756
6546 13755
6547 13754
6548 13753
6549 13752
6550 13751
6551 13750
6552 13749
6553 13748
6554 13747
6555 13746
6556 13745
6557 13744
6558 13743
6559 13742
6560 13741
6561 13836
6562 13835
6563 13834
6564 13833
6565 13832
6566 13831
6567 13830
6568 13315
6569 13314
6570 13313
6571 13312
6572 13311
6573 13310
6574 13309
6575 13308
6576 13307
6577 13306
6578 13305
6579 13304
6580 13303
6581 13302
6582 13290
6583 13289
6584 13288
6585 13287
6586 13286
6587 13285
6588 13284
6589 13283
6590 13282
6591 13281
6592 13280
6593 13279
6594 13278
6595 13277
6596 13276
6597 13275
6598 13274
6599 13273
6600 13272
6601 13271
6602 13270
6603 13269
6604 13268
6605 13424
6606 13423
6607 13422
6608 13421
6609 13420
6610 13419
6611 13418
6612 12869
6613 12868
6614 12867
6615 12866
6616 12865
6617 12864
6618 12863
6619 12862
6620 12861
6621 12860
6622 12859
6623 12858
6624 12857
6625 12856
6626 12846
6627 12845
6628 12844
6629 12843
6630 12842
6631 12841
6632 12840
6633 12839
6634 12838
6635 12837
6636 12836
6637 12835
6638 12834
6639 12833
6640 12832
6641 12831
6642 12830
6643 12829
6644 12828
6645 12827
6646 12826
6647 12825
6648 12824
6649 12966
6650 12965
6651 12964
6652 12963
6653 12962
6654 12961
6655 12960
6656 12477
6657 12476
6658 12475
6659 12474
6660 12473
6661 12472
6662 12471
6663 12470
6664 12469
6665 12468
6666 12467
6667 12466
6668 12465
6669 12464
6670 12456
6671 12455
6672 12454
6673 12453
6674 12452
6675 12451
6676 12450
6677 12449
6678 12448
6679 12447
6680 12446
6681 12445
6682 12444
6683 12443
6684 12442
6685 12441
6686 12440
6687 12439
6688 12438
6689 12437
6690 12436
6691 12435
6692 12434
6693 12566
6694 12565
6695 12564
6696 12563
6697 12562
6698 12561
6699 12560
6700 12274
6701 12273
6702 12272
6703 12271
6704 12270
6705 12269
6706 12268
6707 12267
6708 12266
6709 12265
6710 12264
6711 12263
6712 12262
6713 12261
6714 12260
6715 12259
6716 12258
6717 12257
6718 12256
6719 12255
6720 12254
6721 12253
6722 12252
6723 12251
6724 12250
6725 12249
6726 12248
6727 12247
6728 12246
6729 12245
6730 12244
6731 12243
6732 12242
6733 12241
6734 12240
6735 12239
6736 12238
6737 12042
6738 12041
6739 12040
6740 12039
6741 12038
6742 12037
6743 12036
6744 11800
6745 11799
6746 11798
6747 11797
6748 11796
6749 11795
6750 11794
6751 11793
6752 11792
6753 11791
6754 11790
6755 11789
6756 11788
6757 11787
6758 11786
6759 11785
6760 11784
6761 11783
6762 11782
6763 11781
6764 11780
6765 11779
6766 11778
6767 11777
6768 11776
6769 11775
6770 11774
6771 11773
6772 11772
6773 11771
6774 11770
6775 11769
6776 11768
6777 11767
6778 11766
6779 11765
6780 11764
6781 11350
6782 11349
6783 11348
6784 11347
6785 11346
6786 11345
6787 11344
6788 11402
6789 11401
6790 11400
6791 11399
6792 11398
6793 11397
6794 11396
6795 11395
6796 11394
6797 11393
6798 11392
6799 11391
6800 11390
6801 11389
6802 11388
6803 11682
6804 11681
6805 11680
6806 11679
6807 11678
6808 11677
6809 11676
6810 11675
6811 11674
6812 11673
6813 11672
6814 11671
6815 11670
6816 11669
6817 11668
6818 11667
6819 11666
6820 11665
6821 11664
6822 11663
6823 11129
6824 11128
6825 11127
6826 11126
6827 11125
6828 11124
6829 11123
6830 10967
6831 10966
6832 10965
6833 10964
6834 10963
6835 10962
6836 10961
6837 10960
6838 10959
6839 10958
6840 10957
6841 10956
6842 10955
6843 10916
6844 10915
6845 10914
6846 10913
6847 10912
6848 10911
6849 10910
6850 10909
6851 10155
6852 10154
6853 10153
6854 10152
6855 10151
6856 10150
6857 10149
6858 10148
6859 10147
6860 10146
6861 10145
6862 10144
6863 10143
6864 10142
6865 10225
6866 10224
6867 10223
6868 10222
6869 10221
6870 10220
6871 10219
6872 10741
6873 10740
6874 10739
6875 10738
6876 10737
6877 10736
6878 10735
6879 10734
6880 10733
6881 10732
6882 10731
6883 10730
6884 10729
6885 10728
6886 10727
6887 10726
6888 10725
6889 10724
6890 10723
6891 10722
6892 10275
6893 10274
6894 10273
6895 10272
6896 10271
6897 10270
6898 10269
6899 10268
6900 10267
6901 10266
6902 10265
6903 10264
6904 10263
6905 10262
6906 10345
6907 10344
6908 10343
6909 10342
6910 10341
6911 10340
6912 10339
6913 10131
6914 10130
6915 10129
6916 10128
6917 10127
6918 10126
6919 10125
6920 10124
6921 10123
6922 10122
6923 10121
6924 10120
6925 10119
6926 10118
6927 10117
6928 10116
6929 10115
6930 10114
6931 10113
6932 10112
6933 9683
6934 9682
6935 9681
6936 9680
6937 9679
6938 9678
6939 9677
6940 9676
6941 9675
6942 9674
6943 9673
6944 9672
6945 9671
6946 9670
6947 9753
6948 9752
6949 9751
6950 9750
6951 9749
6952 9748
6953 9747
6954 9661
6955 9660
6956 9659
6957 9658
6958 9657
6959 9656
6960 9655
6961 10031
6962 10030
6963 10029
6964 10028
6965 10027
6966 10026
6967 10025
6968 10024
6969 10023
6970 10022
6971 10021
6972 10020
6973 10019
6974 9274
6975 9273
6976 9272
6977 9271
6978 9270
6979 9269
6980 9268
6981 9267
6982 9266
6983 9265
6984 9264
6985 9263
6986 9262
6987 9261
6988 9442
6989 9441
6990 9440
6991 9439
6992 9438
6993 9437
6994 9436
6995 9435
6996 9434
6997 9433
6998 9432
6999 9431
7000 9430
7001 9429
7002 9428
7003 9427
7004 9426
7005 9425
7006 9424
7007 9423
7008 9422
7009 9421
7010 9420
7011 9419
7012 9418
7013 9417
7014 9416
7015 8837
7016 8836
7017 8835
7018 8834
7019 8833
7020 8832
7021 8831
7022 8830
7023 8829
7024 8828
7025 8827
7026 8826
7027 8825
7028 8824
7029 8823
7030 8822
7031 8821
7032 8820
7033 8819
7034 8818
7035 8817
7036 8816
7037 8815
7038 8814
7039 8813
7040 8812
7041 8811
7042 8810
7043 8809
7044 8808
7045 8807
7046 8984
7047 8983
7048 8982
7049 8981
7050 8980
7051 8979
7052 8978
7053 8668
7054 8667
7055 8666
7056 8665
7057 8664
7058 8663
7059 8662
7060 8661
7061 8660
7062 8659
7063 8658
7064 8657
7065 8656
7066 8655
7067 8654
7068 8653
7069 8652
7070 8651
7071 8650
7072 8649
7073 8695
7074 8694
7075 8693
7076 8692
7077 8691
7078 8690
7079 8689
7080 8688
7081 8687
7082 8686
7083 8685
7084 8487
7085 8486
7086 8485
7087 8484
7088 8483
7089 8482
7090 8481
7091 8110
7092 8109
7093 8108
7094 8107
7095 8106
7096 8105
7097 8104
7098 8103
7099 8102
7100 8101
7101 8100
7102 8099
7103 8098
7104 8097
7105 8096
7106 8095
7107 8094
7108 8093
7109 8092
7110 8091
7111 8090
7112 8089
7113 8088
7114 8087
7115 8086
7116 8085
7117 8084
7118 8083
7119 8082
7120 8081
7121 8080
7122 8257
7123 8256
7124 8255
7125 8254
7126 8253
7127 8252
7128 8251
7129 7962
7130 7961
7131 7960
7132 7959
7133 7958
7134 7957
7135 7956
7136 7955
7137 7954
7140 8273
7141 8272
7142 8271
7143 8270
7144 8269
7145 8268
7146 8267
7147 8266
7148 8265
7149 8264
7150 8263
7151 8262
7152 8261
7153 8260
7154 8259
7155 8258
7156 8079
7157 8078
7158 8077
7159 8076
7160 8075
7161 8074
7162 8073
7163 8072
7164 8071
7165 8070
7166 8069
7167 8068
7168 8067
7169 8066
7170 8065
7171 8064
7172 8063
7173 8062
7174 8061
7175 8060
7176 8501
7177 8500
7178 8499
7179 8498
7180 8497
7181 8496
7182 8495
7183 8494
7184 8493
7185 8492
7186 8491
7187 8490
7188 8489
7189 8488
7190 8684
7191 8683
7192 8682
7193 8681
7194 8680
7195 8679
7196 8678
7197 8677
7198 8676
7199 8717
7200 8716
7201 8715
7202 8714
7203 8713
7204 8712
7205 8711
7206 8710
7207 8709
7208 8708
7209 8707
7210 8998
7211 8997
7212 8996
7213 8995
7214 8994
7215 8993
7216 8992
7217 8991
7218 8990
7219 8989
7220 8988
7221 8987
7222 8986
7223 8985
7224 8806
7225 8805
7226 8804
7227 8803
7228 8802
7229 8801
7230 8800
7231 9211
7232 9210
7233 9209
7234 9208
7235 9207
7236 9206
7237 9205
7238 9204
7239 9203
7240 9202
7241 9201
7242 9200
7243 9199
7244 9471
7245 9470
7246 9469
7247 9468
7248 9467
7249 9466
7250 9465
7251 9464
7252 9463
7253 9462
7254 9461
7255 9460
7256 9459
7257 9458
7258 9457
7259 9456
7260 9455
7261 9454
7262 9453
7263 9452
7264 9451
7265 9450
7266 9449
7267 9448
7268 9447
7269 9446
7270 9445
7271 9444
7272 9443
7273 9633
7274 9632
7275 9631
7276 9630
7277 9629
7278 9628
7279 9627
7280 9782
7281 9781
7282 9780
7283 9779
7284 9778
7285 9777
7286 9776
7287 9775
7288 9774
7289 9773
7290 9772
7291 9771
7292 9770
7293 9769
7294 9768
7295 9767
7296 9766
7297 9765
7298 9764
7299 9763
7300 9762
7301 9761
7302 9760
7303 9759
7304 9758
7305 9757
7306 9756
7307 9755
7308 9754
7309 10055
7310 10054
7311 10053
7312 10052
7313 10051
7314 10050
7315 10049
7316 10374
7317 10373
7318 10372
7319 10371
7320 10370
7321 10369
7322 10368
7323 10367
7324 10366
7325 10365
7326 10364
7327 10363
7328 10362
7329 10361
7330 10360
7331 10359
7332 10358
7333 10357
7334 10356
7335 10355
7336 10354
7337 10353
7338 10352
7339 10351
7340 10350
7341 10349
7342 10348
7343 10347
7344 10346
7345 10261
7346 10260
7347 10259
7348 10258
7349 10257
7350 10256
7351 10255
7352 10254
7353 10253
7354 10252
7355 10251
7356 10250
7357 10249
7358 10248
7359 10247
7360 10246
7361 10245
7362 10244
7363 10243
7364 10242
7365 10241
7366 10240
7367 10239
7368 10238
7369 10237
7370 10236
7371 10235
7372 10234
7373 10233
7374 10232
7375 10231
7376 10230
7377 10229
7378 10228
7379 10227
7380 10226
7381 10899
7382 10898
7383 10897
7384 10896
7385 10895
7386 10894
7387 10893
7388 11158
7389 11157
7390 11156
7391 11155
7392 11154
7393 11153
7394 11152
7395 11151
7396 11150
7397 11149
7398 11148
7399 11147
7400 11146
7401 11145
7402 11144
7403 11143
7404 11142
7405 11141
7406 11140
7407 11139
7408 11138
7409 11137
7410 11136
7411 11135
7412 11134
7413 11133
7414 11132
7415 11131
7416 11130
7417 11662
7418 11661
7419 11660
7420 11659
7421 11658
7422 11657
7423 11656
7424 11379
7425 11378
7426 11377
7427 11376
7428 11375
7429 11374
7430 11373
7431 11372
7432 11371
7433 11370
7434 11369
7435 11368
7436 11367
7437 11366
7438 11365
7439 11364
7440 11363
7441 11362
7442 11361
7443 11360
7444 11359
7445 11358
7446 11357
7447 11356
7448 11355
7449 11354
7450 11353
7451 11352
7452 11351
7453 11763
7454 11762
7455 11761
7456 11760
7457 11759
7458 11758
7459 11757
7460 11818
7461 11817
7462 11816
7463 11815
7464 11814
7465 11813
7466 11812
7467 11811
7468 11810
7469 11809
7470 11808
7471 11845
7472 11844
7473 11843
7474 11842
7475 11841
7476 11840
7477 11839
7478 11838
7479 11837
7480 11836
7481 12056
7482 12055
7483 12054
7484 12053
7485 12052
7486 12051
7487 12050
7488 12049
7489 12048
7490 12047
7491 12046
7492 12045
7493 12044
7494 12043
7495 12237
7496 12236
7497 12235
7498 12234
7499 12233
7500 12232
7501 12231
7502 12290
7503 12289
7504 12288
7505 12287
7506 12286
7507 12285
7508 12284
7509 12283
7510 12282
7511 12319
7512 12318
7513 12317
7514 12316
7515 12315
7516 12314
7517 12313
7518 12312
7519 12311
7520 12310
7521 12309
7522 12308
7523 12580
7524 12579
7525 12578
7526 12577
7527 12576
7528 12575
7529 12574
7530 12573
7531 12572
7532 12571
7533 12570
7534 12569
7535 12568
7536 12567
7537 12433
7538 12432
7539 12431
7540 12430
7541 12429
7542 12428
7543 12427
7544 12426
7545 12425
7546 12424
7547 12423
7548 12422
7549 12421
7550 12420
7551 12463
7552 12462
7553 12461
7554 12460
7555 12459
7556 12458
7557 12457
7558 12751
7559 12750
7560 12749
7561 12748
7562 12747
7563 12746
7564 12745
7565 12980
7566 12979
7567 12978
7568 12977
7569 12976
7570 12975
7571 12974
7572 12973
7573 12972
7574 12971
7575 12970
7576 12969
7577 12968
7578 12967
7579 12823
7580 12822
7581 12821
7582 12820
7583 12819
7584 12818
7585 12817
7586 12816
7587 12815
7588 12814
7589 12813
7590 12812
7591 12855
7592 12854
7593 12853
7594 12852
7595 12851
7596 12850
7597 12849
7598 12848
7599 12847
7600 13143
7601 13142
7602 13141
7603 13140
7604 13139
7605 13138
7606 13137
7607 13438
7608 13437
7609 13436
7610 13435
7611 13434
7612 13433
7613 13432
7614 13431
7615 13430
7616 13429
7617 13428
7618 13427
7619 13426
7620 13425
7621 13267
7622 13266
7623 13265
7624 13264
7625 13263
7626 13262
7627 13261
7628 13260
7629 13259
7630 13258
7631 13301
7632 13300
7633 13299
7634 13298
7635 13297
7636 13296
7637 13295
7638 13294
7639 13293
7640 13292
7641 13291
7642 13633
7643 13632
7644 13631
7645 13630
7646 13629
7647 13628
7648 13627
7649 13850
7650 13849
7651 13848
7652 13847
7653 13846
7654 13845
7655 13844
7656 13843
7657 13842
7658 13841
7659 13840
7660 13839
7661 13838
7662 13837
7663 13740
7664 13739
7665 13738
7666 13737
7667 13736
7668 13735
7669 13734
7670 13733
7671 13732
7672 13731
7673 13730
7674 13729
7675 13728
7676 13727
7677 13726
7678 13725
7679 13724
7680 13723
7681 13722
7682 13721
7683 13720
7684 13719
7685 13718
7686 14053
7687 14052
7688 14051
7689 14050
7690 14049
7691 14048
7692 14047
7693 14102
7694 14101
7695 14100
7696 14099
7697 14098
7698 14097
7699 14096
7700 14095
7701 14094
7702 14093
7703 14092
7704 14091
7705 14090
7706 14089
7707 14353
7708 14352
7709 14351
7710 14350
7711 14349
7712 14348
7713 14347
7714 14346
7715 14345
7716 14344
7717 14343
7718 14342
7719 14341
7720 14340
7721 14339
7722 14338
7723 14337
7724 14336
7725 14335
7726 14334
7727 14333
7728 14332
7729 14331
7730 14473
7731 14472
7732 14471
7733 14470
7734 14469
7735 14468
7736 14467
7737 15026
7738 15025
7739 15024
7740 15023
7741 15022
7742 15021
7743 15020
7744 15019
7745 15018
7746 15017
7747 15016
7748 15015
7749 15014
7750 15013
7751 15012
7752 15011
7753 15010
7754 15009
7755 15008
7756 15007
7757 15006
7758 15005
7759 15004
7760 15003
7761 15002
7762 15001
7763 15000
7764 14999
7765 14998
7766 14997
7767 14996
7768 14995
7769 14994
7770 14993
7771 14992
7772 14991
7773 14990
7774 15241
7775 15240
7776 15239
7777 15238
7778 15237
7779 15236
7780 15235
7781 15310
7782 15309
7783 15308
7784 15307
7785 15306
7786 15305
7787 15304
7788 15303
7789 15302
7790 15301
7791 15300
7792 15299
7793 15298
7794 15297
7795 15296
7796 15295
7797 15294
7798 14837
7799 14836
7800 14835
7801 14834
7802 14833
7803 14832
7804 14831
7805 14830
7806 14829
7807 14828
7808 14827
7809 14826
7810 14825
7811 14824
7812 14823
7813 14822
7814 14821
7815 14820
7816 14819
7817 14818
7818 15489
7819 15488
7820 15487
7821 15486
7822 15485
7823 15484
7824 15483
7825 14663
7826 14662
7827 14661
7828 14660
7829 14659
7830 14658
7831 14657
7832 14656
7833 14655
7834 14654
7835 14653
7836 14652
7837 14651
7838 14650
7839 14649
7840 14648
7841 15539
7842 15538
7843 15537
7844 15536
7845 15535
7846 15534
7847 15533
7848 15532
7849 15531
7850 15637
7851 15636
7852 15635
7853 15634
7854 15633
7855 15632
7856 15631
7857 15630
7858 15629
7859 15628
7860 15627
7861 15626
7862 15625
7863 15624
7864 15819
7865 15818
7866 15817
7867 15816
7868 15815
7869 15814
7870 15813
7871 14576
7872 14575
7873 14574
7874 14573
7875 14572
7876 14571
7877 14570
7878 14569
7879 14568
7882 14647
7883 14646
7884 14645
7885 14644
7886 14643
7887 14583
7888 14582
7889 14581
7890 14580
7891 14579
7892 14578
7893 14577
7894 15812
7895 15811
7896 15810
7897 15809
7898 15808
7899 15807
7900 15806
7901 15805
7902 15804
7903 15803
7904 15802
7905 15801
7906 15800
7907 15799
7908 15644
7909 15643
7910 15642
7911 15641
7912 15640
7913 15639
7914 15638
7915 15530
7916 15529
7917 15528
7918 15527
7919 15526
7920 15525
7921 15524
