6406 7778
6405 7779
6404 7780
6403 7781
6402 7782
6401 7783
6400 7784
6399 7785
6398 7786
6397 7787
6396 7788
6395 7789
6394 7790
6393 7791
6392 7792
6390 6391
6389 12757
6388 12758
6387 12759
6386 12760
6385 12761
6384 12762
6383 12763
6382 12764
6381 12765
6380 12766
6379 12767
6378 12768
6377 12769
6376 12770
6375 12771
6374 12772
6373 12599
6372 12600
6371 12601
6370 12602
6369 12603
6368 12604
6367 12605
6366 12606
6365 12607
6364 12608
6363 12609
6362 12610
6361 12611
6360 12612
6359 12571
6358 12572
6356 6357
6355 12575
6354 12576
6353 12577
6352 12578
6351 12425
6350 12426
6349 12427
6348 12428
6347 12429
6346 12430
6345 12431
6344 12432
6343 12433
6342 12434
6341 12435
6339 6340
6338 12262
6337 12263
6336 12264
6335 12265
6334 12266
6333 12267
6332 12268
6331 12269
6330 12270
6329 12271
6328 12272
6327 12273
6326 12274
6325 12275
6324 12276
6323 12277
6322 12278
6321 12279
6320 12280
6319 12281
6318 12282
6317 12283
6315 6316
6314 12286
6313 12287
6312 12288
6311 12289
6310 12290
6309 12291
6308 12292
6307 12293
6306 12294
6305 12295
6304 12296
6303 12297
6302 12298
6301 12299
6300 12300
6299 12301
6297 6298
6296 12304
6295 12305
6294 12306
6293 12307
6292 12308
6291 12309
6290 12310
6289 8062
6288 8063
6287 8064
6286 8065
6285 8066
6284 8067
6283 8068
6282 8069
6281 8070
6280 8071
6279 8072
6278 8040
6277 8041
6276 8042
6275 8043
6274 8044
6273 8045
6272 8046
6271 8047
6269 6270
6268 8050
6267 11957
6266 11958
6265 11959
6264 11960
6263 11961
6262 11962
6261 11963
6260 11964
6259 11965
6258 11966
6257 11967
6256 11968
6255 11969
6253 6254
6252 11972
6251 11973
6250 11974
6249 11975
6248 11976
6247 11977
6246 11978
6245 11979
6244 11980
6243 7768
6242 7769
6241 7770
6240 7771
6239 7772
6238 7773
6237 7774
6236 7775
6235 7776
6234 7777
6233 7747
6232 7748
6231 7749
6230 7750
6229 7751
6228 7752
6227 7753
6225 6226
6224 7756
6223 11852
6222 11853
6221 11854
6220 11855
6219 11856
6218 11857
6217 11858
6216 11859
6215 11860
6214 11861
6213 11862
6212 11863
6210 6211
6209 11866
6208 11867
6207 11868
6206 11869
6205 11655
6204 11656
6203 11657
6202 11658
6201 11659
6200 11660
6199 11661
6198 11662
6197 11663
6196 11664
6195 11665
6194 11666
6193 11667
6192 11668
6191 11669
6190 11670
6189 11671
6188 11672
6187 11673
6186 11674
6184 6185
6183 11171
6182 11172
6181 11173
6180 11174
6179 11175
6178 11176
6177 11177
6176 11178
6175 11179
6174 11180
6173 11181
6172 11182
6171 11183
6170 11184
6168 6169
6167 11187
6166 11188
6165 11189
6164 11190
6163 11191
6162 11192
6161 11193
6160 11194
6159 11495
6158 11496
6157 11497
6156 11498
6155 11499
6153 6154
6152 11502
6151 11503
6150 11504
6149 11505
6148 11506
6147 11507
6146 11508
6145 11509
6144 11510
6143 11511
6142 11512
6141 11513
6139 6140
6138 11516
6137 11517
6136 11518
6135 11519
6134 11520
6133 11521
6132 11522
6131 11523
6130 11524
6129 11525
6128 11526
6127 11527
6125 6126
6124 11530
6123 11531
6122 11532
6121 11309
6120 11310
6119 11311
6118 11312
6117 11313
6116 11314
6115 11315
6114 11316
6113 11317
6112 11318
6111 11319
6110 11320
6109 11321
6108 11322
6107 7726
6105 6106
6104 7729
6103 7730
6102 7731
6101 7732
6100 7733
6099 7734
6098 7735
6097 11136
6096 11137
6095 11138
6094 11139
6092 6093
6091 11142
6090 11143
6089 11144
6088 10858
6087 10859
6086 10860
6085 10861
6084 10862
6083 10863
6082 10864
6080 6081
6079 10867
6078 10868
6077 10869
6076 10870
6075 10871
6074 10872
6073 10873
6072 10874
6071 10875
6070 10876
6069 10877
6068 10878
6067 10879
6066 10880
6065 10881
6064 10882
6063 10883
6062 10884
6061 10885
6059 6060
6058 10888
6057 10889
6056 10890
6055 10891
6054 10892
6053 10893
6052 10894
6051 10895
6050 10896
6049 10897
6047 6048
6046 10746
6045 10747
6044 10748
6043 10749
6042 10750
6041 10751
6040 10752
6039 10753
6038 10754
6036 6037
6035 10757
6034 10758
6033 10759
6032 10760
6031 10761
6030 10762
6029 10763
6028 10764
6027 10765
6026 8020
6025 8021
6024 8022
6023 8023
6021 6022
6020 8026
6019 8027
6018 8028
6017 8029
6016 8030
6015 8000
6014 8001
6013 8002
6012 8003
6010 6011
6009 8006
6008 8007
6007 8008
6006 8009
6005 8010
6004 10479
6003 10480
6002 10481
6000 6001
5999 10484
5998 10485
5997 10486
5996 10487
5995 10488
5994 10489
5993 10490
5991 5992
5990 10454
5989 10455
5988 10456
5987 10457
5986 10458
5985 10459
5984 10460
5983 10344
5982 10345
5980 5981
5979 10348
5978 10349
5977 10350
5976 10351
5975 10352
5974 10353
5973 10354
5971 5972
5970 10357
5969 10358
5968 10359
5967 10360
5966 10361
5965 10362
5964 10363
5962 5963
5961 10366
5960 10367
5959 10285
5958 10286
5957 10287
5956 10288
5955 10289
5953 5954
5952 10292
5951 10293
5950 10294
5949 10295
5948 10296
5947 10297
5945 5946
5944 10300
5943 10301
5942 7980
5941 7981
5940 7982
5939 7983
5938 7984
5937 7985
5936 7986
5935 7987
5934 7988
5933 7989
5931 5932
5930 10057
5929 10058
5928 10059
5927 10060
5926 10061
5925 10062
5923 5924
5922 10065
5921 10066
5920 10067
5919 10068
5918 10069
5917 7696
5915 5916
5914 7699
5913 7700
5912 7701
5911 7702
5910 7703
5909 7704
5907 5908
5906 7707
5905 7708
5904 7709
5903 7710
5902 7711
5901 7712
5899 5900
5898 7715
5897 7665
5896 7666
5895 7667
5894 7668
5893 7669
5892 7670
5891 7671
5890 7672
5889 7673
5888 7674
5887 7675
5885 5886
5884 7646
5883 7647
5882 7648
5881 7649
5880 7650
5879 7651
5877 5878
5876 9997
5875 9998
5874 9999
5873 10000
5872 10001
5871 10002
5869 5870
5868 9685
5867 9686
5866 9687
5865 9688
5864 9689
5863 9690
5861 5862
5860 9693
5859 9694
5858 9695
5857 9696
5856 9697
5854 5855
5853 9660
5852 9661
5851 9662
5850 9663
5849 9664
5848 9665
5847 9560
5845 5846
5844 9563
5843 9564
5842 9565
5841 9566
5840 9567
5839 9568
5837 5838
5836 9571
5835 9572
5834 9573
5833 9574
5832 9575
5830 5831
5829 9578
5828 9579
5827 9580
5826 9581
5825 9582
5823 5824
5822 7625
5821 7626
5820 7627
5819 7628
5818 7629
5817 7630
5815 5816
5814 7633
5813 9516
5812 9517
5811 9518
5810 9519
5808 5809
5807 9522
5806 9377
5805 9378
5804 9379
5803 9380
5802 9381
5801 9382
5800 9383
5798 5799
5797 9386
5796 9387
5795 9388
5794 9389
5793 9390
5792 7601
5790 5791
5789 7604
5788 7605
5787 7606
5786 7607
5785 7608
5783 5784
5782 7611
5781 9347
5780 9348
5779 9349
5778 9350
5776 5777
5775 9353
5774 9354
5773 9131
5772 9132
5771 9133
5770 9134
5768 5769
5767 9137
5766 9138
5765 9139
5764 9140
5763 9141
5761 5762
5760 9144
5759 9145
5758 9146
5757 9147
5756 9148
5755 9149
5754 9150
5753 9151
5751 5752
5750 7581
5749 7582
5748 7583
5747 7584
5746 7585
5744 5745
5743 7588
5742 7589
5741 7590
5740 7559
5739 7560
5737 5738
5736 7563
5735 7564
5734 7565
5733 7566
5732 7567
5730 5731
5729 7539
5728 7540
5727 7541
5726 7542
5725 7543
5723 5724
5722 7546
5721 7547
5720 7548
5719 9005
5718 9006
5717 9007
5715 5716
5714 9010
5713 9011
5712 9012
5711 9013
5710 9014
5709 9015
5708 9016
5707 9017
5706 9018
5704 5705
5703 9021
5702 9022
5701 8731
5700 8732
5699 8733
5697 5698
5696 8736
5695 8737
5694 8738
5693 8739
5692 8740
5690 5691
5689 8743
5688 8744
5687 8704
5686 8705
5685 8706
5683 5684
5682 8709
5681 8710
5680 8711
5679 8670
5678 8671
5676 5677
5675 8674
5674 8675
5673 8676
5672 8677
5671 8678
5669 5670
5668 8681
5667 8682
5666 8626
5665 8627
5664 8628
5663 8629
5662 8630
5661 8631
5660 8632
5658 5659
5657 8635
5656 8636
5655 8637
5654 8638
5653 8639
5651 5652
5650 8270
5649 8271
5648 8272
5647 8273
5646 8274
5644 5645
5643 8277
5642 8278
5641 8279
5640 8280
5639 8281
5637 5638
5636 8284
5635 8285
5634 8286
5633 8287
5632 8288
5630 5631
5629 8291
5628 8292
5627 8293
5626 8294
5625 8442
5623 5624
5622 8445
5621 8446
5620 8447
5619 8448
5618 8449
5617 7901
5616 7902
5615 7903
5613 5614
5612 7906
5611 7907
5610 7908
5609 7909
5607 5608
5606 7912
5605 7913
5604 7914
5603 7961
5601 5602
5600 7964
5599 7965
5598 7966
5597 7967
5595 5596
5594 8134
5593 8135
5592 8136
5591 8137
5589 5590
5588 8140
5587 8141
5586 8142
5585 8143
5583 5584
5582 8146
5581 8147
5580 8148
5579 8149
5578 8150
5576 5577
5575 8153
5574 8154
5573 8155
5572 8156
5571 8157
5570 8158
5569 8159
5568 8160
5566 5567
5565 8163
5564 8164
5563 8165
5562 8166
5561 7518
5560 7519
5559 7520
5557 5558
5556 7523
5555 7524
5554 7525
5553 7526
5552 7527
5551 6463
5550 6464
5548 5549
5547 6467
5546 6468
5545 6469
5544 6470
5543 7866
5542 7867
5541 7868
5540 7869
5539 7870
5537 5538
5536 7873
5535 7874
5534 7875
5533 7876
5532 7877
5531 7878
5530 7879
5529 7880
5528 7881
5525 6408
5524 6409
5523 6410
5522 6411
5521 6412
5520 6413
5519 6414
5518 6415
5517 6447
5515 5516
5514 6450
5513 6451
5512 6452
5511 6453
5510 6454
5509 6455
5508 6456
5507 6457
5505 5506
5504 6460
5503 6461
5502 6462
5501 7508
5500 7509
5499 7510
5498 7511
5497 7512
5495 5496
5494 7515
5493 7516
5492 7517
5491 8167
5490 8168
5489 8169
5488 8170
5486 5487
5485 8173
5484 8174
5483 8175
5482 8176
5481 8177
5480 8178
5479 8179
5478 8180
5476 5477
5475 6500
5474 6501
5473 6502
5472 6503
5471 6504
5469 5470
5468 6507
5467 6508
5466 6509
5465 7945
5463 5464
5462 7948
5461 7949
5460 7950
5459 7951
5457 5458
5456 7954
5455 7955
5454 7956
5453 7957
5451 5452
5450 7960
5449 7915
5448 7916
5447 7917
5445 5446
5444 7920
5443 7921
5442 8427
5441 8428
5440 8429
5438 5439
5437 8432
5436 8433
5435 8434
5434 8435
5433 8436
5432 8437
5431 8438
5429 5430
5428 8441
5427 8295
5426 8296
5425 8297
5423 5424
5422 8300
5421 8301
5420 8302
5419 8303
5418 8304
5416 5417
5415 8307
5414 8308
5413 8309
5412 6539
5411 6540
5409 5410
5408 6543
5407 6544
5406 6545
5405 6546
5403 5404
5402 8610
5401 8611
5400 8612
5399 8613
5398 8614
5396 5397
5395 8617
5394 8618
5393 8619
5392 8620
5391 8621
5390 8622
5389 8623
5388 8624
5387 8625
5386 8683
5385 8684
5383 5384
5382 8687
5381 8688
5380 8689
5379 8690
5378 8691
5376 5377
5375 8694
5374 8695
5373 8696
5372 8697
5370 5371
5369 8700
5368 8701
5367 8702
5366 8703
5365 8745
5363 5364
5362 8748
5361 8749
5360 8750
5359 8751
5358 8752
5356 5357
5355 8755
5354 8756
5353 8757
5352 8758
5350 5351
5349 8989
5348 8990
5347 8991
5346 8992
5345 8993
5344 8994
5343 8995
5342 8996
5341 8997
5340 8998
5339 8999
5337 5338
5336 9002
5335 9003
5334 9004
5333 7528
5332 7529
5330 5331
5329 7532
5328 7533
5327 7534
5326 7535
5324 5325
5323 7538
5322 7549
5321 7550
5320 7551
5319 7552
5317 5318
5316 7555
5315 7556
5314 7557
5313 7558
5312 7570
5310 5311
5309 7573
5308 7574
5307 7575
5306 7576
5304 5305
5303 7579
5302 7580
5301 9154
5300 9155
5299 9156
5298 9157
5297 9158
5296 9159
5295 9160
5294 9161
5293 9162
5291 5292
5290 9165
5289 9166
5288 9167
5287 9330
5286 9331
5284 5285
5283 9334
5282 9335
5281 9336
5280 9337
5278 5279
5277 9340
5276 9341
5275 9342
5274 9343
5273 9344
5271 5272
5270 7591
5269 7592
5268 7593
5267 7594
5266 7595
5264 5265
5263 7598
5262 7599
5261 7600
5260 9391
5258 5259
5257 9394
5256 9395
5255 9396
5254 9397
5253 9398
5252 9399
5251 9400
5250 9401
5249 9402
5248 9403
5247 9508
5245 5246
5244 9511
5243 9512
5242 9513
5241 9514
5240 9515
5238 5239
5237 7614
5236 7615
5235 7616
5234 7617
5232 5233
5231 7620
5230 7621
5229 7622
5228 9583
5227 9584
5225 5226
5224 9587
5223 9588
5222 9589
5221 9590
5220 9591
5218 5219
5217 9594
5216 9639
5215 9640
5214 9641
5212 5213
5211 9644
5210 9645
5209 9646
5208 9647
5207 9648
5206 9649
5205 9650
5204 9651
5203 9652
5202 9653
5201 9654
5199 5200
5198 9657
5197 9698
5196 9699
5195 9700
5194 9701
5192 5193
5191 9704
5190 9705
5189 9706
5188 9707
5186 5187
5185 9987
5184 9988
5183 9989
5182 9990
5181 9991
5179 5180
5178 9994
5177 9995
5176 9996
5175 7634
5174 7635
5172 5173
5171 7638
5170 7639
5169 7640
5168 7641
5166 5167
5165 7654
5164 7655
5163 7656
5162 7657
5161 7658
5160 7659
5159 7660
5158 7661
5157 7662
5156 7663
5155 7664
5153 5154
5152 7678
5151 7679
5150 7680
5149 7681
5148 7682
5146 5147
5145 7685
5144 7686
5143 7687
5142 7688
5140 5141
5139 7691
5138 7692
5137 7693
5136 7694
5135 7695
5133 5134
5132 10072
5131 10073
5130 10074
5129 10075
5128 10076
5126 5127
5125 10079
5124 10080
5123 10081
5122 10082
5121 10083
5119 5120
5118 10086
5117 10087
5116 10088
5115 10089
5114 10090
5113 10091
5112 10092
5111 10093
5110 10094
5109 10095
5107 5108
5106 10098
5105 10099
5104 10100
5103 10101
5102 10102
5100 5101
5099 10105
5098 10106
5097 10278
5096 10279
5095 10280
5093 5094
5092 10283
5091 10284
5090 10368
5089 10369
5087 5088
5086 10372
5085 10373
5084 10374
5083 10375
5082 10376
5080 5081
5079 10379
5078 10380
5077 10381
5076 10382
5075 10383
5073 5074
5072 10386
5071 10387
5070 10388
5069 10389
5068 10390
5067 10391
5066 10392
5065 10444
5064 10445
5063 10446
5061 5062
5060 10449
5059 10450
5058 10451
5057 10491
5056 10492
5054 5055
5053 10495
5052 10496
5051 10497
5050 10498
5049 10499
5047 5048
5046 10502
5045 6684
5044 6685
5043 6686
5042 6687
5040 5041
5039 6690
5038 6691
5037 6692
5036 6693
5035 6705
5033 5034
5032 6708
5031 6709
5030 6710
5029 6711
5028 6712
5026 5027
5025 6715
5024 6727
5023 6728
5022 6729
5021 6730
5020 6731
5019 6732
5018 6733
5017 6734
5015 5016
5014 10731
5013 10732
5012 10733
5011 10734
5010 10735
5008 5009
5007 10738
5006 10739
5005 10740
5004 10741
5003 10742
5001 5002
5000 10745
4999 10900
4998 10901
4997 10902
4996 10903
4995 10904
4993 4994
4992 10907
4991 10908
4990 10909
4989 10910
4988 10911
4986 4987
4985 10914
4984 11097
4983 11098
4982 11099
4981 11100
4979 4980
4978 11103
4977 11104
4976 11105
4975 11106
4974 11107
4973 11108
4972 11109
4971 11110
4969 4970
4968 11113
4967 11114
4966 11115
4965 11116
4964 11117
4962 4963
4961 11120
4960 11121
4959 11122
4958 11123
4957 11124
4956 11125
4954 4955
4953 11128
4952 11129
4951 11130
4950 11131
4949 11132
4947 4948
4946 11135
4945 7716
4944 7717
4943 7718
4942 7719
4940 4941
4939 7722
4938 7723
4937 7724
4936 7725
4935 11323
4934 11324
4932 4933
4931 11327
4930 11328
4929 11329
4928 11330
4927 11331
4926 11332
4925 11333
4923 4924
4922 11336
4921 11337
4920 11338
4919 11339
4918 11340
4917 11341
4915 4916
4914 11344
4913 11345
4912 11346
4911 11347
4910 11348
4908 4909
4907 11351
4906 11352
4905 11353
4904 11354
4903 11355
4902 11356
4900 4901
4899 11359
4898 11360
4897 6811
4896 6812
4895 6813
4893 4894
4892 6816
4891 6817
4890 6818
4889 6819
4888 6820
4886 4887
4885 11489
4884 11490
4883 11491
4882 11492
4881 11493
4880 11494
4879 11195
4877 4878
4876 11198
4875 11199
4874 11200
4873 11201
4872 11202
4871 11203
4869 4870
4868 11206
4867 11794
4866 11795
4865 11796
4864 11797
4862 4863
4861 11800
4860 11801
4859 11802
4858 11803
4857 11804
4856 11805
4854 4855
4853 11808
4852 11809
4851 11810
4850 11811
4849 11812
4847 4848
4846 11815
4845 11816
4844 11817
4843 11818
4842 11819
4841 11820
4839 4840
4838 11823
4837 11824
4836 11825
4835 11826
4834 11827
4833 11828
4831 4832
4830 11831
4829 11832
4828 11833
4827 11834
4826 11835
4825 11836
4823 4824
4822 11839
4821 11840
4820 11841
4819 11842
4818 11843
4816 4817
4815 11846
4814 11847
4813 11848
4812 11849
4811 11850
4810 11851
4808 4809
4807 7738
4806 7739
4805 7740
4804 7741
4803 7742
4801 4802
4800 7745
4799 7746
4798 7757
4797 7758
4796 7759
4794 4795
4793 7762
4792 7763
4791 7764
4790 7765
4789 7766
4788 7767
4787 11981
4786 11982
4784 4785
4783 11985
4782 11986
4781 11987
4780 11988
4779 11989
4777 4778
4776 11992
4775 11993
4774 11994
4773 11995
4772 11996
4771 11997
4769 4770
4768 12000
4767 12001
4766 12002
4765 12003
4764 12004
4762 4763
4761 12007
4760 12008
4759 12009
4758 12010
4757 12011
4756 12012
4754 4755
4753 12015
4752 12016
4751 12017
4750 6967
4749 6968
4747 4748
4746 6971
4745 6972
4744 6973
4743 6974
4742 6975
4741 6976
4740 6988
4738 4739
4737 6991
4736 6992
4735 6993
4734 6994
4733 6995
4731 4732
4730 6998
4729 7010
4728 7011
4727 7012
4726 7013
4725 7014
4723 4724
4722 7017
4721 7018
4720 7019
4719 7031
4718 7032
4717 7033
4715 4716
4714 7036
4713 7037
4712 7038
4711 7039
4710 12235
4708 4709
4707 12238
4706 12239
4705 12240
4704 12241
4703 12242
4702 12243
4701 12244
4700 12245
4699 12246
4698 12247
4697 12248
4696 12249
4694 4695
4693 12252
4692 12253
4691 12254
4690 12255
4689 12256
4687 4688
4686 12259
4685 12260
4684 12261
4683 12438
4682 12439
4680 4681
4679 12442
4678 12443
4677 12444
4676 12445
4675 12446
4673 4674
4672 12449
4671 12561
4670 12562
4669 12563
4668 12564
4666 4667
4665 12567
4664 12568
4663 12569
4662 12570
4661 12613
4660 12614
4658 4659
4657 12617
4656 12618
4655 12619
4654 12620
4653 12621
4652 12622
4651 12623
4650 12624
4649 12625
4648 12626
4646 4647
4645 12629
4644 12630
4643 12631
4642 12632
4641 12633
4640 12634
4639 12635
4638 12636
4637 12637
4635 4636
4634 12748
4633 12749
4632 12750
4631 12751
4630 12752
4629 12753
4628 12754
4627 7793
4626 7794
4625 7795
4624 7796
4622 4623
4621 7799
4620 7800
4619 7801
4618 7802
4617 7803
4616 7804
4615 7805
4614 7806
4613 7807
4612 7808
4609 7071
4608 7072
4606 4607
4605 7075
4604 7076
4603 7077
4602 7078
4601 7079
4600 7080
4598 4599
4597 7083
4596 7084
4595 7085
4594 12738
4593 12739
4592 12740
4590 4591
4589 12743
4588 12744
4587 12745
4586 12746
4585 12747
4584 12640
4582 4583
4581 12643
4580 12644
4579 12645
4578 12646
4577 12647
4575 4576
4574 12650
4573 12651
4572 12652
4571 12653
4570 12654
4568 4569
4567 12657
4566 12658
4565 12659
4564 12660
4563 12661
4562 12662
4560 4561
4559 12665
4558 12547
4557 12548
4555 4556
4554 12551
4553 12552
4552 12553
4550 4551
4549 12556
4548 12557
4547 12558
4545 4546
4544 12450
4543 12451
4542 12452
4540 4541
4539 12455
4538 12456
4536 4537
4535 12459
4534 12460
4533 12461
4531 4532
4530 12464
4529 12465
4528 12466
4526 4527
4525 12469
4524 12470
4522 4523
4521 7060
4520 7061
4519 7062
4517 4518
4516 7065
4515 7066
4514 7067
4513 7068
4512 7069
4511 7070
4509 4510
4508 12229
4507 12230
4506 12231
4504 4505
4503 12234
4502 7040
4501 7041
4499 4500
4498 7044
4497 7045
4496 7046
4494 4495
4493 7049
4492 7020
4491 7021
4489 4490
4488 7024
4487 7025
4486 7026
4484 4485
4483 7029
4482 7030
4481 6999
4479 4480
4478 7002
4477 7003
4476 7004
4475 7005
4473 4474
4472 7008
4471 7009
4470 6977
4468 4469
4467 6980
4466 6981
4465 6982
4464 6983
4463 6984
4461 4462
4460 6987
4459 12018
4458 12019
4456 4457
4455 12022
4454 12023
4453 12024
4452 12025
4450 4451
4449 12028
4448 12029
4447 12030
4445 4446
4444 12033
4443 12034
4442 12035
4440 4441
4439 12038
4438 12039
4437 6956
4435 4436
4434 6959
4433 6960
4432 6961
4430 4431
4429 6964
4428 6965
4427 6966
4426 6935
4424 4425
4423 6938
4422 6939
4421 6940
4419 4420
4418 6943
4417 6944
4416 6945
4415 6915
4414 6916
4412 4413
4411 6919
4410 6920
4409 6921
4407 4408
4406 6924
4405 6925
4404 6895
4403 6896
4401 4402
4400 6899
4399 6900
4398 6901
4396 4397
4395 6904
4394 6857
4393 6858
4391 4392
4390 6861
4389 6862
4388 6863
4386 4387
4385 6866
4384 6867
4383 6868
4381 4382
4380 6871
4379 6872
4378 6873
4377 6874
4375 4376
4374 6877
4373 6878
4372 6879
4370 4371
4369 6882
4368 6883
4367 6884
4366 6885
4365 11763
4363 4364
4362 11766
4361 11767
4360 11768
4358 4359
4357 11771
4356 11772
4355 11773
4354 11774
4352 4353
4351 11777
4350 11778
4349 11779
4347 4348
4346 11782
4345 11783
4344 11784
4342 4343
4341 11787
4340 11788
4339 11789
4337 4338
4336 11792
4335 11793
4334 11207
4332 4333
4331 11210
4330 11211
4329 11212
4328 11213
4326 4327
4325 11216
4324 11217
4323 11218
4321 4322
4320 11480
4319 11481
4318 11482
4317 11483
4316 11484
4314 4315
4313 6821
4312 6822
4311 6823
4309 4310
4308 6826
4307 6827
4306 6828
4304 4305
4303 6831
4302 11361
4301 11362
4300 11363
4298 4299
4297 11366
4296 11367
4295 11368
4293 4294
4292 11371
4291 11372
4290 11373
4288 4289
4287 11376
4286 11377
4285 11378
4283 4284
4282 11381
4281 11382
4280 11383
4278 4279
4277 11386
4276 11387
4275 11388
4274 11389
4272 4273
4271 11392
4270 6799
4269 6800
4268 6801
4266 4267
4265 6804
4264 6805
4263 6806
4262 6807
4260 4261
4259 6810
4258 6778
4257 6779
4255 4256
4254 6782
4253 6783
4252 6784
4250 4251
4249 6787
4248 6788
4247 11059
4245 4246
4244 11062
4243 11063
4242 11064
4241 11065
4239 4240
4238 11068
4237 11069
4236 11070
4234 4235
4233 11073
4232 11074
4231 11075
4229 4230
4228 11078
4227 11079
4226 11080
4225 11081
4223 4224
4222 11084
4221 11085
4220 11086
4219 11087
4217 4218
4216 11090
4215 11091
4214 11092
4212 4213
4211 11095
4210 11096
4209 10915
4207 4208
4206 10918
4205 10919
4204 10920
4203 10921
4201 4202
4200 10924
4199 10925
4198 10926
4196 4197
4195 6757
4194 6758
4193 6759
4191 4192
4190 6762
4189 6763
4188 6764
4187 6765
4185 4186
4184 10724
4183 10725
4182 10726
4180 4181
4179 10729
4178 10730
4177 6737
4176 6738
4174 4175
4173 6741
4172 6742
4171 6743
4170 6744
4169 6745
4168 6746
4167 6716
4165 4166
4164 6719
4163 6720
4162 6721
4160 4161
4159 6724
4158 6725
4157 6726
4156 6694
4154 4155
4153 6697
4152 6698
4151 6699
4149 4150
4148 6702
4147 6703
4146 6704
4145 10503
4143 4144
4142 10506
4141 10507
4140 10508
4138 4139
4137 10431
4136 10432
4135 10433
4134 10434
4132 4133
4131 10437
4130 10438
4129 10439
4127 4128
4126 10442
4125 10443
4124 10393
4123 10394
4122 10395
4121 10396
4119 4120
4118 10399
4117 10400
4116 10401
4115 10402
4113 4114
4112 10405
4111 6673
4110 6674
4109 6675
4107 4108
4106 6678
4105 6679
4104 6680
4102 4103
4101 6683
4100 10269
4099 10270
4098 10271
4096 4097
4095 10274
4094 10275
4093 10276
4092 10277
4090 4091
4089 10109
4088 10110
4087 10111
4085 4086
4084 10114
4083 10115
4082 10116
4081 10117
4079 4080
4078 10120
4077 10121
4076 10122
4075 10123
4074 10124
4072 4073
4071 10127
4070 10128
4069 10129
4068 10130
4066 4067
4065 10133
4064 10134
4063 10135
4062 10136
4060 4061
4059 10139
4058 10140
4057 10141
4055 4056
4054 10144
4053 10145
4052 10146
4051 10147
4049 4050
4048 6653
4047 6654
4046 6655
4045 6656
4043 4044
4042 6659
4041 6660
4040 6661
4039 6662
4037 4038
4036 6635
4035 6636
4034 6637
4033 6638
4031 4032
4030 6641
4029 6642
4028 6643
4027 6613
4026 6614
4025 6615
4024 6616
4023 6617
4022 6618
4020 4021
4019 6621
4018 6622
4017 6623
4016 9970
4014 4015
4013 9973
4012 9974
4011 9975
4010 9976
4008 4009
4007 9979
4006 9980
4005 9981
4004 9982
4002 4003
4001 9985
4000 9986
3999 9710
3998 9711
3996 3997
3995 9714
3994 9715
3993 9716
3992 9717
3990 3991
3989 9720
3988 9721
3987 9722
3986 9723
3984 3985
3983 9726
3982 9727
3981 9728
3980 9729
3979 9730
3978 9731
3977 9629
3976 9630
3974 3975
3973 9633
3972 9634
3971 9635
3970 9636
3968 3969
3967 9595
3966 9596
3965 9597
3964 9598
3962 3963
3961 9601
3960 9602
3959 9603
3958 9604
3956 3957
3955 9607
3954 9608
3953 9491
3952 9492
3951 9493
3949 3950
3948 9496
3947 9497
3946 9498
3945 9499
3943 3944
3942 9502
3941 9503
3940 9504
3939 9505
3937 3938
3936 9404
3935 9405
3934 9406
3933 9407
3932 9408
3931 9409
3930 9410
3928 3929
3927 9298
3926 9299
3925 9300
3924 9301
3922 3923
3921 9304
3920 9305
3919 9306
3918 9307
3917 9308
3915 3916
3914 9311
3913 9312
3912 9313
3911 9314
3909 3910
3908 9317
3907 9318
3906 9319
3905 9320
3903 3904
3902 9323
3901 9324
3900 9325
3899 9326
3897 3898
3896 9329
3895 9168
3894 9169
3893 9170
3892 9171
3890 3891
3889 9174
3888 9175
3887 9176
3886 9177
3885 9178
3884 9179
3883 9180
3881 3882
3880 9183
3879 6592
3878 6593
3877 6594
3875 3876
3874 6597
3873 6598
3872 6599
3871 6600
3870 6601
3868 3869
3867 8953
3866 8954
3865 8955
3864 8956
3862 3863
3861 8959
3860 8960
3859 8961
3858 8962
3856 3857
3855 8965
3854 8966
3853 8967
3852 8968
3850 3851
3849 8971
3848 8972
3847 8973
3846 8974
3845 8975
3843 3844
3842 8978
3841 8979
3840 8980
3839 8981
3838 8982
3837 8983
3835 3836
3834 8986
3833 8987
3832 8988
3831 8761
3829 3830
3828 8764
3827 8765
3826 8766
3825 8767
3824 8768
3822 3823
3821 8771
3820 8772
3819 8773
3818 8774
3816 3817
3815 8777
3814 8778
3813 8779
3812 8780
3810 3811
3809 8783
3808 8784
3807 8785
3806 6570
3805 6571
3803 3804
3802 6574
3801 6575
3800 6576
3799 6577
3797 3798
3796 6580
3795 6581
3794 6582
3793 8594
3792 8595
3791 8596
3790 8597
3788 3789
3787 8600
3786 8601
3785 8602
3784 8603
3782 3783
3781 8606
3780 8607
3779 8608
3778 8609
3777 6549
3775 3776
3774 6552
3773 6553
3772 6554
3771 6555
3769 3770
3768 6558
3767 8310
3766 8311
3765 8312
3764 8313
3762 3763
3761 8316
3760 8317
3759 8318
3758 8319
3756 3757
3755 8322
3754 6529
3753 6530
3752 6531
3751 6532
3749 3750
3748 6535
3747 6536
3746 6537
3745 6538
3744 8420
3743 8421
3741 3742
3740 8424
3739 8425
3738 8426
3737 7922
3735 3736
3734 7925
3733 7926
3732 7927
3731 7928
3729 3730
3728 7931
3727 7932
3726 7933
3725 7934
3724 7935
3722 3723
3721 7938
3720 7939
3719 7940
3718 7941
3716 3717
3715 7944
3714 6510
3713 6511
3712 6512
3710 3711
3709 6515
3708 6516
3707 6517
3706 6518
3705 6519
3703 3704
3702 8185
3701 8186
3700 8187
3699 8188
3698 8189
3697 8190
3696 8191
3695 8192
3693 3694
3692 7242
3691 7243
3690 7244
3689 7245
3688 7246
3687 7247
3686 7248
3684 3685
3683 7251
3682 7252
3681 7253
3680 7254
3679 7255
3678 7256
3677 7257
3676 7258
3674 3675
3673 7261
3672 7262
3671 7263
3670 6439
3669 6440
3668 6441
3667 6442
3666 6443
3664 3665
3663 6446
3662 6416
3661 6417
3660 6418
3659 6419
3658 6420
3657 6421
3656 6422
3655 6423
3652 6424
3651 6425
3650 6426
3649 6427
3648 6428
3647 6429
3646 6430
3645 6431
3644 6432
3643 6433
3642 6434
3641 6435
3640 6436
3639 6437
3638 6438
3637 7264
3636 7265
3635 7266
3634 7267
3633 7268
3632 7269
3631 7270
3630 7271
3629 7230
3628 7231
3627 7232
3626 7233
3625 7234
3624 7235
3623 7236
3622 7237
3621 7238
3620 7239
3619 7240
3618 7241
3617 8195
3616 8196
3615 8197
3614 8198
3613 8199
3612 8200
3611 8201
3610 8202
3609 8203
3608 8204
3607 8205
3606 8206
3605 8207
3604 8208
3603 8209
3602 8210
3601 8211
3600 8212
3599 8213
3598 8214
3597 8215
3596 8216
3595 8217
3594 8218
3593 8219
3592 8220
3591 8221
3590 8222
3589 8404
3588 8405
3587 8406
3586 8407
3585 8408
3584 8409
3583 8410
3582 8411
3581 8412
3580 8413
3579 8414
3578 8415
3577 8416
3576 8417
3575 8418
3574 8419
3573 6520
3572 6521
3571 6522
3570 6523
3569 6524
3568 6525
3567 6526
3566 6527
3565 6528
3564 8323
3563 8324
3562 8325
3561 8326
3560 8327
3559 8328
3558 8329
3557 8330
3556 8331
3555 8332
3554 8571
3553 8572
3552 8573
3551 8574
3550 8575
3549 8576
3548 8577
3547 8578
3546 8579
3545 8580
3544 8581
3543 8582
3542 8583
3541 8584
3540 8585
3539 8586
3538 8587
3537 8588
3536 8589
3535 8590
3534 8591
3533 8592
3532 8593
3531 6559
3530 6560
3529 6561
3528 6562
3527 6563
3526 6564
3525 6565
3524 6566
3523 6567
3522 6568
3521 6569
3520 8786
3519 8787
3518 8788
3517 8789
3516 8790
3515 8791
3514 8792
3513 8793
3512 8794
3511 8795
3510 8796
3509 8797
3508 8798
3507 8799
3506 8800
3505 8913
3504 8914
3503 8915
3502 8916
3501 8917
3500 8918
3499 8919
3498 8920
3497 8921
3496 8922
3495 8923
3494 8924
3493 8925
3492 8926
3491 8927
3490 8928
3489 8929
3488 8930
3487 8931
3486 8932
3485 8933
3484 8934
3483 8935
3482 8936
3481 8937
3480 8938
3479 8939
3478 8940
3477 8941
3476 8942
3475 8943
3474 8944
3473 8945
3472 8946
3471 8947
3470 8948
3469 8949
3468 8950
3467 6583
3466 6584
3465 6585
3464 6586
3463 6587
3462 6588
3461 6589
3460 6590
3459 6591
3458 9184
3457 9185
3456 9186
3455 9187
3454 9188
3453 9189
3452 9190
3451 9191
3450 9192
3449 9193
3448 9194
3447 9195
3446 9196
3445 9197
3444 9198
3443 9199
3442 9200
3441 9201
3440 9202
3439 9203
3438 9204
3437 9205
3436 9206
3435 9207
3434 9208
3433 9209
3432 9210
3431 9281
3430 9282
3429 9283
3428 9284
3427 9285
3426 9286
3425 9287
3424 9288
3423 9289
3422 9290
3421 9291
3420 9292
3419 9293
3418 9294
3417 9295
3416 9411
3415 9412
3414 9413
3413 9414
3412 9415
3411 9416
3410 9417
3409 9418
3408 9419
3407 9479
3406 9480
3405 9481
3404 9482
3403 9483
3402 9484
3401 9485
3400 9486
3399 9487
3398 9488
3397 9489
3396 9490
3395 9609
3394 9610
3393 9611
3392 9612
3391 9613
3390 9614
3389 9615
3388 9616
3387 9617
3386 9618
3385 9619
3384 9620
3383 9621
3382 9622
3381 9623
3380 9624
3379 9625
3378 9626
3377 9627
3376 9628
3375 9732
3374 9733
3373 9734
3372 9735
3371 9736
3370 9737
3369 9738
3368 9739
3367 9740
3366 9741
3365 9742
3364 9743
3363 9744
3362 9745
3361 9746
3360 9747
3359 9748
3358 9749
3357 9955
3356 9956
3355 9957
3354 9958
3353 9959
3352 9960
3351 9961
3350 9962
3349 9963
3348 9964
3347 9965
3346 9966
3345 9967
3344 9968
3343 9969
3342 6602
3341 6603
3340 6604
3339 6605
3338 6606
3337 6607
3336 6608
3334 3335
3333 6611
3332 6612
3331 6624
3330 6625
3329 6626
3328 6627
3327 6628
3326 6629
3325 6630
3324 6631
3323 6632
3322 6644
3321 6645
3320 6646
3319 6647
3318 6648
3317 6649
3316 6650
3315 6651
3314 6652
3313 10150
3312 10151
3311 10152
3310 10153
3309 10154
3308 10155
3307 10156
3306 10157
3305 10158
3304 10159
3303 10160
3302 10161
3300 3301
3299 10164
3298 10165
3297 10166
3296 10167
3295 10168
3294 7100
3293 7101
3292 7102
3291 7103
3290 7104
3289 7105
3288 7106
3287 7107
3286 7108
3285 7109
3284 10254
3283 10255
3282 10256
3281 10257
3280 10258
3279 10259
3278 10260
3277 10261
3276 10262
3275 10263
3274 10264
3273 10265
3272 10266
3271 10267
3270 10268
3269 6663
3268 6664
3266 3267
3265 6667
3264 6668
3263 6669
3262 6670
3261 6671
3260 6672
3259 10406
3258 10407
3257 10408
3256 10409
3255 10410
3254 10411
3253 10412
3252 10413
3251 10414
3250 10415
3249 10416
3248 10417
3247 10418
3246 10419
3245 10420
3244 10421
3243 10422
3242 10423
3241 10424
3240 10425
3239 10426
3238 10427
3237 10428
3236 10509
3235 10510
3234 10511
3233 10512
3231 3232
3230 10515
3229 10516
3228 10517
3227 10518
3226 10519
3225 10520
3224 10521
3223 10522
3222 10523
3221 7120
3220 7121
3219 7122
3218 7123
3217 7124
3216 7125
3215 7126
3213 3214
3212 7129
3211 7130
3210 7131
3209 10711
3208 10712
3207 10713
3206 10714
3205 10715
3204 10716
3203 10717
3202 10718
3201 10719
3200 10720
3199 10721
3198 10722
3197 10723
3196 6747
3195 6748
3193 3194
3192 6751
3191 6752
3190 6753
3189 6754
3188 6755
3187 6756
3186 10929
3185 10930
3184 10931
3183 10932
3182 10933
3181 10934
3180 10935
3179 10936
3177 3178
3176 10939
3175 10940
3174 10941
3173 10942
3172 10943
3171 10944
3170 10945
3169 10946
3168 10947
3167 10948
3166 10949
3165 10950
3164 10951
3163 10952
3162 10953
3161 10954
3160 10955
3159 10956
3158 11043
3157 11044
3156 11045
3155 11046
3154 11047
3152 3153
3151 11050
3150 11051
3149 11052
3148 11053
3147 11054
3146 11055
3145 11056
3144 11057
3143 11058
3142 6768
3141 6769
3140 6770
3139 6771
3137 3138
3136 6774
3135 6775
3134 6776
3133 6777
3132 6789
3131 6790
3130 6791
3129 6792
3128 6793
3127 6794
3126 6795
3125 6796
3124 6797
3123 6798
3122 11393
3121 11394
3120 11395
3119 11396
3118 11397
3117 11398
3116 11399
3115 11440
3114 11441
3112 3113
3111 11444
3110 11445
3109 11446
3108 11447
3107 11448
3106 11449
3105 11450
3104 11451
3103 11452
3102 11453
3101 11454
3100 11455
3098 3099
3097 11458
3096 11459
3095 11460
3094 11461
3093 11462
3092 11463
3091 11464
3090 11465
3089 11466
3088 11467
3087 11468
3085 3086
3084 11471
3083 11472
3082 11473
3081 11474
3080 11475
3079 11476
3078 11477
3077 11219
3076 11220
3075 11221
3074 11222
3073 11223
3072 11224
3071 11225
3069 3070
3068 11228
3067 11229
3066 11230
3065 11231
3064 7142
3063 7143
3062 7144
3061 7145
3060 7146
3059 7147
3058 7148
3056 3057
3055 7151
3054 7152
3053 11749
3052 11750
3051 11751
3050 11752
3049 11753
3048 11754
3047 11755
3046 11756
3045 11757
3043 3044
3042 11760
3041 11761
3040 11762
3039 6832
3038 6833
3037 6834
3036 6835
3035 6836
3034 6837
3033 6838
3032 6839
3031 6840
3030 6841
3029 6842
3028 6843
3026 3027
3025 6846
3024 6847
3023 6848
3022 6849
3021 6850
3020 6851
3019 6852
3018 6853
3017 6854
3016 6855
3015 6856
3013 3014
3012 6888
3011 6889
3010 6890
3009 6891
3008 6892
3007 6893
3006 6894
3005 6905
3004 6906
3003 6907
3002 6908
3001 6909
2999 3000
2998 6912
2997 6913
2996 6914
2995 6926
2994 6927
2993 6928
2992 6929
2991 6930
2990 6931
2989 6932
2988 6933
2987 6934
2986 6946
2985 6947
2983 2984
2982 6950
2981 6951
2980 6952
2979 6953
2978 6954
2977 6955
2976 12040
2975 12041
2974 12042
2973 12043
2972 12044
2970 2971
2969 7163
2968 7164
2967 7165
2966 7166
2965 7167
2964 7168
2963 7169
2962 7170
2961 7171
2960 7172
2958 2959
2957 12182
2956 12183
2955 12184
2954 12185
2953 12186
2952 12187
2951 12188
2950 12189
2949 12190
2948 12191
2947 12192
2946 12193
2945 12194
2944 12195
2943 12196
2941 2942
2940 12199
2939 12200
2938 12201
2937 12202
2936 12203
2935 12204
2934 12205
2933 12206
2932 12207
2931 12208
2930 12209
2928 2929
2927 12212
2926 12213
2925 12214
2924 12215
2923 12216
2922 12217
2921 12218
2920 12219
2919 12220
2917 2918
2916 12223
2915 12224
2914 12225
2913 12226
2912 7050
2911 7051
2910 7052
2909 7053
2908 7054
2907 7055
2906 7056
2905 7057
2904 7058
2903 7059
2902 12473
2901 12474
2899 2900
2898 12477
2897 12478
2896 12479
2895 12480
2894 12481
2893 12482
2892 12483
2891 12484
2889 2890
2888 12487
2887 12488
2886 12489
2885 12532
2884 12533
2883 12534
2882 12535
2881 12536
2880 12537
2878 2879
2877 12540
2876 12541
2875 12542
2874 12543
2873 12544
2872 12545
2871 12546
2870 12666
2869 12667
2868 12668
2867 12669
2866 12670
2865 12671
2864 12672
2863 12713
2862 12714
2861 12715
2860 12716
2859 12717
2858 12718
2857 12719
2856 12720
2855 12721
2854 12722
2852 2853
2851 12725
2850 12726
2849 12727
2848 12728
2847 12729
2846 12730
2845 12731
2844 12732
2843 12733
2842 12734
2841 12735
2840 12736
2839 12737
2838 7086
2837 7087
2836 7088
2835 7089
2834 7090
2832 2833
2831 7093
2830 7094
2829 7095
2828 7096
2827 7097
2826 7098
2825 7099
2822 7453
2821 7454
2820 7455
2819 7456
2818 7457
2817 7458
2816 7459
2815 7460
2814 7461
2813 7462
2812 7463
2811 7464
2810 7465
2809 7466
2808 7467
2807 7468
2806 7469
2805 7470
2804 7471
2803 7472
2802 7473
2801 7474
2800 7475
2799 7476
2798 7477
2797 7478
2796 7479
2795 7480
2794 12705
2793 12706
2792 12707
2791 12708
2790 12709
2789 12710
2788 12711
2787 12712
2786 12673
2785 12674
2784 12675
2783 12676
2782 12677
2781 12678
2780 12679
2779 12680
2778 12681
2777 12682
2776 12683
2775 12684
2774 12685
2773 12525
2772 12526
2771 12527
2770 12528
2769 12529
2768 12530
2767 12531
2766 12490
2765 12491
2764 12492
2763 12493
2762 12494
2761 12495
2760 12496
2759 12497
2758 12498
2757 12499
2756 12500
2755 12501
2754 12502
2753 12503
2752 12504
2751 7442
2750 7443
2749 7444
2748 7445
2747 7446
2746 7447
2745 7448
2744 7449
2743 7450
2742 7451
2741 7452
2740 12144
2739 12145
2738 12146
2737 12147
2736 12148
2735 12149
2734 12150
2733 12151
2732 12152
2731 12153
2730 12154
2729 12155
2728 12156
2727 12157
2726 12158
2725 12159
2724 12160
2723 12161
2722 12162
2721 12163
2720 12164
2719 12165
2718 12166
2717 12167
2716 12168
2715 12169
2714 12170
2713 12171
2712 12172
2711 12173
2710 12174
2709 12175
2708 12176
2707 12177
2706 12178
2705 12179
2704 12180
2703 12181
2702 7175
2701 7176
2700 7177
2699 7178
2698 7179
2697 7180
2696 7181
2695 7182
2694 7183
2693 7184
2692 12047
2691 12048
2690 12049
2689 12050
2688 12051
2687 12052
2686 12053
2685 12054
2684 12055
2683 12056
2682 12057
2681 12058
2680 12059
2679 12060
2678 7422
2677 7423
2676 7424
2675 7425
2674 7426
2673 7427
2672 7428
2671 7429
2670 7430
2669 7431
2668 7401
2667 7402
2666 7403
2665 7404
2664 7405
2663 7406
2662 7407
2661 7408
2660 7409
2659 7410
2658 7411
2657 7412
2656 7380
2655 7381
2654 7382
2653 7383
2652 7384
2651 7385
2650 7386
2649 7387
2648 7388
2647 7389
2646 7390
2645 11722
2644 11723
2643 11724
2642 11725
2641 11726
2640 11727
2639 11728
2638 11729
2637 11730
2636 11731
2635 11732
2634 11733
2633 11734
2632 11735
2631 11736
2630 11737
2629 11738
2628 11739
2627 11740
2626 11741
2625 11742
2624 11743
2623 11744
2622 11745
2621 11746
2620 11747
2619 11748
2618 7153
2617 7154
2616 7155
2615 7156
2614 7157
2613 7158
2612 7159
2611 7160
2610 7161
2609 7162
2608 11232
2607 11233
2606 11234
2605 11235
2604 11236
2603 11237
2602 11238
2601 11239
2600 11240
2599 11241
2598 11242
2597 11243
2596 11244
2595 11245
2594 11246
2593 11247
2592 11248
2591 11249
2590 11250
2589 11251
2588 11252
2587 11253
2586 11254
2585 7358
2584 7359
2583 7360
2582 7361
2581 7362
2580 7363
2579 7364
2578 7365
2577 7366
2576 7367
2575 7368
2574 7369
2573 11432
2572 11433
2571 11434
2570 11435
2569 11436
2568 11437
2567 11438
2566 11439
2565 11400
2564 11401
2563 11402
2562 11403
2561 11404
2560 11405
2559 11406
2558 11407
2557 11408
2556 11409
2555 11410
2554 11411
2553 11412
2552 11018
2551 11019
2550 11020
2549 11021
2548 11022
2547 11023
2546 11024
2545 11025
2544 11026
2543 11027
2542 11028
2541 11029
2540 11030
2539 11031
2538 11032
2537 11033
2536 11034
2535 11035
2534 11036
2533 11037
2532 11038
2531 11039
2530 11040
2529 11041
2528 11042
2527 10957
2526 10958
2525 10959
2524 10960
2523 10961
2522 10962
2521 10963
2520 10964
2519 10673
2518 10674
2517 10675
2516 10676
2515 10677
2514 10678
2513 10679
2512 10680
2511 10681
2510 10682
2509 10683
2508 10684
2507 10685
2506 10686
2505 10687
2504 10688
2503 10689
2502 10690
2501 10691
2500 10692
2499 10693
2498 10694
2497 10695
2496 10696
2495 10697
2494 10698
2493 10699
2492 10700
2491 10701
2490 10702
2489 10703
2488 10704
2487 10705
2486 10706
2485 10707
2484 10708
2483 10709
2482 10710
2481 7132
2480 7133
2479 7134
2478 7135
2477 7136
2476 7137
2475 7138
2474 7139
2473 7140
2472 7141
2471 10524
2470 10525
2469 10526
2468 10527
2467 10528
2466 10529
2465 10530
2464 10531
2463 10532
2462 10533
2461 10534
2460 10535
2459 10536
2458 10537
2457 10538
2456 10539
2455 10540
2454 10541
2453 10542
2452 10543
2451 10544
2450 10545
2449 10546
2448 10547
2447 10548
2446 10549
2445 10550
2444 10551
2443 10552
2442 10553
2441 10554
2440 10555
2439 10556
2438 10557
2437 10558
2436 10559
2435 10560
2434 10561
2433 10562
2432 10563
2431 10564
2430 10565
2429 10566
2428 10567
2427 10568
2426 10246
2425 10247
2424 10248
2423 10249
2422 10250
2421 10251
2420 10252
2419 10253
2418 7110
2417 7111
2416 7112
2415 7113
2414 7114
2413 7115
2412 7116
2411 7117
2410 7118
2409 7119
2408 10169
2407 10170
2406 10171
2405 10172
2404 10173
2403 10174
2402 10175
2401 10176
2400 10177
2399 10178
2398 10179
2397 10180
2396 10181
2395 7336
2394 7337
2393 7338
2392 7339
2391 7340
2390 7341
2389 7342
2388 7343
2387 7344
2386 7345
2385 7346
2384 9926
2383 9927
2382 9928
2381 9929
2380 9930
2379 9931
2378 9932
2377 9933
2376 9934
2375 9935
2374 9936
2373 9937
2372 9938
2371 9939
2370 9940
2369 9941
2368 9942
2367 9943
2366 9944
2365 9945
2364 9946
2363 9947
2362 9948
2361 9949
2360 9950
2359 9951
2358 9952
2357 9953
2356 9954
2355 9750
2354 9751
2353 9752
2352 9753
2351 9754
2350 9755
2349 9756
2348 9757
2347 9758
2346 9759
2345 9760
2344 9761
2343 9762
2342 9839
2341 9840
2340 9841
2339 9842
2338 9843
2337 9844
2336 9845
2335 9846
2334 9847
2333 9848
2332 9849
2331 9850
2330 9851
2329 9852
2328 9853
2327 9854
2326 9855
2325 9856
2324 9857
2323 9858
2322 9859
2321 9471
2320 9472
2319 9473
2318 9474
2317 9475
2316 9476
2315 9477
2314 9478
2313 9420
2312 9421
2311 9422
2310 9423
2309 9424
2308 9425
2307 9426
2306 9427
2305 9428
2304 9429
2303 9430
2302 9431
2301 9432
2300 9273
2299 9274
2298 9275
2297 9276
2296 9277
2295 9278
2294 9279
2293 9280
2292 9211
2291 9212
2290 9213
2289 9214
2288 9215
2287 9216
2286 9217
2285 9218
2284 9219
2283 9220
2282 9221
2281 9222
2280 9223
2279 9066
2278 9067
2277 9068
2276 9069
2275 9070
2274 9071
2273 9072
2272 9073
2271 9074
2270 9075
2269 9076
2268 9077
2267 9078
2266 9079
2265 9080
2264 9081
2263 9082
2262 9083
2261 9084
2260 9085
2259 9086
2258 7314
2257 7315
2256 7316
2255 7317
2254 7318
2253 7319
2252 7320
2251 7321
2250 7322
2249 7323
2248 7324
2247 8895
2246 8896
2245 8897
2244 8898
2243 8899
2242 8900
2241 8901
2240 8902
2239 8903
2238 8904
2237 8905
2236 8906
2235 8907
2234 8908
2233 8909
2232 8910
2231 8911
2230 8912
2229 8801
2228 8802
2227 8803
2226 8804
2225 8805
2224 8806
2223 8807
2222 8808
2221 8809
2220 8810
2219 8811
2218 8812
2217 8813
2216 8542
2215 8543
2214 8544
2213 8545
2212 8546
2211 8547
2210 8548
2209 8549
2208 8550
2207 8551
2206 8552
2205 8553
2204 8554
2203 8555
2202 8556
2201 8557
2200 8558
2199 8559
2198 8560
2197 8561
2196 8562
2195 8563
2194 8564
2193 8565
2192 8566
2191 8567
2190 8568
2189 8569
2188 8570
2187 8333
2186 8334
2185 8335
2184 8336
2183 8337
2182 8338
2181 8339
2180 8340
2179 8341
2178 8342
2177 8343
2176 8344
2175 8345
2174 8346
2173 8347
2172 8390
2171 8391
2170 8392
2169 8393
2168 8394
2167 8395
2166 8396
2165 8397
2164 8398
2163 8399
2162 8400
2161 8401
2160 8402
2159 8403
2158 8223
2157 8224
2156 8225
2155 8226
2154 8227
2153 8228
2152 8229
2151 8230
2150 8231
2149 8232
2148 8233
2147 8234
2146 8235
2145 8236
2144 8237
2143 8238
2142 8239
2141 7294
2140 7295
2139 7296
2138 7297
2137 7298
2136 7299
2135 7300
2134 7301
2133 7302
2132 7222
2131 7223
2130 7224
2129 7225
2128 7226
2127 7227
2126 7228
2125 7229
2124 7272
2123 7273
2122 7274
2121 7275
2120 7276
2119 7277
2118 7278
2117 7279
2116 7280
2115 7281
2114 7282
2113 7283
2112 7284
2111 7193
2110 7194
2109 7195
2108 7196
2107 7197
2106 7198
2105 7199
2104 7200
2101 7185
2100 7186
2099 7187
2098 7188
2097 7189
2096 7190
2095 7191
2094 7192
2093 7201
2092 7202
2091 7203
2090 7204
2089 7205
2088 7206
2087 7207
2086 7208
2085 7209
2084 7210
2083 7211
2082 7212
2081 7213
2080 7214
2079 7215
2078 7216
2077 7217
2076 7218
2075 7219
2074 7220
2073 7221
2072 7285
2071 7286
2070 7287
2069 7288
2068 7289
2067 7290
2066 7291
2065 7292
2064 7293
2063 8240
2062 8241
2061 8242
2060 8243
2059 8244
2058 8245
2057 8246
2056 7809
2055 7810
2054 7811
2053 7812
2052 7813
2051 7814
2050 7815
2049 7816
2048 7817
2047 7818
2046 8376
2045 8377
2044 8378
2043 8379
2042 8380
2041 8381
2040 8382
2039 8383
2038 8384
2037 8385
2036 8386
2035 8387
2034 8388
2033 8389
2032 8348
2031 8349
2030 8350
2029 8351
2028 8352
2027 8353
2026 8354
2025 8477
2024 8478
2023 8479
2022 8480
2021 8481
2020 8482
2019 8483
2018 8484
2017 8485
2016 8486
2015 8487
2014 8488
2013 8489
2012 8490
2011 8491
2010 8492
2009 8493
2008 8494
2007 8495
2006 8496
2005 8497
2004 8526
2003 8527
2002 8528
2001 8529
2000 8530
1999 8531
1998 8532
1997 8533
1996 8534
1995 8535
1994 8536
1993 8537
1992 8538
1991 8539
1990 8540
1989 8541
1988 8814
1987 8815
1986 8816
1985 8817
1984 8818
1983 8819
1982 8820
1981 8821
1980 8822
1979 8823
1978 8824
1977 8825
1976 8826
1975 8827
1974 8828
1973 8829
1972 8880
1971 8881
1970 8882
1969 8883
1968 8884
1967 8885
1966 8886
1965 8887
1964 8888
1963 8889
1962 8890
1961 8891
1960 8892
1959 8893
1958 8894
1957 7303
1956 7304
1955 7305
1954 7306
1953 7307
1952 7308
1951 7309
1950 7310
1949 7311
1948 7312
1947 7313
1946 9087
1945 9088
1944 9089
1943 9090
1942 9091
1941 9092
1940 9093
1939 9052
1938 9053
1937 9054
1936 9055
1935 9056
1934 9057
1933 9058
1932 9059
1931 9060
1930 9061
1929 9062
1928 9063
1927 9064
1926 9065
1925 9224
1924 9225
1923 9226
1922 9227
1921 9228
1920 9229
1919 9230
1918 9231
1917 9260
1916 9261
1915 9262
1914 9263
1913 9264
1912 9265
1911 9266
1910 9267
1909 9268
1908 9269
1907 9270
1906 9271
1905 9272
1904 9433
1903 9434
1902 9435
1901 9436
1900 9437
1899 9438
1898 9439
1897 9440
1896 9441
1895 9459
1894 9460
1893 9461
1892 9462
1891 9463
1890 9464
1889 9465
1888 9466
1887 9467
1886 9468
1885 9469
1884 9470
1883 9860
1882 9861
1881 9862
1880 9863
1879 9864
1878 9865
1877 9866
1876 9825
1875 9826
1874 9827
1873 9828
1872 9829
1871 9830
1870 9831
1869 9832
1868 9833
1867 9834
1866 9835
1865 9836
1864 9837
1863 9838
1862 9763
1861 9764
1860 9765
1859 9766
1858 9767
1857 9768
1856 9769
1855 9770
1854 9771
1853 9772
1852 9773
1851 9774
1850 9775
1849 9776
1848 9777
1847 9778
1846 9779
1845 9780
1844 9781
1843 9782
1842 9783
1841 9784
1840 9785
1839 9786
1838 9787
1837 9910
1836 9911
1835 9912
1834 9913
1833 9914
1832 9915
1831 9916
1830 9917
1829 9918
1828 9919
1827 9920
1826 9921
1825 9922
1824 9923
1823 9924
1822 9925
1821 7325
1820 7326
1819 7327
1818 7328
1817 7329
1816 7330
1815 7331
1814 7332
1813 7333
1812 7334
1811 7335
1810 10182
1809 10183
1808 10184
1807 10185
1806 10186
1805 10187
1804 10188
1803 10189
1802 10190
1801 10191
1800 10192
1799 10193
1798 10194
1797 10195
1796 10230
1795 10231
1794 10232
1793 10233
1792 10234
1791 10235
1790 10236
1789 10237
1788 10238
1787 10239
1786 10240
1785 10241
1784 10242
1783 10243
1782 10244
1781 10245
1780 10569
1779 10570
1778 10571
1777 10572
1776 10573
1775 10574
1774 10575
1773 10576
1772 10577
1771 10578
1770 10579
1769 10580
1768 10581
1767 10582
1766 10583
1765 10584
1764 10585
1763 10586
1762 10587
1761 10588
1760 10589
1759 10590
1758 10591
1757 10592
1756 10593
1755 10594
1754 10595
1753 10596
1752 7829
1751 7830
1750 7831
1749 7832
1748 7833
1747 7834
1746 7835
1745 7836
1744 7837
1743 7838
1742 7839
1741 10625
1740 10626
1739 10627
1738 10628
1737 10629
1736 10630
1735 10631
1734 10632
1733 10633
1732 10634
1731 10635
1730 10636
1729 10637
1728 10638
1727 10639
1726 10640
1725 10641
1724 10642
1723 10643
1722 10644
1721 10645
1720 10646
1719 10647
1718 10648
1717 10649
1716 10650
1715 10651
1714 10652
1713 10653
1712 10654
1711 10655
1710 10656
1709 10657
1708 10658
1707 10659
1706 10660
1705 10661
1704 10662
1703 10663
1702 10664
1701 10665
1700 10666
1699 10667
1698 10668
1697 10669
1696 10670
1695 10671
1694 10672
1693 10965
1692 10966
1691 10967
1690 10968
1689 10969
1688 10970
1687 10971
1686 10972
1685 10973
1684 10974
1683 10975
1682 10976
1681 10977
1680 10978
1679 10979
1678 10980
1677 10981
1676 10982
1675 10983
1674 10984
1673 10985
1672 10986
1671 10987
1670 11010
1669 11011
1668 11012
1667 11013
1666 11014
1665 11015
1664 11016
1663 11017
1662 11413
1661 11414
1660 11415
1659 11416
1658 11417
1657 11418
1656 11419
1655 11420
1654 11421
1653 11422
1652 11423
1651 11424
1650 11425
1649 11426
1648 11427
1647 11428
1646 11429
1645 11430
1644 11431
1643 7347
1642 7348
1641 7349
1640 7350
1639 7351
1638 7352
1637 7353
1636 7354
1635 7355
1634 7356
1633 7357
1632 11255
1631 11256
1630 11257
1629 11258
1628 11259
1627 11260
1626 11580
1625 11581
1624 11582
1623 11583
1622 11584
1621 11585
1620 11586
1619 11587
1618 11588
1617 11589
1616 11590
1615 11591
1614 11592
1613 11593
1612 11594
1611 11595
1610 11596
1609 11597
1608 11598
1607 11599
1606 11600
1605 11601
1604 11696
1603 11697
1602 11698
1601 11699
1600 11700
1599 11701
1598 11702
1597 11703
1596 11704
1595 11705
1594 11706
1593 11707
1592 11708
1591 11709
1590 11710
1589 11711
1588 11712
1587 11713
1586 11714
1585 11715
1584 11716
1583 11717
1582 11718
1581 11719
1580 11720
1579 11721
1578 7370
1577 7371
1576 7372
1575 7373
1574 7374
1573 7375
1572 7376
1571 7377
1570 7378
1569 7379
1568 7391
1567 7392
1566 7393
1565 7394
1564 7395
1563 7396
1562 7397
1561 7398
1560 7399
1559 7400
1558 7413
1557 7414
1556 7415
1555 7416
1554 7417
1553 7418
1552 7419
1551 7420
1550 7421
1549 12061
1548 12062
1547 12063
1546 12064
1545 12065
1544 12066
1543 12067
1542 12068
1541 12069
1540 12070
1539 12071
1538 12072
1537 12073
1536 12074
1535 12075
1534 12076
1533 12077
1532 12078
1531 12079
1530 12080
1529 12081
1528 12082
1527 12083
1526 12084
1525 12085
1524 12086
1523 12087
1522 12088
1521 12089
1520 12090
1519 12091
1518 12092
1517 12093
1516 12094
1515 12095
1514 12096
1513 12097
1512 12098
1511 12126
1510 12127
1509 12128
1508 12129
1507 12130
1506 12131
1505 12132
1504 12133
1503 12134
1502 12135
1501 12136
1500 12137
1499 12138
1498 12139
1497 12140
1496 12141
1495 12142
1494 12143
1493 7432
1492 7433
1491 7434
1490 7435
1489 7436
1488 7437
1487 7438
1486 7439
1485 7440
1484 7441
1483 12505
1482 12506
1481 12507
1480 12508
1479 12509
1478 12510
1477 12511
1476 12512
1475 12513
1474 12514
1473 12515
1472 12516
1471 12517
1470 12518
1469 12519
1468 12520
1467 12521
1466 12522
1465 12523
1464 12524
1463 12686
1462 12687
1461 12688
1460 12689
1459 12690
1458 12691
1457 12692
1456 12693
1455 12694
1454 12695
1453 12696
1452 12697
1451 12698
1450 12699
1449 12700
1448 12701
1447 12702
1446 12703
1445 12704
1444 7481
1443 7482
1442 7483
1441 7484
1440 7485
1439 7486
1438 7487
1437 7488
1436 7489
1435 7490
1434 7491
1433 7492
1432 7493
1431 7494
1430 7495
1429 7496
1428 7497
1427 7498
1426 7499
1425 7500
1424 7501
1423 7502
1422 7503
1421 7504
1420 7505
1419 7506
1418 7507
1415 12773
1414 12774
1413 12775
1412 12776
1411 12777
1410 12778
1409 12779
1408 12780
1407 12781
1406 12782
1405 12783
1404 12784
1403 12785
1402 12369
1401 12370
1400 12371
1399 12372
1398 12373
1397 12374
1396 12375
1395 12376
1394 12377
1393 12378
1392 12379
1391 12380
1390 12381
1389 12382
1388 12383
1387 12384
1386 12385
1385 12386
1384 12387
1383 12388
1382 12389
1381 12390
1380 12391
1379 12392
1378 12393
1377 12394
1376 12395
1375 12396
1374 12397
1373 12398
1372 12399
1371 12400
1370 12401
1369 12402
1368 12403
1367 12404
1366 12405
1365 12406
1364 12407
1363 12408
1362 12409
1361 12410
1360 12343
1359 12344
1358 12345
1357 12346
1356 12347
1355 12348
1354 12349
1353 12350
1352 12351
1351 12352
1350 12322
1349 12323
1348 12324
1347 12325
1346 12326
1345 12327
1344 12328
1343 12329
1342 12330
1341 12116
1340 12117
1339 12118
1338 12119
1337 12120
1336 12121
1335 12122
1334 12123
1333 12124
1332 12125
1331 11910
1330 11911
1329 11912
1328 11913
1327 11914
1326 11915
1325 11916
1324 11917
1323 11918
1322 11919
1321 11920
1320 11921
1319 11922
1318 11923
1317 11924
1316 11925
1315 11926
1314 11927
1313 11928
1312 11929
1311 11930
1310 11931
1309 11932
1308 11933
1307 11934
1306 11935
1305 11936
1304 11937
1303 11938
1302 11939
1301 11940
1300 11941
1299 11942
1298 11900
1297 11901
1296 11902
1295 11903
1294 11904
1293 11905
1292 11906
1291 11907
1290 11908
1289 11909
1288 11880
1287 11881
1286 11882
1285 11883
1284 11884
1283 11885
1282 11886
1281 11887
1280 11620
1279 11621
1278 11622
1277 11623
1276 11624
1275 11625
1274 11626
1273 11627
1272 11628
1271 11629
1270 11630
1269 11631
1268 11632
1267 11633
1266 11634
1265 11635
1264 11636
1263 11637
1262 11638
1261 11639
1260 11640
1259 11641
1258 11642
1257 11643
1256 11686
1255 11687
1254 11688
1253 11689
1252 11690
1251 11691
1250 11692
1249 11693
1248 11694
1247 11695
1246 11145
1245 11146
1244 11147
1243 11148
1242 11149
1241 11150
1240 11151
1239 11152
1238 11153
1237 11154
1236 11155
1235 11571
1234 11572
1233 11573
1232 11574
1231 11575
1230 11576
1229 11577
1228 11578
1227 11579
1226 11261
1225 11262
1224 11263
1223 11264
1222 11265
1221 11266
1220 11267
1219 11268
1218 11269
1217 11270
1216 11271
1215 11272
1214 11273
1213 11274
1212 11275
1211 11276
1210 11277
1209 11278
1208 11279
1207 11280
1206 11281
1205 11282
1204 11283
1203 11284
1202 11285
1201 11286
1200 11287
1199 11288
1198 11289
1197 11290
1196 11291
1195 11292
1194 11293
1193 11294
1192 11004
1191 11005
1190 11006
1189 11007
1188 11008
1187 11009
1186 10810
1185 10811
1184 10812
1183 10813
1182 10814
1181 10815
1180 10816
1179 10817
1178 10818
1177 10819
1176 10820
1175 10821
1174 10822
1173 10823
1172 10824
1171 10825
1170 10826
1169 10827
1168 10828
1167 10829
1166 10830
1165 10831
1164 10832
1163 10833
1162 10834
1161 10799
1160 10800
1159 10801
1158 10802
1157 10803
1156 10804
1155 10805
1154 10806
1153 10807
1152 10808
1151 10809
1150 10777
1149 10778
1148 10779
1147 10780
1146 10781
1145 10782
1144 10783
1143 10784
1142 10785
1141 10605
1140 10606
1139 10607
1138 10608
1137 10609
1136 10610
1135 10611
1134 10612
1133 10613
1132 10614
1131 10615
1130 10616
1129 10617
1128 10618
1127 10619
1126 10620
1125 10621
1124 10622
1123 10623
1122 10624
1121 7840
1120 7841
1119 7842
1118 7843
1117 7844
1116 7845
1115 7846
1114 7847
1113 7848
1112 7849
1111 7850
1110 10302
1109 10303
1108 10304
1107 10305
1106 10306
1105 10307
1104 10308
1103 10309
1102 10310
1101 10311
1100 10312
1099 10313
1098 10314
1097 10315
1096 10316
1095 10317
1094 10318
1093 10319
1092 10320
1091 10321
1090 10322
1089 10323
1088 10324
1087 10212
1086 10213
1085 10214
1084 10215
1083 10216
1082 10217
1081 10218
1080 10219
1079 10220
1078 10221
1077 10222
1076 10223
1075 10224
1074 10225
1073 10226
1072 10227
1071 10228
1070 10229
1069 10030
1068 10031
1067 10032
1066 10033
1065 10034
1064 10035
1063 10036
1062 10037
1061 10038
1060 10039
1059 10040
1058 10041
1057 10042
1056 10019
1055 10020
1054 10021
1053 10022
1052 10023
1051 10024
1050 10025
1049 10026
1048 10027
1047 10028
1046 10029
1045 9895
1044 9896
1043 9897
1042 9898
1041 9899
1040 9900
1039 9901
1038 9902
1037 9903
1036 9904
1035 9905
1034 9906
1033 9907
1032 9908
1031 9909
1030 9788
1029 9789
1028 9790
1027 9791
1026 9792
1025 9793
1024 9794
1023 9795
1022 9796
1021 9797
1020 9798
1019 9799
1018 9800
1017 9801
1016 9802
1015 9803
1014 9804
1013 9805
1012 9806
1011 9807
1010 9808
1009 9809
1008 9810
1007 9811
1006 9812
1005 9813
1004 9814
1003 9815
1002 9816
1001 9817
1000 9818
999 9819
998 9820
997 9821
996 9822
995 9823
994 9824
993 9523
992 9524
991 9525
990 9526
989 9527
988 9528
987 9529
986 9530
985 9531
984 9532
983 9450
982 9451
981 9452
980 9453
979 9454
978 9455
977 9456
976 9457
975 9458
974 9355
973 9356
972 9357
971 9358
970 9359
969 9360
968 9361
967 9362
966 9363
965 9248
964 9249
963 9250
962 9251
961 9252
960 9253
959 9254
958 9255
957 9256
956 9257
955 9258
954 9259
953 9103
952 9104
951 9105
950 9106
949 9107
948 9108
947 9109
946 9110
945 9111
944 9112
943 9113
942 9114
941 9115
940 9044
939 9045
938 9046
937 9047
936 9048
935 9049
934 9050
933 9051
932 9094
931 9095
930 9096
929 9097
928 9098
927 9099
926 9100
925 9101
924 9102
923 8857
922 8858
921 8859
920 8860
919 8861
918 8862
917 8863
916 8864
915 8865
914 8866
913 8867
912 8868
911 8869
910 8870
909 8871
908 8872
907 8873
906 8874
905 8875
904 8876
903 8877
902 8878
901 8879
900 8642
899 8643
898 8644
897 8645
896 8646
895 8647
894 8648
893 8649
892 8650
891 8651
890 8652
889 8653
888 8654
887 8655
886 8656
885 8657
884 8658
883 8659
882 8660
881 8661
880 8662
879 8516
878 8517
877 8518
876 8519
875 8520
874 8521
873 8522
872 8523
871 8524
870 8525
869 8247
868 8248
867 8249
866 8250
865 8251
864 8252
863 8253
862 8254
861 8255
860 8256
859 8257
858 8258
857 8259
856 8469
855 8470
854 8471
853 8472
852 8473
851 8474
850 8475
849 8476
848 8355
847 8356
846 8357
845 8358
844 8359
843 8360
842 8361
841 8362
840 8363
839 8364
838 8365
837 8366
836 8367
835 8368
834 8369
833 8370
832 8371
831 8372
830 8373
829 8374
828 8375
827 7819
826 7820
825 7821
824 7822
823 7823
822 7824
821 7825
820 7826
819 7827
818 7828
817 8096
816 8097
815 8098
814 8099
813 8100
812 8101
811 8102
810 8103
809 8104
808 8105
807 8106
806 8107
805 8108
804 8085
803 8086
802 8087
801 8088
800 8089
799 8090
798 8091
797 8092
796 8093
795 8094
794 8095
793 6479
792 6480
791 6481
790 6482
789 6483
788 6484
787 6485
786 6486
785 6487
784 6488
783 6489
782 6490
781 6491
780 6492
779 6493
778 6494
777 6495
776 6496
775 6497
774 6498
773 6499
770 7851
769 7852
768 7853
767 7854
766 7855
765 7856
764 7857
763 7858
762 7859
761 7860
760 7861
759 7862
758 7863
757 7864
756 7865
755 6471
754 6472
753 6473
752 6474
751 6475
750 6476
749 6477
748 6478
747 8073
746 8074
745 8075
744 8076
743 8077
742 8078
741 8079
740 8080
739 8081
738 8082
737 8083
736 8084
735 8109
734 8110
733 8111
732 8112
731 8113
730 8114
729 8115
728 8116
727 8117
726 8118
725 8119
724 8120
723 8121
722 8122
721 8123
720 8124
719 8125
718 8126
717 8127
716 8128
715 8129
714 8130
713 8131
712 8132
711 8133
710 7882
709 7883
708 7884
707 7885
706 7886
705 7887
704 7888
703 7889
702 7890
701 7891
700 7892
699 7893
698 7894
697 7895
696 7896
695 7897
694 7898
693 7899
692 7900
691 8450
690 8451
689 8452
688 8453
687 8454
686 8455
685 8456
684 8457
683 8458
682 8459
681 8460
680 8461
679 8462
678 8463
677 8464
676 8465
675 8466
674 8467
673 8468
672 8260
671 8261
670 8262
669 8263
668 8264
667 8265
666 8266
665 8267
664 8268
663 8269
662 8498
661 8499
660 8500
659 8501
658 8502
657 8503
656 8504
655 8505
654 8506
653 8507
652 8508
651 8509
650 8510
649 8511
648 8512
647 8513
646 8514
645 8515
644 8663
643 8664
642 8665
641 8666
640 8667
639 8668
638 8669
637 8712
636 8713
635 8714
634 8715
633 8716
632 8717
631 8718
630 8719
629 8720
628 8721
627 8722
626 8723
625 8724
624 8725
623 8726
622 8727
621 8728
620 8729
619 8730
618 8830
617 8831
616 8832
615 8833
614 8834
613 8835
612 8836
611 8837
610 8838
609 8839
608 8840
607 8841
606 8842
605 8843
604 8844
603 8845
602 8846
601 8847
600 8848
599 8849
598 8850
597 8851
596 8852
595 8853
594 8854
593 8855
592 8856
591 9023
590 9024
589 9025
588 9026
587 9027
586 9028
585 9029
584 9030
583 9031
582 9032
581 9033
580 9034
579 9035
578 9036
577 9037
576 9038
575 9039
574 9040
573 9041
572 9042
571 9043
570 9116
569 9117
568 9118
567 9119
566 9120
565 9121
564 9122
563 9123
562 9124
561 9125
560 9126
559 9127
558 9128
557 9129
556 9130
555 9232
554 9233
553 9234
552 9235
551 9236
550 9237
549 9238
548 9239
547 9240
546 9241
545 9242
544 9243
543 9244
542 9245
541 9246
540 9247
539 9364
538 9365
537 9366
536 9367
535 9368
534 9369
533 9370
532 9371
531 9372
530 9373
529 9374
528 9375
527 9376
526 9442
525 9443
524 9444
523 9445
522 9446
521 9447
520 9448
519 9449
518 9533
517 9534
516 9535
515 9536
514 9537
513 9538
512 9539
511 9540
510 9541
509 9542
508 9543
507 9544
506 9545
505 9546
504 9547
503 9548
502 9549
501 9550
500 9551
499 9552
498 9553
497 9554
496 9555
495 9556
494 9557
493 9558
492 9559
491 9666
490 9667
489 9668
488 9669
487 9670
486 9671
485 9672
484 9673
483 9674
482 9675
481 9676
480 9677
479 9678
478 9679
477 9680
476 9681
475 9682
474 9683
473 9684
472 9867
471 9868
470 9869
469 9870
468 9871
467 9872
466 9873
465 9874
464 9875
463 9876
462 9877
461 9878
460 9879
459 9880
458 9881
457 9882
456 9883
455 9884
454 9885
453 9886
452 9887
451 9888
450 9889
449 9890
448 9891
447 9892
446 9893
445 9894
444 10005
443 10006
442 10007
441 10008
440 10009
439 10010
438 10011
437 10012
436 10013
435 10014
434 10015
433 10016
432 10017
431 10018
430 10043
429 10044
428 10045
427 10046
426 10047
425 10048
424 10049
423 10050
422 10051
421 10052
420 10053
419 10054
418 7970
417 7971
416 7972
415 7973
414 7974
413 7975
412 7976
411 7977
410 7978
409 7979
408 10196
407 10197
406 10198
405 10199
404 10200
403 10201
402 10202
401 10203
400 10204
399 10205
398 10206
397 10207
396 10208
395 10209
394 10210
393 10211
392 10325
391 10326
390 10327
389 10328
388 10329
387 10330
386 10331
385 10332
384 10333
383 10334
382 10335
381 10336
380 10337
379 10338
378 10339
377 10340
376 10341
375 10342
374 10343
373 10461
372 10462
371 10463
370 10464
369 10465
368 10466
367 10467
366 10468
365 10469
364 10470
363 10471
362 10472
361 10473
360 10474
359 10475
358 10476
357 10477
356 10478
355 7990
354 7991
353 7992
352 7993
351 7994
350 7995
349 7996
348 7997
347 7998
346 7999
345 8011
344 8012
343 8013
342 8014
341 8015
340 8016
339 8017
338 8018
337 8019
336 10597
335 10598
334 10599
333 10600
332 10601
331 10602
330 10603
329 10604
328 10766
327 10767
326 10768
325 10769
324 10770
323 10771
322 10772
321 10773
320 10774
319 10775
318 10776
317 10786
316 10787
315 10788
314 10789
313 10790
312 10791
311 10792
310 10793
309 10794
308 10795
307 10796
306 10797
305 10798
304 10835
303 10836
302 10837
301 10838
300 10839
299 10840
298 10841
297 10842
296 10843
295 10844
294 10845
293 10846
292 10847
291 10848
290 10849
289 10850
288 10851
287 10852
286 10853
285 10854
284 10855
283 10856
282 10857
281 10988
280 10989
279 10990
278 10991
277 10992
276 10993
275 10994
274 10995
273 10996
272 10997
271 10998
270 10999
269 11000
268 11001
267 11002
266 11003
265 11295
264 11296
263 11297
262 11298
261 11299
260 11300
259 11301
258 11302
257 11303
256 11304
255 11305
254 11306
253 11307
252 11308
251 11533
250 11534
249 11535
248 11536
247 11537
246 11538
245 11539
244 11540
243 11541
242 11542
241 11543
240 11544
239 11545
238 11546
237 11547
236 11548
235 11549
234 11550
233 11551
232 11552
231 11553
230 11554
229 11555
228 11556
227 11557
226 11558
225 11559
224 11560
223 11561
222 11562
221 11563
220 11564
219 11565
218 11566
217 11567
216 11568
215 11569
214 11570
213 11156
212 11157
211 11158
210 11159
209 11160
208 11161
207 11162
206 11163
205 11164
204 11165
203 11166
202 11167
201 11168
200 11169
199 11170
198 11677
197 11678
196 11679
195 11680
194 11681
193 11682
192 11683
191 11684
190 11685
189 11644
188 11645
187 11646
186 11647
185 11648
184 11649
183 11650
182 11651
181 11652
180 11653
179 11654
178 11602
177 11603
176 11604
175 11605
174 11606
173 11607
172 11608
171 11609
170 11610
169 11611
168 11612
167 11613
166 11614
165 11615
164 11616
163 11617
162 11618
161 11619
160 11870
159 11871
158 11872
157 11873
156 11874
155 11875
154 11876
153 11877
152 11878
151 11879
150 11888
149 11889
148 11890
147 11891
146 11892
145 11893
144 11894
143 11895
142 11896
141 11897
140 11898
139 11899
138 11943
137 11944
136 11945
135 11946
134 11947
133 11948
132 11949
131 11950
130 11951
129 11952
128 11953
127 11954
126 11955
125 11956
124 8031
123 8032
122 8033
121 8034
120 8035
119 8036
118 8037
117 8038
116 8039
115 8051
114 8052
113 8053
112 8054
111 8055
110 8056
109 8057
108 8058
107 8059
106 8060
105 8061
104 12099
103 12100
102 12101
101 12102
100 12103
99 12104
98 12105
97 12106
96 12107
95 12108
94 12109
93 12110
92 12111
91 12112
90 12113
89 12114
88 12115
87 12311
86 12312
85 12313
84 12314
83 12315
82 12316
81 12317
80 12318
79 12319
78 12320
77 12321
76 12331
75 12332
74 12333
73 12334
72 12335
71 12336
70 12337
69 12338
68 12339
67 12340
66 12341
65 12342
64 12411
63 12412
62 12413
61 12414
60 12415
59 12416
58 12417
57 12418
56 12419
55 12420
54 12421
53 12422
52 12423
51 12424
50 12579
49 12580
48 12581
47 12582
46 12583
45 12584
44 12585
43 12586
42 12587
41 12588
40 12589
39 12590
38 12591
37 12592
36 12593
35 12594
34 12595
33 12596
32 12597
31 12598
30 12353
29 12354
28 12355
27 12356
26 12357
25 12358
24 12359
23 12360
22 12361
21 12362
20 12363
19 12364
18 12365
17 12366
16 12367
15 12368
14 12786
13 12787
12 12788
11 12789
10 12790
9 12791
8 12792
7 12793
6 12794
5 12795
4 12796
3 12797
2 12798
1 12799
5526 6408
2824 7099
2823 7453
2103 7200
2102 7185
771 7851
0 12799
