0 10354
1 10353
2 10352
3 10351
4 10350
5 10349
6 10348
7 10347
8 10346
9 10408
10 10407
11 10406
12 10405
13 10404
14 10403
15 10402
16 10401
17 10208
18 10207
19 10206
20 10205
21 10204
22 10203
23 10202
24 10201
25 10200
26 10199
27 10198
28 10197
29 10196
30 10195
31 10194
32 10193
33 10192
34 10191
35 10190
36 10189
37 10188
38 10187
39 10186
40 10185
41 10184
42 10183
43 10182
44 10181
45 12150
46 12149
47 12148
48 12147
49 12146
50 12145
51 12144
52 12143
53 12142
54 12141
55 12140
56 12139
57 12138
58 12137
59 12136
60 12135
61 12134
62 12133
63 12132
64 12131
65 12130
66 12129
67 12128
68 12127
69 12126
70 12125
71 12124
72 12123
73 12122
74 12121
75 12120
76 12119
77 12118
78 12117
79 12116
80 12115
81 12114
82 12113
83 12112
84 12111
85 12110
86 12109
87 12108
88 12107
89 12106
90 12105
91 12104
92 12103
93 12102
94 12101
95 12100
96 9981
97 9980
98 9979
99 9978
100 9977
101 9976
102 9975
103 9974
104 9973
105 9972
106 9971
107 9970
108 9969
109 9968
110 9967
111 9966
112 9965
113 9964
114 9963
115 9962
116 9961
117 9960
118 9959
119 9958
120 9957
121 9956
122 9955
123 9954
124 10811
125 10810
126 10809
127 10808
128 10807
129 10806
130 10805
131 10804
132 11915
133 11914
134 11913
135 11912
136 11911
137 11910
138 11909
139 11908
140 11907
141 11906
142 11905
143 11904
144 11903
145 11902
146 11901
147 11900
148 11899
149 11898
150 11897
151 11896
152 10856
153 10855
154 10854
155 10853
156 10852
157 10851
158 10850
159 10849
160 10953
161 10952
162 10951
163 10950
164 10949
165 10948
166 10947
167 10946
168 10945
169 10944
170 10943
171 10942
172 10941
173 10940
174 10939
175 10938
176 10937
177 10936
178 10935
179 10934
180 10933
181 10932
182 10931
183 10930
184 10929
185 10928
186 11696
187 11695
188 11694
189 11693
190 11692
191 11691
192 11690
193 11689
194 11688
195 11687
196 11686
197 11685
198 11684
199 11683
200 11682
201 11681
202 11680
203 11679
204 11678
205 11677
206 11676
207 11675
208 11674
209 11673
210 11672
211 11671
212 11670
213 11669
214 11668
215 11667
216 11666
217 11665
218 11664
219 11663
220 11662
221 11661
222 11660
223 11659
224 11658
225 11657
226 11656
227 11655
228 11654
229 11653
230 11652
231 11651
232 11650
233 11649
234 11648
235 9758
236 9757
237 9756
238 9755
239 9754
240 9753
241 9752
242 9751
243 9750
244 9749
245 9748
246 9747
247 9746
248 9745
249 9744
250 9743
251 9742
252 9741
253 9740
254 9739
255 9738
256 9737
257 9736
258 9735
259 9734
260 9733
261 11394
262 11393
263 11392
264 11391
265 11390
266 11389
267 11388
268 11387
269 9634
270 9633
271 9632
272 9631
273 9630
274 9629
275 9628
276 9627
277 9626
278 9625
279 9624
280 9623
281 9622
282 9621
283 9620
284 9619
285 9618
286 9617
287 7590
288 7589
289 7588
290 7587
291 7586
292 7585
293 7584
294 7583
295 7545
296 7544
297 7543
298 7542
299 7541
300 7540
301 7539
302 7538
303 7537
304 7536
305 7535
306 7534
307 7533
308 7532
309 7531
310 7530
311 7529
312 7528
313 7527
314 7526
315 7525
316 7524
317 7523
318 7522
319 7521
320 7520
321 9474
322 9473
323 9472
324 9471
325 9470
326 9469
327 9468
328 9467
329 9466
330 9465
331 9464
332 9463
333 9462
334 9461
335 9460
336 9459
337 9458
338 9457
339 9456
340 9455
341 9454
342 9453
343 9452
344 9451
345 9450
346 9449
347 9448
348 9447
349 9446
350 9445
351 9444
352 9443
353 9442
354 9441
355 9440
356 9439
357 9438
358 9437
359 9436
360 9435
361 9434
362 9433
363 9432
364 9431
365 9430
366 9429
367 9428
368 7380
369 7379
370 7378
371 7377
372 7376
373 7375
374 7374
375 7373
376 7372
377 7371
378 7370
379 7369
380 7368
381 7367
382 7366
383 7365
384 7364
385 7363
386 7362
387 7361
388 7360
389 7359
390 7358
391 7357
392 8127
393 8126
394 8125
395 8124
396 8123
397 8122
398 8121
399 8120
400 9248
401 9247
402 9246
403 9245
404 9244
405 9243
406 9242
407 9241
408 9240
409 9239
410 9238
411 9237
412 9236
413 9235
414 9234
415 9233
416 9232
417 9231
418 8171
419 8170
420 8169
421 8168
422 8167
423 8166
424 8165
425 8164
426 7321
427 7320
428 7319
429 7318
430 7317
431 7316
432 7315
433 7314
434 7313
435 7312
436 7311
437 7310
438 7309
439 7308
440 7307
441 7306
442 7305
443 7304
444 7303
445 7302
446 7301
447 7300
448 7299
449 7298
450 7297
451 7296
452 9023
453 9022
454 9021
455 9020
456 9019
457 9018
458 9017
459 9016
460 9015
461 9014
462 9013
463 9012
464 9011
465 9010
466 9009
467 9008
468 9007
469 9006
470 9005
471 9004
472 9003
473 9002
474 9001
475 9000
476 8999
477 8998
478 8997
479 8996
480 8995
481 8994
482 8993
483 8992
484 8991
485 8990
486 8989
487 8988
488 8987
489 8986
490 8985
491 8984
492 8983
493 8982
494 8981
495 8980
496 8979
497 8978
498 8977
499 8976
500 8975
501 8812
502 8811
503 8810
504 8809
505 8808
506 8807
507 8806
508 8805
509 8804
510 8803
511 8802
512 8801
513 8800
514 8799
515 8798
516 8797
517 8796
518 8795
519 8794
520 8793
521 8792
522 8791
523 8790
524 8789
525 8788
526 8787
527 8652
528 8651
529 8650
530 8649
531 8648
532 8647
533 8646
534 8645
535 7220
536 7219
537 7218
538 7217
539 7216
540 7215
541 7214
542 7213
543 7212
544 7211
545 7210
546 7209
547 7208
548 7207
549 7206
550 7205
551 7204
552 7203
553 7202
554 7201
555 7175
556 7174
557 7173
558 7172
559 7171
560 7170
561 7169
562 7168
563 7167
564 7166
565 7165
566 7164
567 7163
568 7162
569 7161
570 7160
571 7159
572 7158
573 7157
574 7156
575 7155
576 7154
577 7153
578 7152
579 7151
580 7150
581 7149
582 7148
583 7147
584 7146
585 7145
586 7144
587 7143
588 7142
589 7141
590 7140
591 6372
592 6371
593 6370
594 6369
595 6368
596 6367
597 6366
598 6365
599 6364
600 6363
601 6362
602 6361
603 6360
604 6359
605 6358
606 6357
607 6356
608 6355
609 6354
610 6353
611 6352
612 6351
613 6350
614 6349
615 6348
616 6347
617 6346
618 6345
619 6344
620 6343
621 6342
622 6341
623 6340
624 6339
625 6338
626 6337
627 6336
628 6335
629 6334
630 6333
631 6332
632 6331
633 6330
634 6329
635 6328
636 6327
637 6326
638 6325
639 6324
640 6323
641 6322
642 6891
643 6890
644 6889
645 6888
646 6887
647 6886
648 6885
649 6884
650 6906
651 6905
652 6904
653 6903
654 6902
657 6901
658 6900
659 6899
660 6898
661 6897
662 6896
663 6895
664 6894
665 6893
666 6892
667 6321
668 6320
669 6319
670 6318
671 6317
672 6316
673 6315
674 6314
675 6313
676 6312
677 6311
678 6310
679 6309
680 6308
681 6307
682 6306
683 6920
684 6919
685 6918
686 6917
687 6916
688 6915
689 6914
690 6913
691 6912
692 6911
693 6977
694 6976
695 6975
696 6974
697 6973
698 6972
699 6971
700 6970
701 6969
702 6968
703 6967
704 6966
705 6965
706 6964
707 6963
708 6962
709 6961
710 6960
711 6959
712 6958
713 6957
714 6956
715 6709
716 6708
717 6707
718 6706
719 6705
720 6704
721 6703
722 6702
723 6701
724 6700
725 6699
726 6698
727 6697
728 6696
729 6695
730 6694
731 6693
732 7131
733 7130
734 7129
735 7128
736 7127
737 7126
738 7125
739 7124
740 7123
741 7122
742 7121
743 7120
744 7119
745 7118
746 7190
747 7189
748 7188
749 7187
750 7186
751 7185
752 7184
753 7183
754 7182
755 7181
756 7180
757 7179
758 7178
759 7177
760 7176
761 7200
762 7199
763 7198
764 7197
765 7196
766 7195
767 7194
768 7193
769 7192
770 7191
771 8673
772 8672
773 8671
774 8670
775 8669
776 8668
777 8667
778 8666
779 8665
780 8664
781 8663
782 8662
783 8661
784 8660
785 8659
786 8658
787 8657
788 8656
789 8655
790 8654
791 8653
792 8786
793 8785
794 8784
795 8783
796 8782
797 8781
798 8780
799 8779
800 8778
801 8777
802 8776
803 8775
804 8774
805 8773
806 8772
807 8771
808 8770
809 8825
810 8824
811 8823
812 8822
813 8821
814 8820
815 8819
816 8818
817 8817
818 8816
819 8815
820 8814
821 8813
822 8974
823 8973
824 8972
825 8971
826 8970
827 8969
828 8968
829 8967
830 8966
831 8965
832 8964
833 8963
834 8962
835 8961
836 8960
837 8959
838 8475
839 8474
840 8473
841 8472
842 8471
843 8470
844 8469
845 8468
846 8467
847 8529
848 8528
849 8527
850 8526
851 8525
852 8524
853 8523
854 8522
855 8521
856 8520
857 8519
858 8518
859 8517
860 8516
861 8515
862 8514
863 8513
864 8512
865 8511
866 8510
867 8509
868 8355
869 8354
870 8353
871 8352
872 8351
873 8350
874 8349
875 8348
876 8347
877 8346
878 8345
879 8344
880 8343
881 8342
882 8341
883 8340
884 8339
885 8338
886 8337
887 8336
888 8335
889 8334
890 8333
891 8332
892 8331
893 8330
894 8329
895 8328
896 8327
897 8186
898 8185
899 8184
900 8183
901 8182
902 8181
903 8180
904 8179
905 8178
906 8177
907 8176
908 8175
909 8174
910 8173
911 8172
912 9230
913 9229
914 9228
915 9227
916 9226
917 9225
918 9224
919 9223
920 9222
921 8147
922 8146
923 8145
924 8144
925 8143
926 8142
927 8141
928 8140
929 8139
930 8138
931 8137
932 8136
933 8135
934 8134
935 8133
936 8132
937 8131
938 8130
939 8129
940 8128
941 7356
942 7355
943 7354
944 7353
945 7352
946 7351
947 7350
948 7349
949 7348
950 7347
951 7346
952 7345
953 7344
954 7343
955 7342
956 7341
957 7392
958 7391
959 7390
960 7389
961 7388
962 7387
963 7386
964 7385
965 7384
966 7383
967 7382
968 7381
969 9427
970 9426
971 9425
972 9424
973 9423
974 9422
975 9421
976 9420
977 9419
978 9418
979 9417
980 9416
981 9415
982 9414
983 9413
984 9412
985 7400
986 7399
987 7398
988 7397
989 7396
990 7395
991 7394
992 7393
993 7451
994 7450
995 7449
996 7448
997 7447
998 7446
999 7445
1000 7444
1001 7443
1002 7442
1003 7441
1004 7440
1005 7439
1006 7438
1007 7437
1008 7436
1009 7435
1010 7434
1011 7433
1012 7432
1013 7768
1014 7767
1015 7766
1016 7765
1017 7764
1018 7763
1019 7762
1020 7761
1021 7760
1022 7759
1023 7758
1024 7757
1025 7756
1026 7755
1027 7754
1028 7753
1029 7752
1030 7751
1031 7750
1032 7749
1033 7748
1034 7747
1035 7746
1036 7745
1037 7744
1038 7743
1039 7742
1040 7605
1041 7604
1042 7603
1043 7602
1044 7601
1045 7600
1046 7599
1047 7598
1048 7597
1049 7596
1050 7595
1051 7594
1052 7593
1053 7592
1054 7591
1055 9616
1056 9615
1057 9614
1058 9613
1059 9612
1060 9611
1061 9610
1062 9609
1063 11413
1064 11412
1065 11411
1066 11410
1067 11409
1068 11408
1069 11407
1070 11406
1071 11405
1072 11404
1073 11403
1074 11402
1075 11401
1076 11400
1077 11399
1078 11398
1079 11397
1080 11396
1081 11395
1082 9732
1083 9731
1084 9730
1085 9729
1086 9728
1087 9727
1088 9726
1089 9725
1090 9724
1091 9723
1092 9722
1093 9721
1094 9720
1095 9719
1096 9718
1097 9717
1098 9770
1099 9769
1100 9768
1101 9767
1102 9766
1103 9765
1104 9764
1105 9763
1106 9762
1107 9761
1108 9760
1109 9759
1110 11647
1111 11646
1112 11645
1113 11644
1114 11643
1115 11642
1116 11641
1117 11640
1118 11639
1119 11638
1120 11637
1121 11636
1122 11635
1123 11634
1124 11633
1125 11632
1126 11120
1127 11119
1128 11118
1129 11117
1130 11116
1131 11115
1132 11114
1133 11113
1134 11169
1135 11168
1136 11167
1137 11166
1138 11165
1139 11164
1140 11163
1141 11162
1142 11161
1143 11160
1144 11159
1145 11158
1146 11157
1147 11156
1148 11155
1149 11154
1150 11153
1151 11152
1152 11151
1153 11150
1154 10988
1155 10987
1156 10986
1157 10985
1158 10984
1159 10983
1160 10982
1161 10981
1162 10980
1163 10979
1164 10978
1165 10977
1166 10976
1167 10975
1168 10974
1169 9871
1170 9870
1171 9869
1172 9868
1173 9867
1174 9866
1175 9865
1176 9864
1177 9863
1178 9862
1179 9861
1180 9860
1181 10871
1182 10870
1183 10869
1184 10868
1185 10867
1186 10866
1187 10865
1188 10864
1189 10863
1190 10862
1191 10861
1192 10860
1193 10859
1194 10858
1195 10857
1196 11895
1197 11894
1198 11893
1199 11892
1200 11891
1201 11890
1202 11889
1203 11888
1204 10830
1205 10829
1206 10828
1207 10827
1208 10826
1209 10825
1210 10824
1211 10823
1212 10822
1213 10821
1214 10820
1215 10819
1216 10818
1217 10817
1218 10816
1219 10815
1220 10814
1221 10813
1222 10812
1223 9953
1224 9952
1225 9951
1226 9950
1227 9949
1228 9948
1229 9947
1230 9946
1231 9945
1232 9944
1233 9943
1234 9942
1235 9941
1236 9940
1237 9939
1238 9938
1239 9993
1240 9992
1241 9991
1242 9990
1243 9989
1244 9988
1245 9987
1246 9986
1247 9985
1248 9984
1249 9983
1250 9982
1251 12099
1252 12098
1253 12097
1254 12096
1255 12095
1256 12094
1257 12093
1258 12092
1259 12091
1260 12090
1261 12089
1262 12088
1263 12087
1264 12086
1265 12085
1266 12084
1267 10586
1268 10585
1269 10584
1270 10583
1271 10582
1272 10581
1273 10580
1274 10579
1275 10633
1276 10632
1277 10631
1278 10630
1279 10629
1280 10628
1281 10627
1282 10626
1283 10625
1284 10624
1285 10623
1286 10622
1287 10621
1288 10620
1289 10619
1290 10618
1291 10617
1292 10616
1293 10615
1294 10614
1295 10509
1296 10508
1297 10507
1298 10506
1299 10505
1300 10504
1301 10503
1302 10502
1303 10501
1304 10500
1305 10499
1306 10498
1307 10497
1308 10496
1309 10495
1310 10494
1311 10493
1312 10492
1313 10491
1314 10490
1315 10489
1316 10488
1317 10487
1318 10486
1319 10485
1320 10484
1321 10483
1322 10423
1323 10422
1324 10421
1325 10420
1326 10419
1327 10418
1328 10417
1329 10416
1330 10415
1331 10414
1332 10413
1333 10412
1334 10411
1335 10410
1336 10409
1337 10345
1338 10344
1339 10343
1340 10342
1341 10341
1342 10340
1343 10339
1344 10338
1345 10337
1346 10336
1347 10335
1348 10334
1349 10333
1350 10332
1351 10331
1352 10330
1353 10329
1354 10328
1355 10327
1356 10326
1357 10325
1358 10324
1359 10323
1360 10322
1361 10321
1362 10320
1363 10319
1364 12449
1365 12448
1366 12447
1367 12446
1368 12445
1369 12444
1370 12443
1371 12442
1372 12441
1373 12440
1374 12439
1377 12406
1378 12405
1379 12404
1380 12403
1381 12402
1382 12401
1383 12400
1384 12399
1385 12398
1386 12397
1387 12396
1388 12395
1389 12394
1390 12393
1391 12392
1392 12391
1393 12390
1394 12389
1395 12388
1396 10282
1397 10281
1398 10280
1399 10279
1400 10278
1401 10277
1402 10276
1403 10275
1404 10274
1405 10273
1406 10272
1407 10271
1408 10270
1409 10269
1410 10268
1411 10267
1412 10266
1413 10265
1414 10264
1415 10263
1416 10262
1417 10261
1418 10260
1419 10259
1420 10258
1421 10257
1422 10431
1423 10430
1424 10429
1425 10428
1426 10427
1427 10426
1428 10425
1429 10424
1430 10482
1431 10481
1432 10480
1433 10479
1434 10478
1435 10477
1436 10476
1437 10475
1438 10474
1439 10473
1440 10472
1441 10471
1442 10470
1443 10469
1444 10468
1445 10467
1446 10466
1447 10465
1448 10464
1449 10463
1450 10517
1451 10516
1452 10515
1453 10514
1454 10513
1455 10512
1456 10511
1457 10510
1458 10613
1459 10612
1460 10611
1461 10610
1462 10609
1463 10608
1464 10607
1465 10606
1466 10605
1467 10604
1468 10603
1469 10602
1470 10601
1471 10600
1472 10599
1473 10598
1474 10597
1475 10596
1476 10595
1477 10594
1478 10593
1479 10592
1480 10591
1481 10590
1482 10589
1483 10588
1484 10587
1485 12083
1486 12082
1487 12081
1488 12080
1489 12079
1490 12078
1491 12077
1492 12076
1493 12075
1494 12074
1495 12073
1496 12072
1497 12071
1498 12070
1499 12069
1500 12068
1501 12067
1502 12066
1503 12065
1504 12064
1505 12063
1506 12062
1507 12061
1508 12060
1509 12059
1510 12058
1511 12057
1512 12056
1513 12055
1514 12054
1515 12053
1516 12052
1517 12051
1518 12050
1519 12049
1520 12048
1521 12047
1522 12046
1523 12045
1524 12044
1525 12043
1526 12042
1527 12041
1528 12040
1529 12039
1530 12038
1531 12037
1532 12036
1533 12035
1534 12034
1535 12033
1536 12032
1537 11874
1538 11873
1539 11872
1540 11871
1541 11870
1542 11869
1543 11868
1544 11867
1545 11866
1546 11865
1547 11864
1548 11863
1549 11862
1550 11861
1551 11860
1552 11859
1553 11858
1554 11857
1555 11856
1556 11855
1557 11854
1558 11853
1559 11852
1560 11851
1561 11850
1562 11849
1563 11848
1564 11847
1565 10879
1566 10878
1567 10877
1568 10876
1569 10875
1570 10874
1571 10873
1572 10872
1573 9859
1574 9858
1575 9857
1576 9856
1577 9855
1578 9854
1579 9853
1580 9852
1581 9851
1582 9850
1583 9849
1584 9848
1585 9847
1586 9846
1587 9845
1588 9844
1589 9843
1590 9842
1591 9841
1592 9840
1593 9839
1594 9838
1595 10996
1596 10995
1597 10994
1598 10993
1599 10992
1600 10991
1601 10990
1602 10989
1603 11149
1604 11148
1605 11147
1606 11146
1607 11145
1608 11144
1609 11143
1610 11142
1611 11141
1612 11140
1613 11139
1614 11138
1615 11137
1616 11136
1617 11135
1618 11134
1619 11133
1620 11132
1621 11131
1622 11130
1623 11129
1624 11128
1625 11127
1626 11126
1627 11125
1628 11124
1629 11123
1630 11122
1631 11121
1632 11631
1633 11630
1634 11629
1635 11628
1636 11627
1637 11626
1638 11625
1639 11624
1640 11623
1641 11622
1642 11621
1643 11620
1644 11619
1645 11618
1646 11617
1647 11616
1648 11615
1649 11614
1650 11613
1651 11612
1652 11611
1653 11610
1654 11609
1655 11608
1656 11607
1657 11606
1658 11605
1659 11604
1660 11603
1661 11602
1662 11601
1663 11600
1664 11599
1665 11598
1666 11597
1667 11596
1668 11595
1669 11594
1670 11593
1671 11592
1672 11591
1673 11590
1674 11589
1675 11588
1676 11587
1677 11586
1678 11585
1679 11584
1680 11583
1681 11582
1682 11581
1683 11580
1684 11579
1685 11578
1686 11462
1687 11461
1688 11460
1689 11459
1690 11458
1691 11457
1692 11456
1693 11455
1694 11454
1695 11453
1696 11452
1697 11451
1698 11450
1699 11449
1700 11448
1701 11447
1702 11446
1703 11445
1704 11444
1705 11443
1706 11442
1707 11441
1708 11440
1709 11439
1710 11438
1711 11437
1712 11436
1713 11435
1714 11434
1715 11433
1716 7613
1717 7612
1718 7611
1719 7610
1720 7609
1721 7608
1722 7607
1723 7606
1724 7741
1725 7740
1726 7739
1727 7738
1728 7737
1729 7736
1730 7735
1731 7734
1732 7733
1733 7732
1734 7731
1735 7730
1736 7729
1737 7728
1738 7727
1739 7726
1740 7725
1741 7724
1742 7723
1743 7722
1744 7721
1745 7720
1746 7776
1747 7775
1748 7774
1749 7773
1750 7772
1751 7771
1752 7770
1753 7769
1754 7431
1755 7430
1756 7429
1757 7428
1758 7427
1759 7426
1760 7425
1761 7424
1762 7423
1763 7422
1764 7421
1765 7420
1766 7419
1767 7418
1768 7417
1769 7416
1770 7415
1771 7414
1772 7413
1773 7412
1774 7411
1775 7410
1776 7409
1777 7408
1778 7407
1779 7406
1780 7405
1781 7404
1782 7403
1783 7402
1784 7401
1785 9411
1786 9410
1787 9409
1788 9408
1789 9407
1790 9406
1791 9405
1792 9404
1793 9403
1794 9402
1795 9401
1796 9400
1797 9399
1798 9398
1799 9397
1800 9396
1801 9395
1802 9394
1803 9393
1804 9392
1805 9391
1806 9390
1807 9389
1808 9388
1809 9387
1810 9386
1811 9385
1812 9384
1813 9383
1814 9382
1815 9381
1816 9380
1817 9379
1818 9378
1819 9377
1820 9376
1821 9375
1822 9374
1823 9373
1824 9372
1825 9371
1826 9370
1827 9369
1828 9368
1829 9367
1830 9366
1831 9365
1832 9364
1833 9363
1834 9362
1835 9361
1836 9360
1837 9359
1838 9358
1839 9357
1840 9356
1841 9206
1842 9205
1843 9204
1844 9203
1845 9202
1846 9201
1847 9200
1848 9199
1849 9198
1850 9197
1851 9196
1852 9195
1853 9194
1854 9193
1855 9192
1856 9191
1857 9190
1858 9189
1859 9188
1860 9187
1861 9186
1862 9185
1863 9184
1864 9183
1865 9182
1866 9181
1867 9180
1868 9179
1869 9178
1870 9177
1871 9176
1872 9175
1873 9174
1874 9173
1875 8194
1876 8193
1877 8192
1878 8191
1879 8190
1880 8189
1881 8188
1882 8187
1883 8326
1884 8325
1885 8324
1886 8323
1887 8322
1888 8321
1889 8320
1890 8319
1891 8318
1892 8317
1893 8316
1894 8315
1895 8314
1896 8313
1897 8312
1898 8311
1899 8310
1900 8309
1901 8308
1902 8307
1903 8306
1904 8305
1905 8304
1906 8303
1907 8302
1908 8301
1909 8363
1910 8362
1911 8361
1912 8360
1913 8359
1914 8358
1915 8357
1916 8356
1917 8508
1918 8507
1919 8506
1920 8505
1921 8504
1922 8503
1923 8502
1924 8501
1925 8500
1926 8499
1927 8498
1928 8497
1929 8496
1930 8495
1931 8494
1932 8493
1933 8492
1934 8491
1935 8490
1936 8489
1937 8488
1938 8487
1939 8486
1940 8485
1941 8484
1942 8483
1943 8482
1944 8481
1945 8480
1946 8479
1947 8478
1948 8477
1949 8476
1950 8958
1951 8957
1952 8956
1953 8955
1954 8954
1955 8953
1956 8952
1957 8951
1958 8950
1959 8949
1960 8948
1961 8947
1962 8946
1963 8945
1964 8944
1965 8943
1966 8942
1967 8941
1968 8940
1969 8939
1970 8938
1971 8937
1972 8936
1973 8935
1974 8762
1975 8761
1976 8760
1977 8759
1978 8758
1979 8757
1980 8756
1981 8755
1982 8754
1983 8753
1984 8752
1985 8751
1986 8750
1987 8749
1988 8748
1989 8747
1990 8746
1991 8745
1992 8744
1993 8743
1994 8742
1995 8741
1996 8740
1997 8739
1998 8738
1999 8737
2000 8736
2001 8735
2002 8734
2003 8733
2004 8732
2005 8731
2006 8730
2007 8729
2008 8728
2009 8727
2010 8726
2011 8725
2012 8724
2013 8723
2014 8722
2015 8721
2016 8720
2017 8719
2018 8718
2019 8717
2020 8716
2021 8715
2022 8714
2023 8713
2024 8712
2025 8711
2026 8710
2027 8709
2028 8708
2029 8707
2030 8706
2031 8705
2032 8704
2033 8703
2034 8702
2035 8701
2036 8700
2037 8699
2038 8698
2039 8697
2040 8696
2041 8695
2042 8694
2043 7040
2044 7039
2045 7038
2046 7037
2047 7036
2048 7035
2049 7034
2050 7033
2051 7117
2052 7116
2053 7115
2054 7114
2055 7113
2056 7112
2057 7111
2058 7110
2059 7109
2060 7108
2061 7107
2062 7106
2063 7105
2064 7104
2065 7103
2066 7102
2067 7101
2068 7100
2069 7099
2070 7098
2071 7097
2072 7096
2073 7095
2074 7094
2075 7093
2076 7092
2077 7091
2078 7090
2079 6717
2080 6716
2081 6715
2082 6714
2083 6713
2084 6712
2085 6711
2086 6710
2087 6955
2088 6954
2089 6953
2090 6952
2091 6951
2092 6950
2093 6949
2094 6948
2095 6947
2096 6946
2097 6945
2098 6944
2099 6943
2100 6942
2101 6941
2102 6940
2103 6939
2104 6938
2105 6937
2106 6936
2107 6935
2108 6934
2109 6933
2110 6932
2111 6931
2112 6930
2113 6929
2114 6928
2115 6927
2116 6926
2117 6925
2118 6924
2119 6923
2120 6922
2121 6921
2122 6305
2123 6304
2124 6303
2125 6302
2126 6301
2127 6300
2128 6299
2129 6298
2130 6297
2131 6296
2132 6295
2133 6294
2134 6293
2135 6292
2136 6291
2137 6290
2138 6289
2139 6288
2140 6287
2141 6286
2142 6285
2143 6284
2144 6283
2145 6282
2146 6281
2147 6280
2148 6279
2151 6268
2152 6267
2153 6266
2154 6265
2155 6264
2156 6263
2157 6262
2158 6261
2159 6260
2160 6259
2161 6258
2162 6257
2163 6256
2164 6255
2165 6254
2166 6253
2167 6835
2168 6834
2169 6833
2170 6832
2171 6831
2172 6830
2173 6829
2174 6828
2175 6827
2176 6826
2177 6825
2178 6824
2179 6823
2180 6822
2181 6821
2182 6820
2183 6819
2184 6818
2185 6817
2186 6816
2187 6815
2188 6814
2189 6813
2190 6812
2191 6811
2192 6810
2193 6809
2194 6808
2195 6807
2196 6806
2197 6805
2198 6804
2199 6803
2200 6802
2201 6801
2202 6800
2203 6732
2204 6731
2205 6730
2206 6729
2207 6728
2208 6727
2209 6726
2210 6725
2211 6724
2212 6723
2213 6722
2214 6721
2215 6720
2216 6719
2217 6718
2218 7089
2219 7088
2220 7087
2221 7086
2222 7085
2223 7084
2224 7083
2225 7082
2226 7081
2227 7080
2228 7079
2229 7078
2230 6692
2231 6691
2232 6690
2233 6689
2234 6688
2235 6687
2236 6686
2237 6685
2238 7055
2239 7054
2240 7053
2241 7052
2242 7051
2243 7050
2244 7049
2245 7048
2246 7047
2247 7046
2248 7045
2249 7044
2250 7043
2251 7042
2252 7041
2253 8693
2254 8692
2255 8691
2256 8690
2257 8689
2258 8688
2259 8687
2260 8686
2261 8685
2262 8684
2263 8683
2264 8682
2265 8681
2266 8680
2267 8679
2268 8678
2269 8677
2270 8676
2271 8675
2272 8674
2273 6545
2274 6544
2275 6543
2276 6542
2277 6541
2278 6540
2279 6539
2280 6538
2281 6537
2282 6536
2283 6535
2284 6534
2285 6533
2286 6532
2287 6531
2288 6530
2289 6529
2290 6528
2291 6527
2292 6526
2293 6525
2294 6524
2295 6523
2296 6522
2297 6521
2298 6520
2299 6519
2300 6518
2301 6517
2302 6516
2303 6515
2304 8881
2305 8880
2306 8879
2307 8878
2308 8877
2309 8876
2310 8875
2311 8874
2312 8873
2313 8872
2314 8871
2315 8870
2316 8769
2317 8768
2318 8767
2319 8766
2320 8765
2321 8764
2322 8763
2323 8934
2324 8933
2325 8932
2326 8931
2327 8930
2328 8929
2329 8928
2330 8927
2331 8926
2332 8925
2333 8924
2334 8923
2335 8922
2336 8921
2337 8920
2338 8919
2339 8549
2340 8548
2341 8547
2342 8546
2343 8545
2344 8544
2345 8543
2346 8542
2347 8541
2348 8540
2349 8539
2350 8538
2351 8537
2352 8536
2353 8535
2354 8534
2355 8533
2356 8532
2357 8531
2358 8530
2359 7287
2360 7286
2361 7285
2362 7284
2363 7283
2364 7282
2365 7281
2366 7280
2367 7279
2368 7278
2369 7277
2370 7276
2371 7275
2372 7274
2373 7273
2374 7272
2375 8378
2376 8377
2377 8376
2378 8375
2379 8374
2380 8373
2381 8372
2382 8371
2383 8370
2384 8369
2385 8368
2386 8367
2387 8366
2388 8365
2389 8364
2390 8300
2391 8299
2392 8298
2393 8297
2394 8296
2395 8295
2396 8294
2397 8293
2398 8292
2399 8291
2400 8290
2401 8289
2402 8288
2403 8287
2404 8286
2405 8285
2406 8284
2407 8283
2408 8282
2409 8281
2410 8209
2411 8208
2412 8207
2413 8206
2414 8205
2415 8204
2416 8203
2417 8202
2418 8201
2419 8200
2420 8199
2421 8198
2422 8197
2423 8196
2424 8195
2425 9172
2426 9171
2427 9170
2428 9169
2429 9168
2430 9167
2431 9166
2432 9165
2433 9164
2434 9163
2435 9162
2436 9161
2437 9160
2438 9159
2439 9158
2440 9157
2441 9156
2442 9155
2443 9154
2444 9153
2445 9221
2446 9220
2447 9219
2448 9218
2449 9217
2450 9216
2451 9215
2452 9214
2453 9213
2454 9212
2455 9211
2456 9210
2457 9209
2458 9208
2459 9207
2460 9355
2461 9354
2462 9353
2463 9352
2464 9351
2465 9350
2466 9349
2467 9348
2468 9347
2469 9346
2470 9345
2471 9344
2472 9343
2473 9342
2474 9341
2475 9340
2476 7937
2477 7936
2478 7935
2479 7934
2480 7933
2481 7932
2482 7931
2483 7930
2484 7929
2485 7928
2486 7927
2487 7926
2488 7925
2489 7924
2490 7923
2491 7922
2492 7921
2493 7920
2494 7919
2495 7918
2496 7917
2497 7916
2498 7915
2499 7914
2500 7913
2501 7912
2502 7911
2503 7910
2504 7909
2505 7908
2506 7907
2507 7906
2508 7905
2509 7904
2510 7903
2511 7902
2512 7901
2513 7900
2514 7899
2515 7898
2516 7897
2517 7896
2518 7895
2519 7894
2520 7893
2521 7892
2522 7891
2523 7890
2524 7889
2525 7888
2526 7887
2527 7886
2528 7885
2529 7884
2530 7883
2531 7882
2532 7881
2533 7880
2534 7879
2535 7878
2536 7877
2537 7876
2538 7875
2539 7874
2540 7873
2541 7872
2542 7871
2543 7870
2544 7869
2545 7868
2546 7867
2547 7791
2548 7790
2549 7789
2550 7788
2551 7787
2552 7786
2553 7785
2554 7784
2555 7783
2556 7782
2557 7781
2558 7780
2559 7779
2560 7778
2561 7777
2562 7719
2563 7718
2564 7717
2565 7716
2566 7715
2567 7714
2568 7713
2569 7712
2570 7711
2571 7710
2572 7709
2573 7708
2574 7707
2575 7706
2576 7705
2577 7704
2578 7703
2579 7702
2580 7628
2581 7627
2582 7626
2583 7625
2584 7624
2585 7623
2586 7622
2587 7621
2588 7620
2589 7619
2590 7618
2591 7617
2592 7616
2593 7615
2594 7614
2595 11432
2596 11431
2597 11430
2598 11429
2599 11428
2600 11427
2601 11426
2602 11425
2603 11424
2604 11423
2605 11422
2606 11421
2607 11420
2608 11419
2609 11418
2610 11417
2611 11416
2612 11415
2613 11414
2614 11476
2615 11475
2616 11474
2617 11473
2618 11472
2619 11471
2620 11470
2621 11469
2622 11468
2623 11467
2624 11466
2625 11465
2626 11464
2627 11463
2628 11577
2629 11576
2630 11575
2631 11574
2632 11573
2633 11572
2634 11571
2635 11570
2636 11569
2637 11568
2638 11567
2639 11566
2640 11565
2641 11564
2642 11563
2643 11562
2644 9657
2645 9656
2646 9655
2647 9654
2648 9653
2649 9652
2650 9651
2651 9650
2652 9649
2653 9648
2654 9647
2655 9716
2656 9715
2657 9714
2658 9713
2659 9712
2660 9711
2661 9710
2662 9709
2663 9708
2664 9707
2665 9706
2666 9705
2667 9704
2668 9703
2669 9702
2670 9701
2671 9700
2672 9699
2673 9698
2674 9697
2675 9696
2676 9695
2677 11238
2678 11237
2679 11236
2680 11235
2681 11234
2682 11233
2683 11232
2684 11231
2685 11230
2686 11229
2687 11228
2688 11227
2689 11226
2690 11225
2691 11224
2692 11223
2693 11222
2694 11221
2695 11220
2696 11112
2697 11111
2698 11110
2699 11109
2700 11108
2701 11107
2702 11106
2703 11105
2704 11104
2705 11103
2706 11102
2707 11101
2708 11100
2709 11099
2710 11098
2711 11011
2712 11010
2713 11009
2714 11008
2715 11007
2716 11006
2717 11005
2718 11004
2719 11003
2720 11002
2721 11001
2722 11000
2723 10999
2724 10998
2725 10997
2726 9837
2727 9836
2728 9835
2729 9834
2730 9833
2731 9832
2732 9831
2733 9830
2734 9829
2735 9828
2736 9827
2737 9826
2738 9825
2739 9824
2740 9823
2741 9822
2742 9821
2743 9820
2744 10894
2745 10893
2746 10892
2747 10891
2748 10890
2749 10889
2750 10888
2751 10887
2752 10886
2753 10885
2754 10884
2755 10883
2756 10882
2757 10881
2758 10880
2759 11846
2760 11845
2761 11844
2762 11843
2763 11842
2764 11841
2765 11840
2766 11839
2767 11838
2768 11837
2769 11836
2770 11835
2771 11834
2772 11833
2773 11832
2774 11831
2775 11830
2776 11829
2777 11887
2778 11886
2779 11885
2780 11884
2781 11883
2782 11882
2783 11881
2784 11880
2785 11879
2786 11878
2787 11877
2788 11876
2789 11875
2790 12031
2791 12030
2792 12029
2793 12028
2794 12027
2795 12026
2796 12025
2797 12024
2798 12023
2799 12022
2800 12021
2801 12020
2802 12019
2803 12018
2804 12017
2805 12016
2806 9881
2807 9880
2808 9879
2809 9878
2810 9877
2811 9876
2812 9875
2813 9874
2814 9873
2815 9872
2816 9937
2817 9936
2818 9935
2819 9934
2820 9933
2821 9932
2822 9931
2823 9930
2824 9929
2825 9928
2826 9927
2827 9926
2828 9925
2829 9924
2830 9923
2831 9922
2832 9921
2833 9920
2834 9919
2835 9918
2836 9917
2837 10651
2838 10650
2839 10649
2840 10648
2841 10647
2842 10646
2843 10645
2844 10644
2845 10643
2846 10642
2847 10641
2848 10640
2849 10639
2850 10638
2851 10637
2852 10636
2853 10635
2854 10634
2855 10046
2856 10045
2857 10044
2858 10043
2859 10042
2860 10041
2861 10040
2862 10039
2863 10038
2864 10037
2865 10036
2866 10035
2867 10034
2868 10033
2869 10532
2870 10531
2871 10530
2872 10529
2873 10528
2874 10527
2875 10526
2876 10525
2877 10524
2878 10523
2879 10522
2880 10521
2881 10520
2882 10519
2883 10518
2884 10462
2885 10461
2886 10460
2887 10459
2888 10458
2889 10457
2890 10456
2891 10455
2892 10454
2893 10453
2894 10452
2895 10451
2896 10450
2897 10449
2898 10448
2899 10447
2900 10446
2901 10445
2902 10444
2903 10443
2904 10442
2905 10441
2906 10440
2907 10439
2908 10438
2909 10437
2910 10436
2911 10435
2912 10434
2913 10433
2914 10432
2915 10256
2916 10255
2917 10254
2918 10253
2919 10252
2920 10251
2921 10250
2922 10249
2923 10248
2924 10247
2925 10246
2926 10245
2927 10244
2928 10243
2929 10242
2930 10241
2931 10240
2932 10294
2933 10293
2934 10292
2935 10291
2936 10290
2937 10289
2938 10288
2939 10287
2940 10286
2941 10285
2942 10284
2943 10283
2944 12387
2945 12386
2946 12385
2947 12384
2948 12383
2949 12382
2950 12381
2951 12380
2952 12379
2953 12378
2954 12377
2955 12376
2956 12375
2957 12374
2958 12373
2959 12372
2960 10234
2961 10233
2962 10232
2963 10231
2964 10230
2967 10239
2968 10238
2969 10237
2970 10236
2971 10235
2972 12371
2973 12370
2974 12369
2975 12368
2976 12367
2977 12366
2978 12365
2979 12364
2980 12363
2981 12362
2982 12361
2983 12360
2984 12359
2985 12358
2986 12357
2987 12356
2988 12355
2989 12354
2990 12353
2991 12352
2992 12351
2993 12350
2994 12349
2995 12348
2996 12274
2997 12273
2998 12272
2999 12271
3000 12270
3001 12269
3002 12268
3003 12267
3004 12266
3005 12265
3006 12264
3007 12263
3008 12262
3009 12261
3010 12260
3011 12259
3012 12258
3013 12257
3014 12256
3015 12255
3016 12254
3017 12253
3018 12252
3019 12251
3020 12250
3021 12249
3022 12248
3023 12247
3024 12246
3025 12245
3026 12244
3027 12243
3028 12242
3029 12241
3030 10154
3031 10153
3032 10152
3033 10151
3034 10150
3035 10149
3036 10148
3037 10147
3038 10146
3039 10145
3040 10144
3041 10143
3042 10142
3043 10141
3044 10140
3045 10139
3046 10138
3047 10137
3048 10136
3049 10135
3050 10134
3051 10133
3052 10132
3053 10131
3054 10130
3055 10129
3056 10128
3057 10127
3058 10126
3059 10125
3060 10124
3061 10123
3062 10122
3063 10121
3064 10120
3065 10119
3066 10540
3067 10539
3068 10538
3069 10537
3070 10536
3071 10535
3072 10534
3073 10533
3074 10032
3075 10031
3076 10030
3077 10029
3078 10028
3079 10027
3080 10026
3081 10025
3082 10024
3083 10023
3084 10022
3085 10021
3086 10020
3087 10019
3088 10018
3089 10017
3090 10016
3091 10015
3092 10014
3093 10013
3094 10012
3095 10011
3096 10010
3097 10009
3098 10008
3099 10007
3100 10006
3101 10659
3102 10658
3103 10657
3104 10656
3105 10655
3106 10654
3107 10653
3108 10652
3109 9916
3110 9915
3111 9914
3112 9913
3113 9912
3114 9911
3115 9910
3116 9909
3117 9908
3118 9907
3119 9906
3120 9905
3121 9904
3122 9903
3123 9902
3124 9901
3125 9900
3126 9899
3127 9898
3128 9897
3129 9896
3130 9895
3131 9894
3132 9893
3133 9892
3134 9891
3135 9890
3136 9889
3137 9888
3138 9887
3139 9886
3140 9885
3141 9884
3142 9883
3143 9882
3144 12015
3145 12014
3146 12013
3147 12012
3148 12011
3149 12010
3150 12009
3151 12008
3152 12007
3153 12006
3154 12005
3155 12004
3156 12003
3157 12002
3158 12001
3159 12000
3160 11999
3161 11998
3162 11997
3163 11996
3164 11995
3165 11994
3166 11993
3167 11992
3168 11820
3169 11819
3170 11818
3171 11817
3172 11816
3173 11815
3174 11814
3175 11813
3176 11812
3177 11811
3178 11810
3179 11809
3180 11808
3181 11807
3182 11806
3183 11805
3184 11804
3185 11803
3186 11802
3187 11801
3188 11800
3189 11799
3190 11798
3191 11797
3192 11796
3193 11795
3194 11794
3195 11793
3196 11792
3197 11791
3198 11790
3199 11789
3200 11788
3201 11787
3202 11786
3203 11785
3204 10902
3205 10901
3206 10900
3207 10899
3208 10898
3209 10897
3210 10896
3211 10895
3212 9819
3213 9818
3214 9817
3215 9816
3216 9815
3217 9814
3218 9813
3219 9812
3220 9811
3221 9810
3222 9809
3223 9808
3224 9807
3225 9806
3226 9805
3227 9804
3228 9803
3229 9802
3230 9801
3231 9800
3232 9799
3233 9798
3234 9797
3235 9796
3236 9795
3237 9794
3238 9793
3239 9792
3240 9791
3241 9790
3242 11019
3243 11018
3244 11017
3245 11016
3246 11015
3247 11014
3248 11013
3249 11012
3250 11097
3251 11096
3252 11095
3253 11094
3254 11093
3255 11092
3256 11091
3257 11090
3258 11089
3259 11088
3260 11087
3261 11086
3262 11085
3263 11084
3264 11083
3265 11082
3266 11081
3267 11080
3268 11079
3269 11078
3270 11077
3271 11076
3272 11075
3273 11074
3274 11073
3275 11072
3276 11071
3277 11070
3278 11069
3279 11246
3280 11245
3281 11244
3282 11243
3283 11242
3284 11241
3285 11240
3286 11239
3287 9694
3288 9693
3289 9692
3290 9691
3291 9690
3292 9689
3293 9688
3294 9687
3295 9686
3296 9685
3297 9684
3298 9683
3299 9682
3300 9681
3301 9680
3302 9679
3303 9678
3304 9677
3305 9676
3306 9675
3307 9674
3308 9673
3309 9672
3310 9671
3311 9670
3312 9669
3313 9668
3314 9667
3315 9666
3316 9665
3317 9664
3318 9663
3319 9662
3320 9661
3321 9660
3322 9659
3323 9658
3324 11561
3325 11560
3326 11559
3327 11558
3328 11557
3329 11556
3330 11555
3331 11554
3332 11553
3333 11552
3334 11551
3335 11550
3336 11549
3337 11548
3338 11547
3339 11546
3340 11545
3341 11544
3342 11543
3343 11542
3344 11541
3345 11540
3346 11539
3347 11538
3348 9600
3349 9599
3350 9598
3351 9597
3352 9596
3353 9595
3354 9594
3355 9593
3356 9592
3357 9591
3358 9590
3359 9589
3360 9588
3361 9587
3362 9586
3363 9585
3364 9584
3365 9583
3366 9582
3367 9581
3368 9580
3369 9579
3370 9578
3371 9577
3372 9576
3373 9575
3374 9574
3375 9573
3376 9572
3377 9571
3378 9570
3379 9569
3380 9568
3381 9567
3382 9566
3383 9565
3384 9564
3385 9563
3386 7636
3387 7635
3388 7634
3389 7633
3390 7632
3391 7631
3392 7630
3393 7629
3394 7701
3395 7700
3396 7699
3397 7698
3398 7697
3399 7696
3400 7695
3401 7694
3402 7693
3403 7692
3404 7691
3405 7690
3406 7689
3407 7688
3408 7687
3409 7686
3410 7685
3411 7684
3412 7683
3413 7682
3414 7681
3415 7680
3416 7679
3417 7678
3418 7677
3419 7676
3420 7675
3421 7674
3422 7673
3423 7672
3424 7799
3425 7798
3426 7797
3427 7796
3428 7795
3429 7794
3430 7793
3431 7792
3432 7866
3433 7865
3434 7864
3435 7863
3436 7862
3437 7861
3438 7860
3439 7859
3440 7858
3441 7857
3442 7856
3443 7855
3444 7854
3445 7853
3446 7852
3447 7851
3448 7850
3449 7849
3450 7848
3451 7847
3452 7846
3453 7845
3454 7844
3455 7843
3456 7842
3457 7841
3458 7840
3459 7839
3460 7838
3461 7837
3462 7836
3463 7984
3464 7983
3465 7982
3466 7981
3467 7980
3468 7979
3469 7978
3470 7977
3471 7976
3472 7975
3473 7974
3474 7973
3475 7972
3476 7971
3477 7970
3478 7969
3479 7968
3480 7967
3481 7966
3482 7965
3483 7964
3484 7963
3485 7962
3486 7961
3487 7960
3488 7959
3489 7958
3490 7957
3491 7956
3492 7955
3493 7954
3494 7953
3495 7952
3496 7951
3497 7950
3498 7949
3499 7948
3500 7947
3501 7946
3502 7945
3503 7944
3504 7943
3505 7942
3506 7941
3507 7940
3508 7939
3509 7938
3510 9339
3511 9338
3512 9337
3513 9336
3514 9335
3515 9334
3516 9333
3517 9332
3518 9331
3519 9330
3520 9329
3521 9328
3522 9327
3523 9326
3524 9325
3525 9324
3526 9323
3527 9322
3528 9321
3529 9320
3530 9319
3531 9318
3532 9317
3533 9316
3534 9145
3535 9144
3536 9143
3537 9142
3538 9141
3539 9140
3540 9139
3541 9138
3542 9137
3543 9136
3544 9135
3545 9134
3546 9133
3547 9132
3548 9131
3549 9130
3550 9129
3551 9128
3552 9127
3553 9126
3554 9125
3555 9124
3556 9123
3557 9122
3558 9121
3559 9120
3560 9119
3561 9118
3562 9117
3563 9116
3564 9115
3565 9114
3566 9113
3567 9112
3568 9111
3569 9110
3570 9109
3571 9108
3572 8217
3573 8216
3574 8215
3575 8214
3576 8213
3577 8212
3578 8211
3579 8210
3580 8280
3581 8279
3582 8278
3583 8277
3584 8276
3585 8275
3586 8274
3587 8273
3588 8272
3589 8271
3590 8270
3591 8269
3592 8268
3593 8267
3594 8266
3595 8265
3596 8264
3597 8263
3598 8262
3599 8261
3600 8260
3601 8259
3602 8258
3603 8257
3604 8256
3605 8255
3606 8254
3607 8253
3608 8252
3609 8251
3610 8386
3611 8385
3612 8384
3613 8383
3614 8382
3615 8381
3616 8380
3617 8379
3618 7271
3619 7270
3620 7269
3621 7268
3622 7267
3623 7266
3624 7265
3625 7264
3626 7263
3627 7262
3628 7261
3629 7260
3630 7259
3631 7258
3632 7257
3633 7256
3634 7255
3635 7254
3636 7253
3637 7252
3638 7251
3639 7250
3640 7249
3641 7248
3642 7247
3643 7246
3644 7245
3645 7244
3646 7243
3647 8557
3648 8556
3649 8555
3650 8554
3651 8553
3652 8552
3653 8551
3654 8550
3655 8918
3656 8917
3657 8916
3658 8915
3659 8914
3660 8913
3661 8912
3662 8911
3663 8910
3664 8909
3665 8908
3666 8907
3667 8906
3668 8905
3669 8904
3670 8903
3671 8902
3672 8901
3673 8900
3674 8899
3675 8898
3676 8897
3677 8896
3678 8895
3679 8894
3680 8893
3681 8892
3682 8891
3683 8890
3684 8889
3685 8888
3686 8887
3687 8886
3688 8885
3689 8884
3690 8883
3691 8882
3692 6514
3693 6513
3694 6512
3695 6511
3696 6510
3697 6509
3698 6508
3699 6507
3700 6506
3701 6505
3702 6504
3703 6503
3704 6502
3705 6501
3706 6500
3707 6499
3708 6498
3709 6497
3710 6496
3711 6495
3712 6494
3713 6493
3714 6492
3715 6491
3716 6490
3717 6489
3718 6488
3719 6487
3720 6486
3721 6485
3722 6484
3723 6483
3724 6482
3725 6481
3726 6480
3727 6479
3728 6478
3729 6477
3730 6476
3731 6475
3732 6474
3733 6473
3734 6472
3735 6471
3736 6470
3737 6469
3738 6468
3739 6467
3740 6466
3741 6465
3742 6464
3743 6463
3744 6462
3745 6461
3746 6460
3747 6459
3748 6458
3749 6457
3750 6456
3751 6455
3752 7063
3753 7062
3754 7061
3755 7060
3756 7059
3757 7058
3758 7057
3759 7056
3760 6684
3761 6683
3762 6682
3763 6681
3764 6680
3765 6679
3766 6678
3767 6677
3768 6676
3769 6675
3770 6674
3771 6673
3772 6672
3773 6671
3774 6670
3775 6669
3776 6668
3777 6667
3778 6666
3779 6665
3780 6664
3781 6663
3782 6662
3783 6661
3784 6660
3785 6659
3786 6658
3787 6657
3788 6740
3789 6739
3790 6738
3791 6737
3792 6736
3793 6735
3794 6734
3795 6733
3796 6799
3797 6798
3798 6797
3799 6796
3800 6795
3801 6794
3802 6793
3803 6792
3804 6791
3805 6790
3806 6789
3807 6788
3808 6787
3809 6786
3810 6785
3811 6784
3812 6783
3813 6782
3814 6781
3815 6780
3816 6779
3817 6778
3818 6777
3819 6776
3820 6775
3821 6774
3822 6773
3823 6843
3824 6842
3825 6841
3826 6840
3827 6839
3828 6838
3829 6837
3830 6836
3831 6252
3832 6251
3833 6250
3834 6249
3835 6248
3836 6247
3837 6246
3838 6245
3839 6244
3840 6243
3841 6242
3842 6241
3843 6240
3844 6239
3845 6238
3846 6237
3849 6278
3850 6277
3851 6276
3852 6275
3853 6274
3854 6859
3855 6858
3856 6857
3857 6856
3858 6855
3859 6854
3860 6853
3861 6852
3862 6851
3863 6850
3864 6849
3865 6848
3866 6847
3867 6846
3868 6845
3869 6844
3870 6772
3871 6771
3872 6770
3873 6769
3874 6768
3875 6767
3876 6766
3877 6765
3878 6764
3879 6763
3880 6762
3881 6761
3882 6760
3883 6759
3884 6758
3885 6757
3886 6756
3887 6755
3888 6754
3889 6753
3890 6752
3891 6751
3892 6750
3893 6749
3894 6748
3895 6747
3896 6746
3897 6745
3898 6744
3899 6743
3900 6742
3901 6741
3902 6656
3903 6655
3904 6654
3905 6653
3906 6652
3907 6651
3908 6650
3909 6649
3910 6648
3911 6647
3912 6646
3913 6645
3914 6644
3915 6643
3916 6642
3917 6641
3918 6640
3919 7077
3920 7076
3921 7075
3922 7074
3923 7073
3924 7072
3925 7071
3926 7070
3927 7069
3928 7068
3929 7067
3930 7066
3931 7065
3932 7064
3933 6454
3934 6453
3935 6452
3936 6451
3937 6450
3938 6449
3939 6448
3940 6447
3941 6446
3942 6445
3943 6444
3944 6443
3945 6442
3946 6441
3947 6440
3948 6555
3949 6554
3950 6553
3951 6552
3952 6551
3953 6550
3954 6549
3955 6548
3956 6547
3957 6546
3958 6604
3959 6603
3960 6602
3961 6601
3962 6600
3963 6599
3964 6598
3965 6597
3966 6596
3967 6595
3968 6594
3969 6593
3970 6592
3971 6591
3972 6590
3973 6589
3974 6588
3975 6587
3976 6586
3977 6585
3978 6584
3979 8620
3980 8619
3981 8618
3982 8617
3983 8616
3984 8615
3985 8614
3986 8613
3987 8612
3988 8611
3989 8610
3990 8609
3991 8608
3992 8607
3993 8606
3994 8605
3995 8604
3996 8603
3997 8602
3998 8869
3999 8868
4000 8867
4001 8866
4002 8865
4003 8864
4004 8863
4005 8862
4006 8861
4007 8860
4008 8859
4009 8858
4010 8857
4011 8856
4012 8573
4013 8572
4014 8571
4015 8570
4016 8569
4017 8568
4018 8567
4019 8566
4020 8565
4021 8564
4022 8563
4023 8562
4024 8561
4025 8560
4026 8559
4027 8558
4028 7242
4029 7241
4030 7240
4031 7239
4032 7238
4033 7237
4034 7236
4035 7235
4036 7234
4037 7233
4038 7232
4039 8409
4040 8408
4041 8407
4042 8406
4043 8405
4044 8404
4045 8403
4046 8402
4047 8401
4048 8400
4049 8399
4050 8398
4051 8397
4052 8396
4053 8395
4054 8394
4055 8393
4056 8392
4057 8391
4058 8390
4059 8389
4060 8388
4061 8387
4062 8250
4063 8249
4064 8248
4065 8247
4066 8246
4067 8245
4068 8244
4069 8243
4070 8242
4071 8241
4072 8240
4073 8239
4074 8238
4075 8237
4076 8236
4077 8235
4078 8234
4079 8233
4080 8232
4081 8231
4082 8230
4083 8229
4084 8228
4085 8227
4086 8226
4087 8225
4088 8224
4089 8223
4090 8222
4091 8221
4092 8220
4093 8219
4094 8218
4095 9107
4096 9106
4097 9105
4098 9104
4099 9103
4100 9102
4101 9101
4102 9100
4103 9099
4104 9098
4105 9097
4106 9096
4107 9095
4108 9094
4109 9093
4110 9270
4111 9269
4112 9268
4113 9267
4114 9266
4115 9265
4116 9264
4117 9263
4118 9262
4119 9261
4120 9260
4121 9152
4122 9151
4123 9150
4124 9149
4125 9148
4126 9147
4127 9146
4128 9315
4129 9314
4130 9313
4131 9312
4132 9311
4133 9310
4134 9309
4135 9308
4136 9307
4137 9306
4138 9305
4139 9304
4140 9303
4141 9302
4142 9301
4143 8095
4144 8094
4145 8093
4146 8092
4147 8091
4148 8090
4149 8089
4150 8088
4151 8087
4152 8086
4153 8085
4154 8084
4155 8083
4156 8082
4157 8081
4158 8080
4159 8079
4160 8078
4161 8077
4162 8076
4163 8075
4164 8074
4165 8073
4166 8072
4167 8071
4168 8070
4169 8069
4170 8068
4171 8067
4172 8066
4173 8065
4174 8064
4175 8063
4176 8062
4177 8061
4178 8000
4179 7999
4180 7998
4181 7997
4182 7996
4183 7995
4184 7994
4185 7993
4186 7992
4187 7991
4188 7990
4189 7989
4190 7988
4191 7987
4192 7986
4193 7985
4194 7835
4195 7834
4196 7833
4197 7832
4198 7831
4199 7830
4200 7829
4201 7828
4202 7827
4203 7826
4204 7825
4205 7824
4206 7823
4207 7822
4208 7821
4209 7820
4210 7819
4211 7818
4212 7817
4213 7816
4214 7815
4215 7814
4216 7813
4217 7812
4218 7811
4219 7810
4220 7809
4221 7808
4222 7807
4223 7806
4224 7805
4225 7804
4226 7803
4227 7802
4228 7801
4229 7800
4230 7671
4231 7670
4232 7669
4233 7668
4234 7667
4235 7666
4236 7665
4237 7664
4238 7663
4239 7662
4240 7661
4241 7660
4242 7659
4243 7658
4244 7657
4245 7656
4246 7655
4247 7654
4248 7653
4249 7652
4250 7651
4251 7650
4252 7649
4253 7648
4254 7647
4255 7646
4256 7645
4257 7644
4258 7643
4259 7642
4260 7641
4261 7640
4262 7639
4263 7638
4264 7637
4265 9562
4266 9561
4267 9560
4268 9559
4269 9558
4270 9557
4271 9556
4272 9555
4273 9554
4274 9553
4275 9552
4276 9551
4277 9550
4278 9549
4279 9548
4280 11488
4281 11487
4282 11486
4283 11485
4284 11484
4285 11483
4286 11482
4287 11481
4288 11480
4289 11479
4290 11478
4291 11477
4292 9608
4293 9607
4294 9606
4295 9605
4296 9604
4297 9603
4298 9602
4299 9601
4300 11537
4301 11536
4302 11535
4303 11534
4304 11533
4305 11532
4306 11531
4307 11530
4308 11529
4309 11528
4310 11527
4311 11526
4312 11525
4313 11524
4314 11523
4315 11362
4316 11361
4317 11360
4318 11359
4319 11358
4320 11357
4321 11356
4322 11355
4323 11354
4324 11353
4325 11352
4326 11351
4327 11350
4328 11349
4329 11348
4330 11347
4331 11346
4332 11345
4333 11344
4334 11343
4335 11342
4336 11341
4337 11340
4338 11339
4339 11338
4340 11337
4341 11336
4342 11335
4343 11334
4344 11333
4345 11332
4346 11331
4347 11330
4348 11329
4349 11328
4350 11327
4351 11262
4352 11261
4353 11260
4354 11259
4355 11258
4356 11257
4357 11256
4358 11255
4359 11254
4360 11253
4361 11252
4362 11251
4363 11250
4364 11249
4365 11248
4366 11247
4367 11068
4368 11067
4369 11066
4370 11065
4371 11064
4372 11063
4373 11062
4374 11061
4375 11060
4376 11059
4377 11058
4378 11057
4379 11219
4380 11218
4381 11217
4382 11216
4383 11215
4384 11214
4385 11213
4386 11212
4387 11035
4388 11034
4389 11033
4390 11032
4391 11031
4392 11030
4393 11029
4394 11028
4395 11027
4396 11026
4397 11025
4398 11024
4399 11023
4400 11022
4401 11021
4402 11020
4403 9789
4404 9788
4405 9787
4406 9786
4407 9785
4408 9784
4409 9783
4410 9782
4411 9781
4412 9780
4413 9779
4414 9778
4415 9777
4416 9776
4417 9775
4418 9774
4419 9773
4420 9772
4421 9771
4422 10918
4423 10917
4424 10916
4425 10915
4426 10914
4427 10913
4428 10912
4429 10911
4430 10910
4431 10909
4432 10908
4433 10907
4434 10906
4435 10905
4436 10904
4437 10903
4438 11784
4439 11783
4440 11782
4441 11781
4442 11780
4443 11779
4444 11778
4445 11777
4446 11776
4447 11775
4448 11774
4449 11773
4450 11772
4451 11771
4452 11770
4453 11940
4454 11939
4455 11938
4456 11937
4457 11936
4458 11935
4459 11934
4460 11933
4461 11932
4462 11931
4463 11930
4464 11929
4465 11828
4466 11827
4467 11826
4468 11825
4469 11824
4470 11823
4471 11822
4472 11821
4473 11991
4474 11990
4475 11989
4476 11988
4477 11987
4478 11986
4479 11985
4480 11984
4481 11983
4482 11982
4483 11981
4484 11980
4485 11979
4486 11978
4487 11977
4488 10779
4489 10778
4490 10777
4491 10776
4492 10775
4493 10774
4494 10773
4495 10772
4496 10771
4497 10770
4498 10769
4499 10768
4500 10767
4501 10766
4502 10765
4503 10764
4504 10763
4505 10762
4506 10761
4507 10760
4508 10759
4509 10758
4510 10757
4511 10756
4512 10755
4513 10754
4514 10753
4515 10752
4516 10751
4517 10750
4518 10749
4519 10748
4520 10747
4521 10746
4522 10745
4523 10744
4524 10675
4525 10674
4526 10673
4527 10672
4528 10671
4529 10670
4530 10669
4531 10668
4532 10667
4533 10666
4534 10665
4535 10664
4536 10663
4537 10662
4538 10661
4539 10660
4540 10005
4541 10004
4542 10003
4543 10002
4544 10001
4545 10000
4546 9999
4547 9998
4548 9997
4549 9996
4550 9995
4551 9994
4552 10099
4553 10098
4554 10097
4555 10096
4556 10095
4557 10094
4558 10093
4559 10092
4560 10556
4561 10555
4562 10554
4563 10553
4564 10552
4565 10551
4566 10550
4567 10549
4568 10548
4569 10547
4570 10546
4571 10545
4572 10544
4573 10543
4574 10542
4575 10541
4576 10118
4577 10117
4578 10116
4579 10115
4580 10114
4581 10113
4582 10112
4583 10111
4584 10110
4585 10109
4586 10108
4587 10107
4588 10106
4589 10105
4590 10104
4591 10103
4592 10102
4593 10101
4594 10100
4595 10170
4596 10169
4597 10168
4598 10167
4599 10166
4600 10165
4601 10164
4602 10163
4603 10162
4604 10161
4605 10160
4606 10159
4607 10158
4608 10157
4609 10156
4610 10155
4611 12240
4612 12239
4613 12238
4614 12237
4615 12236
4616 12235
4617 12234
4618 12233
4619 12232
4620 12231
4621 12230
4622 12229
4623 12228
4624 12227
4625 12226
4626 12294
4627 12293
4628 12292
4629 12291
4630 12290
4631 12289
4632 12288
4633 12287
4634 12286
4635 12285
4636 12284
4637 12283
4638 12282
4639 12281
4640 12280
4641 12279
4642 12278
4643 12277
4644 12276
4645 12275
4646 12347
4647 12346
4648 12345
4649 12344
4650 12343
4651 12342
4652 12341
4653 12340
4654 12339
4655 12338
4656 12337
4657 12336
4658 12335
4659 12334
4660 12333
4661 12422
4662 12421
4663 12420
4664 12419
4665 12418
4666 12417
4667 12416
4668 12415
4669 12414
4670 12413
4671 12412
4672 12411
4673 12410
4674 12409
4675 12408
4676 12407
4679 12438
4680 12437
4681 12436
4682 12435
4683 12434
4684 12433
4685 12432
4686 12431
4687 12430
4688 12429
4689 12428
4690 12427
4691 12426
4692 12425
4693 12424
4694 12423
4695 12332
4696 12331
4697 12330
4698 12329
4699 12328
4700 12327
4701 12326
4702 12325
4703 12324
4704 12323
4705 12322
4706 12321
4707 12320
4708 12319
4709 12318
4710 12317
4711 12316
4712 12315
4713 12314
4714 12313
4715 12312
4716 12311
4717 12310
4718 12309
4719 12308
4720 12307
4721 12306
4722 12305
4723 12304
4724 12303
4725 12302
4726 12301
4727 12300
4728 12299
4729 12298
4730 12297
4731 12296
4732 12295
4733 12225
4734 12224
4735 12223
4736 12222
4737 12221
4738 12220
4739 12219
4740 12218
4741 12217
4742 12216
4743 12215
4744 12214
4745 12213
4746 12212
4747 12211
4748 12210
4749 12209
4750 12208
4751 12207
4752 12206
4753 12205
4754 12204
4755 12203
4756 12202
4757 12201
4758 12200
4759 12199
4760 12198
4761 12197
4762 12196
4763 12195
4764 12194
4765 12193
4766 12192
4767 12191
4768 12190
4769 12189
4770 12188
4771 12187
4772 12186
4773 12185
4774 12184
4775 12183
4776 12182
4777 12181
4778 12180
4779 12179
4780 12178
4781 12177
4782 12176
4783 12175
4784 12174
4785 12173
4786 12172
4787 12171
4788 12170
4789 12169
4790 12168
4791 12167
4792 12166
4793 10564
4794 10563
4795 10562
4796 10561
4797 10560
4798 10559
4799 10558
4800 10557
4801 10091
4802 10090
4803 10089
4804 10088
4805 10087
4806 10086
4807 10085
4808 10084
4809 10083
4810 10082
4811 10081
4812 10080
4813 10079
4814 10078
4815 10077
4816 10076
4817 10075
4818 10074
4819 10073
4820 10072
4821 10071
4822 10070
4823 10069
4824 10068
4825 10067
4826 10066
4827 10065
4828 10683
4829 10682
4830 10681
4831 10680
4832 10679
4833 10678
4834 10677
4835 10676
4836 10743
4837 10742
4838 10741
4839 10740
4840 10739
4841 10738
4842 10737
4843 10736
4844 10735
4845 10734
4846 10733
4847 10732
4848 10731
4849 10730
4850 10729
4851 10728
4852 10727
4853 10726
4854 10725
4855 10724
4856 10723
4857 10722
4858 10721
4859 10720
4860 10719
4861 10718
4862 10717
4863 10716
4864 10787
4865 10786
4866 10785
4867 10784
4868 10783
4869 10782
4870 10781
4871 10780
4872 11976
4873 11975
4874 11974
4875 11973
4876 11972
4877 11971
4878 11970
4879 11969
4880 11968
4881 11967
4882 11966
4883 11965
4884 11964
4885 11963
4886 11962
4887 11961
4888 11960
4889 11959
4890 11958
4891 11957
4892 11956
4893 11955
4894 11954
4895 11953
4896 11952
4897 11951
4898 11950
4899 11949
4900 11948
4901 11947
4902 11946
4903 11945
4904 11944
4905 11943
4906 11942
4907 11941
4908 11769
4909 11768
4910 11767
4911 11766
4912 11765
4913 11764
4914 11763
4915 11762
4916 11761
4917 11760
4918 11759
4919 11758
4920 11757
4921 11756
4922 11755
4923 11754
4924 11753
4925 11752
4926 11751
4927 11750
4928 11749
4929 11748
4930 11747
4931 11746
4932 11745
4933 11744
4934 11743
4935 11742
4936 11741
4937 11740
4938 11739
4939 11738
4940 11737
4941 11736
4942 11735
4943 11734
4944 11733
4945 11732
4946 11731
4947 11730
4948 11729
4949 11728
4950 11727
4951 11726
4952 11725
4953 11724
4954 11723
4955 11722
4956 11721
4957 11720
4958 11719
4959 11718
4960 11717
4961 11716
4962 11715
4963 11714
4964 11713
4965 11712
4966 11043
4967 11042
4968 11041
4969 11040
4970 11039
4971 11038
4972 11037
4973 11036
4974 11211
4975 11210
4976 11209
4977 11208
4978 11207
4979 11206
4980 11205
4981 11204
4982 11203
4983 11202
4984 11201
4985 11200
4986 11199
4987 11198
4988 11197
4989 11196
4990 11195
4991 11194
4992 11193
4993 11192
4994 11191
4995 11190
4996 11189
4997 11188
4998 11187
4999 11270
5000 11269
5001 11268
5002 11267
5003 11266
5004 11265
5005 11264
5006 11263
5007 11326
5008 11325
5009 11324
5010 11323
5011 11322
5012 11321
5013 11320
5014 11319
5015 11318
5016 11317
5017 11316
5018 11315
5019 11314
5020 11313
5021 11312
5022 11311
5023 11310
5024 11309
5025 11308
5026 11307
5027 11306
5028 11305
5029 11304
5030 11303
5031 11302
5032 11301
5033 11370
5034 11369
5035 11368
5036 11367
5037 11366
5038 11365
5039 11364
5040 11363
5041 11522
5042 11521
5043 11520
5044 11519
5045 11518
5046 11517
5047 11516
5048 11515
5049 11514
5050 11513
5051 11512
5052 11511
5053 11510
5054 11509
5055 11508
5056 11507
5057 11506
5058 11505
5059 11504
5060 11503
5061 11502
5062 11501
5063 11500
5064 11499
5065 11498
5066 11497
5067 11496
5068 11495
5069 11494
5070 11493
5071 11492
5072 11491
5073 11490
5074 11489
5075 9547
5076 9546
5077 9545
5078 9544
5079 9543
5080 9542
5081 9541
5082 9540
5083 9539
5084 9538
5085 9537
5086 9536
5087 9535
5088 9534
5089 9533
5090 9532
5091 9531
5092 9530
5093 9529
5094 9528
5095 9527
5096 9526
5097 9525
5098 9524
5099 9523
5100 9522
5101 9521
5102 9520
5103 9519
5104 9518
5105 9517
5106 9516
5107 9515
5108 9514
5109 9513
5110 9512
5111 9511
5112 9510
5113 9509
5114 9508
5115 9507
5116 9506
5117 9505
5118 9504
5119 9503
5120 9502
5121 9501
5122 9500
5123 9499
5124 9498
5125 9497
5126 9496
5127 9495
5128 9494
5129 9493
5130 9492
5131 9491
5132 9490
5133 7498
5134 7497
5135 7496
5136 7495
5137 7494
5138 7493
5139 7492
5140 7491
5141 7490
5142 7489
5143 7488
5144 7487
5145 7486
5146 7485
5147 7484
5148 7483
5149 7482
5150 7481
5151 7480
5152 7479
5153 7478
5154 7477
5155 7476
5156 7475
5157 7474
5158 7473
5159 7472
5160 7471
5161 7470
5162 7469
5163 7468
5164 8008
5165 8007
5166 8006
5167 8005
5168 8004
5169 8003
5170 8002
5171 8001
5172 8060
5173 8059
5174 8058
5175 8057
5176 8056
5177 8055
5178 8054
5179 8053
5180 8052
5181 8051
5182 8050
5183 8049
5184 8048
5185 8047
5186 8046
5187 8045
5188 8044
5189 8043
5190 8042
5191 8041
5192 8040
5193 8039
5194 8038
5195 8037
5196 8103
5197 8102
5198 8101
5199 8100
5200 8099
5201 8098
5202 8097
5203 8096
5204 9300
5205 9299
5206 9298
5207 9297
5208 9296
5209 9295
5210 9294
5211 9293
5212 9292
5213 9291
5214 9290
5215 9289
5216 9288
5217 9287
5218 9286
5219 9285
5220 9284
5221 9283
5222 9282
5223 9281
5224 9280
5225 9279
5226 9278
5227 9277
5228 9276
5229 9275
5230 9274
5231 9273
5232 9272
5233 9271
5234 9092
5235 9091
5236 9090
5237 9089
5238 9088
5239 9087
5240 9086
5241 9085
5242 9084
5243 9083
5244 9082
5245 9081
5246 9080
5247 9079
5248 9078
5249 9077
5250 9076
5251 9075
5252 9074
5253 9073
5254 9072
5255 9071
5256 9070
5257 9069
5258 9068
5259 9067
5260 9066
5261 9065
5262 9064
5263 9063
5264 9062
5265 9061
5266 9060
5267 9059
5268 9058
5269 9057
5270 9056
5271 9055
5272 9054
5273 9053
5274 9052
5275 9051
5276 9050
5277 9049
5278 9048
5279 9047
5280 9046
5281 9045
5282 9044
5283 9043
5284 9042
5285 9041
5286 9040
5287 9039
5288 8454
5289 8453
5290 8452
5291 8451
5292 8450
5293 8449
5294 8448
5295 8447
5296 8446
5297 8445
5298 8444
5299 8443
5300 8442
5301 8441
5302 8440
5303 8439
5304 8438
5305 8437
5306 8436
5307 8435
5308 8434
5309 8433
5310 8432
5311 8431
5312 8430
5313 8429
5314 8428
5315 8427
5316 8426
5317 8581
5318 8580
5319 8579
5320 8578
5321 8577
5322 8576
5323 8575
5324 8574
5325 8855
5326 8854
5327 8853
5328 8852
5329 8851
5330 8850
5331 8849
5332 8848
5333 8847
5334 8846
5335 8845
5336 8844
5337 8843
5338 8842
5339 8841
5340 8840
5341 8839
5342 8838
5343 8837
5344 8836
5345 8835
5346 8834
5347 8628
5348 8627
5349 8626
5350 8625
5351 8624
5352 8623
5353 8622
5354 8621
5355 6583
5356 6582
5357 6581
5358 6580
5359 6579
5360 6578
5361 6577
5362 6576
5363 6575
5364 6574
5365 6573
5366 6572
5367 6571
5368 6570
5369 6569
5370 6568
5371 6567
5372 6566
5373 6565
5374 6564
5375 6563
5376 6562
5377 6561
5378 6560
5379 6559
5380 6558
5381 6557
5382 6556
5383 6439
5384 6438
5385 6437
5386 6436
5387 6435
5388 6434
5389 6433
5390 6432
5391 6431
5392 6430
5393 6429
5394 6428
5395 6427
5396 6426
5397 6425
5398 6424
5399 6423
5400 6422
5401 6421
5402 6420
5403 6419
5404 6418
5405 6417
5406 6416
5407 6415
5408 6414
5409 6413
5410 6412
5411 6411
5412 6410
5413 6409
5414 6408
5415 6407
5416 6406
5417 6405
5418 6404
5419 6403
5420 6402
5421 6401
5422 6400
5423 6399
5424 6398
5425 6397
5426 6396
5427 6395
5428 6394
5429 6393
5430 6392
5431 6391
5432 6390
5433 6389
5434 6388
5435 7020
5436 7019
5437 7018
5438 7017
5439 7016
5440 7015
5441 7014
5442 7013
5443 7012
5444 7011
5445 7010
5446 7009
5447 7008
5448 7007
5449 7006
5450 7005
5451 7004
5452 7003
5453 7002
5454 7001
5455 7000
5456 6999
5457 6998
5458 6997
5459 6996
5460 6995
5461 6994
5462 6867
5463 6866
5464 6865
5465 6864
5466 6863
5467 6862
5468 6861
5469 6860
5470 6273
5471 6272
5472 6271
5473 6270
5474 6269
5477 6910
5478 6909
5479 6908
5480 6907
5481 6883
5482 6882
5483 6881
5484 6880
5485 6879
5486 6878
5487 6877
5488 6876
5489 6875
5490 6874
5491 6873
5492 6872
5493 6871
5494 6870
5495 6869
5496 6868
5497 6993
5498 6992
5499 6991
5500 6990
5501 6989
5502 6988
5503 6987
5504 6986
5505 6985
5506 6984
5507 6983
5508 6982
5509 6981
5510 6980
5511 6979
5512 6978
5513 7032
5514 7031
5515 7030
5516 7029
5517 7028
5518 7027
5519 7026
5520 7025
5521 7024
5522 7023
5523 7022
5524 7021
5525 6387
5526 6386
5527 6385
5528 6384
5529 6383
5530 6382
5531 6381
5532 6380
5533 6379
5534 6378
5535 6377
5536 6376
5537 6375
5538 6374
5539 6373
5540 7139
5541 7138
5542 7137
5543 7136
5544 7135
5545 7134
5546 7133
5547 7132
5548 6639
5549 6638
5550 6637
5551 6636
5552 6635
5553 6634
5554 6633
5555 6632
5556 6631
5557 6630
5558 6629
5559 6628
5560 6627
5561 6626
5562 6625
5563 6624
5564 6623
5565 6622
5566 6621
5567 6620
5568 6619
5569 6618
5570 6617
5571 6616
5572 6615
5573 6614
5574 6613
5575 6612
5576 6611
5577 6610
5578 6609
5579 6608
5580 6607
5581 6606
5582 6605
5583 7231
5584 7230
5585 7229
5586 7228
5587 7227
5588 7226
5589 7225
5590 7224
5591 7223
5592 7222
5593 7221
5594 8644
5595 8643
5596 8642
5597 8641
5598 8640
5599 8639
5600 8638
5601 8637
5602 8636
5603 8635
5604 8634
5605 8633
5606 8632
5607 8631
5608 8630
5609 8629
5610 8833
5611 8832
5612 8831
5613 8830
5614 8829
5615 8828
5616 8827
5617 8826
5618 8601
5619 8600
5620 8599
5621 8598
5622 8597
5623 8596
5624 8595
5625 8594
5626 8593
5627 8592
5628 8591
5629 8590
5630 8589
5631 8588
5632 8587
5633 8586
5634 8585
5635 8584
5636 8583
5637 8582
5638 8425
5639 8424
5640 8423
5641 8422
5642 8421
5643 8420
5644 8419
5645 8418
5646 8417
5647 8416
5648 8415
5649 8414
5650 8413
5651 8412
5652 8411
5653 8410
5654 8466
5655 8465
5656 8464
5657 8463
5658 8462
5659 8461
5660 8460
5661 8459
5662 8458
5663 8457
5664 8456
5665 8455
5666 9038
5667 9037
5668 9036
5669 9035
5670 9034
5671 9033
5672 9032
5673 9031
5674 9030
5675 9029
5676 9028
5677 9027
5678 9026
5679 9025
5680 9024
5681 7295
5682 7294
5683 7293
5684 7292
5685 7291
5686 7290
5687 7289
5688 7288
5689 7340
5690 7339
5691 7338
5692 7337
5693 7336
5694 7335
5695 7334
5696 7333
5697 7332
5698 7331
5699 7330
5700 7329
5701 7328
5702 7327
5703 7326
5704 7325
5705 7324
5706 7323
5707 7322
5708 8163
5709 8162
5710 8161
5711 8160
5712 8159
5713 8158
5714 8157
5715 8156
5716 8155
5717 8154
5718 8153
5719 8152
5720 8151
5721 8150
5722 8149
5723 8148
5724 9259
5725 9258
5726 9257
5727 9256
5728 9255
5729 9254
5730 9253
5731 9252
5732 9251
5733 9250
5734 9249
5735 8119
5736 8118
5737 8117
5738 8116
5739 8115
5740 8114
5741 8113
5742 8112
5743 8111
5744 8110
5745 8109
5746 8108
5747 8107
5748 8106
5749 8105
5750 8104
5751 8036
5752 8035
5753 8034
5754 8033
5755 8032
5756 8031
5757 8030
5758 8029
5759 8028
5760 8027
5761 8026
5762 8025
5763 8024
5764 8023
5765 8022
5766 8021
5767 8020
5768 8019
5769 8018
5770 8017
5771 8016
5772 8015
5773 8014
5774 8013
5775 8012
5776 8011
5777 8010
5778 8009
5779 7467
5780 7466
5781 7465
5782 7464
5783 7463
5784 7462
5785 7461
5786 7460
5787 7459
5788 7458
5789 7457
5790 7456
5791 7455
5792 7454
5793 7453
5794 7452
5795 7510
5796 7509
5797 7508
5798 7507
5799 7506
5800 7505
5801 7504
5802 7503
5803 7502
5804 7501
5805 7500
5806 7499
5807 9489
5808 9488
5809 9487
5810 9486
5811 9485
5812 9484
5813 9483
5814 9482
5815 9481
5816 9480
5817 9479
5818 9478
5819 9477
5820 9476
5821 9475
5822 7519
5823 7518
5824 7517
5825 7516
5826 7515
5827 7514
5828 7513
5829 7512
5830 7511
5831 7565
5832 7564
5833 7563
5834 7562
5835 7561
5836 7560
5837 7559
5838 7558
5839 7557
5840 7556
5841 7555
5842 7554
5843 7553
5844 7552
5845 7551
5846 7550
5847 7549
5848 7548
5849 7547
5850 7546
5851 7582
5852 7581
5853 7580
5854 7579
5855 7578
5856 7577
5857 7576
5858 7575
5859 7574
5860 7573
5861 7572
5862 7571
5863 7570
5864 7569
5865 7568
5866 7567
5867 7566
5868 9646
5869 9645
5870 9644
5871 9643
5872 9642
5873 9641
5874 9640
5875 9639
5876 9638
5877 9637
5878 9636
5879 9635
5880 11386
5881 11385
5882 11384
5883 11383
5884 11382
5885 11381
5886 11380
5887 11379
5888 11378
5889 11377
5890 11376
5891 11375
5892 11374
5893 11373
5894 11372
5895 11371
5896 11300
5897 11299
5898 11298
5899 11297
5900 11296
5901 11295
5902 11294
5903 11293
5904 11292
5905 11291
5906 11290
5907 11289
5908 11288
5909 11287
5910 11286
5911 11285
5912 11284
5913 11283
5914 11282
5915 11281
5916 11280
5917 11279
5918 11278
5919 11277
5920 11276
5921 11275
5922 11274
5923 11273
5924 11272
5925 11271
5926 11186
5927 11185
5928 11184
5929 11183
5930 11182
5931 11181
5932 11180
5933 11179
5934 11178
5935 11177
5936 11176
5937 11175
5938 11174
5939 11173
5940 11172
5941 11171
5942 11170
5943 11056
5944 11055
5945 11054
5946 11053
5947 11052
5948 11051
5949 11050
5950 11049
5951 11048
5952 11047
5953 11046
5954 11045
5955 11044
5956 11711
5957 11710
5958 11709
5959 11708
5960 11707
5961 11706
5962 11705
5963 11704
5964 11703
5965 11702
5966 11701
5967 11700
5968 11699
5969 11698
5970 11697
5971 10927
5972 10926
5973 10925
5974 10924
5975 10923
5976 10922
5977 10921
5978 10920
5979 10919
5980 10973
5981 10972
5982 10971
5983 10970
5984 10969
5985 10968
5986 10967
5987 10966
5988 10965
5989 10964
5990 10963
5991 10962
5992 10961
5993 10960
5994 10959
5995 10958
5996 10957
5997 10956
5998 10955
5999 10954
6000 10848
6001 10847
6002 10846
6003 10845
6004 10844
6005 10843
6006 10842
6007 10841
6008 10840
6009 10839
6010 10838
6011 10837
6012 10836
6013 10835
6014 10834
6015 10833
6016 10832
6017 10831
6018 11928
6019 11927
6020 11926
6021 11925
6022 11924
6023 11923
6024 11922
6025 11921
6026 11920
6027 11919
6028 11918
6029 11917
6030 11916
6031 10803
6032 10802
6033 10801
6034 10800
6035 10799
6036 10798
6037 10797
6038 10796
6039 10795
6040 10794
6041 10793
6042 10792
6043 10791
6044 10790
6045 10789
6046 10788
6047 10715
6048 10714
6049 10713
6050 10712
6051 10711
6052 10710
6053 10709
6054 10708
6055 10707
6056 10706
6057 10705
6058 10704
6059 10703
6060 10702
6061 10701
6062 10700
6063 10699
6064 10698
6065 10697
6066 10696
6067 10695
6068 10694
6069 10693
6070 10692
6071 10691
6072 10690
6073 10689
6074 10688
6075 10687
6076 10686
6077 10685
6078 10684
6079 10064
6080 10063
6081 10062
6082 10061
6083 10060
6084 10059
6085 10058
6086 10057
6087 10056
6088 10055
6089 10054
6090 10053
6091 10052
6092 10051
6093 10050
6094 10049
6095 10048
6096 10047
6097 10578
6098 10577
6099 10576
6100 10575
6101 10574
6102 10573
6103 10572
6104 10571
6105 10570
6106 10569
6107 10568
6108 10567
6109 10566
6110 10565
6111 12165
6112 12164
6113 12163
6114 12162
6115 12161
6116 12160
6117 12159
6118 12158
6119 12157
6120 12156
6121 12155
6122 12154
6123 12153
6124 12152
6125 12151
6126 10180
6127 10179
6128 10178
6129 10177
6130 10176
6131 10175
6132 10174
6133 10173
6134 10172
6135 10171
6136 10229
6137 10228
6138 10227
6139 10226
6140 10225
6141 10224
6142 10223
6143 10222
6144 10221
6145 10220
6146 10219
6147 10218
6148 10217
6149 10216
6150 10215
6151 10214
6152 10213
6153 10212
6154 10211
6155 10210
6156 10209
6157 10400
6158 10399
6159 10398
6160 10397
6161 10396
6162 10395
6163 10394
6164 10393
6165 10392
6166 10391
6167 10390
6168 10389
6169 10388
6170 10387
6171 10386
6172 10385
6173 10384
6174 10383
6175 10382
6176 10381
6177 10380
6178 10379
6179 10378
6180 10377
6181 10376
6182 10375
6183 10374
6184 10373
6185 10372
6186 10371
6187 10370
6188 10369
6189 10368
6190 10310
6191 10309
6192 10308
6193 10307
6194 10306
6195 10305
6196 10304
6197 10303
6198 10302
6199 10301
6200 10300
6201 10299
6202 10298
6203 10297
6204 10296
6205 10295
6208 12457
6209 12456
6210 12455
6211 12454
6212 12453
6213 12452
6214 12451
6215 12450
6216 10318
6217 10317
6218 10316
6219 10315
6220 10314
6221 10313
6222 10312
6223 10311
6224 10367
6225 10366
6226 10365
6227 10364
6228 10363
6229 10362
6230 10361
6231 10360
6232 10359
6233 10358
6234 10357
6235 10356
6236 10355
