6658 9899
6657 9900
6656 9901
6655 9902
6654 9903
6653 9904
6652 9905
6651 9906
6650 9907
6649 9908
6648 9909
6647 9910
6646 9911
6645 9912
6644 9913
6643 10133
6642 10134
6641 10135
6640 10136
6639 10137
6638 10138
6637 10139
6636 10140
6635 10141
6634 10142
6633 10143
6632 10144
6631 10145
6630 10146
6629 10147
6628 10148
6627 10149
6626 10150
6625 10151
6624 10152
6623 10153
6622 10154
6621 10155
6620 10156
6619 10157
6618 10158
6617 10159
6616 10160
6615 10161
6614 10162
6613 8396
6612 8397
6611 8398
6610 8399
6609 8400
6608 8401
6607 8402
6606 8403
6605 8404
6604 8405
6603 10885
6602 10886
6601 10887
6600 10888
6599 10889
6598 10890
6597 10891
6596 10892
6595 10893
6594 10894
6593 10895
6592 10896
6591 10897
6590 10856
6589 10857
6588 10858
6587 10859
6586 10860
6585 10861
6584 10862
6583 10863
6582 8416
6581 8417
6580 8418
6579 8419
6578 8420
6577 8421
6576 8422
6575 8423
6574 8424
6573 8425
6572 8426
6571 10718
6570 10719
6569 10720
6568 10721
6567 10722
6566 10723
6565 10724
6564 10725
6563 10726
6562 10727
6561 10728
6560 10729
6559 10730
6558 10731
6557 10690
6556 10691
6555 10692
6554 10693
6553 10694
6552 10695
6551 10696
6550 11286
6549 11287
6548 11288
6547 11289
6546 11290
6545 11291
6544 11292
6543 11293
6542 11294
6541 11295
6540 11296
6539 11297
6538 11298
6537 11343
6536 11344
6535 11345
6534 11346
6533 11347
6532 11348
6531 11349
6530 11350
6529 11351
6528 11352
6527 11353
6526 11354
6525 11355
6524 11356
6523 11357
6522 11358
6521 11359
6520 11360
6519 11361
6518 11362
6517 11363
6516 11364
6515 11365
6514 11366
6513 11367
6512 11368
6511 11369
6510 11370
6509 11371
6508 8638
6507 8639
6506 8640
6505 8641
6504 8642
6503 8643
6502 8644
6501 8645
6500 8646
6499 8647
6498 8648
6497 11599
6496 11600
6495 11601
6494 11602
6493 11603
6492 11604
6491 11605
6490 11606
6489 11607
6488 11608
6487 11609
6486 11610
6485 11569
6484 11570
6483 11571
6482 11572
6481 11573
6480 11574
6479 11575
6478 11576
6477 11577
6476 12963
6475 12964
6474 12965
6473 12966
6472 12967
6471 12968
6470 12969
6469 12970
6468 12971
6467 12972
6466 12973
6465 12974
6464 12975
6463 12976
6462 12977
6461 12978
6460 12979
6459 12980
6458 12981
6457 12982
6456 12983
6455 12984
6454 12985
6453 12986
6452 12987
6451 10582
6450 10583
6449 10584
6448 10585
6447 10586
6446 10587
6445 10588
6444 10589
6443 10590
6442 12805
6441 12806
6440 12807
6439 12808
6438 12809
6437 12810
6436 12811
6435 12812
6434 13306
6433 13307
6432 13308
6431 13309
6430 13310
6429 13311
6428 13312
6427 13313
6426 13314
6425 13315
6424 13316
6423 13317
6422 13318
6421 13319
6420 13320
6419 13321
6418 13322
6417 13323
6416 13324
6415 13325
6414 13326
6413 13327
6412 13328
6411 13329
6410 13330
6409 13331
6408 13332
6407 13333
6406 13334
6405 13335
6404 13336
6403 13337
6402 13338
6401 13339
6400 10601
6399 10602
6398 10603
6397 10604
6396 10605
6395 10606
6394 10607
6393 10608
6392 10609
6391 10610
6390 7313
6389 7314
6388 7315
6387 7316
6386 7317
6385 7318
6384 7319
6383 7320
6382 7392
6381 7393
6380 7394
6379 7395
6378 7396
6377 7397
6376 7398
6375 7399
6374 7400
6373 7401
6372 7402
6371 7462
6370 7463
6369 7464
6368 7465
6367 7466
6366 7467
6365 7468
6364 7469
6363 7470
6362 7471
6361 7472
6360 7473
6359 7474
6358 7475
6357 7476
6356 7477
6355 7478
6354 7479
6353 7480
6352 7481
6351 7482
6350 7483
6349 7484
6348 7485
6345 8660
6344 8661
6343 8662
6342 8663
6341 8664
6340 8665
6339 8666
6338 8667
6337 8668
6336 8669
6335 8670
6334 8671
6333 8672
6332 8673
6331 8674
6330 7110
6329 7111
6328 7112
6327 7113
6326 7114
6325 7115
6324 7116
6323 7117
6322 7118
6321 7119
6320 7120
6319 7121
6318 7122
6317 7385
6316 7386
6315 7387
6314 7388
6313 7389
6312 7390
6311 7391
6310 7321
6309 7322
6308 7323
6307 7324
6306 7325
6305 7326
6304 7327
6303 7328
6302 7329
6301 7330
6300 7331
6299 12404
6298 12405
6297 12406
6296 12407
6295 12408
6294 12409
6293 12410
6292 12411
6291 12412
6290 12413
6289 12414
6288 12415
6287 12416
6286 12417
6285 12418
6284 12419
6283 12420
6282 12421
6281 12422
6280 12423
6279 12424
6278 12425
6277 12426
6276 12427
6275 13290
6274 13291
6273 13292
6272 13293
6271 13294
6270 13295
6269 13296
6268 13297
6267 13298
6266 13299
6265 13300
6264 13301
6263 13302
6262 13303
6261 13304
6260 13305
6259 12813
6258 12814
6257 12815
6256 12816
6255 12817
6254 12818
6253 12819
6252 12820
6251 12821
6250 12822
6249 12823
6248 12824
6247 12825
6246 13009
6245 13010
6244 13011
6243 13012
6242 13013
6241 13014
6240 13015
6239 13016
6238 13017
6237 13018
6236 13019
6235 13020
6234 13021
6233 12947
6232 12948
6231 12949
6230 12950
6229 12951
6228 12952
6227 12953
6226 12954
6225 12955
6224 12956
6223 12957
6222 12958
6221 12959
6220 12960
6219 12961
6218 12962
6217 11578
6216 11579
6215 11580
6214 11581
6213 11582
6212 11583
6211 11584
6210 11585
6209 11586
6208 11587
6207 11588
6206 11589
6205 11590
6204 11591
6203 11592
6202 11593
6201 11594
6200 11595
6199 11596
6198 11597
6197 11598
6196 8649
6195 8650
6194 8651
6193 8652
6192 8653
6191 8654
6190 8655
6189 8656
6188 8657
6187 8658
6186 8659
6185 11372
6184 11373
6183 11374
6182 11375
6181 11376
6180 11377
6179 11378
6178 11379
6177 11380
6176 11381
6175 11382
6174 11383
6173 11384
6172 11385
6171 11386
6170 8437
6169 8438
6168 8439
6167 8440
6166 8441
6165 8442
6164 8443
6163 8444
6162 11267
6161 11268
6160 11269
6159 11270
6158 11271
6157 11272
6156 11273
6155 11274
6154 11275
6153 11276
6152 11277
6151 11278
6150 11279
6149 11280
6148 11281
6147 11282
6146 11283
6145 11284
6144 11285
6143 10697
6142 10698
6141 10699
6140 10700
6139 10701
6138 10702
6137 10703
6136 10704
6135 10705
6134 10706
6133 10707
6132 10708
6131 10709
6130 10710
6129 10711
6128 10712
6127 10713
6126 10714
6125 10715
6124 10716
6123 10717
6122 8427
6121 8428
6120 8429
6119 8430
6118 8431
6117 8432
6116 8433
6115 8434
6114 8435
6113 8436
6112 10864
6111 10865
6110 10866
6109 10867
6108 10868
6107 10869
6106 10870
6105 10871
6104 10872
6103 10873
6102 10874
6101 10875
6100 10876
6099 10877
6098 10878
6097 10879
6096 10880
6095 10881
6094 10882
6093 10883
6092 10884
6091 8406
6090 8407
6089 8408
6088 8409
6087 8410
6086 8411
6085 8412
6084 8413
6083 8414
6082 8415
6081 10163
6080 10164
6079 10165
6078 10166
6077 10167
6076 10168
6075 10169
6074 10170
6073 10171
6072 10172
6071 10173
6070 10174
6069 10175
6068 10176
6067 10177
6066 10178
6065 10403
6064 10404
6063 10405
6062 10406
6061 10407
6060 10408
6059 10409
6058 10410
6057 10224
6056 10225
6055 10226
6054 10227
6053 10228
6052 10229
6051 10230
6050 10231
6049 10232
6048 10233
6047 10234
6046 10235
6045 10236
6044 10237
6043 10238
6042 10239
6041 10240
6040 10241
6039 10242
6038 10243
6037 10244
6034 9964
6033 9965
6032 9966
6031 9967
6030 9968
6029 9969
6028 9970
6027 9971
6026 9972
6025 9973
6024 9974
6023 9975
6022 9976
6021 10214
6020 10215
6019 10216
6018 10217
6017 10218
6016 10219
6015 10220
6014 10221
6013 10222
6012 10223
6011 10411
6010 10412
6009 10413
6008 10414
6007 10415
6006 10416
6005 10417
6004 10418
6003 10419
6002 10420
6001 10421
6000 10657
5999 10658
5998 10659
5997 10660
5996 10661
5995 10662
5994 10663
5993 10664
5992 10665
5991 10666
5990 10667
5989 10668
5988 10669
5987 10670
5986 10671
5985 10672
5984 9282
5983 9283
5982 9284
5981 9285
5980 9286
5979 9287
5978 9288
5977 9289
5976 9290
5975 9291
5974 9292
5973 9293
5972 9294
5971 9295
5970 9254
5969 9255
5968 9256
5967 9257
5966 9258
5965 9259
5964 9260
5963 10906
5962 10907
5961 10908
5960 10909
5959 10910
5958 10911
5957 10912
5956 10913
5955 10914
5954 10915
5953 10916
5952 10917
5951 10918
5950 10919
5949 10920
5948 10921
5947 10922
5946 10923
5945 10924
5944 10925
5943 10926
5942 10927
5941 10928
5940 10929
5939 10930
5938 10931
5937 10932
5936 10933
5935 10934
5934 10935
5933 10936
5932 10937
5931 10938
5930 10939
5929 10940
5928 10941
5927 10942
5926 10943
5925 10944
5924 10945
5923 10946
5922 10947
5921 10948
5920 10949
5919 10950
5918 10951
5917 10952
5916 11186
5915 11187
5914 11188
5913 11189
5912 11190
5911 11191
5910 11192
5909 11193
5908 11194
5907 11195
5906 11196
5905 11197
5904 11198
5903 11248
5902 11249
5901 11250
5900 11251
5899 11252
5898 11253
5897 11254
5896 11255
5895 11256
5894 11257
5893 11258
5892 11259
5891 11260
5890 11261
5889 11262
5888 11263
5887 11264
5886 11265
5885 11266
5884 8445
5883 8446
5882 8447
5881 8448
5880 8449
5879 8450
5878 8451
5877 8452
5876 8453
5875 8454
5874 11411
5873 11412
5872 11413
5871 11414
5870 11415
5869 11416
5868 11417
5867 11418
5866 11419
5865 11420
5864 11421
5863 11422
5862 11423
5861 11424
5860 11425
5859 11426
5858 11427
5857 11428
5856 11429
5855 11430
5854 11431
5853 11432
5852 11433
5851 11434
5850 11435
5849 11436
5848 11437
5847 11438
5846 11439
5845 11440
5844 11441
5843 11442
5842 11443
5841 11444
5840 12044
5839 12045
5838 12046
5837 12047
5836 12048
5835 12049
5834 12050
5833 12051
5832 12052
5831 12053
5830 12054
5829 12055
5828 12056
5827 12057
5826 12058
5825 12059
5824 12060
5823 12061
5822 12062
5821 12063
5820 12064
5819 12065
5818 12066
5817 12067
5816 12068
5815 12069
5814 12070
5813 12071
5812 12072
5811 12315
5810 12316
5809 12317
5808 12318
5807 12319
5806 12320
5805 12321
5804 12322
5803 12323
5802 12324
5801 12325
5800 12326
5799 12327
5798 12328
5797 12329
5796 12330
5795 12996
5794 12997
5793 12998
5792 12999
5791 13000
5790 13001
5789 13002
5788 13003
5787 13004
5786 13005
5785 13006
5784 13007
5783 13008
5782 12826
5781 12827
5780 12828
5779 12829
5778 12830
5777 12831
5776 12832
5775 12833
5774 12834
5773 12835
5772 12836
5771 12837
5770 12838
5769 12766
5768 12767
5767 12768
5766 12769
5765 12770
5764 12771
5763 12772
5762 12773
5761 12774
5760 12775
5759 12776
5758 12777
5757 12778
5756 12779
5755 12780
5754 13267
5753 13268
5752 13269
5751 13270
5750 13271
5749 13272
5748 13273
5747 13274
5746 12505
5745 12506
5744 12507
5743 12508
5742 12509
5741 12510
5740 12511
5739 12512
5738 12513
5737 12514
5736 12515
5735 12387
5734 12388
5733 12389
5732 12390
5731 12391
5730 12392
5729 12393
5728 12394
5727 12395
5726 12396
5725 12397
5724 12398
5723 12399
5722 12400
5721 12401
5720 12402
5719 12403
5718 7332
5717 7333
5716 7334
5715 7335
5714 7336
5713 7337
5712 7338
5711 7339
5710 7340
5709 7341
5708 7342
5707 7343
5706 7153
5705 7154
5704 7155
5703 7156
5702 7157
5701 7158
5700 7159
5699 7160
5698 7161
5697 7162
5696 7163
5695 7164
5694 7165
5693 7100
5692 7101
5691 7102
5690 7103
5689 7104
5688 7105
5687 7106
5686 7107
5685 7108
5684 7109
5683 8675
5682 8676
5681 8677
5680 8678
5679 8679
5678 8680
5677 8681
5676 8682
5675 8683
5674 8808
5673 8809
5672 8810
5671 8811
5670 8812
5669 8813
5668 8814
5667 8815
5664 8800
5663 8801
5662 8802
5661 8803
5660 8804
5659 8805
5658 8806
5657 8807
5656 8684
5655 8685
5654 8686
5653 8687
5652 8688
5651 8689
5650 8690
5649 8691
5648 8692
5647 8693
5646 8694
5645 8695
5644 7133
5643 7134
5642 7135
5641 7136
5640 7137
5639 7138
5638 7139
5637 7140
5636 7141
5635 7142
5634 7143
5633 7144
5632 7145
5631 7146
5630 7147
5629 7148
5628 7149
5627 7150
5626 7151
5625 7152
5624 7344
5623 7345
5622 7346
5621 7347
5620 7348
5619 7349
5618 7350
5617 7351
5616 7352
5615 7353
5614 7354
5613 7355
5612 7356
5611 7357
5610 7358
5609 7359
5608 7360
5607 7361
5606 12446
5605 12447
5604 12448
5603 12449
5602 12450
5601 12451
5600 12452
5599 12453
5598 12454
5597 12455
5596 12456
5595 12457
5594 12458
5593 12459
5592 12497
5591 12498
5590 12499
5589 12500
5588 12501
5587 12502
5586 12503
5585 12504
5584 13275
5583 13276
5582 13277
5581 13278
5580 13279
5579 13280
5578 13281
5577 13282
5576 13283
5575 12752
5574 12753
5573 12754
5572 12755
5571 12756
5570 12757
5569 12758
5568 12759
5567 12760
5566 12761
5565 12762
5564 12763
5563 12764
5562 12765
5561 12839
5560 12840
5559 12841
5558 12842
5557 12843
5556 12844
5555 12845
5554 12846
5553 12847
5552 12848
5551 12849
5550 12850
5549 12851
5548 13122
5547 13123
5546 13124
5545 13125
5544 13126
5543 13127
5542 13128
5541 13030
5540 13031
5539 13032
5538 13033
5537 13034
5536 13035
5535 13036
5534 13037
5533 13038
5532 13039
5531 12303
5530 12304
5529 12305
5528 12306
5527 12307
5526 12308
5525 12309
5524 12310
5523 12311
5522 12312
5521 12313
5520 12314
5519 12073
5518 12074
5517 12075
5516 12076
5515 12077
5514 12078
5513 12079
5512 12080
5511 12081
5510 12082
5509 12083
5508 12084
5507 12085
5506 12086
5505 12087
5504 12088
5503 12089
5502 12090
5501 8313
5500 8314
5499 8315
5498 8316
5497 8317
5496 8318
5495 8319
5494 8320
5493 8321
5492 8322
5491 8323
5490 8324
5489 8325
5488 8326
5487 8327
5486 8328
5485 8329
5484 8330
5483 8331
5482 8332
5481 8333
5480 8334
5479 8335
5478 8336
5477 8337
5476 8161
5475 8162
5474 8163
5473 8164
5472 8165
5471 8166
5470 8167
5469 11398
5468 11399
5467 11400
5466 11401
5465 11402
5464 11403
5463 11404
5462 11405
5461 11406
5460 11407
5459 11408
5458 11409
5457 11410
5456 8455
5455 8456
5454 8457
5453 8458
5452 8459
5451 8460
5450 8461
5449 8462
5448 8463
5447 8464
5446 8465
5445 8466
5444 8467
5443 8468
5442 8469
5441 8470
5440 8471
5439 8472
5438 8473
5437 8474
5436 8475
5435 8476
5434 8477
5433 11167
5432 11168
5431 11169
5430 11170
5429 11171
5428 11172
5427 11173
5426 11174
5425 11175
5424 11176
5423 11177
5422 11178
5421 11179
5420 11180
5419 11181
5418 11182
5417 11183
5416 11184
5415 11185
5414 10953
5413 10954
5412 10955
5411 10956
5410 10957
5409 10958
5408 10959
5407 10960
5406 10961
5405 10962
5404 10963
5403 10964
5402 10965
5401 10966
5400 10967
5399 10968
5398 10969
5397 10970
5396 10971
5395 10972
5394 10973
5393 10974
5392 10975
5391 11016
5390 11017
5389 11018
5388 11019
5387 11020
5386 11021
5385 11022
5384 11023
5383 11024
5382 11025
5381 11026
5380 11027
5379 11028
5378 11029
5377 11030
5376 11031
5375 9239
5374 9240
5373 9241
5372 9242
5371 9243
5370 9244
5369 9245
5368 9246
5367 9247
5366 9248
5365 9249
5364 9250
5363 9251
5362 9252
5361 9253
5360 9296
5359 9297
5358 9298
5357 9299
5356 9300
5355 9301
5354 9302
5353 9303
5352 9304
5351 9305
5350 9306
5349 9307
5348 9308
5347 9309
5346 9467
5345 9468
5344 9469
5343 9470
5342 9471
5341 9472
5340 9473
5339 9474
5338 9475
5337 10186
5336 10187
5335 10188
5334 10189
5333 10190
5332 10191
5331 10192
5330 10193
5329 10194
5328 10195
5327 10196
5326 10197
5325 10198
5324 10199
5323 10200
5322 10201
5321 10202
5320 10203
5319 10204
5318 10205
5317 10206
5316 10207
5315 10208
5314 10209
5313 10210
5312 10211
5311 10212
5310 10213
5309 9977
5308 9978
5307 9979
5306 9980
5305 9981
5304 9982
5303 9983
5302 9984
5301 9985
5300 9986
5299 9987
5298 9988
5297 9989
5294 10249
5293 10250
5292 10251
5291 10252
5290 10253
5289 10254
5288 10255
5287 10256
5286 10257
5285 10258
5284 10259
5283 10260
5282 10261
5281 10262
5280 10263
5279 10264
5278 10265
5277 10266
5276 10267
5275 10268
5274 10269
5273 10270
5272 10396
5271 10397
5270 10398
5269 10399
5268 10400
5267 10401
5266 10402
5265 10179
5264 10180
5263 10181
5262 10182
5261 10183
5260 10184
5259 10185
5258 9476
5257 9477
5256 9478
5255 9479
5254 9480
5253 9481
5252 9482
5251 9483
5250 9484
5249 9485
5248 9486
5247 9487
5246 9488
5245 9489
5244 9490
5243 9491
5242 9492
5241 9493
5240 9494
5239 9226
5238 9227
5237 9228
5236 9229
5235 9230
5234 9231
5233 9232
5232 9233
5231 9234
5230 9235
5229 9236
5228 9237
5227 9238
5226 11032
5225 11033
5224 11034
5223 11035
5222 11036
5221 11037
5220 11038
5219 11039
5218 11040
5217 11041
5216 11042
5215 11043
5214 11044
5213 11045
5212 11046
5211 11047
5210 11048
5209 11049
5208 11050
5207 11051
5206 11052
5205 11053
5204 11054
5203 11055
5202 11056
5201 11057
5200 11058
5199 11059
5198 11060
5197 7884
5196 7885
5195 7886
5194 7887
5193 7888
5192 7889
5191 7890
5190 7891
5189 7892
5188 7893
5187 7894
5186 7895
5185 7896
5184 7897
5183 7898
5182 7899
5181 7900
5180 7901
5179 7902
5178 7903
5177 7904
5176 8622
5175 8623
5174 8624
5173 8625
5172 8626
5171 8627
5170 8628
5169 8629
5168 8630
5167 8631
5166 8632
5165 8633
5164 8634
5163 8635
5162 8636
5161 8637
5160 11387
5159 11388
5158 11389
5157 11390
5156 11391
5155 11392
5154 11393
5153 11394
5152 11395
5151 11396
5150 11397
5149 8168
5148 8169
5147 8170
5146 8171
5145 8172
5144 8173
5143 8174
5142 8175
5141 8176
5140 8177
5139 8178
5138 8179
5137 8180
5136 8181
5135 8182
5134 8385
5133 8386
5132 8387
5131 8388
5130 8389
5129 8390
5128 8391
5127 8392
5126 8393
5125 8394
5124 8395
5123 12091
5122 12092
5121 12093
5120 12094
5119 12095
5118 12096
5117 12097
5116 12098
5115 12099
5114 12100
5113 12101
5112 12102
5111 12103
5110 12104
5109 12105
5108 12106
5107 12107
5106 12108
5105 12109
5104 12940
5103 12941
5102 12942
5101 12943
5100 12944
5099 12945
5098 12946
5097 13022
5096 13023
5095 13024
5094 13025
5093 13026
5092 13027
5091 13028
5090 13029
5089 13129
5088 13130
5087 13131
5086 13132
5085 13133
5084 13134
5083 13135
5082 13136
5081 13137
5080 13138
5079 13139
5078 13140
5077 13141
5076 13142
5075 13143
5074 13144
5073 13145
5072 13146
5071 12742
5070 12743
5069 12744
5068 12745
5067 12746
5066 12747
5065 12748
5064 12749
5063 12750
5062 12751
5061 13284
5060 13285
5059 13286
5058 13287
5057 13288
5056 13289
5055 12428
5054 12429
5053 12430
5052 12431
5051 12432
5050 12433
5049 12434
5048 12435
5047 12436
5046 12437
5045 12438
5044 12439
5043 12440
5042 12441
5041 12442
5040 12443
5039 12444
5038 12445
5037 7362
5036 7363
5035 7364
5034 7365
5033 7366
5032 7367
5031 7368
5030 7369
5029 7370
5028 7371
5027 7372
5026 7373
5025 7374
5024 7375
5023 7376
5022 7377
5021 7378
5020 7379
5019 7380
5018 7381
5017 7382
5016 7383
5015 7384
5014 7123
5013 7124
5012 7125
5011 7126
5010 7127
5009 7128
5008 7129
5007 7130
5006 7131
5005 7132
5004 8696
5003 8697
5002 8698
5001 8699
5000 8700
4999 8701
4998 8702
4997 8785
4996 8786
4995 8787
4994 8788
4993 8789
4992 8790
4991 8791
4990 8792
4989 8793
4988 8794
4987 8795
4984 8774
4983 8775
4982 8776
4981 8777
4980 8778
4979 8779
4978 8780
4977 8781
4976 8782
4975 8783
4974 8784
4973 8703
4972 8704
4971 8705
4970 8706
4969 8707
4968 8708
4967 8709
4966 8710
4965 8711
4964 8712
4963 8713
4962 8714
4961 8715
4960 8716
4959 8717
4958 6920
4957 6921
4956 6922
4955 6923
4954 6924
4953 6925
4952 6926
4951 6927
4950 6928
4949 6929
4948 6930
4947 6931
4946 6932
4945 6933
4944 6934
4943 6935
4942 6936
4941 6937
4940 7221
4939 7222
4938 7223
4937 7224
4936 7225
4935 7226
4934 7227
4933 7228
4932 7229
4931 7230
4930 7231
4929 7232
4928 7233
4927 7234
4926 7235
4925 7236
4924 7237
4923 7238
4922 7239
4921 12721
4920 12722
4919 12723
4918 12724
4917 12725
4916 12726
4915 12727
4914 12728
4913 12729
4912 12730
4911 12731
4910 12732
4909 12733
4908 12734
4907 12735
4906 12736
4905 12737
4904 12738
4903 12739
4902 12740
4901 12741
4900 13147
4899 13148
4898 13149
4897 13150
4896 13151
4895 13152
4894 13153
4893 13154
4892 13155
4891 13156
4890 13157
4889 13158
4888 13159
4887 12920
4886 12921
4885 12922
4884 12923
4883 12924
4882 12925
4881 12926
4880 12927
4879 12928
4878 12929
4877 12930
4876 12931
4875 12932
4874 12933
4873 12934
4872 12935
4871 12936
4870 12937
4869 12938
4868 12939
4867 12110
4866 12111
4865 12112
4864 12113
4863 12114
4862 12115
4861 12116
4860 12117
4859 12118
4858 12119
4857 12120
4856 12121
4855 12122
4854 12123
4853 11766
4852 11767
4851 11768
4850 11769
4849 11770
4848 11771
4847 11772
4846 11773
4845 8377
4844 8378
4843 8379
4842 8380
4841 8381
4840 8382
4839 8383
4838 8384
4837 8183
4836 8184
4835 8185
4834 8186
4833 8187
4832 8188
4831 8189
4830 8190
4829 8191
4828 8192
4827 8193
4826 8194
4825 8195
4824 8196
4823 8197
4822 8198
4821 8199
4820 8200
4819 8201
4818 8202
4817 8203
4816 8204
4815 8205
4814 8206
4813 8207
4812 8208
4811 7926
4810 7927
4809 7928
4808 7929
4807 7930
4806 7931
4805 7932
4804 7933
4803 8614
4802 8615
4801 8616
4800 8617
4799 8618
4798 8619
4797 8620
4796 8621
4795 7905
4794 7906
4793 7907
4792 7908
4791 7909
4790 7910
4789 7911
4788 7912
4787 7913
4786 7914
4785 7915
4784 7916
4783 7917
4782 7918
4781 7919
4780 7920
4779 7921
4778 7922
4777 7923
4776 7924
4775 7925
4774 11061
4773 11062
4772 11063
4771 11064
4770 11065
4769 11066
4768 11067
4767 11068
4766 11069
4765 11070
4764 11071
4763 11072
4762 11073
4761 9054
4760 9055
4759 9056
4758 9057
4757 9058
4756 9059
4755 9060
4754 9061
4753 9062
4752 9063
4751 9064
4750 9065
4749 9066
4748 9210
4747 9211
4746 9212
4745 9213
4744 9214
4743 9215
4742 9216
4741 9217
4740 9218
4739 9219
4738 9220
4737 9221
4736 9222
4735 9223
4734 9224
4733 9225
4732 9495
4731 9496
4730 9497
4729 9498
4728 9499
4727 9500
4726 9501
4725 10370
4724 10371
4723 10372
4722 10373
4721 10374
4720 10375
4719 10376
4718 10377
4717 10378
4716 10379
4715 10380
4714 10381
4713 10382
4712 10383
4711 10384
4710 10385
4709 10386
4708 10387
4707 10388
4706 10389
4705 10390
4704 10391
4703 10392
4702 10393
4701 10394
4700 10395
4699 10271
4698 10272
4697 10273
4696 10274
4695 10275
4694 10276
4693 10277
4692 10278
4691 10279
4690 10280
4689 10281
4688 10282
4687 10283
4686 10284
4685 7864
4684 7865
4683 7866
4682 7867
4681 7868
4680 7869
4679 7870
4678 7871
4675 10024
4674 10025
4673 10026
4672 10027
4671 10028
4670 10029
4669 10030
4668 10031
4667 10032
4666 10033
4665 10034
4664 10035
4663 10036
4662 10037
4661 10038
4660 10039
4659 10040
4658 10041
4657 10042
4656 10043
4655 10044
4654 10045
4653 10046
4652 10047
4651 10048
4650 10461
4649 10462
4648 10463
4647 10464
4646 10465
4645 10466
4644 10467
4643 10468
4642 10469
4641 9451
4640 9452
4639 9453
4638 9454
4637 9455
4636 9456
4635 9457
4634 9458
4633 9459
4632 9460
4631 9461
4630 9462
4629 9463
4628 9464
4627 9465
4626 9466
4625 9310
4624 9311
4623 9312
4622 9313
4621 9314
4620 9315
4619 9316
4618 9317
4617 9633
4616 9634
4615 9635
4614 9636
4613 9637
4612 9638
4611 9639
4610 9640
4609 9641
4608 9642
4607 9643
4606 9644
4605 9645
4604 9646
4603 9647
4602 9648
4601 9649
4600 9650
4599 9651
4598 9652
4597 9033
4596 9034
4595 9035
4594 9036
4593 9037
4592 9038
4591 9039
4590 9040
4589 9041
4588 9042
4587 9043
4586 9044
4585 9045
4584 9046
4583 9047
4582 9048
4581 9049
4580 9050
4579 9051
4578 9052
4577 9053
4576 11074
4575 11075
4574 11076
4573 11077
4572 11078
4571 11079
4570 11080
4569 11081
4568 11082
4567 11083
4566 11084
4565 11085
4564 11086
4563 11087
4562 11088
4561 11089
4560 11090
4559 11091
4558 11092
4557 8020
4556 8021
4555 8022
4554 8023
4553 8024
4552 8025
4551 8026
4550 8027
4549 8028
4548 8029
4547 8030
4546 8031
4545 8032
4544 8507
4543 8508
4542 8509
4541 8510
4540 8511
4539 8512
4538 8513
4537 8514
4536 8603
4535 8604
4534 8605
4533 8606
4532 8607
4531 8608
4530 8609
4529 8610
4528 8611
4527 8612
4526 8613
4525 7934
4524 7935
4523 7936
4522 7937
4521 7938
4520 7939
4519 7940
4518 7941
4517 7942
4516 7943
4515 7944
4514 7945
4513 7946
4512 7947
4511 7948
4510 7949
4509 7950
4508 7951
4507 7952
4506 7953
4505 7954
4504 8278
4503 8279
4502 8280
4501 8281
4500 8282
4499 8283
4498 8284
4497 8285
4496 8286
4495 8287
4494 8288
4493 8289
4492 8290
4491 8360
4490 8361
4489 8362
4488 8363
4487 8364
4486 8365
4485 8366
4484 8367
4483 8368
4482 8369
4481 8370
4480 8371
4479 8372
4478 8373
4477 8374
4476 8375
4475 8376
4474 11774
4473 11775
4472 11776
4471 11777
4470 11778
4469 11779
4468 11780
4467 11781
4466 11782
4465 11783
4464 11784
4463 11785
4462 11786
4461 11716
4460 11717
4459 11718
4458 11719
4457 11720
4456 11721
4455 11722
4454 11723
4453 11724
4452 12155
4451 12156
4450 12157
4449 12158
4448 12159
4447 12160
4446 12161
4445 12162
4444 12163
4443 12164
4442 12165
4441 12166
4440 12167
4439 12168
4438 12169
4437 12170
4436 12171
4435 12172
4434 12173
4433 12174
4432 12175
4431 12912
4430 12913
4429 12914
4428 12915
4427 12916
4426 12917
4425 12918
4424 12919
4423 13160
4422 13161
4421 13162
4420 13163
4419 13164
4418 13165
4417 13166
4416 13167
4415 13168
4414 13169
4413 13170
4412 13171
4411 13172
4410 13173
4409 13174
4408 13175
4407 13176
4406 13177
4405 13178
4404 13179
4403 13180
4402 13181
4401 13182
4400 13183
4399 13184
4398 13185
4397 12577
4396 12578
4395 12579
4394 12580
4393 12581
4392 12582
4391 12583
4390 12584
4389 12713
4388 12714
4387 12715
4386 12716
4385 12717
4384 12718
4383 12719
4382 12720
4381 7240
4380 7241
4379 7242
4378 7243
4377 7244
4376 7245
4375 7246
4374 7247
4373 7248
4372 7249
4371 7250
4370 7251
4369 7252
4368 7253
4367 7254
4366 7255
4365 7213
4364 7214
4363 7215
4362 7216
4361 7217
4360 7218
4359 7219
4358 7220
4357 6938
4356 6939
4355 6940
4354 6941
4353 6942
4352 6943
4351 6944
4350 6945
4349 6946
4348 6947
4347 6992
4346 6993
4345 6994
4344 6995
4343 6996
4342 6997
4341 6998
4340 6999
4339 7000
4338 7001
4337 7002
4336 7003
4335 7004
4334 7005
4333 7006
4332 7007
4331 7008
4330 7009
4329 7010
4328 7011
4327 7012
4326 8751
4325 8752
4324 8753
4323 8754
4322 8755
4321 8756
4320 8757
4319 8758
4318 8759
4317 8760
4316 8761
4315 8762
4314 8763
4313 8764
4312 8765
4311 8766
4310 8767
4309 8768
4308 8769
4305 8901
4304 8902
4303 8903
4302 8904
4301 8905
4300 8906
4299 8738
4298 8739
4297 8740
4296 8741
4295 8742
4294 8743
4293 8744
4292 8745
4291 8746
4290 8747
4289 8748
4288 8749
4287 8750
4286 7013
4285 7014
4284 7015
4283 7016
4282 7017
4281 7018
4280 7019
4279 7020
4278 7021
4277 7022
4276 7023
4275 7024
4274 7025
4273 6984
4272 6985
4271 6986
4270 6987
4269 6988
4268 6989
4267 6990
4266 6991
4265 6948
4264 6949
4263 6950
4262 6951
4261 6952
4260 6953
4259 6954
4258 6955
4257 6956
4256 6957
4255 6958
4254 6959
4253 6960
4252 7798
4251 7799
4250 7800
4249 7801
4248 7802
4247 7803
4246 7804
4245 7805
4244 7806
4243 7807
4242 7808
4241 7809
4240 7810
4239 7811
4238 7812
4237 7813
4236 12700
4235 12701
4234 12702
4233 12703
4232 12704
4231 12705
4230 12706
4229 12707
4228 12708
4227 12709
4226 12710
4225 12711
4224 12712
4223 12585
4222 12586
4221 12587
4220 12588
4219 12589
4218 12590
4217 12591
4216 12592
4215 12593
4214 12594
4213 12595
4212 12596
4211 12597
4210 12598
4209 12599
4208 12600
4207 12601
4206 12602
4205 12603
4204 12604
4203 12605
4202 12606
4201 12607
4200 12608
4199 12609
4198 12610
4197 12611
4196 12612
4195 12613
4194 12614
4193 12615
4192 12616
4191 12617
4190 12618
4189 12904
4188 12905
4187 12906
4186 12907
4185 12908
4184 12909
4183 12910
4182 12911
4181 12176
4180 12177
4179 12178
4178 12179
4177 12180
4176 12181
4175 12182
4174 12183
4173 12184
4172 12143
4171 12144
4170 12145
4169 12146
4168 12147
4167 12148
4166 12149
4165 12150
4164 12151
4163 12152
4162 12153
4161 12154
4160 11725
4159 11726
4158 11727
4157 11728
4156 11729
4155 11730
4154 11731
4153 11732
4152 11733
4151 11734
4150 11735
4149 11736
4148 11737
4147 11738
4146 11739
4145 11740
4144 11741
4143 11742
4142 11743
4141 11744
4140 11745
4139 11746
4138 11747
4137 11748
4136 11749
4135 11750
4134 11751
4133 11752
4132 11910
4131 11911
4130 11912
4129 11913
4128 11914
4127 11915
4126 11916
4125 11917
4124 11918
4123 11919
4122 11920
4121 11921
4120 11922
4119 11923
4118 11924
4117 8269
4116 8270
4115 8271
4114 8272
4113 8273
4112 8274
4111 8275
4110 8276
4109 8277
4108 7955
4107 7956
4106 7957
4105 7958
4104 7959
4103 7960
4102 7961
4101 7962
4100 7963
4099 7964
4098 7965
4097 7966
4096 7967
4095 7968
4094 7969
4093 7970
4092 9825
4091 9826
4090 9827
4089 9828
4088 9829
4087 9830
4086 9831
4085 9832
4084 8595
4083 8596
4082 8597
4081 8598
4080 8599
4079 8600
4078 8601
4077 8602
4076 8515
4075 8516
4074 8517
4073 8518
4072 8519
4071 8520
4070 8521
4069 8522
4068 8118
4067 8119
4066 8120
4065 8121
4064 8122
4063 8123
4062 8124
4061 8125
4060 8126
4059 8127
4058 8128
4057 8129
4056 8130
4055 11093
4054 11094
4053 11095
4052 11096
4051 11097
4050 11098
4049 11099
4048 11100
4047 11101
4046 9130
4045 9131
4044 9132
4043 9133
4042 9134
4041 9135
4040 9136
4039 9137
4038 9138
4037 9139
4036 9140
4035 9141
4034 9142
4033 9143
4032 9144
4031 9145
4030 9146
4029 7708
4028 7709
4027 7710
4026 7711
4025 7712
4024 7713
4023 7714
4022 7715
4021 7716
4020 7717
4019 7718
4018 7719
4017 7720
4016 7721
4015 7722
4014 7723
4013 7724
4012 7725
4011 9411
4010 9412
4009 9413
4008 9414
4007 9415
4006 9416
4005 9417
4004 9418
4003 9419
4002 9420
4001 9421
4000 9422
3999 9423
3998 9424
3997 9425
3996 9426
3995 9427
3994 9428
3993 9429
3992 9430
3991 9431
3990 9432
3989 9433
3988 9434
3987 9435
3986 9436
3985 9437
3984 9438
3983 9439
3982 9440
3981 9441
3980 9442
3979 9443
3978 9444
3977 9445
3976 9446
3975 9447
3974 9448
3973 9449
3972 9450
3971 10470
3970 10471
3969 10472
3968 10473
3967 10474
3966 10475
3965 10476
3964 10477
3963 10478
3962 10479
3961 10480
3960 10481
3959 10482
3958 10483
3957 10484
3956 10485
3955 10486
3954 10487
3953 10488
3952 10489
3951 10490
3950 10491
3949 10492
3948 10493
3947 10494
3946 10495
3945 10496
3944 10497
3943 10498
3942 10499
3941 10500
3940 10501
3939 10502
3938 10503
3935 7876
3934 7877
3933 7878
3932 7879
3931 7880
3930 7881
3929 7882
3928 7883
3927 10285
3926 10286
3925 10287
3924 10288
3923 10289
3922 10290
3921 10291
3920 10292
3919 10293
3918 10294
3917 10295
3916 10296
3915 10297
3914 10298
3913 10299
3912 10300
3911 10301
3910 10302
3909 10303
3908 10304
3907 10305
3906 10306
3905 10307
3904 10308
3903 10309
3902 10310
3901 10356
3900 10357
3899 10358
3898 10359
3897 10360
3896 10361
3895 10362
3894 10363
3893 10364
3892 10365
3891 10366
3890 10367
3889 10368
3888 10369
3887 9502
3886 9503
3885 9504
3884 9505
3883 9506
3882 9507
3881 9508
3880 9194
3879 9195
3878 9196
3877 9197
3876 9198
3875 9199
3874 9200
3873 9201
3872 9202
3871 9203
3870 9204
3869 9205
3868 9206
3867 9207
3866 9208
3865 9209
3864 9067
3863 9068
3862 9069
3861 9070
3860 9071
3859 9072
3858 9073
3857 9074
3856 9075
3855 9076
3854 9077
3853 9078
3852 9079
3851 9080
3850 9081
3849 9082
3848 9083
3847 9084
3846 9085
3845 9086
3844 9087
3843 9088
3842 9089
3841 9090
3840 9091
3839 9092
3838 8105
3837 8106
3836 8107
3835 8108
3834 8109
3833 8110
3832 8111
3831 8112
3830 8113
3829 8114
3828 8115
3827 8116
3826 8117
3825 8523
3824 8524
3823 8525
3822 8526
3821 8527
3820 8528
3819 8529
3818 8530
3817 8531
3816 8005
3815 8006
3814 8007
3813 8008
3812 8009
3811 8010
3810 8011
3809 8012
3808 8013
3807 8014
3806 8015
3805 8016
3804 8017
3803 8018
3802 8019
3801 8209
3800 8210
3799 8211
3798 8212
3797 8213
3796 8214
3795 8215
3794 8216
3793 8217
3792 8218
3791 8219
3790 8220
3789 8221
3788 8222
3787 8223
3786 8224
3785 11897
3784 11898
3783 11899
3782 11900
3781 11901
3780 11902
3779 11903
3778 11904
3777 11905
3776 11906
3775 11907
3774 11908
3773 11909
3772 11753
3771 11754
3770 11755
3769 11756
3768 11757
3767 11758
3766 11759
3765 11760
3764 11761
3763 11762
3762 11763
3761 11764
3760 11765
3759 12124
3758 12125
3757 12126
3756 12127
3755 12128
3754 12129
3753 12130
3752 12131
3751 12132
3750 12133
3749 12134
3748 12135
3747 12136
3746 12137
3745 12138
3744 12139
3743 12140
3742 12141
3741 12142
3740 12185
3739 12186
3738 12187
3737 12188
3736 12189
3735 12190
3734 12191
3733 12192
3732 12193
3731 12194
3730 12195
3729 12196
3728 12197
3727 12198
3726 12199
3725 12200
3724 12201
3723 12202
3722 6682
3721 6683
3720 6684
3719 6685
3718 6686
3717 6687
3716 6688
3715 6689
3714 6690
3713 6691
3712 6692
3711 6693
3710 6706
3709 6707
3708 6708
3707 6709
3706 6710
3705 6711
3704 6712
3703 6713
3702 6714
3701 12688
3700 12689
3699 12690
3698 12691
3697 12692
3696 12693
3695 12694
3694 12695
3693 12696
3692 12697
3691 12698
3690 12699
3689 7814
3688 7815
3687 7816
3686 7817
3685 7818
3684 7819
3683 7820
3682 7821
3681 7822
3680 6895
3679 6896
3678 6897
3677 6898
3676 6899
3675 6900
3674 6901
3673 6902
3672 6903
3671 6904
3670 6905
3669 6906
3668 6907
3667 6908
3666 6909
3665 6910
3664 6911
3663 6912
3662 6913
3661 6914
3660 6915
3659 6916
3658 6917
3657 6918
3656 6919
3655 8718
3654 8719
3653 8720
3652 8721
3651 8722
3650 8723
3649 8724
3648 8725
3647 8726
3646 8727
3645 8728
3644 8729
3643 8730
3642 8731
3641 8732
3640 8733
3639 8734
3638 8735
3637 8736
3636 8737
3635 8907
3634 8908
3633 8909
3632 8910
3631 8911
3628 7529
3627 7530
3626 7531
3625 7532
3624 7533
3623 7534
3622 7535
3621 7536
3620 6735
3619 6736
3618 6737
3617 6738
3616 6739
3615 6740
3614 6741
3613 6742
3612 6743
3611 6863
3610 6864
3609 6865
3608 6866
3607 6867
3606 6868
3605 6869
3604 6870
3603 6871
3602 6872
3601 6873
3600 6874
3599 6875
3598 6876
3597 6877
3596 6878
3595 6879
3594 6880
3593 6881
3592 6882
3591 6883
3590 6884
3589 6885
3588 6886
3587 6887
3586 6888
3585 6889
3584 6890
3583 6891
3582 6892
3581 6893
3580 6894
3579 7823
3578 7824
3577 7825
3576 7826
3575 7827
3574 7828
3573 7829
3572 7830
3571 7831
3570 7832
3569 7833
3568 12678
3567 12679
3566 12680
3565 12681
3564 12682
3563 12683
3562 12684
3561 12685
3560 12686
3559 12687
3558 6715
3557 6716
3556 6717
3555 6718
3554 6719
3553 6720
3552 6721
3551 6722
3550 6723
3549 6694
3548 6695
3547 6696
3546 6697
3545 6698
3544 6699
3543 6700
3542 6701
3541 6702
3540 6703
3539 6704
3538 6705
3537 12203
3536 12204
3535 12205
3534 12206
3533 12207
3532 12208
3531 12209
3530 12210
3529 12211
3528 12212
3527 12213
3526 6672
3525 6673
3524 6674
3523 6675
3522 6676
3521 6677
3520 6678
3519 6679
3518 6680
3517 6681
3516 11856
3515 11857
3514 11858
3513 11859
3512 11860
3511 11861
3510 11862
3509 11863
3508 11864
3507 11865
3506 11866
3505 11867
3504 11868
3503 11869
3502 11870
3501 11871
3500 11872
3499 11873
3498 11874
3497 11875
3496 11876
3495 11877
3494 11878
3493 11879
3492 11880
3491 11881
3490 11882
3489 11883
3488 11884
3487 11885
3486 11886
3485 11887
3484 11888
3483 11889
3482 11890
3481 11891
3480 11892
3479 11893
3478 11894
3477 11895
3476 11896
3475 8225
3474 8226
3473 8227
3472 8228
3471 8229
3470 8230
3469 8231
3468 8232
3467 8233
3466 8234
3465 7984
3464 7985
3463 7986
3462 7987
3461 7988
3460 7989
3459 7990
3458 7991
3457 7992
3456 7993
3455 7994
3454 7995
3453 7996
3452 7997
3451 7998
3450 7999
3449 8000
3448 8001
3447 8002
3446 8003
3445 8004
3444 8532
3443 8533
3442 8534
3441 8535
3440 8536
3439 8537
3438 8538
3437 8539
3436 8540
3435 8541
3434 8542
3433 8543
3432 8544
3431 8097
3430 8098
3429 8099
3428 8100
3427 8101
3426 8102
3425 8103
3424 8104
3423 9093
3422 9094
3421 9095
3420 9096
3419 9097
3418 9098
3417 9099
3416 9100
3415 9160
3414 9161
3413 9162
3412 9163
3411 9164
3410 9165
3409 9166
3408 9167
3407 9168
3406 9169
3405 9170
3404 9171
3403 9172
3402 9173
3401 9174
3400 9175
3399 9176
3398 9177
3397 9178
3396 9179
3395 9180
3394 9181
3393 9182
3392 9183
3391 9184
3390 9185
3389 9186
3388 9187
3387 9188
3386 9189
3385 9190
3384 9191
3383 9192
3382 9193
3381 9509
3380 9510
3379 9511
3378 9512
3377 9513
3376 9514
3375 9515
3374 9516
3373 9517
3372 9518
3371 9519
3370 9520
3369 9521
3368 10348
3367 10349
3366 10350
3365 10351
3364 10352
3363 10353
3362 10354
3361 10355
3360 10311
3359 10312
3358 10313
3357 10314
3356 10315
3355 10316
3354 10317
3353 10318
3352 10319
3351 10320
3350 10321
3349 10322
3348 10323
3347 10561
3346 10562
3345 10563
3344 10564
3343 10565
3342 10566
3341 10567
3340 10568
3339 10569
3338 10570
3337 10571
3336 10572
3335 10573
3334 10574
3333 10575
3332 10576
3331 10577
3330 10578
3329 10579
3328 10580
3327 10581
3324 10538
3323 10539
3322 10540
3321 10541
3320 10542
3319 10543
3318 10544
3317 10545
3316 10546
3315 10547
3314 10548
3313 10549
3312 10550
3311 10551
3310 10552
3309 10553
3308 10554
3307 10555
3306 10556
3305 10557
3304 10558
3303 10559
3302 10560
3301 10324
3300 10325
3299 10326
3298 10327
3297 10328
3296 10329
3295 10330
3294 10331
3293 10332
3292 10333
3291 10334
3290 10335
3289 10336
3288 10337
3287 10338
3286 10339
3285 10340
3284 10341
3283 10342
3282 10343
3281 10344
3280 10345
3279 10346
3278 10347
3277 9522
3276 9523
3275 9524
3274 9525
3273 9526
3272 9527
3271 9528
3270 9529
3269 9530
3268 9531
3267 9532
3266 9533
3265 9369
3264 9370
3263 9371
3262 9372
3261 9373
3260 9374
3259 9375
3258 9376
3257 9377
3256 9378
3255 9379
3254 9380
3253 9381
3252 9382
3251 9383
3250 9384
3249 9385
3248 9386
3247 9387
3246 9388
3245 7767
3244 7768
3243 7769
3242 7770
3241 7771
3240 7772
3239 7773
3238 7774
3237 7775
3236 7776
3235 7777
3234 7778
3233 7779
3232 9147
3231 9148
3230 9149
3229 9150
3228 9151
3227 9152
3226 9153
3225 9154
3224 9155
3223 9156
3222 9157
3221 9158
3220 9159
3219 9101
3218 9102
3217 9103
3216 9104
3215 9105
3214 9106
3213 9107
3212 9108
3211 9109
3210 8085
3209 8086
3208 8087
3207 8088
3206 8089
3205 8090
3204 8091
3203 8092
3202 8093
3201 8094
3200 8095
3199 8096
3198 8545
3197 8546
3196 8547
3195 8548
3194 8549
3193 8550
3192 8551
3191 8552
3190 8553
3189 8554
3188 8555
3187 8556
3186 8557
3185 8558
3184 8559
3183 8560
3182 9812
3181 9813
3180 9814
3179 9815
3178 9816
3177 9817
3176 9818
3175 9819
3174 9820
3173 9821
3172 9822
3171 9823
3170 9824
3169 7971
3168 7972
3167 7973
3166 7974
3165 7975
3164 7976
3163 7977
3162 7978
3161 7979
3160 7980
3159 7981
3158 7982
3157 7983
3156 8235
3155 8236
3154 8237
3153 8238
3152 8239
3151 8240
3150 8241
3149 8242
3148 8243
3147 8244
3146 8245
3145 8246
3144 8247
3143 8248
3142 8249
3141 8250
3140 11949
3139 11950
3138 11951
3137 11952
3136 11953
3135 11954
3134 11955
3133 11956
3132 11957
3131 11958
3130 11959
3129 11960
3128 11961
3127 11962
3126 11963
3125 11964
3124 11965
3123 11966
3122 11967
3121 11968
3120 11969
3119 11830
3118 11831
3117 11832
3116 11833
3115 11834
3114 11835
3113 11836
3112 11837
3111 11838
3110 11839
3109 11840
3108 11841
3107 11842
3106 11843
3105 11844
3104 11845
3103 11846
3102 11847
3101 11848
3100 11849
3099 11850
3098 11851
3097 11852
3096 11853
3095 11854
3094 11855
3093 6660
3092 6661
3091 6662
3090 6663
3089 6664
3088 6665
3087 6666
3086 6667
3085 6668
3084 6669
3083 6670
3082 6671
3081 12214
3080 12215
3079 12216
3078 12217
3077 12218
3076 12219
3075 12220
3074 12221
3073 12222
3072 12223
3071 12224
3070 12225
3069 12226
3068 12227
3067 12228
3066 6744
3065 6745
3064 6746
3063 6747
3062 6748
3061 6749
3060 6750
3059 6751
3058 6752
3057 12650
3056 12651
3055 12652
3054 12653
3053 12654
3052 12655
3051 12656
3050 12657
3049 12658
3048 12659
3047 12660
3046 12661
3045 12662
3044 12663
3043 12664
3042 12665
3041 12666
3040 12667
3039 12668
3038 12669
3037 12670
3036 12671
3035 12672
3034 12673
3033 12674
3032 12675
3031 12676
3030 12677
3029 7834
3028 7835
3027 7836
3026 7837
3025 7838
3024 7839
3023 7840
3022 7841
3021 7842
3020 7843
3019 7844
3018 7845
3017 7846
3016 7847
3015 7848
3014 7849
3013 6764
3012 6765
3011 6766
3010 6767
3009 6768
3008 6769
3007 6770
3006 6771
3005 6772
3004 6784
3003 6785
3002 6786
3001 6787
3000 6788
2999 6789
2998 6790
2997 6791
2996 6792
2995 6793
2994 6805
2993 6806
2992 6807
2991 6808
2990 6809
2989 6810
2988 6811
2987 6812
2986 6813
2985 6855
2984 6856
2983 6857
2982 6858
2981 6859
2980 6860
2979 6861
2978 6862
2977 6724
2976 6725
2975 6726
2974 6727
2973 6728
2972 6729
2971 6730
2970 6731
2969 6732
2968 6733
2967 6734
2966 7516
2965 7517
2964 7518
2963 7519
2962 7520
2961 7521
2960 7522
2959 7523
2958 7524
2955 6824
2954 6825
2953 6826
2951 2952
2950 6829
2949 6830
2948 6831
2947 6832
2946 6833
2945 6834
2944 6835
2943 6836
2941 2942
2940 6839
2939 6840
2938 6841
2937 6842
2936 6843
2935 6844
2934 6845
2933 6846
2932 6847
2930 2931
2929 6850
2928 6851
2927 6852
2926 6853
2925 6854
2924 6814
2923 6815
2921 2922
2920 6818
2919 6819
2918 6820
2917 6821
2916 6822
2915 6823
2914 6794
2913 6795
2911 2912
2910 6798
2909 6799
2908 6800
2907 6801
2906 6802
2905 6803
2904 6804
2903 6773
2901 2902
2900 6776
2899 6777
2898 6778
2897 6779
2896 6780
2894 2895
2893 6783
2892 7850
2891 7851
2890 7852
2889 7853
2887 2888
2886 7856
2885 7857
2884 7858
2883 7859
2881 2882
2880 7862
2879 7863
2878 7677
2877 7678
2876 7679
2874 2875
2873 7682
2872 7683
2871 7684
2870 7685
2868 2869
2867 7688
2866 7689
2865 7690
2864 7691
2862 2863
2861 7694
2860 7695
2859 7696
2858 7697
2857 7698
2855 2856
2854 7701
2853 7702
2852 7703
2851 7704
2850 7705
2849 7706
2848 7707
2847 12643
2846 12644
2845 12645
2843 2844
2842 12648
2841 12649
2840 6753
2839 6754
2837 2838
2836 6757
2835 6758
2834 6759
2833 6760
2832 6761
2830 2831
2829 12229
2828 12230
2827 12231
2826 12232
2825 12233
2823 2824
2822 12236
2821 12237
2820 12238
2819 12239
2818 12240
2816 2817
2815 12243
2814 12244
2813 12245
2812 12246
2811 12247
2809 2810
2808 12250
2807 12251
2806 12252
2805 12253
2804 12254
2802 2803
2801 12257
2800 12258
2799 12259
2798 12260
2797 12261
2796 12262
2794 2795
2793 7636
2792 7637
2791 7638
2790 7639
2788 2789
2787 7642
2786 7643
2785 7644
2784 11813
2783 11814
2781 2782
2780 11817
2779 11818
2778 11819
2777 11820
2775 2776
2774 11823
2773 11824
2772 11825
2771 11826
2770 11827
2768 2769
2767 11970
2766 11971
2765 11972
2764 11973
2762 2763
2761 11976
2760 11977
2759 11978
2758 11979
2757 11980
2755 2756
2754 11983
2753 11939
2752 11940
2751 11941
2750 11942
2748 2749
2747 11945
2746 11946
2745 11947
2744 11948
2743 8251
2742 8252
2741 8253
2740 8254
2738 2739
2737 8257
2736 8258
2735 8259
2734 8260
2733 8261
2731 2732
2730 7614
2729 7615
2728 7616
2727 7617
2725 2726
2724 7620
2723 7621
2722 7622
2721 9784
2719 2720
2718 9787
2717 9788
2716 9789
2715 9790
2714 9791
2712 2713
2711 9794
2710 9795
2709 9796
2708 9797
2706 2707
2705 9800
2704 9801
2703 9802
2702 9803
2700 2701
2699 9806
2698 9807
2697 9808
2696 9809
2694 2695
2693 8561
2692 8562
2691 8563
2690 8564
2689 8565
2688 8566
2687 8567
2686 8568
2685 8569
2683 2684
2682 8572
2681 8573
2680 8574
2679 8067
2677 2678
2676 8070
2675 8071
2674 8072
2673 8073
2671 2672
2670 8076
2669 8077
2668 8078
2667 8079
2665 2666
2664 8082
2663 8083
2662 8084
2661 9110
2660 9111
2658 2659
2657 9114
2656 9115
2655 9116
2654 9117
2652 2653
2651 9120
2650 9121
2649 9122
2648 7590
2646 2647
2645 7593
2644 7594
2643 7595
2642 7596
2641 7597
2639 2640
2638 7600
2637 7750
2636 7751
2635 7752
2634 7753
2633 7754
2632 7755
2631 7756
2630 7757
2628 2629
2627 7760
2626 7761
2625 7762
2624 7763
2622 2623
2621 7766
2620 9389
2619 9390
2618 9391
2616 2617
2615 9394
2614 9395
2613 9396
2612 9397
2610 2611
2609 9400
2608 9401
2607 9402
2606 9359
2604 2605
2603 9362
2602 9363
2601 9364
2600 9365
2598 2599
2597 9368
2596 9534
2595 9535
2594 9536
2592 2593
2591 9539
2590 9540
2589 9541
2588 9542
2586 2587
2585 9545
2584 9546
2583 9547
2582 9548
2581 9549
2580 9550
2579 9551
2578 9552
2577 9553
2575 2576
2574 9556
2573 9557
2572 9558
2571 9559
2570 9560
2569 9561
2567 2568
2566 9564
2565 9565
2564 7569
2563 7570
2562 7571
2561 7572
2560 7573
2558 2559
2557 7576
2556 7577
2555 7578
2554 7548
2553 7549
2552 7550
2551 7551
2549 2550
2548 7554
2547 7555
2546 7556
2545 7557
2544 7558
2543 10521
2542 10522
2541 10523
2539 2540
2538 10526
2537 10527
2536 10528
2535 10529
2534 10530
2533 10531
2532 10532
2531 10533
2528 10508
2527 10509
2526 10510
2525 10511
2524 10512
2523 10513
2522 10514
2521 10515
2519 2520
2518 10518
2517 10519
2516 10520
2515 7537
2514 7538
2513 7539
2512 7540
2511 7541
2509 2510
2508 7544
2507 7545
2506 7546
2505 7547
2504 7559
2503 7560
2502 7561
2500 2501
2499 7564
2498 7565
2497 7566
2496 7567
2495 7568
2494 9566
2493 9567
2491 2492
2490 9570
2489 9571
2488 9572
2487 9573
2486 9574
2485 9575
2483 2484
2482 9578
2481 9579
2480 9580
2479 9581
2478 9333
2477 9334
2476 9335
2475 9336
2474 9337
2472 2473
2471 9340
2470 9341
2469 9342
2468 9343
2466 2467
2465 9346
2464 9347
2463 9348
2462 9349
2460 2461
2459 9352
2458 9353
2457 9354
2456 9355
2454 2455
2453 9358
2452 9403
2451 9404
2450 9405
2448 2449
2447 9408
2446 9409
2445 9410
2444 7726
2442 2443
2441 7729
2440 7730
2439 7731
2438 7732
2436 2437
2435 7735
2434 7736
2433 7737
2431 2432
2430 7740
2429 7741
2428 7742
2427 7743
2425 2426
2424 7746
2423 7747
2422 7748
2421 7749
2420 7579
2418 2419
2417 7582
2416 7583
2415 7584
2414 7585
2413 7586
2411 2412
2410 7589
2409 9123
2408 9124
2407 9125
2405 2406
2404 9128
2403 9129
2402 11102
2401 11103
2399 2400
2398 11106
2397 11107
2396 11108
2395 11109
2393 2394
2392 8053
2391 8054
2390 8055
2389 8056
2387 2388
2386 8059
2385 8060
2384 8061
2383 8062
2382 8063
2380 2381
2379 8066
2378 8575
2377 8576
2376 8577
2374 2375
2373 8580
2372 8581
2371 8582
2370 8583
2369 8584
2368 8585
2367 8586
2366 8587
2365 8588
2363 2364
2362 8591
2361 8592
2360 8593
2359 8594
2357 2358
2356 9835
2355 9836
2354 9837
2353 9838
2351 2352
2350 9770
2349 9771
2348 9772
2347 9773
2345 2346
2344 9776
2343 9777
2342 9778
2341 9779
2339 2340
2338 9782
2337 9783
2336 7601
2335 7602
2334 7603
2332 2333
2331 7606
2330 7607
2329 7608
2328 7609
2326 2327
2325 8262
2324 8263
2323 8264
2322 8265
2321 8266
2319 2320
2318 11925
2317 11926
2316 11927
2315 11928
2314 11929
2313 11930
2312 11931
2311 11932
2309 2310
2308 11935
2307 11936
2306 11937
2305 11938
2304 11984
2302 2303
2301 11987
2300 11988
2299 11989
2298 11990
2296 2297
2295 11993
2294 11994
2293 11995
2292 11996
2290 2291
2289 11797
2288 11798
2287 11799
2286 11800
2285 11801
2283 2284
2282 11804
2281 11805
2280 11806
2279 11807
2277 2278
2276 11810
2275 11811
2274 11812
2273 7623
2272 7624
2270 2271
2269 7627
2268 7628
2267 7629
2266 7630
2264 2265
2263 7633
2262 12263
2261 12264
2260 12265
2259 12266
2258 12267
2257 12268
2255 2256
2254 12271
2253 12272
2252 12273
2251 12274
2250 12275
2248 2249
2247 12891
2246 12892
2245 12893
2244 12894
2242 2243
2241 12897
2240 12898
2239 12899
2238 12900
2237 12901
2235 2236
2234 12619
2233 12620
2232 12621
2231 12622
2229 2230
2228 12625
2227 12626
2226 12627
2225 12628
2224 12629
2222 2223
2221 12632
2220 12633
2219 12634
2218 12635
2216 2217
2215 12638
2214 12639
2213 12640
2212 12641
2211 12642
2209 2210
2208 7647
2207 7648
2206 7649
2205 7650
2204 7651
2203 7652
2201 2202
2200 7655
2199 7656
2198 7657
2197 7658
2195 2196
2194 7661
2193 7662
2192 7663
2191 7664
2189 2190
2188 7667
2187 7668
2186 7669
2185 7670
2183 2184
2182 7673
2181 7674
2180 7675
2179 7676
2177 2178
2176 7782
2175 7783
2174 7784
2173 7785
2172 7786
2170 2171
2169 7789
2168 7790
2167 7791
2166 7792
2164 2165
2163 7795
2162 7796
2161 7797
2160 6961
2159 6962
2157 2158
2156 6965
2155 6966
2154 6967
2153 6968
2152 6969
2151 6970
2150 6971
2149 6972
2148 6973
2147 6974
2145 2146
2144 6977
2143 6978
2142 6979
2141 6980
2140 6981
2139 6982
2138 6983
2136 2137
2135 7028
2134 7029
2133 7030
2132 7031
2131 7032
2130 7033
2129 7034
2127 2128
2126 7037
2125 7038
2124 7039
2123 7040
2122 8876
2121 8877
2120 8878
2119 8879
2117 2118
2116 8882
2115 8883
2114 8884
2113 8885
2112 8886
2111 8887
2110 8888
2109 8889
2108 8890
2106 2107
2105 8893
2104 8894
2103 8895
2102 8896
2099 8131
2098 8132
2097 8133
2096 8134
2095 8135
2094 8136
2092 2093
2091 8863
2090 8864
2089 8865
2088 8866
2087 8867
2086 8868
2085 8869
2084 8870
2082 2083
2081 8873
2080 8874
2079 8875
2078 7041
2077 7042
2076 7043
2075 7044
2074 7045
2072 2073
2071 7048
2070 7049
2069 7050
2068 7051
2067 7052
2066 7053
2065 7054
2063 2064
2062 7057
2061 7058
2060 7059
2059 7060
2058 7061
2057 7062
2055 2056
2054 7065
2053 7066
2052 7067
2051 7196
2050 7197
2049 7198
2048 7199
2046 2047
2045 7202
2044 7203
2043 7204
2042 7205
2040 2041
2039 7208
2038 7209
2037 7210
2036 7211
2035 7212
2033 2034
2032 7258
2031 7259
2030 7260
2029 7261
2027 2028
2026 12473
2025 12474
2024 12475
2023 12476
2021 2022
2020 12479
2019 12480
2018 12481
2017 12482
2015 2016
2014 12485
2013 12486
2012 12487
2010 2011
2009 12563
2008 12564
2007 12565
2006 12566
2004 2005
2003 12569
2002 12570
2001 12571
2000 12572
1998 1999
1997 12575
1996 12576
1995 13186
1994 13187
1993 13188
1992 13189
1991 13190
1990 13191
1988 1989
1987 13194
1986 13195
1985 13196
1984 13197
1982 1983
1981 13200
1980 13201
1979 13202
1978 12865
1977 12866
1975 1976
1974 12869
1973 12870
1972 12871
1971 12872
1969 1970
1968 12875
1967 12876
1966 12877
1965 12878
1963 1964
1962 12881
1961 12882
1960 12883
1959 12884
1957 1958
1956 12887
1955 12888
1954 12889
1953 12890
1952 12278
1950 1951
1949 12281
1948 12282
1947 12283
1946 12284
1944 1945
1943 12287
1942 12288
1941 12289
1940 12290
1939 12291
1938 12292
1937 12293
1936 11700
1934 1935
1933 11703
1932 11704
1931 11705
1930 11706
1928 1929
1927 11709
1926 11710
1925 11711
1924 11712
1923 11713
1921 1922
1920 11787
1919 11788
1918 11789
1917 11790
1915 1916
1914 11793
1913 11794
1912 11795
1911 11796
1909 1910
1908 12001
1907 12002
1906 12003
1905 12004
1903 1904
1902 12007
1901 12008
1900 12009
1899 12010
1898 12011
1896 1897
1895 12014
1894 8351
1893 8352
1892 8353
1890 1891
1889 8356
1888 8357
1887 8358
1886 8359
1885 8291
1884 8292
1883 8293
1882 8294
1881 8295
1879 1880
1878 8298
1877 8299
1876 8300
1875 8301
1873 1874
1872 8304
1871 8305
1870 8306
1869 8307
1867 1868
1866 8310
1865 8311
1864 8312
1863 9752
1862 9753
1860 1861
1859 9756
1858 9757
1857 9758
1856 9759
1854 1855
1853 9762
1852 9763
1851 9764
1850 9765
1848 1849
1847 9839
1846 9840
1845 9841
1844 9842
1842 1843
1841 8489
1840 8490
1839 8491
1838 8492
1836 1837
1835 8495
1834 8496
1833 8497
1832 8498
1831 8499
1830 8500
1829 8501
1828 8502
1827 8503
1826 8504
1824 1825
1823 8033
1822 8034
1821 8035
1820 8036
1818 1819
1817 8039
1816 8040
1815 8041
1814 8042
1812 1813
1811 8045
1810 8046
1809 8047
1808 8048
1806 1807
1805 11110
1804 11111
1803 11112
1802 11113
1800 1801
1799 11116
1798 11117
1797 11118
1796 11119
1794 1795
1793 11122
1792 11123
1791 11124
1790 11125
1789 10985
1787 1788
1786 10988
1785 10989
1784 10990
1783 10991
1781 1782
1780 10994
1779 10995
1778 10996
1777 10997
1776 10998
1774 1775
1773 11001
1772 11002
1771 11003
1770 11004
1768 1769
1767 9026
1766 9027
1765 9028
1764 9029
1762 1763
1761 9032
1760 9653
1759 9654
1758 9655
1756 1757
1755 9658
1754 9659
1753 9660
1751 1752
1750 9663
1749 9664
1748 9665
1747 9622
1745 1746
1744 9625
1743 9626
1742 9627
1741 9628
1739 1740
1738 9631
1737 9632
1736 9318
1735 9319
1733 1734
1732 9322
1731 9323
1730 9324
1729 9325
1727 1728
1726 9328
1725 9329
1724 9330
1723 9331
1722 9332
1721 9582
1720 9583
1719 9584
1718 9585
1717 9586
1715 1716
1714 10445
1713 10446
1712 10447
1711 10448
1710 10449
1708 1709
1707 10452
1706 10453
1705 10454
1704 10455
1703 10456
1702 10457
1701 10458
1699 1700
1698 10049
1697 10050
1696 10051
1695 10052
1694 10053
1693 10054
1692 10055
1691 10056
1689 1690
1688 10059
1687 10060
1686 10061
1685 10062
1684 10007
1683 10008
1682 10009
1680 1681
1679 10012
1678 10013
1677 10014
1676 10015
1675 10016
1674 10017
1673 10018
1672 10019
1669 9994
1668 9995
1667 9996
1666 9997
1665 9998
1664 9999
1663 10000
1661 1662
1660 10003
1659 10004
1658 10005
1657 10006
1656 10063
1655 10064
1654 10065
1653 10066
1651 1652
1650 10069
1649 10070
1648 10071
1647 10072
1646 10073
1645 10074
1644 10075
1642 1643
1641 10078
1640 10431
1639 10432
1638 10433
1637 10434
1636 10435
1635 10436
1633 1634
1632 10439
1631 10440
1630 10441
1629 10442
1628 10443
1627 10444
1625 1626
1624 9591
1623 9592
1622 9593
1621 9594
1620 9595
1619 9596
1618 9597
1617 9598
1616 9599
1615 9600
1613 1614
1612 9603
1611 9604
1610 9605
1609 9606
1607 1608
1606 9609
1605 9610
1604 9611
1603 9612
1601 1602
1600 9615
1599 9616
1598 9617
1597 9618
1595 1596
1594 9621
1593 9666
1592 9667
1591 9668
1589 1590
1588 9671
1587 9672
1586 9009
1584 1585
1583 9012
1582 9013
1581 9014
1580 9015
1578 1579
1577 9018
1576 9019
1575 9020
1574 9021
1572 1573
1571 11005
1570 11006
1569 11007
1567 1568
1566 11010
1565 11011
1564 11012
1563 11013
1562 11014
1561 11015
1559 1560
1558 10978
1557 10979
1556 10980
1555 10981
1553 1554
1552 10984
1551 11126
1550 11127
1549 11128
1547 1548
1546 11131
1545 11132
1544 11133
1543 11134
1541 1542
1540 11137
1539 11138
1538 11139
1537 11140
1536 11141
1534 1535
1533 11144
1532 11145
1531 11146
1530 11147
1528 1529
1527 11150
1526 11151
1525 11152
1524 11153
1522 1523
1521 11156
1520 11157
1519 11158
1518 11159
1516 1517
1515 11162
1514 11163
1513 11164
1512 11165
1511 11166
1510 8478
1509 8479
1508 8480
1507 8481
1506 8482
1504 1505
1503 8485
1502 8486
1501 8487
1500 8488
1498 1499
1497 9847
1496 9848
1495 9849
1494 9850
1492 1493
1491 9738
1490 9739
1489 9740
1488 9741
1486 1487
1485 9744
1484 9745
1483 9746
1482 9747
1480 1481
1479 9750
1478 9751
1477 8143
1476 8144
1474 1475
1473 8147
1472 8148
1471 8149
1470 8150
1469 8151
1467 1468
1466 8154
1465 8155
1464 8156
1463 8157
1461 1462
1460 8160
1459 8338
1458 8339
1457 8340
1456 8341
1455 8342
1454 8343
1453 8344
1452 8345
1450 1451
1449 8348
1448 8349
1447 8350
1446 12015
1444 1445
1443 12018
1442 12019
1441 12020
1440 12021
1438 1439
1437 12024
1436 12025
1435 12026
1434 12027
1432 1433
1431 12030
1430 11674
1429 11675
1428 11676
1426 1427
1425 11679
1424 11680
1423 11681
1422 11682
1421 11683
1419 1420
1418 11686
1417 11687
1416 11688
1415 11689
1413 1414
1412 11692
1411 11693
1410 11694
1409 11695
1407 1408
1406 11698
1405 11699
1404 12294
1403 12295
1402 12296
1401 12297
1400 12298
1399 12299
1398 12300
1396 1397
1395 13040
1394 13041
1393 13042
1392 13043
1390 1391
1389 13046
1388 13109
1387 13110
1386 13111
1384 1385
1383 13114
1382 13115
1381 13116
1380 13117
1378 1379
1377 13120
1376 13121
1375 12852
1374 12853
1372 1373
1371 12856
1370 12857
1369 12858
1368 12859
1366 1367
1365 12862
1364 12863
1363 12864
1362 13203
1360 1361
1359 13206
1358 13207
1357 13208
1356 13209
1354 1355
1353 13212
1352 13213
1351 13214
1350 13215
1348 1349
1347 12545
1346 12546
1345 12547
1344 12548
1343 12549
1341 1342
1340 12552
1339 12553
1338 12554
1336 1337
1335 12557
1334 12558
1333 12559
1332 12560
1330 1331
1329 12490
1328 12491
1327 12492
1326 12493
1324 1325
1323 12496
1322 12460
1321 12461
1319 1320
1318 12464
1317 12465
1316 12466
1315 12467
1313 1314
1312 12470
1311 7262
1310 7263
1309 7264
1307 1308
1306 7267
1305 7268
1304 7269
1303 7270
1301 1302
1300 7273
1299 7274
1298 7275
1297 7276
1295 1296
1294 7190
1293 7191
1292 7192
1291 7193
1290 7194
1289 7195
1288 7068
1287 7069
1285 1286
1284 7072
1283 7073
1282 7074
1281 7075
1280 7076
1279 7077
1277 1278
1276 7080
1275 7081
1274 7082
1273 7083
1272 7084
1271 7085
1270 7086
1268 1269
1267 7089
1266 7090
1265 7091
1264 7092
1263 8844
1262 8845
1261 8846
1260 8847
1258 1259
1257 8850
1256 8851
1255 8852
1254 8853
1253 8854
1252 8855
1251 8856
1249 1250
1248 8859
1247 8860
1246 8137
1245 8138
1244 8139
1243 8140
1242 8141
1241 8142
1238 8820
1236 1237
1235 8823
1234 8824
1233 8825
1232 8826
1231 8827
1230 8828
1229 8829
1227 1228
1226 8832
1225 8833
1224 8834
1223 8835
1222 8836
1221 8837
1220 8838
1219 8839
1217 1218
1216 8842
1215 8843
1214 7093
1213 7094
1212 7095
1211 7096
1210 7097
1208 1209
1207 7166
1206 7167
1205 7168
1204 7169
1203 7170
1202 7171
1200 1201
1199 7174
1198 7175
1197 7176
1196 7177
1195 7178
1194 7179
1192 1193
1191 7182
1190 7183
1189 7184
1188 7185
1187 7186
1186 7187
1185 7188
1184 7189
1183 7279
1182 7280
1180 1181
1179 7283
1178 7284
1177 7285
1176 12370
1174 1175
1173 12373
1172 12374
1171 12375
1169 1170
1168 12378
1167 12379
1166 12380
1165 12381
1163 1164
1162 12384
1161 12385
1160 12386
1159 12516
1157 1158
1156 12519
1155 12520
1154 12521
1152 1153
1151 12524
1150 12525
1149 12526
1147 1148
1146 12529
1145 12530
1144 12531
1143 12532
1141 1142
1140 12535
1139 12536
1138 12537
1136 1137
1135 12540
1134 12541
1133 12542
1132 12543
1131 12544
1130 13218
1129 13219
1127 1128
1126 13222
1125 13223
1124 13224
1123 9889
1121 1122
1120 9892
1119 9893
1118 9894
1116 1117
1115 9897
1114 9898
1113 13085
1112 13086
1110 1111
1109 13089
1108 13090
1107 13091
1106 13092
1104 1105
1103 13095
1102 13096
1101 13097
1100 13098
1098 1099
1097 13101
1096 13102
1095 13103
1094 13104
1092 1093
1091 13107
1090 13108
1089 13047
1087 1088
1086 13050
1085 13051
1084 13052
1083 13053
1081 1082
1080 11523
1079 11524
1078 11525
1077 11526
1076 11527
1074 1075
1073 11530
1072 11531
1071 11532
1070 11533
1068 1069
1067 11536
1066 11537
1065 11538
1064 11539
1062 1063
1061 11542
1060 11660
1059 11661
1058 11662
1056 1057
1055 11665
1054 11666
1053 11667
1052 11668
1050 1051
1049 11671
1048 11672
1047 11673
1046 12031
1044 1045
1043 12034
1042 12035
1041 12036
1040 12037
1038 1039
1037 12040
1036 12041
1035 12042
1034 12043
1032 1033
1031 11447
1030 11448
1029 11449
1028 11450
1026 1027
1025 11453
1024 11454
1023 11455
1022 11456
1021 11457
1020 11458
1019 11459
1018 11460
1017 11461
1015 1016
1014 11464
1013 11465
1012 11466
1011 11467
1010 11468
1008 1009
1007 9870
1006 9871
1005 9872
1004 9873
1002 1003
1001 9876
1000 9877
999 9878
998 9721
996 997
995 9724
994 9725
993 9726
992 9727
990 991
989 9730
988 9731
987 9732
986 9733
984 985
983 9851
982 9852
981 9853
980 9854
978 979
977 9690
976 9691
975 9692
974 9693
972 973
971 9696
970 9697
969 9698
968 9699
967 11240
966 11241
965 11242
964 11243
963 11244
962 11245
960 961
959 11199
958 11200
957 11201
956 11202
955 11203
953 954
952 11206
951 11207
950 11208
949 11209
947 948
946 10755
945 10756
944 10757
943 10758
941 942
940 10761
939 10762
938 10763
937 10764
935 936
934 10767
933 10768
932 10769
931 10770
929 930
928 10773
927 10774
926 10775
925 10807
923 924
922 10810
921 10811
920 10812
919 10813
917 918
916 10816
915 10817
914 10818
913 10819
912 10820
911 10821
909 910
908 10824
907 10825
906 10826
905 10827
903 904
902 8997
901 8998
900 8999
898 899
897 9002
896 9003
895 9004
894 9005
892 893
891 9008
890 9673
889 9674
888 9675
886 887
885 9678
884 9679
883 8964
881 882
880 8967
879 8968
878 8969
877 8970
875 876
874 8973
873 8943
872 8944
871 8945
869 870
868 8948
867 8949
866 8950
865 8951
863 864
862 8922
861 8923
860 8924
859 8925
858 8926
857 8927
856 8928
855 8929
854 8930
853 8931
851 852
850 10652
849 10653
848 10654
847 10655
846 10656
845 10422
843 844
842 10425
841 10426
840 10427
839 10428
838 10429
837 10430
836 10079
834 835
833 10082
832 10083
831 10084
830 10085
829 10086
828 10087
827 10088
825 826
824 10091
823 10092
822 10093
821 10094
820 9947
819 9948
818 9949
817 9950
815 816
814 9953
813 9954
812 9955
811 9956
810 9957
809 9958
808 9959
805 9934
804 9935
803 9936
802 9937
801 9938
800 9939
799 9940
797 798
796 9943
795 9944
794 9945
793 9946
792 10095
791 10096
790 10097
789 10098
787 788
786 10101
785 10102
784 10103
783 10104
782 10105
781 10106
780 10107
778 779
777 10110
776 10111
775 10112
774 10113
773 10114
772 10115
771 10116
769 770
768 10642
767 10643
766 10644
765 10645
764 10646
763 10647
761 762
760 8912
759 8913
758 8914
757 8915
756 8916
755 8917
754 8918
753 8919
752 8920
751 8921
749 750
748 8934
747 8935
746 8936
745 8937
743 744
742 8940
741 8941
740 8942
739 8954
737 738
736 8957
735 8958
734 8959
733 8960
731 732
730 8963
729 8974
728 8975
726 727
725 8978
724 8979
723 8980
722 8981
720 721
719 8984
718 8985
717 8986
715 716
714 8989
713 8990
712 8991
711 8992
709 710
708 10828
707 10829
706 10830
704 705
703 10833
702 10834
701 10835
700 10836
699 10837
698 10838
697 10839
695 696
694 10800
693 10801
692 10802
691 10803
689 690
688 10806
687 10776
686 10777
685 10778
683 684
682 10781
681 10782
680 10783
679 10742
677 678
676 10745
675 10746
674 10747
673 10748
671 672
670 10751
669 10752
668 10753
667 10754
665 666
664 10675
663 10676
662 10677
661 10678
659 660
658 10681
657 11227
656 11228
655 11229
653 654
652 11232
651 11233
650 11234
649 11235
647 648
646 11238
645 11239
644 9680
643 9681
642 9682
641 9683
639 640
638 9686
637 9687
636 9688
635 9689
633 634
632 9702
631 9703
630 9704
629 9705
627 628
626 9708
625 9709
624 9710
623 9711
621 622
620 9714
619 9715
618 9716
617 9717
615 616
614 9720
613 9857
612 9858
611 9859
609 610
608 9862
607 9863
606 9864
605 9865
603 604
602 11299
601 11300
600 11301
599 11302
597 598
596 11305
595 11469
594 11470
593 11471
591 592
590 11474
589 11475
588 11476
587 11477
586 11478
584 585
583 11627
582 11628
581 11629
579 580
578 11632
577 11633
576 11634
575 11635
573 574
572 11638
571 11639
570 11640
569 11641
567 568
566 11644
565 11645
564 11646
563 11647
561 562
560 11650
559 11651
558 11652
557 11653
555 556
554 11656
553 11657
552 11658
551 11659
549 550
548 11545
547 11546
546 11547
545 11548
543 544
542 11507
541 11508
540 11509
539 11510
537 538
536 11513
535 11514
534 11515
533 11516
532 11517
531 11518
529 530
528 13054
527 13055
526 13056
524 525
523 13059
522 13060
521 13061
520 13062
518 519
517 13065
516 13066
515 13067
514 13068
512 513
511 13071
510 13072
509 13073
507 508
506 13076
505 13077
504 13078
503 13079
501 502
500 13082
499 13083
498 13084
496 497
495 9881
494 9882
493 9883
492 9884
490 491
489 9887
488 9888
487 13225
485 486
484 13228
483 13229
482 13230
481 13231
480 13232
479 13233
478 13234
477 13235
475 476
474 13238
473 13239
472 13240
471 13241
469 470
468 13244
467 13245
466 13246
464 465
463 13249
462 13250
461 13251
459 460
458 12346
457 12347
456 12348
455 12349
453 454
452 12352
451 12353
450 12354
448 449
447 12357
446 12358
445 12359
443 444
442 12362
441 12363
440 12364
439 12365
437 438
436 12368
435 12369
434 7286
433 7287
431 432
430 7290
429 7291
428 7292
427 7293
425 426
424 7296
423 7297
422 7298
421 7299
420 7300
419 7301
417 418
416 7416
415 7417
414 7418
413 7419
412 7420
410 411
409 7423
408 7424
407 7425
406 7426
405 7427
404 7428
402 403
401 7431
400 7432
399 7433
398 7434
397 7435
396 7436
395 7437
393 394
392 7440
391 7441
390 7442
389 7443
388 7444
387 7445
386 7446
384 385
383 7504
382 7505
381 7506
380 7507
379 7508
378 7509
377 7510
376 7511
374 375
373 7514
372 7515
369 7490
368 7491
367 7492
366 7493
365 7494
364 7495
363 7496
362 7497
361 7498
360 7499
359 7500
358 7501
357 7447
356 7448
355 7449
354 7450
353 7451
352 7452
351 7453
350 7454
349 7455
348 7456
347 7457
346 7458
345 7459
344 7460
343 7461
342 7403
341 7404
340 7405
339 7406
338 7407
337 7408
336 7409
335 7410
334 7411
333 7412
332 7413
331 7414
330 7415
329 7304
328 7305
327 7306
326 7307
325 7308
324 7309
323 7310
322 7311
321 7312
320 10611
319 10612
318 10613
317 10614
316 10615
315 10616
314 10617
313 10618
312 10619
311 10620
310 10621
309 12331
308 12332
307 12333
306 12334
305 12335
304 12336
303 12337
302 12338
301 12339
300 12340
299 12341
298 12342
297 12343
296 12344
295 12345
294 13254
293 13255
292 13256
291 13257
290 13258
289 13259
288 13260
287 13261
286 13262
285 13263
284 13264
283 13265
282 13266
281 12781
280 12782
279 12783
278 12784
277 12785
275 276
274 12788
273 12789
272 12790
271 12791
270 12792
269 12793
268 12794
267 12795
266 12796
265 12797
264 12798
263 12799
262 12800
261 12801
260 12802
259 12803
258 12804
257 10591
256 10592
255 10593
254 10594
253 10595
252 10596
251 10597
250 10598
249 10599
248 10600
247 12988
246 12989
245 12990
244 12991
243 12992
242 12993
241 12994
240 12995
239 11491
238 11492
237 11493
236 11494
235 11495
234 11496
233 11497
232 11498
231 11499
230 11500
229 11501
228 11502
227 11503
226 11504
225 11505
224 11506
223 11551
222 11552
221 11553
220 11554
219 11555
218 11556
217 11557
216 11558
215 11559
214 11560
213 11561
212 11562
211 11563
210 11564
209 11565
208 11566
207 11567
206 11568
205 11611
204 11612
203 11613
202 11614
201 11615
200 11616
199 11617
198 11618
197 11619
196 11620
195 11621
194 11622
193 11623
192 11624
191 11625
190 11626
189 11481
188 11482
187 11483
186 11484
185 11485
184 11486
183 11487
182 11488
181 11489
180 11490
179 11306
178 11307
177 11308
176 11309
175 11310
174 11311
173 11312
172 11313
171 11314
170 11315
169 11316
168 11317
167 11318
166 11319
165 11320
164 11321
163 11322
162 11323
161 11324
160 11325
159 11326
158 11327
157 11328
156 11329
155 11330
154 11331
153 11332
152 11333
151 11334
150 11335
149 11336
148 11337
147 11338
146 11339
145 11340
144 11341
143 11342
142 11212
141 11213
140 11214
139 11215
138 11216
137 11217
136 11218
135 11219
134 11220
133 11221
132 11222
131 11223
130 11224
129 11225
128 11226
127 10682
126 10683
125 10684
124 10685
123 10686
122 10687
121 10688
120 10689
119 10732
118 10733
117 10734
116 10735
115 10736
114 10737
113 10738
112 10739
111 10740
110 10741
109 10784
108 10785
107 10786
106 10787
105 10788
104 10789
103 10790
102 10791
101 10792
100 10793
99 10794
98 10795
97 10796
96 10797
95 10840
94 10841
93 10842
92 10843
91 10844
90 10845
89 10846
88 10847
87 10848
86 10849
85 10850
84 10851
83 10852
82 10853
81 10854
80 10855
79 10898
78 10899
77 10900
76 10901
75 10902
74 10903
73 10904
72 10905
71 9261
70 9262
69 9263
68 9264
67 9265
66 9266
65 9267
64 9268
63 9269
62 9270
61 9271
60 9272
59 9273
58 9274
57 9275
56 9276
55 9277
54 9278
53 9279
52 9280
51 9281
50 10622
49 10623
48 10624
47 10625
46 10626
45 10627
44 10628
43 10629
42 10630
41 10631
40 10632
39 10633
38 10634
37 10635
36 10636
35 10637
34 10638
33 10639
32 10117
31 10118
30 10119
29 10120
28 10121
27 10122
26 10123
25 10124
24 10125
23 10126
22 10127
21 10128
20 10129
19 10130
18 10131
17 10132
16 9914
15 9915
14 9916
13 9917
12 9918
11 9919
10 9920
9 9921
8 9922
7 9923
6 9924
5 9925
4 9926
3 9927
2 9928
1 9929
4306 8901
3630 8911
3326 10581
1670 9994
1239 8820
807 9959
371 7515
0 9929
