0 8737
5 8732
7 8730
13 8229
19 8223
20 8222
24 8218
32 8749
44 8760
50 8754
52 8752
54 8211
55 8210
58 8207
59 8206
68 8197
70 8195
75 8773
80 8768
83 8765
89 9653
93 9649
95 9647
97 7470
100 7467
103 7464
108 7459
110 7457
114 8822
120 8816
122 8814
124 8812
126 8810
129 8807
131 8805
133 8803
135 8801
137 8799
141 8795
143 8793
144 8881
145 8880
150 8875
151 8874
152 8873
161 8864
164 8861
166 8859
167 8858
168 8857
172 8853
181 8844
186 8839
189 9673
195 9667
196 9666
197 9665
202 9660
203 9659
209 9171
213 9167
215 9165
217 9163
220 9160
221 9159
225 9155
229 9151
230 9150
231 9149
232 9148
236 9144
238 9142
243 9137
244 9136
250 8568
251 8567
255 8563
256 8562
257 8561
262 8556
263 8555
266 8552
269 8549
277 8541
278 8540
281 8537
284 8534
286 8532
292 8526
293 9186
299 9180
300 9179
305 9174
313 7915
317 8366
318 8365
319 8364
329 8589
331 8587
333 8585
337 8581
341 7696
342 7695
344 7693
353 9387
354 9386
357 9383
360 9380
368 9973
370 9971
372 9969
373 9968
375 9966
376 9965
379 9962
382 10229
386 10225
387 10224
390 10221
391 10220
393 10218
397 10815
399 10813
400 10812
403 10809
404 10808
405 10807
406 10806
407 10805
412 10800
413 10799
416 10796
419 10793
420 10792
425 11078
429 11074
430 11602
440 11592
441 11591
444 11588
449 11583
453 11579
454 11578
456 11576
457 11575
461 5164
465 5160
467 5158
470 5155
471 5154
473 5152
474 5151
475 5150
480 5145
487 5138
488 5137
492 5133
493 5132
494 5131
495 5130
499 5126
500 11620
503 11617
506 11614
508 11612
511 11609
521 11070
522 11069
524 11067
526 11065
529 11062
532 11059
533 11058
534 11057
536 11055
539 11052
540 11051
544 11047
549 11042
550 11041
553 11038
555 11036
561 11030
562 11029
563 11028
567 11024
575 10851
585 10841
586 10840
588 10838
596 10830
597 10829
598 10828
602 10824
603 10823
604 10822
605 10821
610 10215
612 10213
613 10212
615 10210
616 10209
619 10206
625 10200
627 9991
632 9986
633 9985
634 9984
639 9979
645 9372
646 9371
649 9368
652 9365
654 9363
660 9357
661 9356
664 9353
667 9350
675 10006
678 10003
681 10000
694 10194
695 10193
697 10191
699 10189
703 10185
704 10184
705 10183
711 10177
712 10176
715 10173
716 10172
717 10171
718 10170
721 10167
722 10166
723 10165
731 10157
734 10154
735 10153
740 10148
747 10039
749 10037
750 10036
754 10032
756 10030
763 10023
764 10022
766 10020
768 10018
770 10016
773 7142
776 7139
781 7749
782 7748
787 7743
794 7736
796 7734
797 7733
800 7888
805 7883
813 7875
817 7871
820 7868
824 7864
827 7861
832 7856
833 7855
836 7852
839 8425
846 8418
848 8416
850 8414
852 8412
861 8403
863 8401
865 8399
878 8386
885 8379
887 8377
893 8371
896 8368
898 7911
900 7909
901 7908
906 7903
913 7896
914 7895
916 7893
918 7891
919 7890
926 7725
927 7724
928 7723
931 7720
932 7719
940 7711
947 7704
953 8579
954 8578
957 8575
964 9130
965 9129
972 9122
978 9116
980 9114
984 9401
987 9398
990 9395
997 7685
999 7683
1008 7674
1009 7940
1011 7938
1012 7937
1016 7933
1022 7927
1027 7922
1029 7571
1035 7565
1036 7564
1041 9536
1044 9533
1045 9532
1046 9531
1052 8982
1053 8981
1057 8977
1059 8710
1061 8708
1065 8704
1068 8701
1070 8699
1071 8698
1074 8695
1075 8694
1078 8691
1080 8689
1084 8685
1085 8684
1086 8683
1090 8270
1092 8268
1094 8266
1095 8265
1097 8263
1101 8259
1106 8254
1112 8248
1114 8246
1116 8032
1123 8025
1130 7577
1140 8431
1141 8430
1146 7849
1148 7847
1149 7846
1151 7844
1153 7842
1157 7838
1161 7834
1168 8444
1169 8443
1171 8441
1175 8437
1176 8462
1178 8460
1181 8457
1191 7830
1195 7826
1197 7824
1199 7822
1200 7821
1544 7757
1545 7756
1546 7755
1548 7753
1551 7135
1553 7133
1562 7020
1563 7019
1564 7018
1565 7017
1572 7010
1575 7007
1579 7003
1580 7002
1584 6998
1594 6988
1601 6506
1608 6499
1609 6498
1614 6335
1620 6329
1627 5775
1628 5774
1631 5771
1632 5770
1635 5767
1637 5765
1643 5759
1646 5756
1648 5754
1650 5752
1651 5751
1653 11658
1656 11655
1657 11654
1659 11652
1661 11650
1662 11649
1672 11639
1676 11635
1680 11631
1681 11630
1690 11621
1691 5125
1693 5123
1694 5122
1697 5119
1698 5118
1700 5116
1702 5114
1706 5110
1707 5109
1714 5102
1715 5101
1719 5097
1723 5093
1729 5087
1730 5086
1731 5085
1733 5083
1734 5082
1735 5081
1736 5080
1737 5079
1742 5630
1748 5624
1749 5623
1750 5622
1753 5619
1756 6483
1757 6482
1758 6481
1759 6480
1767 6357
1772 6352
1774 6350
1776 6348
1780 6344
1784 6340
1788 6494
1789 6493
1790 6492
1796 6486
1797 5618
1799 5616
1806 5609
1809 5606
1813 5602
1820 5595
1830 5585
1831 5584
1833 5582
1836 5579
1839 5576
1843 5572
1845 5570
1846 5569
1849 5566
1858 5557
1861 5554
1862 5553
1872 5543
1876 5539
1877 5538
1878 5537
1881 5534
1882 5533
1883 5532
1884 5531
1886 5529
1889 6575
1893 6571
1896 6568
1898 6566
1900 6564
1905 6559
1906 6558
1910 6554
1911 6553
1912 6552
1913 6551
1921 6276
1922 6275
1925 6272
1926 6271
1933 6264
1935 6262
1940 6257
1950 10281
1952 10279
1958 10273
1960 10271
1962 10269
1966 10265
1967 10264
1970 10261
1973 10258
1976 10255
1977 10254
1979 10252
1983 10248
1985 10246
1988 10243
1989 10242
1998 10233
2004 9957
2013 7198
2015 7196
2023 7188
2024 7187
2029 7182
2030 7181
2031 7180
2032 7179
2036 7175
2037 7174
2045 7166
2057 7154
2064 7147
2068 10014
2073 10009
2076 9342
2077 9341
2080 9338
2083 9335
2085 9333
2087 9331
2089 9329
2092 9326
2095 9323
2101 9194
2103 9192
2108 9187
2109 8525
2112 8522
2115 8519
2117 8517
2123 8511
2124 7769
2126 7767
2127 7766
2128 7765
2133 6585
2135 6583
2143 5526
2144 5525
2147 5522
2151 5518
2152 5517
2154 5515
2161 5508
2165 6593
2171 6587
2173 11219
2180 11212
2182 11486
2183 11485
2189 11479
2190 11478
2199 5932
2202 5929
2214 5465
2223 5456
2225 5454
2226 5453
2228 5451
2229 5450
2230 5944
2233 5941
2242 11469
2244 11467
2246 11465
2251 11460
2253 11458
2255 5266
2257 5264
2263 5258
2266 5255
2267 5254
2272 5249
2275 5246
2277 5244
2292 5229
2301 5220
2304 5217
2310 5211
2311 5210
2318 5203
2319 5202
2324 5197
2326 5195
2327 5194
2332 5189
2333 5188
2336 5185
2338 5183
2339 5182
2341 5180
2343 5178
2345 5176
2346 5175
2352 5169
2356 11572
2360 11568
2365 11563
2367 11561
2369 11559
2373 11125
2375 11123
2378 11120
2382 11116
2388 10756
2392 10752
2395 10749
2396 10748
2398 10746
2401 10743
2407 10737
2409 10735
2410 10734
2415 10729
2416 10728
2417 10727
2422 10722
2433 10299
2434 10298
2438 10294
2441 10291
2442 10290
2443 10289
2444 10288
2448 6250
2449 6249
2450 6248
2451 6247
2459 5856
2462 5853
2464 5851
2470 5845
2475 5840
2479 5836
2485 5830
2491 5824
2493 10771
2498 10766
2499 10765
2502 10762
2503 10761
2504 10760
2506 11112
2510 11108
2511 11107
2512 11106
2514 11104
2522 11096
2523 11095
2528 11090
2529 11089
2530 11088
2536 11082
2537 10790
2540 10787
2542 10785
2543 10784
2547 10780
2548 10779
2551 10776
2556 5822
2562 5816
2566 5812
2574 5804
2577 5801
2587 5791
2590 5788
2599 5779
2602 6323
2605 6320
2606 6319
2614 6311
2616 6309
2617 6308
2623 6302
2634 6291
2635 6290
2640 6285
2643 6282
2644 6548
2647 6545
2651 6541
2655 6537
2656 6536
2665 6527
2667 6525
2675 6517
2677 6515
2687 6980
2688 6979
2691 6976
2692 6975
2696 6971
2701 6966
2702 6965
2703 6964
2704 6963
2708 6959
2709 6958
2713 6954
2718 6949
2724 6943
2725 6942
2726 6941
2731 6936
2736 6931
2737 6930
2746 7242
2752 7236
2759 7229
2763 9920
2764 9919
2766 9917
2771 9912
2775 9908
2776 9907
2779 9904
2783 9446
2787 9442
2789 9440
2792 9437
2796 7654
2798 7652
2801 7649
2802 7648
2806 7644
2807 7643
2813 7637
2815 7252
2819 7248
2820 7247
2823 7244
2826 6920
2828 6918
2829 6917
2840 6906
2846 6900
2851 6895
2853 6893
2862 6884
2866 6880
2867 6879
2871 8005
2872 8004
2873 8003
2877 7999
2892 8277
2901 8677
2905 8673
2911 8667
2912 8666
2915 8663
2916 8662
2917 8661
2919 8659
2920 8658
2921 8657
2923 8655
2925 8653
2926 9039
2929 9036
2930 9035
2932 9033
2946 9019
2947 9018
2949 9016
2952 9013
2965 9000
2966 8999
2967 8998
2971 8994
2974 8991
2976 8989
2980 8985
2984 9524
2987 9521
2989 9519
2992 9516
2993 9515
2997 9839
3002 9834
3006 9830
3013 9823
3014 9822
3015 9821
3018 9818
3019 9817
3024 7315
3029 7310
3034 7305
3044 7295
3047 6203
3050 6200
3052 6198
3054 6196
3058 6192
3060 6190
3069 10369
3074 10364
3076 10362
3078 10360
3081 10357
3082 10356
3089 10349
3096 10342
3098 10340
3101 10337
3102 10336
3105 9853
3106 9852
3108 9850
3115 9843
3117 9841
3118 9840
3119 9511
3122 9508
3124 9506
3128 9502
3133 9497
3134 9496
3136 9494
3140 9490
3145 9485
3148 9482
3150 9871
3151 9870
3156 9865
3157 9864
3165 9856
3172 10329
3175 10326
3178 10323
3180 10321
3181 10320
3187 10314
3196 10717
3197 10716
3202 10711
3211 5874
3221 5864
3222 5863
3223 5862
3225 6243
3226 6242
3236 6232
3237 6231
3238 6230
3246 6222
3249 6219
3250 6218
3254 6214
3258 6210
3259 6209
3263 6205
3264 6204
3265 7292
3266 7291
3272 7285
3273 7284
3274 7283
3280 7277
3288 7606
3293 7601
3299 7595
3305 7589
3309 7585
3312 7582
3314 8021
3316 8019
3322 8013
3324 8011
3328 6877
3329 6876
3330 6875
3334 6871
3347 6858
3354 6851
3361 6844
3364 6841
3368 6837
3372 6833
3373 6832
3374 6831
3375 6830
3380 6825
3382 6672
3389 6665
3394 6660
3395 6153
3398 6150
3400 6148
3407 6141
3408 6140
3409 6139
3410 6138
3413 10421
3420 10414
3424 10410
3427 10407
3428 10406
3429 10405
3430 10627
3440 10617
3443 5961
3445 5959
3447 5957
3454 5950
3455 5949
3465 5444
3467 5442
3468 5441
3472 5437
3473 5436
3478 5280
3486 5272
3491 11457
3498 11450
3513 11435
3514 11434
3518 11430
3521 11272
3523 11270
3524 11269
3538 11255
3539 11254
3541 11252
3544 11249
3548 11245
3549 11244
3554 11239
3557 11236
3558 11235
3559 11234
3560 11233
3563 11230
3568 10640
3571 10637
3574 10634
3575 10633
3578 10630
3582 10403
3583 10402
3587 10398
3589 10396
3592 10393
3595 10390
3598 10387
3603 10382
3604 10381
3606 10379
3611 10374
3615 6182
3619 6178
3626 6171
3627 6170
3628 6169
3630 7326
3632 7324
3635 7321
3639 9814
3642 9811
3644 9809
3648 9805
3654 9799
3655 9798
3660 9793
3661 9792
3664 9789
3665 9788
3666 9787
3673 9780
3676 9777
3681 7351
3687 7542
3695 7534
3698 8059
3711 8046
3716 8041
3722 8035
3727 8242
3728 8241
3731 8238
3733 8236
3745 8719
3747 8717
3749 8715
3757 8972
3761 8968
3764 8965
3767 8962
3770 8959
3773 8956
3774 8955
3779 9556
3785 9550
3786 9549
3789 9546
3790 9545
3796 7562
3799 7559
3800 7558
3802 7556
3806 7552
3811 7547
3812 7546
3818 7343
3820 7341
3828 7333
3829 7332
3836 6166
3837 6165
3840 6162
3841 6161
3843 6159
3846 6156
3848 6154
3850 6658
3852 6656
3860 6648
3872 6636
3875 6633
3879 6629
3880 6628
3881 6627
3884 6624
3887 6621
3888 6620
3894 6614
3895 6613
3901 6607
3903 6605
3905 6603
3912 5507
3914 5505
3917 5502
3922 5497
3923 5496
3924 5495
3931 5488
3933 5486
3935 5484
3939 5480
3943 5476
3945 5474
3950 5921
3953 5918
3958 5913
3962 5909
3963 5908
3966 5905
3973 11505
3974 11504
3976 11502
3977 11501
3979 11499
3983 11495
3985 11493
3988 11490
3993 11209
3998 11204
3999 11203
4003 11199
4009 11193
4016 11186
4023 11179
4029 11173
4032 11170
4033 11169
4036 11166
4048 11154
4054 11148
4056 11146
4060 11142
4061 11141
4064 11138
4071 11131
4079 11553
4083 11549
4084 11548
4085 11547
4086 11546
4091 11541
4096 11536
4100 11532
4104 11528
4110 11522
4113 11519
4115 11517
4122 11510
4123 11509
4124 11508
4125 5900
4132 5893
4135 5890
4137 5888
4139 5886
4141 5884
4142 5883
4147 10706
4150 10703
4155 10698
4161 10692
4162 10691
4163 10690
4167 10686
4173 10680
4176 10677
4177 10676
4179 10674
4186 10667
4188 10665
4192 10661
4195 10658
4197 10656
4198 10655
4202 10651
4204 10649
4205 10648
4207 10646
4209 10644
4211 11227
4215 11223
1225 5675
1227 5673
1228 5672
1231 5669
1232 5668
1233 5667
1236 5664
1240 5660
1241 5659
1244 5656
1246 5654
1248 5652
1251 5649
1256 5644
1257 5643
1261 5721
1273 5709
1277 5705
1283 5699
1285 5697
1288 10918
1289 10917
1297 10909
1298 10908
1301 10905
1305 10901
1306 10900
1310 10896
1315 10972
1317 10970
1318 10969
1323 10964
1326 10961
1329 11707
1337 11699
1339 11697
1342 11694
1344 11692
1349 11687
1354 11682
1356 11680
1357 11679
1360 11676
1363 11673
1364 11000
1367 10997
1369 10995
1381 10983
1382 10982
1386 10978
1392 10891
1394 10889
1396 10887
1400 10883
1401 10882
1407 10876
1414 10869
1416 10867
1417 10866
1421 10862
1422 10861
1423 10860
1424 10859
1429 10854
1431 11017
1434 11014
1438 11010
1442 11006
1444 11004
1448 11672
1450 11670
1452 11668
1453 11667
1455 11665
1462 5749
1468 5743
1472 5739
1474 5737
1477 5734
1478 5733
1480 5731
1481 5730
1482 5729
1485 5726
1490 5639
1493 5636
1494 5635
1495 5634
1497 5076
1501 5072
1502 5071
1504 5069
1505 5068
1511 5062
1513 5060
1523 5050
1524 5049
1526 5047
1532 5041
1533 5040
4219 5988
4222 5985
4226 5981
4229 5417
4232 5414
4233 5413
4239 5407
4243 5403
4245 5401
4247 5399
4248 5398
4252 5394
4254 5392
4257 5389
4264 5382
4266 5380
4267 5379
4275 5371
4276 5370
4281 5365
4284 5362
4285 5361
4286 5351
4287 5350
4288 5349
4292 5345
4293 5344
4295 5342
4296 5341
4302 5335
4304 5333
4309 5328
4314 5323
4317 5320
4318 5319
4320 5317
4326 5311
4332 5305
4333 5304
4339 5298
4343 5294
4344 5293
4356 5281
4358 5430
4360 5428
4365 5423
4369 5419
4371 5978
4375 5974
4380 5969
4383 5966
4389 10613
4390 10612
4391 10611
4394 10608
4396 10606
4397 10605
4398 10604
4399 10603
4401 10601
4402 10600
4405 10597
4408 10434
4411 10431
4413 10429
4419 10423
4423 6133
4424 6132
4429 6127
4433 6123
4434 6122
4437 6119
4439 6689
4452 6676
4458 6821
4463 6816
4464 6815
4465 6814
4467 6812
4472 6807
4474 6805
4476 6803
4477 6802
4479 6800
4488 6701
4490 6699
4492 6697
4493 6696
4494 6695
4496 6693
4507 6110
4510 6107
4536 10594
4539 10591
4549 5995
4553 5991
4557 9425
4560 9422
4563 9419
4565 9934
4567 9932
4568 9931
4570 9929
4574 9925
4577 9922
4579 7225
4583 7221
4584 7220
4586 7218
4587 7217
4593 7211
4594 7210
4598 7206
4600 7204
4602 9952
4608 9946
4614 9940
4616 9938
4624 9413
4627 9410
4630 9407
4632 9405
4640 9106
4641 9105
4642 9104
4645 9101
4647 9099
4648 9098
4649 9097
4652 9094
4655 9091
4658 9088
4665 8618
4672 8611
4673 8610
4682 8601
4686 8597
4693 8590
4695 8353
4696 8352
4697 8351
4699 8349
4700 8348
4704 8344
4705 8343
4706 8342
4715 8333
4716 8332
4720 8328
4731 7943
4732 7942
4733 7941
4737 7670
4743 7664
4744 7663
4755 9431
4760 9466
4762 9464
4764 9462
4766 9460
4776 9450
4778 9902
4780 9900
4781 9899
4784 9896
4785 9895
4789 9891
4793 9887
4795 9885
4798 9882
4801 7260
4812 7632
4816 7628
4817 7627
4818 7980
4819 7979
4822 7976
4826 7972
4829 7969
4830 7968
4832 7966
4835 7963
4837 7961
4842 7956
4844 7954
4846 8326
4849 8323
4853 8319
4856 8316
4857 8315
4860 8633
4861 8632
4863 8630
4871 8622
4878 9078
4889 9067
4890 9066
4891 9065
4894 9062
4907 9049
4912 9044
4914 9042
4919 8650
4923 8646
4926 8643
4927 8642
4930 8639
4931 8638
4933 8636
4938 8310
4939 8309
4948 8300
4951 8297
4955 8293
4956 8292
4960 8288
4961 8287
4968 7987
4969 7986
4971 7984
4972 7983
4973 7982
4977 7624
4981 7620
4982 7619
4988 7613
4989 7275
4991 7273
4993 7271
4997 7267
4999 7265
5001 7263
5003 7261
5008 9875
5009 9874
5011 9872
5014 9478
5015 9477
5020 9472
5028 8136
5029 8144
8884 12763
8885 12762
8888 12759
8889 12758
8891 13040
8900 13031
8901 13030
8902 13029
8906 13025
8908 13023
8909 13022
8911 13020
8922 13009
8932 12999
8939 12992
8941 12990
8942 12989
8943 12988
8950 12981
8951 12980
9198 12056
9208 12046
9212 12042
9217 12037
9219 12098
9222 12095
9225 12092
9228 11784
9233 11779
9234 11778
9235 11777
9237 11775
9238 11774
9239 11773
9249 11763
9252 11760
9257 11815
9258 11814
9259 11813
9262 11810
9270 11802
9271 11801
9272 11800
9273 11799
9275 11797
9278 11794
9284 11788
9285 11787
9288 12089
9293 12084
9294 12083
9295 12082
9300 12077
9304 12073
9305 12072
9306 12071
9311 12066
9313 12064
9315 12062
9317 12060
9559 12978
9560 12977
9561 12976
9564 12973
9565 12972
9566 12971
9568 12969
9570 12967
9572 12965
9577 12960
9578 12959
9580 12957
9583 12954
9585 12952
9586 12951
9590 12947
9591 12946
9594 12943
9596 13067
9599 13064
9601 13062
9602 13061
9603 13060
9604 13059
9605 13058
9607 13056
9610 13053
9612 13051
9613 13050
9623 12756
9624 12755
9628 12751
9642 12737
9645 12734
9694 13384
9696 13382
9698 13380
9700 13378
9702 12698
9703 12697
9704 12696
9706 12694
9707 12693
9709 13114
9713 13110
9716 13107
9718 13105
9721 13102
9722 13101
9723 13100
9737 13086
9742 13081
9745 13078
9750 13073
9751 13072
9758 12939
9759 12938
9760 12937
9771 12926
9772 12925
9774 12923
10054 12269
10058 12002
10073 11987
10077 11983
10080 11980
10081 11979
10084 11976
10086 11974
10087 11973
10098 12327
10101 12324
10103 12322
10105 12320
10106 12319
10108 12317
10114 12311
10124 12301
10125 12300
10136 12289
10137 12288
10140 12285
10142 12283
10456 13283
10463 13276
10470 13127
10472 13125
10473 13124
10478 13119
10479 13118
10480 13117
10487 12687
10501 13337
10503 13335
10504 13334
10505 13333
10506 13332
10508 12373
10510 12371
10513 12368
6054 12375
6058 13328
6059 13327
6060 13326
6061 13325
6064 13322
6067 13319
6072 13314
6078 13308
6079 13307
6081 13305
6082 13304
6093 13293
6095 13291
6100 13286
6101 13285
6364 12205
6366 12203
6370 12199
6372 12197
6374 12195
6385 12249
6387 12247
6388 12246
6390 12244
6396 12238
6400 11908
6401 11907
6407 11901
6410 11898
6417 11891
7073 11961
7076 11958
7078 11956
7079 11955
7080 11954
7081 11953
7085 11949
7088 11946
7092 11942
7094 12151
7097 12148
7104 12008
7109 12003
7110 12265
7111 12264
7117 12258
7122 12188
7125 12185
7354 12922
7363 12913
7366 12910
7371 12905
7372 12904
7376 12900
7378 12898
7379 12897
7381 12895
7383 12893
7387 12889
7388 12888
7389 12887
7393 12883
7394 12882
7403 12873
7404 12719
7415 12708
7423 12700
7432 13369
7433 13368
7436 13365
7437 13364
7438 13363
7445 12366
7448 12363
7452 12359
7453 12358
7455 12356
7472 12732
7473 12731
7474 12730
7475 12729
7476 12728
7482 12722
7485 12872
7486 12871
7487 12870
7492 12865
7494 12863
7495 12862
7496 12861
7497 12860
7498 12859
7499 12858
7500 12857
7501 12856
7503 12854
7507 12850
7509 12848
7510 12847
7511 12846
7513 12844
7517 12840
7519 12838
7520 12837
7522 12835
7524 12833
7531 12826
7533 12824
7770 12027
7771 12026
7776 12021
7777 12020
7780 12017
7783 12014
7784 12013
7787 12143
7792 12138
7793 12137
7799 12131
7807 11740
7812 11735
7813 11734
8465 11753
8466 11752
8468 11750
8470 11748
8474 11744
8483 12118
8492 12109
8495 12106
8497 12104
8498 12103
8504 12034
8507 12031
8510 12028
8776 12782
8777 12781
8779 12779
8782 12776
8788 12770
8829 12351
8147 12492
8151 12488
8155 12484
8156 12483
8158 12481
8161 12478
8162 12477
8165 12474
8168 12471
8171 12468
8175 12464
8179 12460
8182 12457
8183 12456
8188 12787
8190 12785
8065 12820
8066 12819
8067 12818
8076 12809
8078 12807
8089 12796
8093 12792
8094 12791
8098 12451
8099 12450
8100 12449
8109 12440
8116 12514
8118 12512
8123 12507
8125 12505
6750 12548
6751 12547
6756 12542
6758 12540
6763 12535
6765 12533
6767 12531
6771 12527
6772 12526
6776 12522
6778 12439
6782 12435
6787 12430
6790 12427
7024 12182
7026 12180
7030 12176
7032 12174
7035 12171
7036 12170
7039 12167
7040 12166
7045 12161
7048 12158
7049 12157
7058 11937
7059 11936
7060 11935
7062 11933
7064 11931
6434 11924
6435 11923
6436 11922
6437 11921
6439 11919
6441 11917
6442 11916
6443 11915
6453 12231
6456 12228
6457 12227
6458 12226
6462 12222
6463 12221
6464 12220
6467 12217
6470 12214
6471 12213
6472 12212
6475 12209
6703 12424
6709 12418
6717 12410
6723 12404
6734 12393
6736 12391
6737 12390
6742 12385
6743 12384
6746 12381
5360 12567
5352 12566
5354 12564
11357 12559
11364 12584
11369 12657
11371 12655
11372 12654
11374 12652
11377 12649
11378 12648
11379 12647
11380 12646
11388 12638
11390 12636
11393 13230
11394 13229
11395 13228
11399 13224
11403 13220
11406 13217
11408 13215
11411 13212
11415 13208
11418 13205
11423 13200
11427 13196
11428 13195
11708 11838
11709 11837
11711 11835
11714 11832
11718 11828
11724 11822
5681 12341
5682 12340
5685 12337
5688 11887
5691 11884
5692 11883
5998 13252
6002 13248
6006 13244
6008 13242
6009 13241
6010 13240
6011 13239
6020 12633
6022 12631
6023 12630
6027 12626
6033 12666
6034 12665
6035 12664
6044 12577
10526 13346
10528 13344
10529 13343
10533 12675
10536 12672
10538 12670
10543 12619
10545 12617
10548 12614
10549 13145
10551 13143
10554 13140
10557 13137
10563 13131
10566 13270
10567 13269
10570 13266
10574 13262
10575 13261
10581 13255
10921 11878
10923 11876
10932 11867
10937 11860
10938 11859
10939 11858
10940 11857
10943 11854
10944 11853
10945 11852
10954 11843
10956 11841
11274 13194
11278 13190
11281 13187
11285 13183
11292 13176
11293 13175
11295 13173
11297 13171
11303 13165
11305 13163
11307 13161
11310 13158
11313 13155
11314 13154
11318 13150
11320 13148
11321 13147
11323 12613
11325 12611
11330 12606
11344 12592
11347 12557
11351 12553
11354 12550
