1 8855
2 8854
3 8853
4 8852
5 8851
6 8850
7 8849
8 8848
9 8847
10 8846
11 9246
12 9245
13 9244
14 9243
15 9242
16 9241
17 9240
18 9239
19 9238
20 9237
21 8580
22 8579
23 8578
24 8577
25 8576
26 8575
27 8574
28 8573
29 8572
30 8571
31 8570
32 8559
33 8558
34 8557
35 8556
36 8555
37 8554
38 8553
39 8552
40 8551
41 8550
42 13600
43 13599
44 13598
45 13597
46 13596
47 13595
48 13594
49 13593
50 13592
51 13591
52 13590
53 13589
54 13588
55 13587
56 13586
57 13585
58 13584
59 13583
60 13582
61 13581
62 13580
63 13319
64 13318
65 13317
66 13316
67 13315
68 13314
69 13313
70 13312
71 13311
72 13310
73 13309
74 13308
75 13307
76 13306
77 13305
78 13304
79 13303
80 13302
81 13301
82 13300
83 13299
84 13298
85 13297
86 13126
87 13125
88 13124
89 13123
90 13122
91 13121
92 13120
93 13119
94 13118
95 13117
96 13116
97 13115
98 13114
99 13113
100 13112
101 13111
102 13110
103 13109
104 13108
105 12353
106 12352
107 12351
108 12350
109 12349
110 12348
111 12347
112 12346
113 12345
114 12344
115 12343
116 12342
117 12341
118 12340
119 12339
120 12338
121 12337
122 12336
123 12335
124 12334
125 12333
126 12332
127 8539
128 8538
129 8537
130 8536
131 8535
132 8534
133 8533
134 8532
135 8531
136 8530
137 12793
138 12792
139 12791
140 12790
141 12789
142 12788
143 12787
144 12786
145 12785
146 12784
147 12783
148 12782
149 12749
150 12748
151 12747
152 12746
153 12745
154 12744
155 12743
156 12742
157 12741
158 12740
159 12739
160 12738
161 12737
162 12736
163 12735
164 12734
165 12733
166 12732
167 12731
168 12730
169 12520
170 12519
171 12518
172 12517
173 12516
174 12515
175 12514
176 11313
177 11312
178 11311
179 11310
180 11309
181 11308
182 11307
183 11306
184 11305
185 11304
186 11303
187 11302
188 11301
189 11300
190 11299
191 11298
192 11297
193 11296
194 11295
195 11294
196 11293
197 11292
198 11291
199 11290
200 11289
201 11288
202 11287
203 11286
204 11285
205 11284
206 11283
207 11282
208 11281
209 11280
210 11279
211 11278
212 11277
213 11276
214 11275
215 11274
216 11273
217 11272
218 11271
219 11270
220 11269
221 10962
222 10961
223 10960
224 10959
225 10958
226 10957
227 10956
228 10955
229 10954
230 10953
231 10952
232 10951
233 10950
234 10949
235 10990
236 10989
237 10988
238 10987
239 10986
240 10985
241 10984
242 8519
243 8518
244 8517
245 8516
246 8515
247 8514
248 8513
249 8512
250 8511
251 8510
252 8498
253 8497
254 8496
255 8495
256 8494
257 8493
258 8492
259 8491
260 8490
261 8489
262 8488
263 10680
264 10679
265 10678
266 10677
267 10676
268 10675
269 10674
270 10673
271 10367
272 10366
273 10365
274 10364
275 10363
276 10362
277 10361
278 10360
279 10359
280 10358
281 10357
282 10356
283 10355
284 10354
285 10353
286 10352
287 10351
288 10350
289 10349
290 10348
291 10347
292 10346
293 10345
294 10344
295 10343
296 10342
297 8475
298 8474
299 8473
300 8472
301 8471
302 8470
303 8469
304 8468
305 8467
306 8466
307 8465
308 10313
309 10312
310 10311
311 10310
312 10309
313 10308
314 10307
315 10306
316 9823
317 9822
318 9821
319 9820
320 9819
321 9818
322 9817
323 9816
324 9815
325 9814
326 9855
327 9854
328 9853
329 9852
330 9851
331 9850
332 9849
333 9848
334 9847
335 9846
336 9845
337 8454
338 8453
339 8452
340 8451
341 8450
342 8449
343 8448
344 8447
345 8446
346 8445
347 8420
348 8419
349 8418
350 8417
351 8416
352 8415
353 8414
354 8413
355 8412
356 8411
357 8410
358 8409
359 8408
360 8407
361 8406
362 8405
363 8404
364 8403
365 8402
366 7957
367 7956
368 7955
369 7954
370 7953
371 7952
372 7951
373 7950
374 7949
375 7948
376 7947
377 7946
380 7967
381 7966
382 7965
383 7964
384 7963
385 7962
386 7961
387 7960
388 7959
389 7958
390 8401
391 8400
392 8399
393 8398
394 8397
395 8396
396 8395
397 8394
398 8393
399 8392
400 8391
401 8390
402 8389
403 8388
404 10263
405 10262
406 10261
407 10260
408 10259
409 10258
410 10257
411 10256
412 10255
413 10254
414 10253
415 10252
416 10251
417 10250
418 10249
419 10248
420 10247
421 10246
422 10245
423 10244
424 10243
425 10242
426 10241
427 10240
428 10239
429 10238
430 10237
431 10236
432 10235
433 10234
434 10233
435 10232
436 10231
437 10230
438 10229
439 10228
440 10227
441 10226
442 10225
443 10224
444 10223
445 10222
446 7004
447 7003
448 7002
449 7001
450 7000
451 6999
452 6998
453 6997
454 6996
455 6995
456 6994
457 6993
458 6992
459 6991
460 6990
461 6989
462 6988
463 6987
464 6986
465 6985
466 6984
467 10373
468 10372
469 10371
470 10370
471 10369
472 10368
473 10672
474 10671
475 10670
476 10669
477 10668
478 10667
479 10666
480 10665
481 10664
482 10663
483 10662
484 10661
485 10660
486 10659
487 10658
488 10657
489 10656
490 10655
491 10654
492 10653
493 10652
494 10651
495 10650
496 10649
497 10648
498 10647
499 10646
500 10645
501 10644
502 10643
503 10642
504 10641
505 10640
506 10639
507 11361
508 11360
509 11359
510 11358
511 11357
512 11356
513 11355
514 11354
515 11353
516 11352
517 11351
518 11350
519 11349
520 11348
521 11347
522 11346
523 11345
524 11344
525 11343
526 11342
527 11341
528 11340
529 11339
530 11338
531 11337
532 11336
533 11335
534 11334
535 11333
536 11332
537 11331
538 11330
539 11329
540 11328
541 11327
542 11326
543 11325
544 11324
545 11323
546 11322
547 11321
548 11320
549 11319
550 11318
551 11317
552 11316
553 11315
554 11314
555 12513
556 12512
557 12511
558 12510
559 12509
560 12508
561 12507
562 12506
563 12505
564 12504
565 12503
566 12502
567 12501
568 12500
569 12435
570 12434
571 12433
572 12432
573 12431
574 12430
575 12429
576 12428
577 12427
578 12426
579 12425
580 12424
581 12423
582 12422
583 12421
584 12420
585 12419
586 12418
587 12417
588 12416
589 12415
590 12414
591 12413
592 12412
593 12411
594 12410
595 12409
596 12408
597 12407
598 12406
599 12405
600 12404
601 12403
602 12402
603 12401
604 12400
605 12399
606 12398
607 12397
608 12396
609 12395
610 12394
611 12393
612 12392
613 12391
614 12390
615 12389
616 12388
617 12387
618 12386
619 12385
620 7024
621 7023
622 7022
623 7021
624 7020
625 7019
626 7018
627 7017
628 7016
629 7015
630 7305
631 7304
632 7303
633 7302
634 7301
635 7300
636 7299
637 7298
638 7297
639 7296
640 7295
641 7294
642 7293
643 7292
644 7291
645 7290
646 7289
647 7288
648 7287
649 7286
650 7285
651 7284
652 7283
653 7282
654 7281
655 7280
656 7279
657 7278
658 7277
659 7276
660 7275
661 7066
662 7065
663 7064
664 7063
665 7062
666 7061
667 7060
668 7059
669 7058
670 7057
671 7056
672 7055
673 7054
674 7053
675 7052
676 7051
677 7050
678 7049
679 7048
680 7047
681 7046
682 9215
683 9214
684 9213
685 9212
686 9211
687 9210
688 9209
689 9208
690 9207
691 9206
692 9205
693 9204
694 9203
695 9202
696 9201
697 9200
698 9199
699 9198
700 9197
701 9196
702 9195
703 9194
704 9193
705 9192
706 9191
709 7584
710 7583
711 7582
712 7581
713 7580
714 7579
715 7578
716 7577
717 7576
718 7575
719 7574
720 9229
721 9228
722 9227
723 9226
724 9225
725 9224
726 9223
727 9222
728 9221
729 9220
730 9219
731 9218
732 9217
733 9216
734 7045
735 7044
736 7043
737 7042
738 7041
739 7040
740 7039
741 7038
742 7037
743 7036
744 7035
745 7034
746 7033
747 7032
748 7031
749 7030
750 7029
751 7028
752 7027
753 7026
754 7025
755 7274
756 7273
757 7272
758 7271
759 7270
760 7269
761 7268
762 7267
763 7266
764 7265
765 7264
766 7263
767 7262
768 7261
769 7260
770 7321
771 7320
772 7319
773 7318
774 7317
775 7316
776 7315
777 7314
778 7313
779 7312
780 7311
781 7310
782 7309
783 7308
784 7307
785 7306
786 7014
787 7013
788 7012
789 7011
790 7010
791 7009
792 7008
793 7007
794 7006
795 7005
796 12384
797 12383
798 12382
799 12381
800 12380
801 12379
802 12378
803 12377
804 12376
805 12375
806 12374
807 12373
808 12372
809 12371
810 12370
811 12369
812 12324
813 12323
814 12322
815 12321
816 12320
817 12319
818 12318
819 12317
820 12316
821 12315
822 12314
823 12313
824 12312
825 12311
826 12310
827 12309
828 12308
829 12307
830 12306
831 12451
832 12450
833 12449
834 12448
835 12447
836 12446
837 12445
838 12444
839 12443
840 12442
841 12441
842 12440
843 12439
844 12438
845 12437
846 12436
847 12499
848 12498
849 12497
850 12496
851 12495
852 12494
853 12493
854 12492
855 12491
856 12490
857 12489
858 12488
859 12487
860 12486
861 12485
862 12484
863 12619
864 12618
865 12617
866 12616
867 12615
868 12614
869 12613
870 12612
871 12611
872 12610
873 12609
874 12608
875 11395
876 11394
877 11393
878 11392
879 11391
880 11390
881 11389
882 11388
883 11387
884 11386
885 11385
886 11384
887 11383
888 11382
889 11381
890 11380
891 11379
892 11378
893 11377
894 11376
895 11375
896 11374
897 11373
898 11372
899 11371
900 11370
901 11369
902 11368
903 11367
904 11366
905 11365
906 11364
907 11363
908 11362
909 10638
910 10637
911 10636
912 10635
913 10634
914 10633
915 10632
916 10631
917 10630
918 10629
919 10628
920 10627
921 10626
922 10625
923 10624
924 10398
925 10397
926 10396
927 10395
928 10394
929 10393
930 10392
931 10391
932 10390
933 10389
934 10388
935 10387
936 10386
937 10385
938 10384
939 10383
940 10382
941 10381
942 10380
943 10379
944 10378
945 10377
946 10376
947 10375
948 10374
949 6983
950 6982
951 6981
952 6980
953 6979
954 6978
955 6977
956 6976
957 6975
958 6974
959 6973
960 6972
961 6971
962 6970
963 6969
964 6968
965 6967
966 6966
967 6965
968 6964
969 6963
970 10221
971 10220
972 10219
973 10218
974 10217
975 10216
976 10215
977 10298
978 10297
979 10296
980 10295
981 10294
982 10293
983 10292
984 10291
985 10290
986 10289
987 10288
988 10287
989 10286
990 10285
991 10284
992 10283
993 10282
994 10281
995 10280
996 10279
997 10278
998 10277
999 10276
1000 10275
1001 10274
1002 10273
1003 10272
1004 10271
1005 10270
1006 10269
1007 10268
1008 10267
1009 10266
1010 10265
1011 10264
1012 8387
1013 8386
1014 8385
1015 8384
1016 8383
1017 8382
1018 8381
1019 8380
1020 8379
1021 8378
1022 8377
1023 8376
1024 8375
1025 8374
1026 8373
1027 8372
1028 8371
1029 8370
1030 7681
1031 7680
1032 7679
1033 7678
1034 7677
1035 7676
1038 7688
1039 7687
1040 7686
1041 7685
1042 7684
1043 7683
1044 7682
1045 8444
1046 8443
1047 8442
1048 8441
1049 8440
1050 8439
1051 8438
1052 8437
1053 8436
1054 8435
1055 8434
1056 8433
1057 8432
1058 8431
1059 8430
1060 8429
1061 8428
1062 8427
1063 8426
1064 8425
1065 8424
1066 8423
1067 8422
1068 8421
1069 8464
1070 8463
1071 8462
1072 8461
1073 8460
1074 8459
1075 8458
1076 8457
1077 8456
1078 8455
1079 9844
1080 9843
1081 9842
1082 9841
1083 9840
1084 9839
1085 9838
1086 9837
1087 9836
1088 9835
1089 9834
1090 9833
1091 9832
1092 9831
1093 9830
1094 9829
1095 9828
1096 9827
1097 9826
1098 9825
1099 9824
1100 10305
1101 10304
1102 10303
1103 10302
1104 10301
1105 10300
1106 10299
1107 10214
1108 10213
1109 10212
1110 10211
1111 10210
1112 10209
1113 10208
1114 10207
1115 10206
1116 10205
1117 10204
1118 10203
1119 10202
1120 10201
1121 10200
1122 10199
1123 10710
1124 10709
1125 10708
1126 10707
1127 10706
1128 10705
1129 10704
1130 10703
1131 10702
1132 10701
1133 10700
1134 10699
1135 10698
1136 10697
1137 10696
1138 10695
1139 10694
1140 10693
1141 10692
1142 10691
1143 10690
1144 10689
1145 10688
1146 10687
1147 10686
1148 10685
1149 10684
1150 10683
1151 10682
1152 10681
1153 8509
1154 8508
1155 8507
1156 8506
1157 8505
1158 8504
1159 8503
1160 8502
1161 8501
1162 8500
1163 8499
1164 8529
1165 8528
1166 8527
1167 8526
1168 8525
1169 8524
1170 8523
1171 8522
1172 8521
1173 8520
1174 10983
1175 10982
1176 10981
1177 10980
1178 10979
1179 10978
1180 10977
1181 10976
1182 10975
1183 10974
1184 10973
1185 10972
1186 10971
1187 10970
1188 10969
1189 10968
1190 10967
1191 10966
1192 10965
1193 10964
1194 10963
1195 11268
1196 11267
1197 11266
1198 11265
1199 11264
1200 11263
1201 11262
1202 11261
1203 11260
1204 11259
1205 11258
1206 11257
1207 11411
1208 11410
1209 11409
1210 11408
1211 11407
1212 11406
1213 11405
1214 11404
1215 11403
1216 11402
1217 11401
1218 11400
1219 11399
1220 11398
1221 11397
1222 11396
1223 12607
1224 12606
1225 12605
1226 12604
1227 12603
1228 12602
1229 12601
1230 12600
1231 12599
1232 12598
1233 12597
1234 12596
1235 12595
1236 12594
1237 12593
1238 12592
1239 12591
1240 12590
1241 12589
1242 12588
1243 12587
1244 12586
1245 12585
1246 12584
1247 12583
1248 12582
1249 12581
1250 12580
1251 12579
1252 12578
1253 12577
1254 12576
1255 12575
1256 12574
1257 12573
1258 12572
1259 12571
1260 12570
1261 12569
1262 12568
1263 12567
1264 12566
1265 12565
1266 12564
1267 12563
1268 12562
1269 12561
1270 12560
1271 12801
1272 12800
1273 12799
1274 12798
1275 12797
1276 12796
1277 12795
1278 12794
1279 8549
1280 8548
1281 8547
1282 8546
1283 8545
1284 8544
1285 8543
1286 8542
1287 8541
1288 8540
1289 12331
1290 12330
1291 12329
1292 12328
1293 12327
1294 12326
1295 12325
1296 12368
1297 12367
1298 12366
1299 12365
1300 12364
1301 12363
1302 12362
1303 12361
1304 12360
1305 12359
1306 12358
1307 12357
1308 12356
1309 12355
1310 12354
1311 13107
1312 13106
1313 13105
1314 13104
1315 13103
1316 13102
1317 13101
1318 13100
1319 13099
1320 13098
1321 13097
1322 13096
1323 13095
1324 13094
1325 13093
1326 13092
1327 13091
1328 13090
1329 13089
1330 13088
1331 13087
1332 13086
1333 13085
1334 13084
1335 13083
1336 13082
1337 13081
1338 13080
1339 13079
1340 13078
1341 13077
1342 13076
1343 13075
1344 13074
1345 13327
1346 13326
1347 13325
1348 13324
1349 13323
1350 13322
1351 13321
1352 13320
1353 13579
1354 13578
1355 13577
1356 13576
1357 13575
1358 13574
1359 13573
1360 13572
1361 13571
1362 13570
1363 13569
1364 13610
1365 13609
1366 13608
1367 13607
1368 13606
1369 13605
1370 13604
1371 13603
1372 13602
1373 13601
1374 8569
1375 8568
1376 8567
1377 8566
1378 8565
1379 8564
1380 8563
1381 8562
1382 8561
1383 8560
1384 8591
1385 8590
1386 8589
1387 8588
1388 8587
1389 8586
1390 8585
1391 8584
1392 8583
1393 8582
1394 8581
1395 9236
1396 9235
1397 9234
1398 9233
1399 9232
1400 9231
1401 9230
1402 7573
1403 7572
1404 7571
1405 7570
1406 7569
1407 7568
1408 7567
1409 7566
1410 7565
1411 7564
1412 7563
1413 7562
1414 7561
1417 7091
1418 7090
1419 7089
1420 7088
1421 7087
1422 7086
1423 7085
1424 7084
1425 7083
1426 7082
1427 7081
1428 7080
1429 7501
1430 7500
1431 7499
1432 7498
1433 7497
1434 7496
1435 7495
1436 7494
1437 7493
1438 7492
1439 7491
1440 7490
1441 7489
1442 7488
1443 7487
1444 7486
1445 7485
1446 7484
1447 7483
1448 8338
1449 8337
1450 8336
1451 8335
1452 8334
1453 8333
1454 8332
1455 8331
1456 8330
1457 8329
1458 8328
1459 8327
1460 8326
1461 8325
1462 8324
1463 8323
1464 8322
1465 8321
1466 8320
1467 8319
1468 8318
1469 8317
1470 8316
1471 8315
1472 8314
1473 8313
1474 8312
1475 8311
1476 8310
1477 8309
1478 8308
1479 13361
1480 13360
1481 13359
1482 13358
1483 13357
1484 13356
1485 13355
1486 13354
1487 13353
1488 13352
1489 13351
1490 13350
1491 13349
1492 8296
1493 8295
1494 8294
1495 8293
1496 8292
1497 8291
1498 8290
1499 8289
1500 8288
1501 8287
1502 13266
1503 13265
1504 13264
1505 13263
1506 13262
1507 13261
1508 13260
1509 13259
1510 13258
1511 13257
1512 13256
1513 13255
1514 13254
1515 13253
1516 13252
1517 13251
1518 13250
1519 13249
1520 13248
1521 8275
1522 8274
1523 8273
1524 8272
1525 8271
1526 8270
1527 8269
1528 8268
1529 8267
1530 8266
1531 8265
1532 8253
1533 8252
1534 8251
1535 8250
1536 8249
1537 8248
1538 8247
1539 8246
1540 8245
1541 8244
1542 8243
1543 12843
1544 12842
1545 12841
1546 12840
1547 12839
1548 12838
1549 12837
1550 12836
1551 12835
1552 12834
1553 12833
1554 12832
1555 12831
1556 12830
1557 12829
1558 12828
1559 12827
1560 12826
1561 12825
1562 12824
1563 12823
1564 12822
1565 11935
1566 11934
1567 11933
1568 11932
1569 11931
1570 11930
1571 11929
1572 11928
1573 11927
1574 11926
1575 11925
1576 11924
1577 11923
1578 11922
1579 11921
1580 11920
1581 11919
1582 11918
1583 11917
1584 11916
1585 11915
1586 12696
1587 12695
1588 12694
1589 12693
1590 12692
1591 12691
1592 12690
1593 12689
1594 12688
1595 12687
1596 12686
1597 12685
1598 12684
1599 12683
1600 12682
1601 12681
1602 12680
1603 12679
1604 12678
1605 12677
1606 12676
1607 12675
1608 12674
1609 12673
1610 12672
1611 12671
1612 12670
1613 12669
1614 12668
1615 12667
1616 11476
1617 11475
1618 11474
1619 11473
1620 11472
1621 11471
1622 11470
1623 11469
1624 11468
1625 11467
1626 11466
1627 11465
1628 11464
1629 11463
1630 11462
1631 11461
1632 11460
1633 11459
1634 11458
1635 11457
1636 11456
1637 11455
1638 11055
1639 11054
1640 11053
1641 11052
1642 11051
1643 11050
1644 11049
1645 11048
1646 11047
1647 11046
1648 11045
1649 11044
1650 11043
1651 11042
1652 11041
1653 11040
1654 11039
1655 11038
1656 11037
1657 11036
1658 11035
1659 11034
1660 10444
1661 10443
1662 10442
1663 10441
1664 10440
1665 10439
1666 10438
1667 10437
1668 10436
1669 10435
1670 10434
1671 10433
1672 10432
1673 10431
1674 10430
1675 10429
1676 10428
1677 10427
1678 10426
1679 10425
1680 10424
1681 10423
1682 10422
1683 10421
1684 10420
1685 10419
1686 10418
1687 9615
1688 9614
1689 9613
1690 9612
1691 9611
1692 9610
1693 9609
1694 9608
1695 9607
1696 9606
1697 9605
1698 9604
1699 9603
1700 9602
1701 9601
1702 9600
1703 9599
1704 9598
1705 9597
1706 9596
1707 9595
1708 9594
1709 9593
1710 9592
1711 9591
1712 9590
1713 9589
1714 10178
1715 10177
1716 10176
1717 10175
1718 10174
1719 10173
1720 10172
1721 9445
1722 9444
1723 9443
1724 9442
1725 9441
1726 9440
1727 9439
1728 9438
1729 9437
1730 9436
1731 9435
1732 9434
1733 9433
1734 9432
1735 9431
1736 9430
1737 9429
1738 9428
1739 9427
1740 9426
1741 9425
1742 9424
1743 9423
1744 9545
1745 9544
1746 9543
1747 9542
1748 9541
1749 9540
1750 9539
1751 9538
1752 9537
1753 9005
1754 9004
1755 9003
1756 9002
1757 9001
1758 9000
1759 8999
1760 8998
1761 8997
1762 8996
1763 8995
1764 8994
1765 8993
1766 8992
1767 8991
1768 8990
1769 8989
1770 8988
1771 7651
1772 7650
1773 7649
1774 7648
1775 7647
1776 7646
1777 7645
1778 7644
1779 7643
1780 7642
1781 7641
1782 7640
1783 7639
1784 7638
1785 7637
1786 7636
1787 9761
1788 9760
1789 9759
1790 9758
1791 9757
1792 9756
1793 9755
1796 7671
1797 7670
1798 7669
1799 7668
1800 7667
1801 7666
1802 7665
1803 7664
1804 7663
1805 7662
1806 7661
1807 7660
1808 7659
1809 7658
1810 7657
1811 7656
1812 7655
1813 7654
1814 7653
1815 7652
1816 8987
1817 8986
1818 8985
1819 8984
1820 8983
1821 8982
1822 8981
1823 8980
1824 8979
1825 8978
1826 8977
1827 8976
1828 8975
1829 8974
1830 8973
1831 9506
1832 9505
1833 9504
1834 9503
1835 9502
1836 9501
1837 9500
1838 9499
1839 9498
1840 9497
1841 9496
1842 9495
1843 9494
1844 9493
1845 9492
1846 9491
1847 9490
1848 9489
1849 9488
1850 9487
1851 9486
1852 9485
1853 9484
1854 9483
1855 9482
1856 9481
1857 9480
1858 9479
1859 9478
1860 9477
1861 6942
1862 6941
1863 6940
1864 6939
1865 6938
1866 6937
1867 6936
1868 6935
1869 6934
1870 6933
1871 9633
1872 9632
1873 9631
1874 9630
1875 9629
1876 9628
1877 9627
1878 9626
1879 9625
1880 9624
1881 9623
1882 9622
1883 9621
1884 9620
1885 9619
1886 9618
1887 9617
1888 9616
1889 10417
1890 10416
1891 10415
1892 10414
1893 10413
1894 10412
1895 10411
1896 10410
1897 10409
1898 10408
1899 10407
1900 10406
1901 10405
1902 10404
1903 10403
1904 10402
1905 10401
1906 10400
1907 10399
1908 10623
1909 10622
1910 10621
1911 10620
1912 10619
1913 10618
1914 10617
1915 10616
1916 10615
1917 10614
1918 10613
1919 10612
1920 10611
1921 10610
1922 10609
1923 10608
1924 10607
1925 10606
1926 10605
1927 10604
1928 10603
1929 10602
1930 10601
1931 10600
1932 10599
1933 10598
1934 10597
1935 10596
1936 10595
1937 10594
1938 10593
1939 10592
1940 10591
1941 10590
1942 10589
1943 12645
1944 12644
1945 12643
1946 12642
1947 12641
1948 12640
1949 12639
1950 12638
1951 12637
1952 12636
1953 12635
1954 12634
1955 12633
1956 12632
1957 12631
1958 12630
1959 12629
1960 12628
1961 12627
1962 12626
1963 12625
1964 12624
1965 12623
1966 12622
1967 12621
1968 12620
1969 12483
1970 12482
1971 12481
1972 12480
1973 12479
1974 12478
1975 12477
1976 12476
1977 12475
1978 12474
1979 12473
1980 12472
1981 12471
1982 12470
1983 12469
1984 12468
1985 12467
1986 12466
1987 12465
1988 12464
1989 12463
1990 12462
1991 12461
1992 12460
1993 12459
1994 12458
1995 12457
1996 12456
1997 12455
1998 12454
1999 12453
2000 12452
2001 12305
2002 12304
2003 12303
2004 12302
2005 12301
2006 12300
2007 12299
2008 12298
2009 12297
2010 12296
2011 12295
2012 12294
2013 12293
2014 8721
2015 8720
2016 8719
2017 8718
2018 8717
2019 8716
2020 8715
2021 8714
2022 8713
2023 8712
2024 8711
2025 8710
2026 8709
2027 8708
2028 8707
2029 8706
2030 8705
2031 8704
2032 8703
2033 8702
2034 8701
2035 8700
2036 8699
2037 8698
2038 8697
2039 8696
2040 8695
2041 8694
2042 8693
2043 8692
2044 8691
2045 8690
2046 8689
2047 7336
2048 7335
2049 7334
2050 7333
2051 7332
2052 7331
2053 7330
2054 7329
2055 7328
2056 7327
2057 7326
2058 7325
2059 7324
2060 7323
2061 7322
2062 7259
2063 7258
2064 7257
2065 7256
2066 7255
2067 7254
2068 7253
2069 7252
2070 7251
2071 7250
2072 7249
2073 7248
2074 7247
2075 7246
2076 7245
2077 7244
2078 7243
2079 7242
2080 7241
2081 7240
2082 7239
2083 7238
2084 7237
2085 7236
2086 7235
2087 6962
2088 6961
2089 6960
2090 6959
2091 6958
2092 6957
2093 6956
2094 6955
2095 6954
2096 6953
2097 7121
2098 7120
2099 7119
2100 7118
2101 7117
2102 7116
2103 7115
2104 7114
2105 7113
2106 7112
2107 7111
2108 7110
2109 7109
2110 7108
2111 7107
2112 7106
2113 7105
2114 7104
2115 7103
2116 7102
2117 7101
2118 7100
2119 7099
2120 7098
2121 7097
2122 7096
2125 9154
2126 9153
2127 9152
2128 9151
2129 9150
2130 9149
2131 9148
2132 9147
2133 9146
2134 9145
2135 7136
2136 7135
2137 7134
2138 7133
2139 7132
2140 7131
2141 7130
2142 7129
2143 7128
2144 7127
2145 7126
2146 7125
2147 7124
2148 7123
2149 7122
2150 6952
2151 6951
2152 6950
2153 6949
2154 6948
2155 6947
2156 6946
2157 6945
2158 6944
2159 6943
2160 7234
2161 7233
2162 7232
2163 7231
2164 7230
2165 7229
2166 7228
2167 7227
2168 7226
2169 7225
2170 7224
2171 7223
2172 7222
2173 7221
2174 7220
2175 7362
2176 7361
2177 7360
2178 7359
2179 7358
2180 7357
2181 7356
2182 7355
2183 7354
2184 7353
2185 7352
2186 7351
2187 7350
2188 7349
2189 7348
2190 7347
2191 7346
2192 7345
2193 7344
2194 7343
2195 7342
2196 7341
2197 7340
2198 7339
2199 7338
2200 7337
2201 8688
2202 8687
2203 8686
2204 8685
2205 8684
2206 8683
2207 8682
2208 8681
2209 8680
2210 8679
2211 8678
2212 8677
2213 8676
2214 8675
2215 8674
2216 8673
2217 8737
2218 8736
2219 8735
2220 8734
2221 8733
2222 8732
2223 8731
2224 8730
2225 8729
2226 8728
2227 8727
2228 8726
2229 8725
2230 8724
2231 8723
2232 8722
2233 12292
2234 12291
2235 12290
2236 12289
2237 12288
2238 12287
2239 12286
2240 12285
2241 12284
2242 12283
2243 12282
2244 12281
2245 12280
2246 12279
2247 12278
2248 6912
2249 6911
2250 6910
2251 6909
2252 6908
2253 6907
2254 6906
2255 6905
2256 6904
2257 12095
2258 12094
2259 12093
2260 12092
2261 12091
2262 12090
2263 12089
2264 12088
2265 12087
2266 12086
2267 12085
2268 12084
2269 12083
2270 12082
2271 12081
2272 12080
2273 12079
2274 12078
2275 12077
2276 12076
2277 12075
2278 12074
2279 12073
2280 12072
2281 12071
2282 12070
2283 12069
2284 12068
2285 12067
2286 12066
2287 12065
2288 12064
2289 12063
2290 12062
2291 12659
2292 12658
2293 12657
2294 12656
2295 12655
2296 12654
2297 12653
2298 12652
2299 12651
2300 12650
2301 12649
2302 12648
2303 12647
2304 12646
2305 10588
2306 10587
2307 10586
2308 10585
2309 10584
2310 10583
2311 10582
2312 10581
2313 10580
2314 10579
2315 10578
2316 10577
2317 10576
2318 10575
2319 8113
2320 8112
2321 8111
2322 8110
2323 8109
2324 8108
2325 8107
2326 8106
2327 8105
2328 8104
2329 8103
2330 8102
2331 8101
2332 8100
2333 8099
2334 8098
2335 8097
2336 8096
2337 8095
2338 8094
2339 8093
2340 8092
2341 8091
2342 8090
2343 8089
2344 8088
2345 8087
2346 8086
2347 8085
2348 8084
2349 8083
2350 8082
2351 8081
2352 8080
2353 8079
2354 8078
2355 8077
2356 8076
2357 8075
2358 8074
2359 8073
2360 8072
2361 8071
2362 8070
2363 8069
2364 8068
2365 8067
2366 8066
2367 8065
2368 8064
2369 8063
2370 9640
2371 9639
2372 9638
2373 9637
2374 9636
2375 9635
2376 9634
2377 6932
2378 6931
2379 6930
2380 6929
2381 6928
2382 6927
2383 6926
2384 6925
2385 6924
2386 6923
2387 9476
2388 9475
2389 9474
2390 9473
2391 9472
2392 9471
2393 9470
2394 9469
2395 9468
2396 9467
2397 9466
2398 9465
2399 9464
2400 9463
2401 9462
2402 9461
2403 9460
2404 9519
2405 9518
2406 9517
2407 9516
2408 9515
2409 9514
2410 9513
2411 9512
2412 9511
2413 9510
2414 9509
2415 9508
2416 9507
2417 8972
2418 8971
2419 8970
2420 8969
2421 8968
2422 8967
2423 8966
2424 8965
2425 8964
2426 8963
2427 8962
2428 8961
2429 8960
2430 8959
2431 8958
2432 8957
2433 8956
2434 8955
2435 8954
2436 8953
2437 8952
2438 8951
2439 8950
2440 8949
2441 8948
2442 8947
2443 8946
2444 8945
2445 8944
2446 8943
2447 8942
2448 8941
2449 8940
2450 8939
2451 8938
2454 7737
2455 7736
2456 7735
2457 7734
2458 7733
2459 7732
2460 7731
2461 7730
2462 7729
2463 7728
2464 7727
2465 7726
2466 7725
2467 7724
2468 7771
2469 7770
2470 7769
2471 7768
2472 7767
2473 7766
2474 7765
2475 9025
2476 9024
2477 9023
2478 9022
2479 9021
2480 9020
2481 9019
2482 9018
2483 9017
2484 9016
2485 9015
2486 9014
2487 9013
2488 9012
2489 9011
2490 9010
2491 9009
2492 9008
2493 9007
2494 9006
2495 9536
2496 9535
2497 9534
2498 9533
2499 9532
2500 9531
2501 9530
2502 9529
2503 9528
2504 9527
2505 9526
2506 9525
2507 9524
2508 9523
2509 9522
2510 9521
2511 9520
2512 9459
2513 9458
2514 9457
2515 9456
2516 9455
2517 9454
2518 9453
2519 9452
2520 9451
2521 9450
2522 9449
2523 9448
2524 9447
2525 9446
2526 10171
2527 10170
2528 10169
2529 10168
2530 10167
2531 10166
2532 10165
2533 10164
2534 10163
2535 10162
2536 10161
2537 10160
2538 10159
2539 10158
2540 10157
2541 10156
2542 10155
2543 8007
2544 8006
2545 8005
2546 8004
2547 8003
2548 8002
2549 8001
2550 8000
2551 7999
2552 7998
2553 8224
2554 8223
2555 8222
2556 8221
2557 8220
2558 8219
2559 8218
2560 8217
2561 8216
2562 8215
2563 8214
2564 8213
2565 8212
2566 8211
2567 8210
2568 8209
2569 8208
2570 8207
2571 8206
2572 8205
2573 11092
2574 11091
2575 11090
2576 11089
2577 11088
2578 11087
2579 11086
2580 11085
2581 11084
2582 11083
2583 11082
2584 11081
2585 11080
2586 11079
2587 11078
2588 11077
2589 11076
2590 11075
2591 11074
2592 11073
2593 11072
2594 11071
2595 11070
2596 11069
2597 11068
2598 11067
2599 11066
2600 11065
2601 11064
2602 11063
2603 11062
2604 11061
2605 11060
2606 11059
2607 11058
2608 11057
2609 11056
2610 11454
2611 11453
2612 11452
2613 11451
2614 11450
2615 11449
2616 11448
2617 11447
2618 11446
2619 11445
2620 11444
2621 11443
2622 11442
2623 11485
2624 11484
2625 11483
2626 11482
2627 11481
2628 11480
2629 11479
2630 11478
2631 11477
2632 12666
2633 12665
2634 12664
2635 12663
2636 12662
2637 12661
2638 12660
2639 12061
2640 12060
2641 12059
2642 12058
2643 12057
2644 12056
2645 12055
2646 12054
2647 12053
2648 12052
2649 12051
2650 12050
2651 12049
2652 12048
2653 12047
2654 12046
2655 12045
2656 12044
2657 12043
2658 12042
2659 12041
2660 12040
2661 12039
2662 12038
2663 12037
2664 12036
2665 12035
2666 12034
2667 12033
2668 12032
2669 12031
2670 12030
2671 12029
2672 12028
2673 12027
2674 12026
2675 12025
2676 12024
2677 12023
2678 12022
2679 12021
2680 8242
2681 8241
2682 8240
2683 8239
2684 8238
2685 8237
2686 8236
2687 8235
2688 8234
2689 12211
2690 12210
2691 12209
2692 12208
2693 12207
2694 12206
2695 12205
2696 12204
2697 12203
2698 12850
2699 12849
2700 12848
2701 12847
2702 12846
2703 12845
2704 12844
2705 8264
2706 8263
2707 8262
2708 8261
2709 8260
2710 8259
2711 8258
2712 8257
2713 8256
2714 8255
2715 8254
2716 8286
2717 8285
2718 8284
2719 8283
2720 8282
2721 8281
2722 8280
2723 8279
2724 8278
2725 8277
2726 8276
2727 13247
2728 13246
2729 13245
2730 13244
2731 13243
2732 13242
2733 13241
2734 13240
2735 13239
2736 13238
2737 13237
2738 13236
2739 13235
2740 13234
2741 13233
2742 9068
2743 9067
2744 9066
2745 9065
2746 9064
2747 9063
2748 9062
2749 9061
2750 9060
2751 9059
2752 9058
2753 9057
2754 9056
2755 9055
2756 9054
2757 9053
2758 9052
2759 9051
2760 9050
2761 13369
2762 13368
2763 13367
2764 13366
2765 13365
2766 13364
2767 13363
2768 13362
2769 8369
2770 8368
2771 8367
2772 8366
2773 8365
2774 8364
2775 8363
2776 8362
2777 8361
2778 8360
2779 8359
2780 8358
2781 8357
2782 8356
2783 8355
2784 8354
2785 8353
2786 8352
2787 8351
2788 8350
2789 8349
2790 8348
2791 8347
2792 8346
2793 8345
2794 8344
2795 8343
2796 8342
2797 8341
2798 8340
2799 8339
2800 7482
2801 7481
2802 7480
2803 7479
2804 7478
2805 7477
2806 7476
2807 7475
2808 7474
2809 7473
2810 7472
2811 7471
2812 7470
2813 7469
2814 7468
2815 7467
2816 7466
2817 9172
2818 9171
2819 9170
2820 9169
2821 9168
2822 9167
2823 9166
2824 9165
2825 9164
2826 9163
2827 9162
2828 9161
2829 9160
2830 9159
2833 9186
2834 9185
2835 9184
2836 9183
2837 9182
2838 9181
2839 9180
2840 9179
2841 9178
2842 9177
2843 9176
2844 9175
2845 9174
2846 9173
2847 7465
2848 7464
2849 7463
2850 7462
2851 7461
2852 7460
2853 7459
2854 7458
2855 7457
2856 7456
2857 7455
2858 7454
2859 7453
2860 7452
2861 7451
2862 7450
2863 7449
2864 7448
2865 7447
2866 7446
2867 7445
2868 7444
2869 7443
2870 7442
2871 7441
2872 7440
2873 7439
2874 13455
2875 13454
2876 13453
2877 13452
2878 13451
2879 13450
2880 13449
2881 13448
2882 13447
2883 13446
2884 13445
2885 13444
2886 13443
2887 13442
2888 13441
2889 13440
2890 13439
2891 13438
2892 13437
2893 13436
2894 13435
2895 13434
2896 13433
2897 13432
2898 13431
2899 13430
2900 13429
2901 13428
2902 13427
2903 13426
2904 13425
2905 13424
2906 9083
2907 9082
2908 9081
2909 9080
2910 9079
2911 9078
2912 9077
2913 9076
2914 9075
2915 9074
2916 9073
2917 9072
2918 9071
2919 9070
2920 9069
2921 13232
2922 13231
2923 13230
2924 13229
2925 13228
2926 13227
2927 13226
2928 8792
2929 8791
2930 8790
2931 8789
2932 8788
2933 8787
2934 8786
2935 8785
2936 8784
2937 8783
2938 8782
2939 8781
2940 8780
2941 8779
2942 8778
2943 8777
2944 8776
2945 8775
2946 8774
2947 8773
2948 12238
2949 12237
2950 12236
2951 12235
2952 12234
2953 12233
2954 12232
2955 12231
2956 12230
2957 12229
2958 12228
2959 12227
2960 12226
2961 12225
2962 12224
2963 12223
2964 12222
2965 12221
2966 12220
2967 12219
2968 12218
2969 12217
2970 12216
2971 12215
2972 12214
2973 12213
2974 12212
2975 8233
2976 8232
2977 8231
2978 8230
2979 8229
2980 8228
2981 8227
2982 8226
2983 8225
2984 12020
2985 12019
2986 12018
2987 12017
2988 12016
2989 12015
2990 12014
2991 11854
2992 11853
2993 11852
2994 11851
2995 11850
2996 11849
2997 11848
2998 11847
2999 11846
3000 11845
3001 11844
3002 11883
3003 11882
3004 11881
3005 11880
3006 11879
3007 11878
3008 11877
3009 11876
3010 11875
3011 11571
3012 11570
3013 11569
3014 11568
3015 11567
3016 11566
3017 11565
3018 11564
3019 11563
3020 11562
3021 11561
3022 11560
3023 11559
3024 11558
3025 11557
3026 11556
3027 11555
3028 11554
3029 11553
3030 11552
3031 11551
3032 11550
3033 11549
3034 11548
3035 11547
3036 11546
3037 11545
3038 11544
3039 11543
3040 11542
3041 11541
3042 11540
3043 10527
3044 10526
3045 10525
3046 10524
3047 10523
3048 10522
3049 10521
3050 10520
3051 10519
3052 10518
3053 10517
3054 10516
3055 10515
3056 10514
3057 10513
3058 10512
3059 10511
3060 10510
3061 10509
3062 10508
3063 10507
3064 10506
3065 10505
3066 10504
3067 10503
3068 10502
3069 10501
3070 10500
3071 10499
3072 10498
3073 10497
3074 10496
3075 11107
3076 11106
3077 11105
3078 11104
3079 11103
3080 11102
3081 11101
3082 11100
3083 11099
3084 11098
3085 11097
3086 11096
3087 11095
3088 11094
3089 11093
3090 8204
3091 8203
3092 8202
3093 8201
3094 8200
3095 8199
3096 8198
3097 8197
3098 8196
3099 8195
3100 8194
3101 8193
3102 8192
3103 8191
3104 8190
3105 8013
3106 8012
3107 8011
3108 8010
3109 8009
3110 8008
3111 7997
3112 7996
3113 7995
3114 7994
3115 7993
3116 7992
3117 7991
3118 7990
3119 7989
3120 7988
3121 10154
3122 10153
3123 10152
3124 10151
3125 10150
3126 10149
3127 10148
3128 10147
3129 10146
3130 10145
3131 10144
3132 10143
3133 10142
3134 10141
3135 10140
3136 10139
3137 10138
3138 10137
3139 10136
3140 10135
3141 10134
3142 10133
3143 10132
3144 10131
3145 10130
3146 10129
3147 10128
3148 10127
3149 10126
3150 10125
3151 10124
3152 10123
3153 10122
3154 10121
3155 10120
3156 10119
3157 10118
3158 10117
3159 10116
3160 10072
3161 10071
3162 10070
3163 10069
3164 10068
3165 10067
3166 10066
3167 10065
3168 10064
3169 7977
3170 7976
3171 7975
3172 7974
3173 7973
3174 7972
3175 7971
3176 7970
3177 7969
3178 7968
3179 7788
3180 7787
3181 7786
3182 7785
3183 7784
3184 7783
3185 7782
3186 7781
3187 7780
3188 7779
3189 7778
3190 7777
3191 7776
3192 7775
3193 7774
3194 7773
3195 7772
3196 7723
3197 7722
3198 7721
3199 7720
3200 7719
3201 7718
3202 7717
3203 7716
3204 7934
3205 7933
3206 7932
3207 7931
3208 7930
3209 7929
3212 8933
3213 8932
3214 8931
3215 8930
3216 8929
3217 8928
3218 8927
3219 8926
3220 8925
3221 8924
3222 8923
3223 8922
3224 8921
3225 8920
3226 6862
3227 6861
3228 6860
3229 6859
3230 6858
3231 6857
3232 6856
3233 6855
3234 6854
3235 6853
3236 6852
3237 6851
3238 6850
3239 6849
3240 6848
3241 6847
3242 6846
3243 6845
3244 6844
3245 6843
3246 6842
3247 10032
3248 10031
3249 10030
3250 10029
3251 10028
3252 10027
3253 10026
3254 10025
3255 10024
3256 10023
3257 10022
3258 10021
3259 10020
3260 10019
3261 10018
3262 10017
3263 10016
3264 10015
3265 10014
3266 10013
3267 10012
3268 10011
3269 10010
3270 10009
3271 10008
3272 10007
3273 10006
3274 10005
3275 10004
3276 10003
3277 10002
3278 9655
3279 9654
3280 9653
3281 9652
3282 9651
3283 9650
3284 9649
3285 9648
3286 9647
3287 9646
3288 9645
3289 9644
3290 9643
3291 9642
3292 9641
3293 8062
3294 8061
3295 8060
3296 8059
3297 8058
3298 8057
3299 8056
3300 8055
3301 8054
3302 8053
3303 8052
3304 8051
3305 8050
3306 8049
3307 8048
3308 8047
3309 6903
3310 6902
3311 6901
3312 6900
3313 6899
3314 6898
3315 6897
3316 6896
3317 6895
3318 6894
3319 6893
3320 6892
3321 6891
3322 6890
3323 6889
3324 6888
3325 6887
3326 6886
3327 6885
3328 6884
3329 8128
3330 8127
3331 8126
3332 8125
3333 8124
3334 8123
3335 8122
3336 8121
3337 8120
3338 8119
3339 8118
3340 8117
3341 8116
3342 8115
3343 8114
3344 10574
3345 10573
3346 10572
3347 10571
3348 10570
3349 10569
3350 10568
3351 10567
3352 10566
3353 10565
3354 10564
3355 10563
3356 10562
3357 10561
3358 10560
3359 10559
3360 11632
3361 11631
3362 11630
3363 11629
3364 11628
3365 11627
3366 11626
3367 11625
3368 11624
3369 11623
3370 11622
3371 11621
3372 11620
3373 11619
3374 11618
3375 11617
3376 11616
3377 11615
3378 11614
3379 11613
3380 11612
3381 11611
3382 11610
3383 11609
3384 11608
3385 11607
3386 11606
3387 11605
3388 11604
3389 11603
3390 11602
3391 12110
3392 12109
3393 12108
3394 12107
3395 12106
3396 12105
3397 12104
3398 12103
3399 12102
3400 12101
3401 12100
3402 12099
3403 12098
3404 12097
3405 12096
3406 6922
3407 6921
3408 6920
3409 6919
3410 6918
3411 6917
3412 6916
3413 6915
3414 6914
3415 6913
3416 12277
3417 12276
3418 12275
3419 12274
3420 12273
3421 12272
3422 12271
3423 12270
3424 12269
3425 12268
3426 12267
3427 12266
3428 12265
3429 12264
3430 12263
3431 12262
3432 8752
3433 8751
3434 8750
3435 8749
3436 8748
3437 8747
3438 8746
3439 8745
3440 8744
3441 8743
3442 8742
3443 8741
3444 8740
3445 8739
3446 8738
3447 8672
3448 8671
3449 8670
3450 8669
3451 8668
3452 8667
3453 8666
3454 8665
3455 8664
3456 8663
3457 8662
3458 8661
3459 8660
3460 8659
3461 8658
3462 8657
3463 7387
3464 7386
3465 7385
3466 7384
3467 7383
3468 7382
3469 7381
3470 7380
3471 7379
3472 7378
3473 7377
3474 7376
3475 7375
3476 7374
3477 7373
3478 7372
3479 7371
3480 7370
3481 7369
3482 7368
3483 7367
3484 7366
3485 7365
3486 7364
3487 7363
3488 7219
3489 7218
3490 7217
3491 7216
3492 7215
3493 7214
3494 7213
3495 7212
3496 7211
3497 7210
3498 7209
3499 7208
3500 7207
3501 7206
3502 7205
3503 7204
3504 7203
3505 7202
3506 7201
3507 7200
3508 7199
3509 7198
3510 7197
3511 7196
3512 7195
3513 7194
3514 7151
3515 7150
3516 7149
3517 7148
3518 7147
3519 7146
3520 7145
3521 7144
3522 7143
3523 7142
3524 7141
3525 7140
3526 7139
3527 7138
3528 7137
3529 9144
3530 9143
3531 9142
3532 9141
3533 9140
3534 9139
3535 9138
3536 9137
3537 9136
3538 9135
3541 7556
3542 7555
3543 7554
3544 7553
3545 7552
3546 7551
3547 7550
3548 7549
3549 7548
3550 7547
3551 7546
3552 7164
3553 7163
3554 7162
3555 7161
3556 7160
3557 7159
3558 7158
3559 7157
3560 7156
3561 7155
3562 7154
3563 7153
3564 7152
3565 7193
3566 7192
3567 7191
3568 7190
3569 7189
3570 7188
3571 7187
3572 7432
3573 7431
3574 7430
3575 7429
3576 7428
3577 7427
3578 7426
3579 7425
3580 7424
3581 7423
3582 7422
3583 7421
3584 7420
3585 7419
3586 7418
3587 7417
3588 7416
3589 7415
3590 7414
3591 7413
3592 7412
3593 7411
3594 7410
3595 7409
3596 7408
3597 7407
3598 7406
3599 7405
3600 7404
3601 7403
3602 7402
3603 7401
3604 7400
3605 7399
3606 7398
3607 7397
3608 7396
3609 7395
3610 7394
3611 7393
3612 7392
3613 7391
3614 7390
3615 7389
3616 7388
3617 8656
3618 8655
3619 8654
3620 8653
3621 8652
3622 8651
3623 8650
3624 8649
3625 8648
3626 8647
3627 8646
3628 8645
3629 8644
3630 8643
3631 8642
3632 8641
3633 8640
3634 8765
3635 8764
3636 8763
3637 8762
3638 8761
3639 8760
3640 8759
3641 8758
3642 8757
3643 8756
3644 8755
3645 8754
3646 8753
3647 12261
3648 12260
3649 12259
3650 12258
3651 12257
3652 12256
3653 12255
3654 12254
3655 12144
3656 12143
3657 12142
3658 12141
3659 12140
3660 12139
3661 12138
3662 12137
3663 12136
3664 12135
3665 12134
3666 12133
3667 12132
3668 12131
3669 12130
3670 12129
3671 12128
3672 12127
3673 12126
3674 12125
3675 12124
3676 12123
3677 12122
3678 12121
3679 12120
3680 12119
3681 12118
3682 12117
3683 12116
3684 12115
3685 12114
3686 12113
3687 12112
3688 12111
3689 11601
3690 11600
3691 11599
3692 11598
3693 11597
3694 11596
3695 11595
3696 11594
3697 11593
3698 11592
3699 11591
3700 11590
3701 11589
3702 11588
3703 11587
3704 11586
3705 11585
3706 11646
3707 11645
3708 11644
3709 11643
3710 11642
3711 11641
3712 11640
3713 11639
3714 11638
3715 11637
3716 11636
3717 11635
3718 11634
3719 11633
3720 10558
3721 10557
3722 10556
3723 10555
3724 10554
3725 10553
3726 10552
3727 10551
3728 10550
3729 10549
3730 10548
3731 10547
3732 10546
3733 10545
3734 10544
3735 10543
3736 10542
3737 8141
3738 8140
3739 8139
3740 8138
3741 8137
3742 8136
3743 8135
3744 8134
3745 8133
3746 8132
3747 8131
3748 8130
3749 8129
3750 6883
3751 6882
3752 6881
3753 6880
3754 6879
3755 6878
3756 6877
3757 6876
3758 6875
3759 6874
3760 6873
3761 6872
3762 6871
3763 6870
3764 6869
3765 6868
3766 6867
3767 6866
3768 6865
3769 6864
3770 6863
3771 8046
3772 8045
3773 8044
3774 8043
3775 8042
3776 8041
3777 8040
3778 8039
3779 8038
3780 8037
3781 8036
3782 8035
3783 8034
3784 8033
3785 8032
3786 8031
3787 8030
3788 8029
3789 9668
3790 9667
3791 9666
3792 9665
3793 9664
3794 9663
3795 9662
3796 9661
3797 9660
3798 9659
3799 9658
3800 9657
3801 9656
3802 10001
3803 10000
3804 9999
3805 9998
3806 9997
3807 9996
3808 9995
3809 9994
3810 9993
3811 9992
3812 9991
3813 9990
3814 9989
3815 9988
3816 9987
3817 9986
3818 9985
3819 10046
3820 10045
3821 10044
3822 10043
3823 10042
3824 10041
3825 10040
3826 10039
3827 10038
3828 10037
3829 10036
3830 10035
3831 10034
3832 10033
3833 6841
3834 6840
3835 6839
3836 6838
3837 6837
3838 6836
3839 6835
3840 6834
3841 6833
3842 6832
3843 6831
3844 6830
3845 6829
3846 6828
3847 6827
3848 6826
3849 6825
3850 6824
3851 6823
3852 6822
3853 8919
3854 8918
3855 8917
3856 8916
3857 8915
3858 8914
3859 8913
3860 8912
3861 7591
3862 7590
3863 7589
3864 7588
3865 7587
3866 7586
3867 7585
3870 7599
3871 7598
3872 7597
3873 7596
3874 7595
3875 7594
3876 7593
3877 7592
3878 8911
3879 8910
3880 8909
3881 8908
3882 8907
3883 8906
3884 8905
3885 8904
3886 8903
3887 8902
3888 8901
3889 8900
3890 8899
3891 8898
3892 7797
3893 7796
3894 7795
3895 7794
3896 7793
3897 7792
3898 7791
3899 7790
3900 7789
3901 7987
3902 7986
3903 7985
3904 7984
3905 7983
3906 7982
3907 7981
3908 7980
3909 7979
3910 7978
3911 10063
3912 10062
3913 10061
3914 10060
3915 10059
3916 10058
3917 10057
3918 10056
3919 10055
3920 10054
3921 10053
3922 10052
3923 10051
3924 10050
3925 10049
3926 10048
3927 10047
3928 9984
3929 9983
3930 9982
3931 9981
3932 9980
3933 9979
3934 9978
3935 9977
3936 9976
3937 9975
3938 9974
3939 9973
3940 9972
3941 9971
3942 9970
3943 9969
3944 9968
3945 9967
3946 9682
3947 9681
3948 9680
3949 9679
3950 9678
3951 9677
3952 9676
3953 9675
3954 9674
3955 9673
3956 9672
3957 9671
3958 9670
3959 9669
3960 8028
3961 8027
3962 8026
3963 8025
3964 8024
3965 8023
3966 8022
3967 8021
3968 8020
3969 8019
3970 8018
3971 8017
3972 8016
3973 8015
3974 8014
3975 8189
3976 8188
3977 8187
3978 8186
3979 8185
3980 8184
3981 8183
3982 8182
3983 8181
3984 8180
3985 8179
3986 8178
3987 8177
3988 8176
3989 8175
3990 8174
3991 8173
3992 8172
3993 8171
3994 8170
3995 8169
3996 8168
3997 8167
3998 8166
3999 8165
4000 8164
4001 8163
4002 8162
4003 8161
4004 8160
4005 8159
4006 8158
4007 8157
4008 8156
4009 8155
4010 8154
4011 8153
4012 8152
4013 8151
4014 8150
4015 8149
4016 8148
4017 8147
4018 8146
4019 8145
4020 8144
4021 8143
4022 8142
4023 10541
4024 10540
4025 10539
4026 10538
4027 10537
4028 10536
4029 10535
4030 10534
4031 10533
4032 10532
4033 10531
4034 10530
4035 10529
4036 10528
4037 11539
4038 11538
4039 11537
4040 11536
4041 11535
4042 11534
4043 11533
4044 11532
4045 11531
4046 11530
4047 11529
4048 11528
4049 11653
4050 11652
4051 11651
4052 11650
4053 11649
4054 11648
4055 11647
4056 11584
4057 11583
4058 11582
4059 11581
4060 11580
4061 11579
4062 11578
4063 11577
4064 11576
4065 11575
4066 11574
4067 11573
4068 11572
4069 11874
4070 11873
4071 11872
4072 11871
4073 11870
4074 11869
4075 11868
4076 11867
4077 11866
4078 11865
4079 11864
4080 11863
4081 11862
4082 11861
4083 11860
4084 11859
4085 11858
4086 11857
4087 11856
4088 11855
4089 12013
4090 12012
4091 12011
4092 12010
4093 12009
4094 12008
4095 12007
4096 12006
4097 12005
4098 12004
4099 12003
4100 12002
4101 12001
4102 12000
4103 12158
4104 12157
4105 12156
4106 12155
4107 12154
4108 12153
4109 12152
4110 12151
4111 12150
4112 12149
4113 12148
4114 12147
4115 12146
4116 12145
4117 12253
4118 12252
4119 12251
4120 12250
4121 12249
4122 12248
4123 12247
4124 12246
4125 12245
4126 12244
4127 12243
4128 12242
4129 12241
4130 12240
4131 12239
4132 8772
4133 8771
4134 8770
4135 8769
4136 8768
4137 8767
4138 8766
4139 8639
4140 8638
4141 8637
4142 8636
4143 8635
4144 8634
4145 8633
4146 8632
4147 8631
4148 8630
4149 8629
4150 8628
4151 8627
4152 8626
4153 8625
4154 8624
4155 8623
4156 8622
4157 8621
4158 8620
4159 8619
4160 8618
4161 8617
4162 8616
4163 8615
4164 8614
4165 8613
4166 9091
4167 9090
4168 9089
4169 9088
4170 9087
4171 9086
4172 9085
4173 9084
4174 13423
4175 13422
4176 13421
4177 13420
4178 13419
4179 13418
4180 13417
4181 13416
4182 13415
4183 13414
4184 13413
4185 13412
4186 13411
4187 13474
4188 13473
4189 13472
4190 13471
4191 13470
4192 13469
4193 13468
4194 13467
4195 13466
4196 13465
4197 13464
4198 13463
4199 13462
4200 13461
4201 13460
4202 13459
4203 13458
4204 13457
4205 13456
4206 7438
4207 7437
4208 7436
4209 7435
4210 7434
4211 7433
4212 7186
4213 7185
4214 7184
4215 7183
4216 7182
4217 7181
4218 7180
4219 7179
4220 7178
4221 7177
4222 7176
4223 7175
4224 7174
4225 7173
4226 7172
4227 7171
4228 7170
4229 7169
4230 7168
4231 7167
4232 7166
4233 7165
4234 7545
4235 7544
4236 7543
4237 7542
4238 7541
4239 7540
4240 7539
4241 7538
4242 7537
4243 7536
4244 7535
4245 7534
4246 7533
4249 8888
4250 8887
4251 8886
4252 8885
4253 8884
4254 8883
4255 8882
4256 8881
4257 8880
4258 8879
4259 8878
4260 8877
4261 8876
4262 8875
4263 9377
4264 9376
4265 9375
4266 9374
4267 9373
4268 9372
4269 9371
4270 9370
4271 9369
4272 9368
4273 9367
4274 9366
4275 9365
4276 9364
4277 9363
4278 9362
4279 9361
4280 9360
4281 9359
4282 9358
4283 9357
4284 9356
4285 9355
4286 9354
4287 9353
4288 9352
4289 9351
4290 9350
4291 9349
4292 9348
4293 9347
4294 13498
4295 13497
4296 13496
4297 13495
4298 13494
4299 13493
4300 13492
4301 13491
4302 13490
4303 13489
4304 13488
4305 13487
4306 13486
4307 13485
4308 13484
4309 13483
4310 13482
4311 13481
4312 13480
4313 13479
4314 13478
4315 13477
4316 13476
4317 13475
4318 13410
4319 13409
4320 13408
4321 13407
4322 13406
4323 13405
4324 13404
4325 13403
4326 9104
4327 9103
4328 9102
4329 9101
4330 9100
4331 9099
4332 9098
4333 9097
4334 9096
4335 9095
4336 9094
4337 9093
4338 9092
4339 8833
4340 8832
4341 8831
4342 8830
4343 8829
4344 8828
4345 8827
4346 8826
4347 8825
4348 8824
4349 8823
4350 8822
4351 8821
4352 8820
4353 8819
4354 8818
4355 8817
4356 8816
4357 8815
4358 8814
4359 8813
4360 8812
4361 8811
4362 8810
4363 8809
4364 8808
4365 8807
4366 8806
4367 12914
4368 12913
4369 12912
4370 12911
4371 12910
4372 12909
4373 12908
4374 12907
4375 12906
4376 12905
4377 12904
4378 12903
4379 12902
4380 12901
4381 12900
4382 12899
4383 12898
4384 12897
4385 12896
4386 12895
4387 12894
4388 12893
4389 12892
4390 12891
4391 12890
4392 12889
4393 12888
4394 12887
4395 12886
4396 12885
4397 12884
4398 12883
4399 12172
4400 12171
4401 12170
4402 12169
4403 12168
4404 12167
4405 12166
4406 12165
4407 12164
4408 12163
4409 12162
4410 12161
4411 12160
4412 12159
4413 11999
4414 11998
4415 11997
4416 11996
4417 11995
4418 11994
4419 11993
4420 11992
4421 11991
4422 11990
4423 11989
4424 11988
4425 11987
4426 11986
4427 11985
4428 11984
4429 11983
4430 11982
4431 11835
4432 11834
4433 11833
4434 11832
4435 11831
4436 11830
4437 11829
4438 11828
4439 11827
4440 11826
4441 11825
4442 11824
4443 11823
4444 11822
4445 11821
4446 11820
4447 11819
4448 11818
4449 11817
4450 11816
4451 11815
4452 11814
4453 11813
4454 11812
4455 11811
4456 11810
4457 11809
4458 11808
4459 11807
4460 11806
4461 11805
4462 11665
4463 11664
4464 11663
4465 11662
4466 11661
4467 11660
4468 11659
4469 11658
4470 11657
4471 11656
4472 11655
4473 11654
4474 11527
4475 11526
4476 11525
4477 11524
4478 11523
4479 11522
4480 11521
4481 11520
4482 11519
4483 11518
4484 11517
4485 11516
4486 11515
4487 11514
4488 11513
4489 11512
4490 11511
4491 11510
4492 11509
4493 11508
4494 11161
4495 11160
4496 11159
4497 11158
4498 11157
4499 11156
4500 11155
4501 11154
4502 11153
4503 11152
4504 11151
4505 11150
4506 11149
4507 11148
4508 11147
4509 11146
4510 11145
4511 11144
4512 11143
4513 11142
4514 11141
4515 11140
4516 11139
4517 11138
4518 11137
4519 11136
4520 11135
4521 11134
4522 11133
4523 11132
4524 11131
4525 11130
4526 11129
4527 11128
4528 11127
4529 11126
4530 11125
4531 11124
4532 11123
4533 11122
4534 11121
4535 10835
4536 10834
4537 10833
4538 10832
4539 10831
4540 10830
4541 10829
4542 10828
4543 10827
4544 10826
4545 10825
4546 10824
4547 10823
4548 10822
4549 10821
4550 10820
4551 10819
4552 10818
4553 10817
4554 10816
4555 10815
4556 10814
4557 10813
4558 10812
4559 10811
4560 10810
4561 10809
4562 10808
4563 10807
4564 10806
4565 10805
4566 10804
4567 9705
4568 9704
4569 9703
4570 9702
4571 9701
4572 9700
4573 9699
4574 9698
4575 9697
4576 9696
4577 9695
4578 9694
4579 9693
4580 9692
4581 9691
4582 9690
4583 9689
4584 9688
4585 9687
4586 9686
4587 9685
4588 9684
4589 9683
4590 9966
4591 9965
4592 9964
4593 9963
4594 9962
4595 9961
4596 9960
4597 9959
4598 8602
4599 8601
4600 8600
4601 8599
4602 8598
4603 8597
4604 8596
4605 8595
4606 8594
4607 8593
4608 8592
4609 10106
4610 10105
4611 10104
4612 10103
4613 10102
4614 10101
4615 10100
4616 10099
4617 10098
4618 10097
4619 10096
4620 10095
4621 10094
4622 10093
4623 10092
4624 10091
4625 10090
4626 10089
4627 10088
4628 10087
4629 10086
4630 7819
4631 7818
4632 7817
4633 7816
4634 7815
4635 7814
4636 7813
4637 7812
4638 7811
4639 7810
4640 7809
4641 7808
4642 7807
4643 7806
4644 7805
4645 7804
4646 7803
4647 7802
4648 7801
4649 7800
4650 7799
4651 7798
4652 8897
4653 8896
4654 8895
4655 8894
4656 8893
4657 8892
4658 8891
4659 8890
4660 8889
4661 7707
4662 7706
4663 7705
4664 7704
4665 7703
4666 7702
4667 7701
4668 7700
4669 7699
4670 7698
4671 7697
4672 7696
4673 7695
4674 7694
4675 7693
4678 7941
4679 7940
4680 7939
4681 7938
4682 7937
4683 7936
4684 7935
4685 7715
4686 7714
4687 7713
4688 7712
4689 7711
4690 7710
4691 7709
4692 7708
4693 9049
4694 9048
4695 9047
4696 9046
4697 9045
4698 9044
4699 9043
4700 9042
4701 9041
4702 9040
4703 9039
4704 9038
4705 9037
4706 9036
4707 9035
4708 9034
4709 7834
4710 7833
4711 7832
4712 7831
4713 7830
4714 7829
4715 7828
4716 7827
4717 7826
4718 7825
4719 7824
4720 7823
4721 7822
4722 7821
4723 7820
4724 10085
4725 10084
4726 10083
4727 10082
4728 10081
4729 10080
4730 10079
4731 10078
4732 10077
4733 10076
4734 10075
4735 10074
4736 10073
4737 10115
4738 10114
4739 10113
4740 10112
4741 10111
4742 10110
4743 10109
4744 10108
4745 10107
4746 8612
4747 8611
4748 8610
4749 8609
4750 8608
4751 8607
4752 8606
4753 8605
4754 8604
4755 8603
4756 9958
4757 9957
4758 9956
4759 9955
4760 9954
4761 9953
4762 9952
4763 9951
4764 9950
4765 9949
4766 9948
4767 9947
4768 9946
4769 9945
4770 9944
4771 9943
4772 9720
4773 9719
4774 9718
4775 9717
4776 9716
4777 9715
4778 9714
4779 9713
4780 9712
4781 9711
4782 9710
4783 9709
4784 9708
4785 9707
4786 9706
4787 10803
4788 10802
4789 10801
4790 10800
4791 10799
4792 10798
4793 10797
4794 10796
4795 10795
4796 10794
4797 10793
4798 10792
4799 10791
4800 10790
4801 10789
4802 10788
4803 10850
4804 10849
4805 10848
4806 10847
4807 10846
4808 10845
4809 10844
4810 10843
4811 10842
4812 10841
4813 10840
4814 10839
4815 10838
4816 10837
4817 10836
4818 11120
4819 11119
4820 11118
4821 11117
4822 11116
4823 11115
4824 11114
4825 11113
4826 11112
4827 11111
4828 11110
4829 11109
4830 11108
4831 10495
4832 10494
4833 10493
4834 10492
4835 10491
4836 10490
4837 10489
4838 10488
4839 10487
4840 10486
4841 10485
4842 10484
4843 10483
4844 11178
4845 11177
4846 11176
4847 11175
4848 11174
4849 11173
4850 11172
4851 11171
4852 11170
4853 11169
4854 11168
4855 11167
4856 11166
4857 11165
4858 11164
4859 11163
4860 11162
4861 11507
4862 11506
4863 11505
4864 11504
4865 11503
4866 11502
4867 11501
4868 11500
4869 11499
4870 11498
4871 11497
4872 11496
4873 11495
4874 11494
4875 11493
4876 11680
4877 11679
4878 11678
4879 11677
4880 11676
4881 11675
4882 11674
4883 11673
4884 11672
4885 11671
4886 11670
4887 11669
4888 11668
4889 11667
4890 11666
4891 11804
4892 11803
4893 11802
4894 11801
4895 11800
4896 11799
4897 11798
4898 11797
4899 11796
4900 11795
4901 11794
4902 11793
4903 11792
4904 11791
4905 11790
4906 11789
4907 11890
4908 11889
4909 11888
4910 11887
4911 11886
4912 11885
4913 11884
4914 11843
4915 11842
4916 11841
4917 11840
4918 11839
4919 11838
4920 11837
4921 11836
4922 11981
4923 11980
4924 11979
4925 11978
4926 11977
4927 11976
4928 11975
4929 11974
4930 11973
4931 11972
4932 11971
4933 11970
4934 11969
4935 11968
4936 11967
4937 11966
4938 11965
4939 12187
4940 12186
4941 12185
4942 12184
4943 12183
4944 12182
4945 12181
4946 12180
4947 12179
4948 12178
4949 12177
4950 12176
4951 12175
4952 12174
4953 12173
4954 12882
4955 12881
4956 12880
4957 12879
4958 12878
4959 12877
4960 12876
4961 12875
4962 12874
4963 12873
4964 12872
4965 12871
4966 12870
4967 12869
4968 12868
4969 12867
4970 12929
4971 12928
4972 12927
4973 12926
4974 12925
4975 12924
4976 12923
4977 12922
4978 12921
4979 12920
4980 12919
4981 12918
4982 12917
4983 12916
4984 12915
4985 8805
4986 8804
4987 8803
4988 8802
4989 8801
4990 8800
4991 8799
4992 8798
4993 8797
4994 8796
4995 8795
4996 8794
4997 8793
4998 13225
4999 13224
5000 13223
5001 13222
5002 13221
5003 13220
5004 13219
5005 13218
5006 13217
5007 13216
5008 13215
5009 13214
5010 13213
5011 13212
5012 9120
5013 9119
5014 9118
5015 9117
5016 9116
5017 9115
5018 9114
5019 9113
5020 9112
5021 9111
5022 9110
5023 9109
5024 9108
5025 9107
5026 9106
5027 9105
5028 13402
5029 13401
5030 13400
5031 13399
5032 13398
5033 13397
5034 13396
5035 13395
5036 13394
5037 13393
5038 13392
5039 13391
5040 13390
5041 13389
5042 13388
5043 13514
5044 13513
5045 13512
5046 13511
5047 13510
5048 13509
5049 13508
5050 13507
5051 13506
5052 13505
5053 13504
5054 13503
5055 13502
5056 13501
5057 13500
5058 13499
5059 9346
5060 9345
5061 9344
5062 9343
5063 9342
5064 9341
5065 9340
5066 9339
5067 9338
5068 9337
5069 9336
5070 9335
5071 9334
5072 9333
5073 9332
5074 9331
5075 9392
5076 9391
5077 9390
5078 9389
5079 9388
5080 9387
5081 9386
5082 9385
5083 9384
5084 9383
5085 9382
5086 9381
5087 9380
5088 9379
5089 9378
5090 8874
5091 8873
5092 8872
5093 8871
5094 8870
5095 8869
5096 8868
5097 8867
5098 8866
5099 8865
5100 8864
5101 8863
5102 8862
5103 8861
5104 8860
5107 9422
5108 9421
5109 9420
5110 9419
5111 9418
5112 9417
5113 9416
5114 9415
5115 9414
5116 9413
5117 9412
5118 9411
5119 9410
5120 9409
5121 9408
5122 9407
5123 9406
5124 9405
5125 9404
5126 9403
5127 9402
5128 9401
5129 9400
5130 9399
5131 9398
5132 9397
5133 9396
5134 9395
5135 9394
5136 9393
5137 9330
5138 9329
5139 9328
5140 9327
5141 9326
5142 9325
5143 9324
5144 9323
5145 9322
5146 9321
5147 9320
5148 9319
5149 9318
5150 9317
5151 9316
5152 9315
5153 13529
5154 13528
5155 13527
5156 13526
5157 13525
5158 13524
5159 13523
5160 13522
5161 13521
5162 13520
5163 13519
5164 13518
5165 13517
5166 13516
5167 13515
5168 13387
5169 13386
5170 13385
5171 13384
5172 13383
5173 13382
5174 13381
5175 13380
5176 13379
5177 13378
5178 13377
5179 13376
5180 13375
5181 13374
5182 13373
5183 13372
5184 13371
5185 13370
5186 9134
5187 9133
5188 9132
5189 9131
5190 9130
5191 9129
5192 9128
5193 9127
5194 9126
5195 9125
5196 9124
5197 9123
5198 9122
5199 9121
5200 13211
5201 13210
5202 13209
5203 13208
5204 13207
5205 13206
5206 13205
5207 13204
5208 13203
5209 13202
5210 13201
5211 13200
5212 13199
5213 13198
5214 13197
5215 13196
5216 13195
5217 13194
5218 13193
5219 13192
5220 13191
5221 13190
5222 13189
5223 13188
5224 13187
5225 13186
5226 13185
5227 12944
5228 12943
5229 12942
5230 12941
5231 12940
5232 12939
5233 12938
5234 12937
5235 12936
5236 12935
5237 12934
5238 12933
5239 12932
5240 12931
5241 12930
5242 12866
5243 12865
5244 12864
5245 12863
5246 12862
5247 12861
5248 12860
5249 12859
5250 12858
5251 12857
5252 12856
5253 12855
5254 12854
5255 12853
5256 12852
5257 12851
5258 12202
5259 12201
5260 12200
5261 12199
5262 12198
5263 12197
5264 12196
5265 12195
5266 12194
5267 12193
5268 12192
5269 12191
5270 12190
5271 12189
5272 12188
5273 11964
5274 11963
5275 11962
5276 11961
5277 11960
5278 11959
5279 11958
5280 11957
5281 11956
5282 11955
5283 11954
5284 11953
5285 11952
5286 11951
5287 11950
5288 11949
5289 11906
5290 11905
5291 11904
5292 11903
5293 11902
5294 11901
5295 11900
5296 11899
5297 11898
5298 11897
5299 11896
5300 11895
5301 11894
5302 11893
5303 11892
5304 11891
5305 11788
5306 11787
5307 11786
5308 11785
5309 11784
5310 11783
5311 11782
5312 11781
5313 11780
5314 11779
5315 11778
5316 11777
5317 11776
5318 11775
5319 11774
5320 11773
5321 11695
5322 11694
5323 11693
5324 11692
5325 11691
5326 11690
5327 11689
5328 11688
5329 11687
5330 11686
5331 11685
5332 11684
5333 11683
5334 11682
5335 11681
5336 11492
5337 11491
5338 11490
5339 11489
5340 11488
5341 11487
5342 11486
5343 11441
5344 11440
5345 11439
5346 11438
5347 11437
5348 11436
5349 11435
5350 11434
5351 11195
5352 11194
5353 11193
5354 11192
5355 11191
5356 11190
5357 11189
5358 11188
5359 11187
5360 11186
5361 11185
5362 11184
5363 11183
5364 11182
5365 11181
5366 11180
5367 11179
5368 10482
5369 10481
5370 10480
5371 10479
5372 10478
5373 10477
5374 10476
5375 10475
5376 10474
5377 10473
5378 10472
5379 10471
5380 10470
5381 10469
5382 10468
5383 10467
5384 10466
5385 10465
5386 10464
5387 10463
5388 10462
5389 10461
5390 10460
5391 10459
5392 10458
5393 10457
5394 10865
5395 10864
5396 10863
5397 10862
5398 10861
5399 10860
5400 10859
5401 10858
5402 10857
5403 10856
5404 10855
5405 10854
5406 10853
5407 10852
5408 10851
5409 10787
5410 10786
5411 10785
5412 10784
5413 10783
5414 10782
5415 10781
5416 10780
5417 10779
5418 10778
5419 10777
5420 10776
5421 10775
5422 10774
5423 10773
5424 10772
5425 9735
5426 9734
5427 9733
5428 9732
5429 9731
5430 9730
5431 9729
5432 9728
5433 9727
5434 9726
5435 9725
5436 9724
5437 9723
5438 9722
5439 9721
5440 9942
5441 9941
5442 9940
5443 9939
5444 9938
5445 9937
5446 9936
5447 9935
5448 9934
5449 9933
5450 9932
5451 9931
5452 9930
5453 9929
5454 9928
5455 9927
5456 9926
5457 9925
5458 9924
5459 9923
5460 9922
5461 9921
5462 9920
5463 9919
5464 9918
5465 9917
5466 9916
5467 9579
5468 9578
5469 9577
5470 9576
5471 9575
5472 9574
5473 9573
5474 9572
5475 9571
5476 9570
5477 9569
5478 9568
5479 9567
5480 9566
5481 9565
5482 9564
5483 9563
5484 9562
5485 9561
5486 9560
5487 9559
5488 7849
5489 7848
5490 7847
5491 7846
5492 7845
5493 7844
5494 7843
5495 7842
5496 7841
5497 7840
5498 7839
5499 7838
5500 7837
5501 7836
5502 7835
5503 9033
5504 9032
5505 9031
5506 9030
5507 9029
5508 9028
5509 9027
5510 9026
5511 7764
5512 7763
5513 7762
5514 7761
5515 7760
5516 7759
5517 7758
5518 7757
5519 7756
5520 7755
5521 7754
5522 7753
5523 7752
5524 7751
5525 7750
5526 7749
5527 7748
5528 7747
5529 7746
5530 7745
5531 7744
5532 7743
5533 7742
5536 9769
5537 9768
5538 9767
5539 9766
5540 9765
5541 9764
5542 9763
5543 9762
5544 7635
5545 7634
5546 7633
5547 7632
5548 7631
5549 7630
5550 7629
5551 7628
5552 7627
5553 7626
5554 7625
5555 7624
5556 7874
5557 7873
5558 7872
5559 7871
5560 7870
5561 7869
5562 7868
5563 7867
5564 7866
5565 7865
5566 7864
5567 7863
5568 7862
5569 7861
5570 7860
5571 7859
5572 7858
5573 7857
5574 7856
5575 7855
5576 7854
5577 7853
5578 7852
5579 7851
5580 7850
5581 9558
5582 9557
5583 9556
5584 9555
5585 9554
5586 9553
5587 9552
5588 9551
5589 9550
5590 9549
5591 9548
5592 9547
5593 9546
5594 9588
5595 9587
5596 9586
5597 9585
5598 9584
5599 9583
5600 9582
5601 9581
5602 9580
5603 9915
5604 9914
5605 9913
5606 9912
5607 9911
5608 9910
5609 9909
5610 9908
5611 9907
5612 9906
5613 9905
5614 9904
5615 9903
5616 9902
5617 9901
5618 9900
5619 10185
5620 10184
5621 10183
5622 10182
5623 10181
5624 10180
5625 10179
5626 9754
5627 9753
5628 9752
5629 9751
5630 9750
5631 9749
5632 9748
5633 9747
5634 9746
5635 9745
5636 9744
5637 9743
5638 9742
5639 9741
5640 9740
5641 9739
5642 9738
5643 9737
5644 9736
5645 10771
5646 10770
5647 10769
5648 10768
5649 10767
5650 10766
5651 10765
5652 10764
5653 10763
5654 10762
5655 10761
5656 10760
5657 10759
5658 10758
5659 10757
5660 10881
5661 10880
5662 10879
5663 10878
5664 10877
5665 10876
5666 10875
5667 10874
5668 10873
5669 10872
5670 10871
5671 10870
5672 10869
5673 10868
5674 10867
5675 10866
5676 10456
5677 10455
5678 10454
5679 10453
5680 10452
5681 10451
5682 10450
5683 10449
5684 10448
5685 10447
5686 10446
5687 10445
5688 11033
5689 11032
5690 11031
5691 11030
5692 11029
5693 11028
5694 11027
5695 11026
5696 11025
5697 11024
5698 11023
5699 11022
5700 11021
5701 11020
5702 11212
5703 11211
5704 11210
5705 11209
5706 11208
5707 11207
5708 11206
5709 11205
5710 11204
5711 11203
5712 11202
5713 11201
5714 11200
5715 11199
5716 11198
5717 11197
5718 11196
5719 11433
5720 11432
5721 11431
5722 11430
5723 11429
5724 11428
5725 11427
5726 11426
5727 11425
5728 11424
5729 11423
5730 11422
5731 11421
5732 11420
5733 11419
5734 11710
5735 11709
5736 11708
5737 11707
5738 11706
5739 11705
5740 11704
5741 11703
5742 11702
5743 11701
5744 11700
5745 11699
5746 11698
5747 11697
5748 11696
5749 11772
5750 11771
5751 11770
5752 11769
5753 11768
5754 11767
5755 11766
5756 11765
5757 11764
5758 11763
5759 11762
5760 11761
5761 11760
5762 11759
5763 11758
5764 11757
5765 12704
5766 12703
5767 12702
5768 12701
5769 12700
5770 12699
5771 12698
5772 12697
5773 11914
5774 11913
5775 11912
5776 11911
5777 11910
5778 11909
5779 11908
5780 11907
5781 11948
5782 11947
5783 11946
5784 11945
5785 11944
5786 11943
5787 11942
5788 11941
5789 11940
5790 11939
5791 11938
5792 11937
5793 11936
5794 12821
5795 12820
5796 12819
5797 12818
5798 12817
5799 12816
5800 12815
5801 12814
5802 12813
5803 12812
5804 12811
5805 12810
5806 12809
5807 12980
5808 12979
5809 12978
5810 12977
5811 12976
5812 12975
5813 12974
5814 12973
5815 12972
5816 12971
5817 12970
5818 12969
5819 12968
5820 12967
5821 12966
5822 12965
5823 12964
5824 12963
5825 12962
5826 12961
5827 12960
5828 12959
5829 12958
5830 12957
5831 12956
5832 12955
5833 12954
5834 12953
5835 12952
5836 12951
5837 12950
5838 12949
5839 12948
5840 12947
5841 12946
5842 12945
5843 13184
5844 13183
5845 13182
5846 13181
5847 13180
5848 13179
5849 13178
5850 13177
5851 13176
5852 13175
5853 13174
5854 13173
5855 13172
5856 13171
5857 13170
5858 13169
5859 13168
5860 13273
5861 13272
5862 13271
5863 13270
5864 13269
5865 13268
5866 13267
5867 8307
5868 8306
5869 8305
5870 8304
5871 8303
5872 8302
5873 8301
5874 8300
5875 8299
5876 8298
5877 8297
5878 13348
5879 13347
5880 13346
5881 13345
5882 13344
5883 13343
5884 13342
5885 13341
5886 13340
5887 13339
5888 13338
5889 13337
5890 13336
5891 13555
5892 13554
5893 13553
5894 13552
5895 13551
5896 13550
5897 13549
5898 13548
5899 13547
5900 13546
5901 13545
5902 13544
5903 13543
5904 13542
5905 13541
5906 13540
5907 13539
5908 13538
5909 13537
5910 13536
5911 13535
5912 13534
5913 13533
5914 13532
5915 13531
5916 13530
5917 9314
5918 9313
5919 9312
5920 9311
5921 9310
5922 9309
5923 9308
5924 9307
5925 9306
5926 9305
5927 9304
5928 9303
5929 9302
5930 9301
5931 9300
5932 9299
5933 9793
5934 9792
5935 9791
5936 9790
5937 9789
5938 9788
5939 9787
5940 9786
5941 9785
5942 9784
5943 7508
5944 7507
5945 7506
5946 7505
5947 7504
5948 7503
5949 7502
5950 7079
5951 7078
5952 7077
5953 7076
5954 7075
5955 7074
5956 7073
5957 7072
5958 7071
5959 7070
5960 7069
5961 7068
5962 7067
5965 7528
5966 7527
5967 7526
5968 7525
5969 7524
5970 7523
5971 7522
5972 7521
5973 7520
5974 7519
5975 7518
5976 7517
5977 7516
5978 7515
5979 7514
5980 7513
5981 7512
5982 7511
5983 7510
5984 7509
5985 9783
5986 9782
5987 9781
5988 9780
5989 9779
5990 9778
5991 9777
5992 9776
5993 9775
5994 9774
5995 9298
5996 9297
5997 9296
5998 9295
5999 9294
6000 9293
6001 9292
6002 9291
6003 9290
6004 9289
6005 9288
6006 9287
6007 9286
6008 9285
6009 9284
6010 9283
6011 9282
6012 13622
6013 13621
6014 13620
6015 13619
6016 13618
6017 13617
6018 13616
6019 13615
6020 13614
6021 13613
6022 13612
6023 13611
6024 13568
6025 13567
6026 13566
6027 13565
6028 13564
6029 13563
6030 13562
6031 13561
6032 13560
6033 13559
6034 13558
6035 13557
6036 13556
6037 13335
6038 13334
6039 13333
6040 13332
6041 13331
6042 13330
6043 13329
6044 13328
6045 13073
6046 13072
6047 13071
6048 13070
6049 13069
6050 13068
6051 13067
6052 13066
6053 13288
6054 13287
6055 13286
6056 13285
6057 13284
6058 13283
6059 13282
6060 13281
6061 13280
6062 13279
6063 13278
6064 13277
6065 13276
6066 13275
6067 13274
6068 13167
6069 13166
6070 13165
6071 13164
6072 13163
6073 13162
6074 13161
6075 13160
6076 13159
6077 13158
6078 13157
6079 13156
6080 13155
6081 13154
6082 13153
6083 13152
6084 13151
6085 13055
6086 13054
6087 13053
6088 13052
6089 13051
6090 13050
6091 13049
6092 13048
6093 13047
6094 13046
6095 13034
6096 13033
6097 13032
6098 13031
6099 13030
6100 13029
6101 13028
6102 13027
6103 13026
6104 13025
6105 13024
6106 12995
6107 12994
6108 12993
6109 12992
6110 12991
6111 12990
6112 12989
6113 12988
6114 12987
6115 12986
6116 12985
6117 12984
6118 12983
6119 12982
6120 12981
6121 12808
6122 12807
6123 12806
6124 12805
6125 12804
6126 12803
6127 12802
6128 12781
6129 12780
6130 12779
6131 12778
6132 12777
6133 12776
6134 12775
6135 12774
6136 12773
6137 12772
6138 12771
6139 12770
6140 12769
6141 12768
6142 12767
6143 12766
6144 12765
6145 12764
6146 12763
6147 12720
6148 12719
6149 12718
6150 12717
6151 12716
6152 12715
6153 12714
6154 12713
6155 12712
6156 12711
6157 12710
6158 12709
6159 12708
6160 12707
6161 12706
6162 12705
6163 12559
6164 12558
6165 12557
6166 12556
6167 12555
6168 12554
6169 12553
6170 12552
6171 12551
6172 12550
6173 12549
6174 12548
6175 12547
6176 12546
6177 12545
6178 12544
6179 11725
6180 11724
6181 11723
6182 11722
6183 11721
6184 11720
6185 11719
6186 11718
6187 11717
6188 11716
6189 11715
6190 11714
6191 11713
6192 11712
6193 11711
6194 11418
6195 11417
6196 11416
6197 11415
6198 11414
6199 11413
6200 11412
6201 11256
6202 11255
6203 11254
6204 11253
6205 11252
6206 11251
6207 11250
6208 11249
6209 11248
6210 11227
6211 11226
6212 11225
6213 11224
6214 11223
6215 11222
6216 11221
6217 11220
6218 11219
6219 11218
6220 11217
6221 11216
6222 11215
6223 11214
6224 11213
6225 11019
6226 11018
6227 11017
6228 11016
6229 11015
6230 11014
6231 11013
6232 11012
6233 11011
6234 11010
6235 11009
6236 11008
6237 11007
6238 11006
6239 11005
6240 11004
6241 11003
6242 10938
6243 10937
6244 10936
6245 10935
6246 10934
6247 10933
6248 10932
6249 10931
6250 10930
6251 10929
6252 10897
6253 10896
6254 10895
6255 10894
6256 10893
6257 10892
6258 10891
6259 10890
6260 10889
6261 10888
6262 10887
6263 10886
6264 10885
6265 10884
6266 10883
6267 10882
6268 10756
6269 10755
6270 10754
6271 10753
6272 10752
6273 10751
6274 10750
6275 10749
6276 10748
6277 10747
6278 10746
6279 10745
6280 10744
6281 10743
6282 10742
6283 10723
6284 10722
6285 10721
6286 10720
6287 10719
6288 10718
6289 10717
6290 10716
6291 10715
6292 10714
6293 10713
6294 10712
6295 10711
6296 10198
6297 10197
6298 10196
6299 10195
6300 10194
6301 10193
6302 10192
6303 10191
6304 10190
6305 10189
6306 10188
6307 10187
6308 10186
6309 10341
6310 10340
6311 10339
6312 10338
6313 10337
6314 10336
6315 10335
6316 10334
6317 10333
6318 10332
6319 10331
6320 10330
6321 10329
6322 10328
6323 10327
6324 10326
6325 9891
6326 9890
6327 9889
6328 9888
6329 9887
6330 9886
6331 9885
6332 9884
6333 9883
6334 9882
6335 9881
6336 9880
6337 9879
6338 9878
6339 9877
6340 9876
6341 9875
6342 9874
6343 9873
6344 9872
6345 9871
6346 9870
6347 9803
6348 9802
6349 9801
6350 9800
6351 9799
6352 9798
6353 9797
6354 9796
6355 9795
6356 9794
6357 7889
6358 7888
6359 7887
6360 7886
6361 7885
6362 7884
6363 7883
6364 7882
6365 7881
6366 7880
6367 7879
6368 7878
6369 7877
6370 7876
6371 7875
6372 7623
6373 7622
6374 7621
6375 7620
6376 7619
6377 7618
6378 7617
6379 7616
6380 7615
6381 7614
6382 7613
6383 7612
6384 7611
6385 7610
6386 7609
6387 7608
6388 7607
6389 7606
6390 7605
6391 7604
6394 7924
6395 7923
6396 7922
6397 7921
6398 7920
6399 7919
6400 7918
6401 7917
6402 7916
6403 7915
6404 7914
6405 7913
6406 7912
6407 7911
6408 7910
6409 7909
6410 7908
6411 7907
6412 7906
6413 7905
6414 7904
6415 7903
6416 7902
6417 7901
6418 7900
6419 7899
6420 7898
6421 7897
6422 7896
6423 7895
6424 7894
6425 7893
6426 7892
6427 7891
6428 7890
6429 9813
6430 9812
6431 9811
6432 9810
6433 9809
6434 9808
6435 9807
6436 9806
6437 9805
6438 9804
6439 9869
6440 9868
6441 9867
6442 9866
6443 9865
6444 9864
6445 9863
6446 9862
6447 9861
6448 9860
6449 9859
6450 9858
6451 9857
6452 9856
6453 9899
6454 9898
6455 9897
6456 9896
6457 9895
6458 9894
6459 9893
6460 9892
6461 10325
6462 10324
6463 10323
6464 10322
6465 10321
6466 10320
6467 10319
6468 10318
6469 10317
6470 10316
6471 10315
6472 10314
6473 8487
6474 8486
6475 8485
6476 8484
6477 8483
6478 8482
6479 8481
6480 8480
6481 8479
6482 8478
6483 8477
6484 8476
6485 10741
6486 10740
6487 10739
6488 10738
6489 10737
6490 10736
6491 10735
6492 10734
6493 10733
6494 10732
6495 10731
6496 10730
6497 10729
6498 10728
6499 10727
6500 10726
6501 10725
6502 10724
6503 10928
6504 10927
6505 10926
6506 10925
6507 10924
6508 10923
6509 10922
6510 10921
6511 10920
6512 10919
6513 10918
6514 10917
6515 10916
6516 10915
6517 10914
6518 10913
6519 10912
6520 10911
6521 10910
6522 10909
6523 10908
6524 10907
6525 10906
6526 10905
6527 10904
6528 10903
6529 10902
6530 10901
6531 10900
6532 10899
6533 10898
6534 10948
6535 10947
6536 10946
6537 10945
6538 10944
6539 10943
6540 10942
6541 10941
6542 10940
6543 10939
6544 11002
6545 11001
6546 11000
6547 10999
6548 10998
6549 10997
6550 10996
6551 10995
6552 10994
6553 10993
6554 10992
6555 10991
6556 11247
6557 11246
6558 11245
6559 11244
6560 11243
6561 11242
6562 11241
6563 11240
6564 11239
6565 11238
6566 11237
6567 11236
6568 11235
6569 11234
6570 11233
6571 11232
6572 11231
6573 11230
6574 11229
6575 11228
6576 11756
6577 11755
6578 11754
6579 11753
6580 11752
6581 11751
6582 11750
6583 11749
6584 11748
6585 11747
6586 11746
6587 11745
6588 11744
6589 11743
6590 11742
6591 11741
6592 11740
6593 11739
6594 11738
6595 11737
6596 11736
6597 11735
6598 11734
6599 11733
6600 11732
6601 11731
6602 11730
6603 11729
6604 11728
6605 11727
6606 11726
6607 12543
6608 12542
6609 12541
6610 12540
6611 12539
6612 12538
6613 12537
6614 12536
6615 12535
6616 12534
6617 12533
6618 12532
6619 12531
6620 12530
6621 12529
6622 12528
6623 12527
6624 12526
6625 12525
6626 12524
6627 12523
6628 12522
6629 12521
6630 12729
6631 12728
6632 12727
6633 12726
6634 12725
6635 12724
6636 12723
6637 12722
6638 12721
6639 12762
6640 12761
6641 12760
6642 12759
6643 12758
6644 12757
6645 12756
6646 12755
6647 12754
6648 12753
6649 12752
6650 12751
6651 12750
6652 13023
6653 13022
6654 13021
6655 13020
6656 13019
6657 13018
6658 13017
6659 13016
6660 13015
6661 13014
6662 13013
6663 13012
6664 13011
6665 13010
6666 13009
6667 13008
6668 13007
6669 13006
6670 13005
6671 13004
6672 13003
6673 13002
6674 13001
6675 13000
6676 12999
6677 12998
6678 12997
6679 12996
6680 13045
6681 13044
6682 13043
6683 13042
6684 13041
6685 13040
6686 13039
6687 13038
6688 13037
6689 13036
6690 13035
6691 13065
6692 13064
6693 13063
6694 13062
6695 13061
6696 13060
6697 13059
6698 13058
6699 13057
6700 13056
6701 13150
6702 13149
6703 13148
6704 13147
6705 13146
6706 13145
6707 13144
6708 13143
6709 13142
6710 13141
6711 13140
6712 13139
6713 13138
6714 13137
6715 13136
6716 13135
6717 13134
6718 13133
6719 13132
6720 13131
6721 13130
6722 13129
6723 13128
6724 13127
6725 13296
6726 13295
6727 13294
6728 13293
6729 13292
6730 13291
6731 13290
6732 13289
6733 13663
6734 13662
6735 13661
6736 13660
6737 13659
6738 13658
6739 13657
6740 13656
6741 13655
6742 13654
6743 13653
6744 13652
6745 13651
6746 13650
6747 13649
6748 13648
6749 13647
6750 13646
6751 13645
6752 13644
6753 13643
6754 13642
6755 13641
6756 13640
6757 13639
6758 13638
6759 13637
6760 13636
6761 13635
6762 13634
6763 13633
6764 13632
6765 13631
6766 13630
6767 13629
6768 13628
6769 13627
6770 13626
6771 13625
6772 13624
6773 13623
6774 9281
6775 9280
6776 9279
6777 9278
6778 9277
6779 9276
6780 9275
6781 9274
6782 9273
6783 9272
6784 9271
6785 9270
6786 9269
6787 9268
6788 9267
6789 9266
6790 9265
6791 9264
6792 9263
6793 9262
6794 9261
6795 9260
6796 9259
6797 9258
6798 9257
6799 9256
6800 9255
6801 9254
6802 9253
6803 9252
6804 9251
6805 9250
6806 9249
6807 9248
6808 9247
6809 8845
6810 8844
6811 8843
6812 8842
6813 8841
6814 8840
6815 8839
6816 8838
6817 8837
6818 8836
6819 8835
6820 8834
707 9191
2124 9154
3539 9135
3540 7556
5534 7742
6821 8834
