0 12911
1 12910
2 12909
3 12908
4 12907
5 12906
6 12905
7 12904
8 12903
9 12902
10 12901
11 12900
12 12899
13 12898
14 12897
15 12896
16 12895
17 12894
18 12190
19 12189
20 12188
21 12187
22 12186
23 12185
24 12184
25 12183
26 11615
27 11614
28 11613
29 11612
30 11611
31 11610
32 11609
33 11608
34 11367
35 11366
36 11365
37 11364
38 11363
39 11362
40 11361
41 11360
42 11359
43 11358
44 11357
45 11356
46 11355
47 11354
48 11353
49 11352
50 11351
51 11350
52 11349
53 11348
54 11347
55 11346
56 11345
57 11344
58 11400
59 11399
60 11398
61 11397
62 11396
63 11395
64 11394
65 11393
66 11268
67 11267
68 11266
69 11265
70 11264
71 11263
72 11262
73 11261
74 11260
75 11259
76 11258
77 11257
78 11256
79 11255
80 11254
81 11253
82 11177
83 11176
84 11175
85 11174
86 11173
87 11172
88 11171
89 11170
90 11169
91 11168
92 11167
93 11166
94 11165
95 11164
96 11163
97 11162
98 11161
99 11160
100 11159
101 11158
102 11157
103 11156
104 11155
105 11154
106 11153
107 11152
108 11151
109 11150
110 11149
111 11148
112 11147
113 10484
114 10483
115 10482
116 10481
117 10480
118 10479
119 10478
120 10477
121 10134
122 10133
123 10132
124 10131
125 10130
126 10129
127 10128
128 10127
129 9351
130 9350
131 9349
132 9348
133 9347
134 9346
135 9345
136 9344
137 9343
138 9342
139 9104
140 9103
141 9102
142 9101
143 9100
144 9099
145 9098
146 9097
147 9096
148 9095
149 9094
150 9093
151 9092
152 9091
153 9384
154 9383
155 9382
156 9381
157 9380
158 9379
159 9378
160 9377
161 9911
162 9910
163 9909
164 9908
165 9907
166 9906
167 9905
168 9904
169 9903
170 9902
171 9901
172 9900
173 9899
174 9898
175 9897
176 9896
177 9020
178 9019
179 9018
180 9017
181 9016
182 9015
183 9014
184 9013
185 9012
186 9867
187 9866
188 9865
189 9864
190 9863
191 9862
192 9861
193 9860
194 9859
195 9858
196 9857
197 9856
198 9855
199 9854
200 9853
201 9852
202 9851
203 9850
204 9849
205 9848
206 9847
207 9846
208 8564
209 8563
210 8562
211 8561
212 8560
213 8559
214 8558
215 8557
216 8181
217 8180
218 8179
219 8178
220 8177
221 8176
222 8175
223 8174
224 8173
225 8172
226 8171
227 8170
228 8169
229 8168
230 8167
231 8166
232 8610
233 8609
234 8608
235 8607
236 8606
237 8605
238 8604
239 8603
240 8705
241 8704
242 8703
243 8702
244 8701
245 8700
246 8699
247 8698
248 8347
249 8346
250 8345
251 8344
252 8343
253 8342
254 8341
255 8340
256 8021
257 8020
258 8019
259 8018
260 8017
261 8016
262 8015
263 8014
264 8013
265 8012
266 8011
267 8010
268 8009
269 8008
270 8007
271 8006
272 7226
273 7225
274 7224
275 7223
276 7222
277 7221
278 7220
279 7979
280 7978
281 7977
282 7976
283 7975
284 7974
285 7973
286 7972
287 7971
288 7970
289 7969
290 7968
291 7967
292 7966
293 7965
294 7964
295 7963
296 7962
297 7961
298 7960
299 7959
300 7958
301 7957
302 7956
303 7955
304 7647
305 7646
306 7645
307 7644
308 7643
309 7642
310 7641
311 7640
312 7696
313 7695
314 7694
315 7693
316 7692
317 7691
318 7690
319 7689
320 7688
321 7687
322 7686
323 7685
324 7684
325 7683
326 7682
327 7681
328 7680
331 6782
332 6781
333 6780
334 6779
335 6778
336 6777
337 6776
338 6775
339 6774
340 6773
341 6772
342 6771
343 6770
344 6769
345 6768
346 6767
347 7205
348 7204
349 7203
350 7202
351 7201
352 7200
353 7199
354 7198
355 7197
356 7196
357 7195
358 7194
359 7193
360 7192
361 7191
362 7190
363 7189
364 7188
365 7187
366 7186
367 7185
368 7184
369 7183
370 7182
371 7181
372 8028
373 8027
374 8026
375 8025
376 8024
377 8023
378 8022
379 8339
380 8338
381 8337
382 8336
383 8335
384 8334
385 8333
386 8332
387 8331
388 8330
389 8329
390 8328
391 8327
392 8326
393 8325
394 8324
395 8323
396 8322
397 8321
398 8320
399 8319
400 8318
401 8317
402 8316
403 8315
404 8314
405 8313
406 8312
407 8311
408 8310
409 8309
410 8308
411 8307
412 8306
413 8305
414 8304
415 8303
416 8302
417 8301
418 8300
419 8299
420 8298
421 8297
422 8296
423 8295
424 8294
425 8293
426 8292
427 8291
428 8290
429 9000
430 8999
431 8998
432 8997
433 8996
434 8995
435 8994
436 8993
437 8992
438 8991
439 8990
440 8989
441 8988
442 8987
443 8986
444 8985
445 8984
446 8983
447 8982
448 8981
449 8980
450 8979
451 8978
452 8977
453 8976
454 8975
455 9918
456 9917
457 9916
458 9915
459 9914
460 9913
461 9912
462 9376
463 9375
464 9374
465 9373
466 9372
467 9371
468 9370
469 9369
470 9368
471 9367
472 9366
473 9365
474 9364
475 9363
476 9362
477 9361
478 9360
479 9359
480 9358
481 9357
482 9356
483 9355
484 9354
485 9353
486 9352
487 10126
488 10125
489 10124
490 10123
491 10122
492 10121
493 10120
494 10119
495 10118
496 10117
497 10116
498 10115
499 10114
500 10113
501 10112
502 10111
503 10110
504 10109
505 10108
506 10107
507 10106
508 10105
509 10104
510 10103
511 10560
512 10559
513 10558
514 10557
515 10556
516 10555
517 10554
518 10553
519 10552
520 10551
521 10890
522 10889
523 10888
524 10887
525 10886
526 10885
527 10884
528 10883
529 10882
530 10881
531 10880
532 10879
533 10878
534 10877
535 10876
536 10875
537 10897
538 10896
539 10895
540 10894
541 10893
542 10892
543 10891
544 11392
545 11391
546 11390
547 11389
548 11388
549 11387
550 11386
551 11385
552 11384
553 11383
554 11382
555 11381
556 11380
557 11379
558 11378
559 11377
560 11376
561 11375
562 11374
563 11373
564 11372
565 11371
566 11370
567 11369
568 11368
569 11607
570 11606
571 11605
572 11604
573 11603
574 11602
575 11601
576 11600
577 11599
578 11598
579 11597
580 11596
581 11595
582 11594
583 11593
584 11592
585 11591
586 11590
587 11589
588 11588
589 11587
590 11586
591 11585
592 11584
593 13195
594 13194
595 13193
596 13192
597 13191
598 13190
599 13189
600 13188
601 13187
602 13186
603 13185
604 13184
605 13183
606 13182
607 13181
608 13180
609 13179
610 13178
611 13177
612 13176
613 13175
614 13174
615 13173
616 13172
617 13171
618 13170
619 13169
620 13168
621 13167
622 13166
623 13165
624 13164
625 13163
626 13141
627 13140
628 13139
629 13138
630 13137
631 13136
632 13135
633 13134
634 13133
635 13132
636 13131
637 13130
638 13129
639 13128
640 13127
641 13126
642 13125
643 13124
646 13119
647 13118
648 13117
649 13116
650 13115
651 13089
652 13088
653 13087
654 13086
655 13085
656 13084
657 13083
658 13082
659 13081
660 13080
661 13079
662 13078
663 13077
664 13076
665 13075
666 13074
667 13073
668 13072
669 13071
670 13070
671 13069
672 13068
673 13067
674 13066
675 13212
676 13211
677 13210
678 13209
679 13208
680 13207
681 13206
682 13205
683 13204
684 13203
685 13202
686 13201
687 13200
688 13199
689 13198
690 13197
691 13196
692 11583
693 11582
694 11581
695 11580
696 11579
697 11578
698 11577
699 11576
700 12174
701 12173
702 12172
703 12171
704 12170
705 12169
706 12168
707 12167
708 11969
709 11968
710 11967
711 11966
712 11965
713 11964
714 11963
715 11962
716 11961
717 11960
718 11959
719 11958
720 11957
721 11956
722 11955
723 11954
724 11953
725 11952
726 11951
727 11950
728 11949
729 11948
730 11947
731 11946
732 11945
733 11944
734 10913
735 10912
736 10911
737 10910
738 10909
739 10908
740 10907
741 10906
742 10905
743 10904
744 10903
745 10902
746 10901
747 10900
748 10899
749 10898
750 10874
751 10873
752 10872
753 10871
754 10870
755 10869
756 10868
757 10867
758 10577
759 10576
760 10575
761 10574
762 10573
763 10572
764 10571
765 10570
766 10569
767 10568
768 10567
769 10566
770 10565
771 10564
772 10563
773 10562
774 10561
775 10102
776 10101
777 10100
778 10099
779 10098
780 10097
781 10096
782 10095
783 10468
784 10467
785 10466
786 10465
787 10464
788 10463
789 10462
790 10461
791 9119
792 9118
793 9117
794 9116
795 9115
796 9114
797 9113
798 9112
799 9111
800 9110
801 9109
802 9108
803 9107
804 9106
805 9105
806 9054
807 9053
808 9052
809 9051
810 9050
811 9049
812 9048
813 9047
814 9046
815 9045
816 9044
817 9934
818 9933
819 9932
820 9931
821 9930
822 9929
823 9928
824 9927
825 9926
826 9925
827 9924
828 9923
829 9922
830 9921
831 9920
832 9919
833 8974
834 8973
835 8972
836 8971
837 8970
838 8969
839 8968
840 8967
841 8966
842 8965
843 8964
844 8963
845 8962
846 8961
847 9011
848 9010
849 9009
850 9008
851 9007
852 9006
853 9005
854 9004
855 9003
856 9002
857 9001
858 8289
859 8288
860 8287
861 8286
862 8285
863 8284
864 8283
865 8282
866 8548
867 8547
868 8546
869 8545
870 8544
871 8543
872 8542
873 8541
874 8623
875 8622
876 8621
877 8620
878 8619
879 8618
880 8617
881 8616
882 8615
883 8614
884 8613
885 8612
886 8611
887 8662
888 8661
889 8660
890 8659
891 8658
892 8657
893 8656
894 8655
895 8654
896 8653
897 8652
898 8651
899 8650
900 8044
901 8043
902 8042
903 8041
904 8040
905 8039
906 8038
907 8037
908 8036
909 8035
910 8034
911 8033
912 8032
913 8031
914 8030
915 8029
916 7180
917 7179
918 7178
919 7177
920 7176
921 7175
922 7174
923 7173
924 7172
925 7171
926 7170
927 7169
928 7219
929 7218
930 7217
931 7216
932 7215
933 7214
934 7213
935 7212
936 7211
937 7210
938 7209
939 7208
940 7207
941 7206
942 6766
943 6765
944 6764
945 6763
946 6762
947 6761
948 6760
949 6759
950 7631
951 7630
952 7629
953 7628
954 7627
955 7626
956 7625
957 7624
960 6807
961 6806
962 6805
963 6804
964 6803
965 6802
966 6801
967 6800
968 6799
969 7704
970 7703
971 7702
972 7701
973 7700
974 7699
975 7698
976 7697
977 7639
978 7638
979 7637
980 7636
981 7635
982 7634
983 7633
984 7632
985 6758
986 6757
987 6756
988 6755
989 6754
990 6753
991 6752
992 6751
993 6892
994 6891
995 6890
996 6889
997 6888
998 6887
999 6886
1000 7156
1001 7155
1002 7154
1003 7153
1004 7152
1005 7151
1006 7150
1007 7149
1008 7148
1009 7147
1010 7146
1011 7145
1012 7144
1013 7143
1014 7142
1015 7141
1016 7140
1017 7139
1018 7138
1019 7137
1020 7136
1021 7135
1022 7134
1023 7133
1024 8362
1025 8361
1026 8360
1027 8359
1028 8358
1029 8357
1030 8356
1031 8355
1032 8354
1033 8353
1034 8352
1035 8351
1036 8350
1037 8349
1038 8348
1039 8697
1040 8696
1041 8695
1042 8694
1043 8693
1044 8692
1045 8691
1046 8690
1047 8689
1048 8688
1049 8687
1050 8686
1051 8685
1052 8684
1053 8683
1054 8682
1055 8681
1056 8680
1057 8679
1058 8678
1059 8677
1060 8676
1061 8675
1062 8674
1063 8189
1064 8188
1065 8187
1066 8186
1067 8185
1068 8184
1069 8183
1070 8182
1071 8556
1072 8555
1073 8554
1074 8553
1075 8552
1076 8551
1077 8550
1078 8549
1079 8281
1080 8280
1081 8279
1082 8278
1083 8277
1084 8276
1085 8275
1086 8274
1087 8273
1088 8272
1089 8271
1090 8270
1091 8269
1092 8268
1093 8267
1094 8266
1095 9625
1096 9624
1097 9623
1098 9622
1099 9621
1100 9620
1101 9619
1102 9618
1103 9617
1104 9616
1105 9615
1106 9614
1107 9613
1108 9612
1109 9611
1110 9610
1111 9609
1112 9608
1113 9607
1114 9606
1115 9605
1116 9604
1117 9603
1118 9602
1119 10181
1120 10180
1121 10179
1122 10178
1123 10177
1124 10176
1125 10175
1126 9392
1127 9391
1128 9390
1129 9389
1130 9388
1131 9387
1132 9386
1133 9385
1134 9090
1135 9089
1136 9088
1137 9087
1138 9086
1139 9085
1140 9084
1141 9083
1142 9082
1143 9081
1144 9080
1145 9079
1146 9078
1147 9077
1148 9271
1149 9270
1150 9269
1151 9268
1152 9267
1153 9266
1154 9265
1155 9264
1156 9263
1157 9279
1158 9278
1159 9277
1160 9276
1161 9275
1162 9274
1163 9273
1164 9272
1165 10476
1166 10475
1167 10474
1168 10473
1169 10472
1170 10471
1171 10470
1172 10469
1173 10094
1174 10093
1175 10092
1176 10091
1177 10090
1178 10089
1179 10088
1180 10087
1181 10601
1182 10600
1183 10599
1184 10598
1185 10597
1186 10596
1187 10595
1188 10594
1189 10593
1190 10592
1191 10591
1192 10590
1193 10589
1194 10588
1195 10587
1196 10586
1197 10585
1198 10584
1199 10583
1200 10582
1201 10581
1202 10580
1203 10579
1204 10578
1205 10866
1206 10865
1207 10864
1208 10863
1209 10862
1210 10861
1211 10860
1212 10859
1213 11798
1214 11797
1215 11796
1216 11795
1217 11794
1218 11793
1219 11792
1220 11408
1221 11407
1222 11406
1223 11405
1224 11404
1225 11403
1226 11402
1227 11401
1228 11343
1229 11342
1230 11341
1231 11340
1232 11339
1233 11338
1234 11337
1235 11336
1236 11335
1237 11334
1238 11333
1239 11332
1240 11331
1241 11330
1242 11329
1243 11328
1244 11327
1245 11326
1246 11325
1247 11324
1248 11323
1249 11322
1250 11321
1251 11623
1252 11622
1253 11621
1254 11620
1255 11619
1256 11618
1257 11617
1258 11616
1259 12182
1260 12181
1261 12180
1262 12179
1263 12178
1264 12177
1265 12176
1266 12175
1267 11575
1268 11574
1269 11573
1270 11572
1271 11571
1272 11570
1273 11569
1274 11568
1275 13236
1276 13235
1277 13234
1278 13233
1279 13232
1280 13231
1281 13230
1282 13229
1283 13228
1284 13227
1285 13226
1286 13225
1287 13224
1288 13223
1289 13222
1290 13221
1291 13220
1292 13219
1293 13218
1294 13217
1295 13216
1296 13215
1297 13214
1298 13213
1299 13065
1300 13064
1301 13063
1302 13062
1303 13061
1304 13060
1305 13059
1306 13058
1307 12405
1308 12404
1309 12403
1310 12402
1311 12401
1312 12400
1313 12399
1314 12285
1315 12284
1316 12283
1317 12282
1318 12281
1319 12280
1320 12279
1321 12278
1324 13105
1325 13104
1326 13103
1327 13102
1328 13101
1329 13100
1330 13099
1331 13098
1332 12413
1333 12412
1334 12411
1335 12410
1336 12409
1337 12408
1338 12407
1339 12406
1340 13057
1341 13056
1342 13055
1343 13054
1344 13053
1345 13052
1346 13051
1347 13050
1348 13259
1349 13258
1350 13257
1351 13256
1352 13255
1353 13254
1354 13253
1355 13252
1356 13251
1357 13250
1358 13249
1359 13248
1360 13247
1361 13246
1362 13245
1363 13244
1364 13243
1365 13242
1366 13241
1367 13240
1368 13239
1369 13238
1370 13237
1371 11567
1372 11566
1373 11565
1374 11564
1375 11563
1376 11562
1377 11561
1378 11560
1379 12861
1380 12860
1381 12859
1382 12858
1383 12857
1384 12856
1385 12855
1386 12854
1387 11985
1388 11984
1389 11983
1390 11982
1391 11981
1392 11980
1393 11979
1394 11978
1395 11707
1396 11706
1397 11705
1398 11704
1399 11703
1400 11702
1401 11701
1402 11700
1403 11699
1404 11698
1405 11697
1406 11696
1407 11739
1408 11738
1409 11737
1410 11736
1411 11735
1412 11734
1413 11733
1414 11732
1415 11731
1416 11730
1417 11729
1418 11728
1419 10929
1420 10928
1421 10927
1422 10926
1423 10925
1424 10924
1425 10923
1426 10922
1427 11806
1428 11805
1429 11804
1430 11803
1431 11802
1432 11801
1433 11800
1434 11799
1435 10858
1436 10857
1437 10856
1438 10855
1439 10854
1440 10853
1441 10852
1442 10851
1443 10624
1444 10623
1445 10622
1446 10621
1447 10620
1448 10619
1449 10618
1450 10617
1451 10616
1452 10615
1453 10614
1454 10613
1455 10612
1456 10611
1457 10610
1458 10609
1459 10608
1460 10607
1461 10606
1462 10605
1463 10604
1464 10603
1465 10602
1466 10086
1467 10085
1468 10084
1469 10083
1470 10082
1471 10081
1472 10080
1473 10079
1474 11114
1475 11113
1476 11112
1477 11111
1478 11110
1479 11109
1480 11108
1481 11107
1482 9135
1483 9134
1484 9133
1485 9132
1486 9131
1487 9130
1488 9129
1489 9128
1490 9215
1491 9214
1492 9213
1493 9212
1494 9211
1495 9210
1496 9209
1497 9208
1498 9207
1499 9206
1500 9249
1501 9248
1502 9247
1503 9246
1504 9245
1505 9244
1506 9243
1507 9242
1508 9241
1509 9240
1510 9239
1511 9238
1512 9237
1513 9236
1514 9950
1515 9949
1516 9948
1517 9947
1518 9946
1519 9945
1520 9944
1521 9943
1522 10189
1523 10188
1524 10187
1525 10186
1526 10185
1527 10184
1528 10183
1529 10182
1530 9601
1531 9600
1532 9599
1533 9598
1534 9597
1535 9596
1536 9595
1537 9594
1538 9644
1539 9643
1540 9642
1541 9641
1542 9640
1543 9639
1544 9638
1545 9637
1546 9636
1547 8909
1548 8908
1549 8907
1550 8906
1551 8905
1552 8904
1553 8903
1554 8902
1555 8901
1556 8900
1557 8899
1558 8898
1559 8897
1560 8896
1561 8895
1562 8894
1563 8893
1564 8892
1565 8891
1566 8890
1567 8889
1568 8888
1569 9813
1570 9812
1571 9811
1572 9810
1573 9809
1574 9808
1575 9807
1576 9806
1577 7350
1578 7349
1579 7348
1580 7347
1581 7346
1582 7345
1583 7344
1584 7343
1585 7342
1586 7341
1587 7340
1588 7339
1589 7338
1590 7337
1591 7336
1592 7335
1593 7334
1594 7333
1595 7332
1596 7331
1597 7330
1598 7329
1599 7328
1600 7327
1601 8138
1602 8137
1603 8136
1604 8135
1605 8134
1606 8133
1607 8132
1608 8131
1609 8060
1610 8059
1611 8058
1612 8057
1613 8056
1614 8055
1615 8054
1616 8053
1617 8370
1618 8369
1619 8368
1620 8367
1621 8366
1622 8365
1623 8364
1624 8363
1625 7132
1626 7131
1627 7130
1628 7129
1629 7128
1630 7127
1631 7126
1632 7125
1633 6916
1634 6915
1635 6914
1636 6913
1637 6912
1638 6911
1639 6910
1640 6909
1641 6908
1642 6907
1643 6906
1644 6905
1645 6904
1646 6903
1647 6902
1648 6901
1649 6900
1650 6899
1651 6898
1652 6897
1653 6896
1654 6895
1655 6894
1656 6893
1657 6750
1658 6749
1659 6748
1660 6747
1661 6746
1662 6745
1663 6744
1664 6743
1665 7922
1666 7921
1667 7920
1668 7919
1669 7918
1670 7917
1671 7916
1672 7915
1673 7744
1674 7743
1675 7742
1676 7741
1677 7740
1678 7739
1679 7738
1680 7737
1681 7736
1682 7735
1683 7734
1684 7733
1685 7732
1686 7731
1687 7730
1688 7729
1689 7728
1692 7619
1693 7618
1694 7617
1695 7616
1696 7615
1697 7614
1698 7613
1699 7612
1700 7611
1701 7610
1702 7609
1703 7608
1704 7607
1705 7606
1706 7605
1707 7604
1708 7603
1709 7602
1710 7601
1711 7600
1712 7599
1713 7598
1714 7597
1715 7596
1716 7595
1717 7594
1718 7593
1719 7592
1720 7591
1721 7590
1722 7039
1723 7038
1724 7037
1725 7036
1726 7035
1727 7034
1728 7033
1729 7032
1730 7031
1731 7030
1732 7029
1733 7028
1734 7027
1735 7077
1736 7076
1737 7075
1738 7074
1739 7073
1740 7072
1741 7071
1742 7070
1743 7069
1744 7068
1745 7067
1746 7066
1747 8377
1748 8376
1749 8375
1750 8374
1751 8373
1752 8372
1753 8371
1754 8052
1755 8051
1756 8050
1757 8049
1758 8048
1759 8047
1760 8046
1761 8045
1762 8649
1763 8648
1764 8647
1765 8646
1766 8645
1767 8644
1768 8643
1769 8642
1770 8641
1771 8640
1772 8639
1773 8638
1774 8637
1775 8636
1776 8635
1777 8634
1778 8633
1779 8632
1780 8631
1781 8630
1782 8629
1783 8628
1784 8627
1785 8626
1786 8625
1787 8624
1788 8540
1789 8539
1790 8538
1791 8537
1792 8536
1793 8535
1794 8534
1795 8533
1796 8532
1797 8531
1798 8530
1799 8529
1800 8528
1801 8527
1802 8526
1803 8525
1804 8949
1805 8948
1806 8947
1807 8946
1808 8945
1809 8944
1810 8943
1811 8942
1812 8941
1813 8940
1814 8939
1815 8938
1816 8937
1817 8936
1818 8935
1819 8934
1820 8933
1821 8932
1822 8931
1823 8930
1824 8929
1825 8928
1826 8927
1827 8926
1828 8925
1829 8924
1830 10196
1831 10195
1832 10194
1833 10193
1834 10192
1835 10191
1836 10190
1837 9942
1838 9941
1839 9940
1840 9939
1841 9938
1842 9937
1843 9936
1844 9935
1845 9043
1846 9042
1847 9041
1848 9040
1849 9039
1850 9038
1851 9037
1852 9036
1853 9035
1854 9034
1855 9033
1856 9221
1857 9220
1858 9219
1859 9218
1860 9217
1861 9216
1862 9127
1863 9126
1864 9125
1865 9124
1866 9123
1867 9122
1868 9121
1869 9120
1870 10460
1871 10459
1872 10458
1873 10457
1874 10456
1875 10455
1876 10454
1877 10453
1878 10452
1879 10451
1880 10450
1881 10449
1882 10448
1883 10447
1884 10446
1885 10445
1886 10522
1887 10521
1888 10520
1889 10519
1890 10518
1891 10517
1892 10516
1893 10515
1894 10514
1895 10513
1896 10789
1897 10788
1898 10787
1899 10786
1900 10785
1901 10784
1902 10783
1903 10782
1904 10781
1905 10780
1906 10779
1907 10778
1908 10777
1909 10776
1910 10775
1911 10774
1912 11813
1913 11812
1914 11811
1915 11810
1916 11809
1917 11808
1918 11807
1919 10921
1920 10920
1921 10919
1922 10918
1923 10917
1924 10916
1925 10915
1926 10914
1927 11943
1928 11942
1929 11941
1930 11940
1931 11939
1932 11938
1933 11937
1934 11936
1935 11935
1936 11715
1937 11714
1938 11713
1939 11712
1940 11711
1941 11710
1942 11709
1943 11708
1944 11977
1945 11976
1946 11975
1947 11974
1948 11973
1949 11972
1950 11971
1951 11970
1952 12166
1953 12165
1954 12164
1955 12163
1956 12162
1957 12161
1958 12160
1959 12159
1960 12158
1961 12157
1962 12156
1963 12155
1964 12154
1965 12153
1966 12152
1967 12151
1968 12764
1969 12763
1970 12762
1971 12761
1972 12760
1973 12759
1974 12758
1975 12757
1976 12756
1977 12755
1978 12754
1979 12753
1980 12752
1981 12751
1982 12750
1983 12749
1984 12748
1985 12747
1986 12746
1987 12745
1988 12744
1989 12743
1990 12742
1991 12741
1992 12740
1993 12739
1994 12420
1995 12419
1996 12418
1997 12417
1998 12416
1999 12415
2000 12414
2001 13097
2002 13096
2003 13095
2004 13094
2005 13093
2006 13092
2007 13091
2008 13090
2009 13114
2010 13113
2011 13112
2012 13111
2013 13110
2016 12506
2017 12505
2018 12504
2019 12503
2020 12502
2021 12436
2022 12435
2023 12434
2024 12433
2025 12432
2026 12431
2027 12430
2028 12429
2029 12428
2030 12427
2031 12426
2032 12425
2033 12424
2034 12423
2035 12422
2036 12421
2037 12738
2038 12737
2039 12736
2040 12735
2041 12734
2042 12733
2043 12732
2044 12731
2045 12781
2046 12780
2047 12779
2048 12778
2049 12777
2050 12776
2051 12775
2052 12774
2053 12773
2054 12772
2055 12771
2056 12770
2057 12769
2058 12768
2059 12767
2060 12766
2061 12765
2062 12150
2063 12149
2064 12148
2065 12147
2066 12146
2067 12145
2068 12144
2069 12143
2070 12845
2071 12844
2072 12843
2073 12842
2074 12841
2075 12840
2076 12839
2077 12838
2078 12070
2079 12069
2080 12068
2081 12067
2082 12066
2083 12065
2084 12064
2085 12063
2086 12062
2087 12061
2088 12060
2089 12059
2090 12058
2091 12057
2092 12056
2093 12055
2094 12054
2095 12053
2096 12052
2097 12051
2098 12050
2099 12049
2100 12048
2101 12047
2102 12046
2103 12045
2104 11829
2105 11828
2106 11827
2107 11826
2108 11825
2109 11824
2110 11823
2111 11822
2112 11821
2113 11820
2114 11819
2115 11818
2116 11817
2117 11816
2118 11815
2119 11814
2120 10773
2121 10772
2122 10771
2123 10770
2124 10769
2125 10768
2126 10767
2127 10766
2128 10539
2129 10538
2130 10537
2131 10536
2132 10535
2133 10534
2134 10533
2135 10532
2136 10531
2137 10530
2138 10529
2139 10528
2140 10527
2141 10526
2142 10525
2143 10524
2144 10523
2145 10444
2146 10443
2147 10442
2148 10441
2149 10440
2150 10439
2151 10438
2152 10437
2153 11098
2154 11097
2155 11096
2156 11095
2157 11094
2158 11093
2159 11092
2160 11091
2161 10364
2162 10363
2163 10362
2164 10361
2165 10360
2166 10359
2167 10358
2168 10357
2169 10356
2170 10355
2171 10354
2172 10353
2173 10352
2174 10351
2175 10350
2176 10349
2177 10348
2178 10347
2179 10346
2180 10345
2181 10344
2182 10343
2183 10342
2184 10341
2185 10340
2186 10339
2187 10212
2188 10211
2189 10210
2190 10209
2191 10208
2192 10207
2193 10206
2194 10205
2195 10204
2196 10203
2197 10202
2198 10201
2199 10200
2200 10199
2201 10198
2202 10197
2203 8923
2204 8922
2205 8921
2206 8920
2207 8919
2208 8918
2209 8917
2210 8916
2211 8915
2212 8914
2213 8913
2214 8912
2215 8911
2216 8910
2217 8960
2218 8959
2219 8958
2220 8957
2221 8956
2222 8955
2223 8954
2224 8953
2225 8952
2226 8951
2227 8950
2228 8524
2229 8523
2230 8522
2231 8521
2232 8520
2233 8519
2234 8518
2235 8517
2236 9797
2237 9796
2238 9795
2239 9794
2240 9793
2241 9792
2242 9791
2243 9790
2244 7275
2245 7274
2246 7273
2247 7272
2248 7271
2249 7270
2250 7269
2251 7268
2252 7267
2253 7266
2254 7265
2255 7264
2256 7263
2257 7262
2258 7261
2259 7260
2260 7259
2261 7258
2262 7257
2263 7256
2264 7255
2265 7254
2266 7253
2267 7252
2268 7251
2269 7250
2270 8393
2271 8392
2272 8391
2273 8390
2274 8389
2275 8388
2276 8387
2277 8386
2278 8385
2279 8384
2280 8383
2281 8382
2282 8381
2283 8380
2284 8379
2285 8378
2286 7065
2287 7064
2288 7063
2289 7062
2290 7061
2291 7060
2292 7059
2293 7058
2294 7057
2295 7056
2296 7055
2297 7054
2298 7053
2299 7052
2300 7051
2301 7050
2302 7049
2303 7048
2304 7047
2305 7046
2306 7045
2307 7044
2308 7043
2309 7042
2310 7041
2311 7040
2312 7589
2313 7588
2314 7587
2315 7586
2316 7585
2317 7584
2318 7583
2319 7582
2320 7906
2321 7905
2322 7904
2323 7903
2324 7902
2325 7901
2326 7900
2327 7899
2328 7898
2329 7897
2330 7896
2331 7895
2332 7894
2333 7893
2334 7892
2335 7891
2336 7890
2337 7889
2338 7888
2339 7887
2340 7886
2341 7885
2344 6686
2345 6685
2346 6684
2347 6683
2348 6682
2349 6681
2350 6680
2351 6679
2352 6678
2353 7752
2354 7751
2355 7750
2356 7749
2357 7748
2358 7747
2359 7746
2360 7745
2361 7914
2362 7913
2363 7912
2364 7911
2365 7910
2366 7909
2367 7908
2368 7907
2369 7581
2370 7580
2371 7579
2372 7578
2373 7577
2374 7576
2375 7575
2376 7574
2377 6960
2378 6959
2379 6958
2380 6957
2381 6956
2382 6955
2383 6954
2384 7086
2385 7085
2386 7084
2387 7083
2388 7082
2389 7081
2390 7080
2391 7079
2392 7078
2393 7026
2394 7025
2395 7024
2396 7023
2397 7022
2398 7021
2399 7020
2400 7019
2401 7018
2402 7017
2403 7016
2404 7015
2405 7014
2406 7013
2407 7012
2408 8774
2409 8773
2410 8772
2411 8771
2412 8770
2413 8769
2414 8768
2415 8068
2416 8067
2417 8066
2418 8065
2419 8064
2420 8063
2421 8062
2422 8061
2423 8130
2424 8129
2425 8128
2426 8127
2427 8126
2428 8125
2429 8124
2430 8123
2431 8122
2432 8121
2433 8120
2434 8119
2435 8118
2436 8117
2437 8116
2438 8115
2439 8114
2440 8113
2441 8112
2442 8111
2443 8110
2444 8109
2445 8108
2446 8107
2447 7358
2448 7357
2449 7356
2450 7355
2451 7354
2452 7353
2453 7352
2454 7351
2455 9805
2456 9804
2457 9803
2458 9802
2459 9801
2460 9800
2461 9799
2462 9798
2463 8516
2464 8515
2465 8514
2466 8513
2467 8512
2468 8511
2469 8510
2470 8509
2471 9689
2472 9688
2473 9687
2474 9686
2475 9685
2476 9684
2477 9683
2478 9682
2479 9555
2480 9554
2481 9553
2482 9552
2483 9551
2484 9550
2485 9549
2486 9548
2487 9547
2488 9546
2489 9545
2490 9544
2491 9543
2492 9542
2493 9541
2494 9540
2495 9539
2496 9538
2497 9537
2498 9536
2499 9535
2500 9534
2501 9533
2502 9532
2503 9965
2504 9964
2505 9963
2506 9962
2507 9961
2508 9960
2509 9959
2510 9958
2511 9957
2512 9956
2513 9955
2514 9954
2515 9953
2516 9952
2517 9951
2518 9235
2519 9234
2520 9233
2521 9232
2522 9231
2523 9230
2524 9229
2525 9228
2526 9227
2527 9226
2528 9225
2529 9224
2530 9223
2531 9222
2532 9076
2533 9075
2534 9074
2535 9073
2536 9072
2537 9071
2538 9070
2539 9069
2540 9068
2541 9143
2542 9142
2543 9141
2544 9140
2545 9139
2546 9138
2547 9137
2548 9136
2549 11106
2550 11105
2551 11104
2552 11103
2553 11102
2554 11101
2555 11100
2556 11099
2557 10436
2558 10435
2559 10434
2560 10433
2561 10432
2562 10431
2563 10430
2564 10429
2565 10651
2566 10650
2567 10649
2568 10648
2569 10647
2570 10646
2571 10645
2572 10644
2573 10643
2574 10642
2575 10641
2576 10640
2577 10639
2578 10550
2579 10549
2580 10548
2581 10547
2582 10546
2583 10545
2584 10544
2585 10543
2586 10542
2587 10541
2588 10540
2589 10765
2590 10764
2591 10763
2592 10762
2593 10761
2594 10760
2595 10759
2596 10758
2597 11446
2598 11445
2599 11444
2600 11443
2601 11442
2602 11441
2603 11440
2604 10937
2605 10936
2606 10935
2607 10934
2608 10933
2609 10932
2610 10931
2611 10930
2612 11727
2613 11726
2614 11725
2615 11724
2616 11723
2617 11722
2618 11721
2619 11720
2620 11719
2621 11718
2622 11717
2623 11716
2624 11665
2625 11664
2626 11663
2627 11662
2628 11661
2629 11660
2630 11659
2631 11658
2632 11657
2633 11656
2634 11655
2635 11993
2636 11992
2637 11991
2638 11990
2639 11989
2640 11988
2641 11987
2642 11986
2643 12853
2644 12852
2645 12851
2646 12850
2647 12849
2648 12848
2649 12847
2650 12846
2651 12142
2652 12141
2653 12140
2654 12139
2655 12138
2656 12137
2657 12136
2658 12135
2659 12994
2660 12993
2661 12992
2662 12991
2663 12990
2664 12989
2665 12988
2666 12987
2667 12986
2668 12985
2669 12984
2670 12794
2671 12793
2672 12792
2673 12791
2674 12790
2675 12789
2676 12788
2677 12787
2678 12786
2679 12785
2680 12784
2681 12783
2682 12782
2683 12730
2684 12729
2685 12728
2686 12727
2687 12726
2688 12725
2689 12724
2690 12723
2691 12323
2692 12322
2693 12321
2694 12320
2695 12319
2696 12318
2697 12317
2698 12540
2699 12539
2700 12538
2701 12537
2702 12536
2703 12535
2704 12534
2705 12533
2708 12452
2709 12451
2710 12450
2711 12449
2712 12448
2713 12447
2714 12446
2715 12445
2716 12331
2717 12330
2718 12329
2719 12328
2720 12327
2721 12326
2722 12325
2723 12324
2724 12722
2725 12721
2726 12720
2727 12719
2728 12718
2729 12717
2730 12716
2731 12715
2732 13017
2733 13016
2734 13015
2735 13014
2736 13013
2737 13012
2738 13011
2739 13010
2740 13009
2741 13008
2742 13007
2743 13006
2744 13005
2745 13004
2746 13003
2747 13002
2748 13001
2749 13000
2750 12999
2751 12998
2752 12997
2753 12996
2754 12995
2755 12134
2756 12133
2757 12132
2758 12131
2759 12130
2760 12129
2761 12128
2762 12127
2763 11527
2764 11526
2765 11525
2766 11524
2767 11523
2768 11522
2769 11521
2770 11520
2771 12086
2772 12085
2773 12084
2774 12083
2775 12082
2776 12081
2777 12080
2778 12079
2779 11304
2780 11303
2781 11302
2782 11301
2783 11300
2784 11299
2785 11298
2786 11297
2787 11296
2788 11295
2789 11294
2790 11293
2791 11292
2792 11291
2793 11290
2794 11289
2795 11288
2796 11287
2797 11286
2798 11285
2799 11284
2800 11283
2801 11282
2802 11281
2803 11845
2804 11844
2805 11843
2806 11842
2807 11841
2808 11840
2809 11839
2810 11838
2811 11454
2812 11453
2813 11452
2814 11451
2815 11450
2816 11449
2817 11448
2818 11447
2819 10757
2820 10756
2821 10755
2822 10754
2823 10753
2824 10752
2825 10751
2826 10750
2827 10674
2828 10673
2829 10672
2830 10671
2831 10670
2832 10669
2833 10668
2834 10667
2835 10666
2836 10665
2837 10664
2838 10663
2839 10662
2840 10661
2841 10660
2842 10659
2843 10658
2844 10657
2845 10656
2846 10655
2847 10654
2848 10653
2849 10652
2850 10428
2851 10427
2852 10426
2853 10425
2854 10424
2855 10423
2856 10422
2857 10421
2858 10046
2859 10045
2860 10044
2861 10043
2862 10042
2863 10041
2864 10040
2865 10039
2866 10380
2867 10379
2868 10378
2869 10377
2870 10376
2871 10375
2872 10374
2873 10373
2874 10271
2875 10270
2876 10269
2877 10268
2878 10267
2879 10266
2880 10265
2881 10264
2882 10263
2883 10262
2884 10305
2885 10304
2886 10303
2887 10302
2888 10301
2889 10300
2890 10299
2891 10298
2892 10297
2893 10296
2894 10295
2895 10294
2896 10293
2897 10292
2898 10228
2899 10227
2900 10226
2901 10225
2902 10224
2903 10223
2904 10222
2905 10221
2906 9973
2907 9972
2908 9971
2909 9970
2910 9969
2911 9968
2912 9967
2913 9966
2914 9531
2915 9530
2916 9529
2917 9528
2918 9527
2919 9526
2920 9525
2921 9524
2922 9712
2923 9711
2924 9710
2925 9709
2926 9708
2927 9707
2928 9706
2929 9705
2930 9704
2931 9703
2932 9702
2933 9701
2934 9700
2935 9699
2936 9698
2937 9697
2938 9696
2939 9695
2940 9694
2941 9693
2942 9692
2943 9691
2944 9690
2945 8508
2946 8507
2947 8506
2948 8505
2949 8504
2950 8503
2951 8502
2952 8501
2953 8855
2954 8854
2955 8853
2956 8852
2957 8851
2958 8850
2959 8849
2960 8848
2961 8460
2962 8459
2963 8458
2964 8457
2965 8456
2966 8455
2967 8454
2968 8453
2969 8452
2970 8451
2971 8450
2972 8449
2973 8448
2974 8447
2975 8446
2976 8445
2977 7404
2978 7403
2979 7402
2980 7401
2981 7400
2982 7399
2983 7398
2984 7397
2985 7447
2986 7446
2987 7445
2988 7444
2989 7443
2990 7442
2991 7441
2992 7440
2993 8409
2994 8408
2995 8407
2996 8406
2997 8405
2998 8404
2999 8403
3000 8402
3001 8782
3002 8781
3003 8780
3004 8779
3005 8778
3006 8777
3007 8776
3008 8775
3009 7011
3010 7010
3011 7009
3012 7008
3013 7007
3014 7006
3015 7005
3016 7004
3017 7528
3018 7527
3019 7526
3020 7525
3021 7524
3022 7523
3023 7522
3024 6977
3025 6976
3026 6975
3027 6974
3028 6973
3029 6972
3030 6971
3031 6970
3032 6969
3033 6968
3034 6967
3035 6966
3036 6965
3037 6964
3038 6963
3039 6962
3040 6961
3041 7573
3042 7572
3043 7571
3044 7570
3045 7569
3046 7568
3047 7567
3048 7566
3049 6710
3050 6709
3051 6708
3052 6707
3053 6706
3054 6705
3055 6704
3056 6703
3057 7801
3058 7800
3059 7799
3060 7798
3061 7797
3062 7796
3063 7795
3064 7794
3065 7793
3066 7792
3067 7791
3068 7790
3069 7789
3070 7788
3071 7787
3072 7786
3073 7785
3076 7880
3077 7879
3078 7878
3079 7877
3080 7876
3081 7875
3082 7874
3083 7873
3084 7872
3085 7871
3086 7870
3087 7869
3088 7868
3089 7867
3090 7866
3091 7865
3092 6820
3093 6819
3094 6818
3095 6817
3096 6816
3097 6815
3098 6814
3099 6813
3100 6812
3101 6811
3102 6810
3103 6809
3104 6808
3105 6858
3106 6857
3107 6856
3108 6855
3109 6854
3110 6853
3111 6852
3112 6851
3113 6850
3114 6849
3115 6848
3116 6847
3117 8789
3118 8788
3119 8787
3120 8786
3121 8785
3122 8784
3123 8783
3124 8401
3125 8400
3126 8399
3127 8398
3128 8397
3129 8396
3130 8395
3131 8394
3132 7249
3133 7248
3134 7247
3135 7246
3136 7245
3137 7244
3138 7243
3139 7242
3140 7241
3141 7240
3142 7239
3143 7238
3144 7237
3145 7288
3146 7287
3147 7286
3148 7285
3149 7284
3150 7283
3151 7282
3152 7281
3153 7280
3154 7279
3155 7278
3156 7277
3157 7276
3158 9789
3159 9788
3160 9787
3161 9786
3162 9785
3163 9784
3164 9783
3165 9782
3166 9781
3167 9780
3168 9779
3169 9778
3170 9777
3171 9776
3172 9775
3173 9774
3174 8201
3175 8200
3176 8199
3177 8198
3178 8197
3179 8196
3180 8195
3181 8194
3182 8193
3183 8192
3184 8191
3185 8190
3186 8240
3187 8239
3188 8238
3189 8237
3190 8236
3191 8235
3192 8234
3193 8233
3194 8232
3195 8231
3196 8230
3197 8229
3198 8228
3199 8227
3200 9980
3201 9979
3202 9978
3203 9977
3204 9976
3205 9975
3206 9974
3207 10220
3208 10219
3209 10218
3210 10217
3211 10216
3212 10215
3213 10214
3214 10213
3215 10338
3216 10337
3217 10336
3218 10335
3219 10334
3220 10333
3221 10332
3222 10331
3223 10330
3224 10329
3225 10328
3226 10277
3227 10276
3228 10275
3229 10274
3230 10273
3231 10272
3232 10372
3233 10371
3234 10370
3235 10369
3236 10368
3237 10367
3238 10366
3239 10365
3240 11090
3241 11089
3242 11088
3243 11087
3244 11086
3245 11085
3246 11084
3247 11083
3248 11082
3249 11081
3250 11080
3251 11079
3252 11078
3253 11077
3254 11076
3255 11075
3256 11017
3257 11016
3258 11015
3259 11014
3260 11013
3261 11012
3262 11011
3263 11010
3264 11009
3265 11008
3266 11007
3267 11006
3268 11005
3269 11004
3270 11003
3271 11002
3272 11001
3273 11000
3274 10999
3275 10998
3276 10997
3277 10996
3278 10995
3279 10994
3280 10993
3281 10992
3282 11461
3283 11460
3284 11459
3285 11458
3286 11457
3287 11456
3288 11455
3289 11837
3290 11836
3291 11835
3292 11834
3293 11833
3294 11832
3295 11831
3296 11830
3297 12044
3298 12043
3299 12042
3300 12041
3301 12040
3302 12039
3303 12038
3304 12037
3305 12036
3306 11312
3307 11311
3308 11310
3309 11309
3310 11308
3311 11307
3312 11306
3313 11305
3314 12078
3315 12077
3316 12076
3317 12075
3318 12074
3319 12073
3320 12072
3321 12071
3322 12837
3323 12836
3324 12835
3325 12834
3326 12833
3327 12832
3328 12831
3329 12830
3330 12829
3331 12828
3332 12827
3333 12826
3334 12825
3335 12824
3336 12823
3337 12822
3338 12221
3339 12220
3340 12219
3341 12218
3342 12217
3343 12216
3344 12215
3345 12214
3346 12612
3347 12611
3348 12610
3349 12609
3350 12608
3351 12607
3352 12606
3353 12605
3354 12604
3355 12603
3356 12602
3357 12601
3358 12600
3359 12599
3360 12598
3361 12597
3362 12596
3363 12595
3364 12338
3365 12337
3366 12336
3367 12335
3368 12334
3369 12333
3370 12332
3371 12444
3372 12443
3373 12442
3374 12441
3375 12440
3376 12439
3377 12438
3378 12437
3379 12501
3380 12500
3381 12499
3382 12498
3383 12497
3386 12364
3387 12363
3388 12362
3389 12361
3390 12360
3391 12359
3392 12358
3393 12357
3394 12356
3395 12355
3396 12354
3397 12353
3398 12352
3399 12351
3400 12350
3401 12349
3402 12348
3403 12347
3404 12346
3405 12345
3406 12344
3407 12343
3408 12342
3409 12341
3410 12340
3411 12339
3412 12594
3413 12593
3414 12592
3415 12591
3416 12590
3417 12589
3418 12588
3419 12587
3420 12238
3421 12237
3422 12236
3423 12235
3424 12234
3425 12233
3426 12232
3427 12231
3428 12230
3429 12229
3430 12228
3431 12227
3432 12226
3433 12225
3434 12224
3435 12223
3436 12222
3437 12821
3438 12820
3439 12819
3440 12818
3441 12817
3442 12816
3443 12815
3444 12814
3445 11511
3446 11510
3447 11509
3448 11508
3449 11507
3450 11506
3451 11505
3452 11504
3453 11503
3454 11502
3455 11501
3456 11500
3457 11499
3458 11498
3459 11497
3460 11496
3461 11495
3462 11494
3463 11493
3464 11492
3465 11491
3466 11490
3467 11489
3468 11488
3469 11487
3470 11486
3471 11485
3472 11484
3473 11483
3474 11482
3475 11481
3476 11480
3477 11479
3478 11478
3479 11477
3480 11476
3481 11475
3482 11474
3483 11473
3484 11472
3485 11471
3486 11470
3487 11469
3488 11468
3489 11467
3490 11466
3491 11465
3492 11464
3493 11463
3494 11462
3495 10991
3496 10990
3497 10989
3498 10988
3499 10987
3500 10986
3501 10985
3502 10984
3503 11034
3504 11033
3505 11032
3506 11031
3507 11030
3508 11029
3509 11028
3510 11027
3511 11026
3512 11025
3513 11024
3514 11023
3515 11022
3516 11021
3517 11020
3518 11019
3519 11018
3520 11074
3521 11073
3522 11072
3523 11071
3524 11070
3525 11069
3526 11068
3527 11067
3528 10030
3529 10029
3530 10028
3531 10027
3532 10026
3533 10025
3534 10024
3535 10023
3536 10022
3537 10021
3538 10020
3539 10019
3540 10018
3541 10017
3542 10016
3543 10015
3544 10014
3545 10013
3546 10012
3547 10011
3548 10010
3549 10009
3550 10008
3551 10007
3552 10006
3553 10005
3554 10004
3555 10003
3556 10002
3557 10001
3558 10000
3559 9999
3560 9998
3561 9997
3562 9996
3563 9995
3564 9994
3565 9993
3566 9992
3567 9991
3568 9990
3569 9989
3570 9988
3571 9987
3572 9986
3573 9985
3574 9984
3575 9983
3576 9982
3577 9981
3578 8226
3579 8225
3580 8224
3581 8223
3582 8222
3583 8221
3584 8220
3585 8219
3586 8218
3587 8217
3588 8216
3589 8215
3590 8214
3591 8213
3592 8212
3593 8211
3594 8210
3595 8209
3596 8208
3597 8207
3598 8206
3599 8205
3600 8204
3601 8203
3602 8202
3603 9773
3604 9772
3605 9771
3606 9770
3607 9769
3608 9768
3609 9767
3610 9766
3611 8839
3612 8838
3613 8837
3614 8836
3615 8835
3616 8834
3617 8833
3618 8832
3619 8831
3620 8830
3621 8829
3622 8828
3623 8827
3624 8826
3625 8825
3626 8824
3627 8823
3628 8822
3629 8821
3630 8820
3631 8819
3632 8818
3633 8817
3634 8816
3635 8815
3636 8814
3637 8813
3638 8812
3639 8811
3640 8810
3641 8809
3642 8808
3643 8807
3644 8806
3645 8805
3646 8804
3647 8803
3648 8802
3649 8801
3650 8800
3651 8799
3652 8798
3653 8797
3654 8796
3655 8795
3656 8794
3657 8793
3658 8792
3659 8791
3660 8790
3661 6846
3662 6845
3663 6844
3664 6843
3665 6842
3666 6841
3667 6840
3668 6839
3669 6838
3670 6837
3671 6836
3672 6835
3673 6834
3674 6833
3675 6832
3676 6831
3677 6830
3678 6829
3679 6828
3680 6827
3681 6826
3682 6825
3683 6824
3684 6823
3685 6822
3686 6821
3687 7864
3688 7863
3689 7862
3690 7861
3691 7860
3692 7859
3693 7858
3694 7857
3695 6694
3696 6693
3697 6692
3698 6691
3699 6690
3700 6689
3701 6688
3702 6687
3705 6654
3706 6653
3707 6652
3708 6651
3709 6650
3710 6649
3711 6648
3712 6647
3713 6646
3714 7809
3715 7808
3716 7807
3717 7806
3718 7805
3719 7804
3720 7803
3721 7802
3722 6702
3723 6701
3724 6700
3725 6699
3726 6698
3727 6697
3728 6696
3729 6695
3730 7856
3731 7855
3732 7854
3733 7853
3734 7852
3735 7851
3736 7850
3737 7849
3738 7848
3739 7847
3740 7846
3741 7845
3742 7844
3743 7843
3744 7842
3745 7509
3746 7508
3747 7507
3748 7506
3749 7505
3750 7504
3751 7503
3752 7502
3753 7501
3754 7500
3755 7499
3756 7498
3757 7497
3758 7496
3759 7495
3760 7494
3761 7493
3762 7492
3763 7491
3764 7490
3765 7489
3766 7488
3767 7487
3768 7486
3769 7485
3770 7484
3771 7483
3772 7482
3773 7481
3774 7480
3775 7479
3776 8417
3777 8416
3778 8415
3779 8414
3780 8413
3781 8412
3782 8411
3783 8410
3784 7439
3785 7438
3786 7437
3787 7436
3788 7435
3789 7434
3790 7433
3791 7432
3792 7431
3793 7430
3794 7429
3795 7428
3796 7427
3797 7426
3798 7425
3799 7424
3800 7423
3801 7422
3802 7421
3803 7420
3804 7419
3805 7418
3806 7417
3807 7416
3808 8468
3809 8467
3810 8466
3811 8465
3812 8464
3813 8463
3814 8462
3815 8461
3816 8847
3817 8846
3818 8845
3819 8844
3820 8843
3821 8842
3822 8841
3823 8840
3824 9765
3825 9764
3826 9763
3827 9762
3828 9761
3829 9760
3830 9759
3831 9758
3832 9757
3833 9756
3834 9755
3835 9754
3836 9753
3837 9752
3838 9751
3839 9750
3840 9485
3841 9484
3842 9483
3843 9482
3844 9481
3845 9480
3846 9479
3847 9478
3848 9477
3849 9476
3850 9475
3851 9474
3852 9473
3853 9472
3854 9471
3855 9470
3856 9469
3857 9468
3858 9467
3859 9466
3860 9465
3861 9464
3862 9463
3863 9462
3864 9461
3865 9460
3866 9459
3867 9458
3868 9457
3869 9456
3870 9455
3871 10236
3872 10235
3873 10234
3874 10233
3875 10232
3876 10231
3877 10230
3878 10229
3879 10291
3880 10290
3881 10289
3882 10288
3883 10287
3884 10286
3885 10285
3886 10284
3887 10283
3888 10282
3889 10281
3890 10280
3891 10279
3892 10278
3893 10327
3894 10326
3895 10325
3896 10324
3897 10323
3898 10322
3899 10321
3900 10320
3901 10319
3902 10388
3903 10387
3904 10386
3905 10385
3906 10384
3907 10383
3908 10382
3909 10381
3910 10038
3911 10037
3912 10036
3913 10035
3914 10034
3915 10033
3916 10032
3917 10031
3918 11066
3919 11065
3920 11064
3921 11063
3922 11062
3923 11061
3924 11060
3925 11059
3926 11058
3927 11057
3928 11056
3929 11055
3930 11054
3931 11053
3932 11052
3933 11051
3934 11050
3935 11049
3936 11048
3937 11047
3938 11046
3939 11045
3940 11044
3941 11043
3942 11042
3943 11041
3944 11040
3945 11039
3946 11038
3947 11037
3948 11036
3949 11035
3950 10983
3951 10982
3952 10981
3953 10980
3954 10979
3955 10978
3956 10977
3957 10976
3958 10975
3959 10974
3960 10973
3961 10972
3962 10971
3963 10970
3964 10969
3965 11853
3966 11852
3967 11851
3968 11850
3969 11849
3970 11848
3971 11847
3972 11846
3973 11280
3974 11279
3975 11278
3976 11277
3977 11276
3978 11275
3979 11274
3980 11273
3981 11272
3982 11271
3983 11270
3984 11269
3985 12035
3986 12034
3987 12033
3988 12032
3989 12031
3990 12030
3991 12029
3992 12028
3993 12027
3994 12026
3995 12025
3996 12094
3997 12093
3998 12092
3999 12091
4000 12090
4001 12089
4002 12088
4003 12087
4004 11519
4005 11518
4006 11517
4007 11516
4008 11515
4009 11514
4010 11513
4011 11512
4012 12813
4013 12812
4014 12811
4015 12810
4016 12809
4017 12808
4018 12807
4019 12806
4020 12805
4021 12804
4022 12803
4023 12802
4024 12801
4025 12800
4026 12799
4027 12798
4028 12797
4029 12796
4030 12795
4031 12251
4032 12250
4033 12249
4034 12248
4035 12247
4036 12246
4037 12245
4038 12244
4039 12243
4040 12242
4041 12241
4042 12240
4043 12239
4044 12586
4045 12585
4046 12584
4047 12583
4048 12582
4049 12581
4050 12580
4051 12579
4052 12578
4053 12577
4054 12576
4055 12575
4056 12574
4057 12573
4058 12572
4059 12477
4060 12476
4061 12475
4062 12474
4063 12473
4064 12472
4065 12471
4066 12470
4067 12469
4068 12468
4069 12467
4070 12466
4071 12465
4072 12464
4073 12463
4074 12462
4075 12461
4076 12460
4077 12459
4078 12458
4079 12457
4082 12496
4083 12495
4084 12494
4085 12493
4086 12492
4087 12491
4088 12490
4089 12489
4090 12488
4091 12487
4092 12486
4093 12485
4094 12484
4095 12483
4096 12482
4097 12481
4098 12480
4099 12479
4100 12478
4101 12571
4102 12570
4103 12569
4104 12568
4105 12567
4106 12566
4107 12565
4108 12564
4109 12706
4110 12705
4111 12704
4112 12703
4113 12702
4114 12701
4115 12700
4116 12699
4117 12698
4118 12697
4119 12696
4120 12695
4121 12694
4122 12693
4123 12692
4124 12691
4125 12690
4126 12689
4127 12688
4128 12687
4129 12686
4130 12685
4131 12684
4132 12683
4133 12682
4134 12681
4135 12680
4136 12679
4137 12678
4138 12677
4139 12676
4140 12675
4141 12674
4142 12673
4143 12672
4144 12671
4145 12670
4146 12118
4147 12117
4148 12116
4149 12115
4150 12114
4151 12113
4152 12112
4153 12111
4154 12110
4155 12109
4156 12108
4157 12107
4158 12106
4159 12105
4160 12104
4161 12103
4162 12102
4163 12101
4164 12100
4165 12099
4166 12098
4167 12097
4168 12096
4169 12095
4170 12024
4171 12023
4172 12022
4173 12021
4174 12020
4175 12019
4176 12018
4177 12017
4178 11883
4179 11882
4180 11881
4181 11880
4182 11879
4183 11878
4184 11877
4185 11876
4186 11875
4187 11874
4188 11873
4189 11872
4190 11871
4191 11870
4192 11869
4193 11868
4194 11867
4195 11866
4196 11865
4197 11864
4198 11863
4199 11862
4200 11861
4201 11860
4202 11859
4203 11858
4204 11857
4205 11856
4206 11855
4207 11854
4208 10968
4209 10967
4210 10966
4211 10965
4212 10964
4213 10963
4214 10962
4215 10961
4216 10741
4217 10740
4218 10739
4219 10738
4220 10737
4221 10736
4222 10735
4223 10734
4224 10733
4225 10732
4226 10731
4227 10730
4228 10729
4229 10728
4230 10727
4231 10726
4232 10725
4233 10724
4234 10723
4235 10722
4236 10721
4237 10720
4238 10719
4239 10718
4240 10717
4241 10716
4242 10715
4243 10714
4244 10713
4245 10712
4246 10711
4247 10710
4248 10709
4249 10708
4250 10707
4251 10706
4252 10705
4253 10412
4254 10411
4255 10410
4256 10409
4257 10408
4258 10407
4259 10406
4260 10405
4261 10404
4262 10403
4263 10402
4264 10401
4265 10400
4266 10399
4267 10398
4268 10397
4269 10396
4270 10395
4271 10394
4272 10393
4273 10392
4274 10391
4275 10390
4276 10389
4277 10318
4278 10317
4279 10316
4280 10315
4281 10314
4282 10313
4283 10312
4284 10311
4285 10310
4286 10309
4287 10308
4288 10307
4289 10306
4290 10261
4291 10260
4292 10259
4293 10258
4294 10257
4295 10256
4296 10255
4297 10254
4298 10253
4299 10252
4300 10251
4301 10250
4302 10249
4303 10248
4304 10247
4305 10246
4306 10245
4307 10244
4308 10243
4309 10242
4310 10241
4311 10240
4312 10239
4313 10238
4314 10237
4315 9454
4316 9453
4317 9452
4318 9451
4319 9450
4320 9449
4321 9448
4322 9447
4323 9515
4324 9514
4325 9513
4326 9512
4327 9511
4328 9510
4329 9509
4330 9508
4331 9507
4332 9506
4333 9505
4334 9504
4335 9503
4336 9502
4337 9501
4338 9500
4339 9499
4340 9498
4341 9497
4342 9496
4343 9495
4344 9494
4345 9493
4346 9492
4347 9491
4348 9490
4349 9489
4350 9488
4351 9487
4352 9486
4353 9749
4354 9748
4355 9747
4356 9746
4357 9745
4358 9744
4359 9743
4360 8492
4361 8491
4362 8490
4363 8489
4364 8488
4365 8487
4366 8486
4367 8485
4368 8484
4369 8483
4370 8482
4371 8481
4372 8480
4373 8479
4374 8478
4375 8477
4376 8476
4377 8475
4378 8474
4379 8473
4380 8472
4381 8471
4382 8470
4383 8469
4384 7415
4385 7414
4386 7413
4387 7412
4388 7411
4389 7410
4390 7409
4391 7408
4392 7407
4393 7406
4394 7405
4395 8444
4396 8443
4397 8442
4398 8441
4399 8440
4400 8439
4401 8438
4402 8437
4403 8436
4404 8435
4405 8434
4406 8433
4407 8432
4408 8431
4409 8430
4410 8429
4411 8428
4412 8427
4413 8426
4414 8425
4415 8424
4416 8423
4417 8422
4418 8421
4419 8420
4420 8419
4421 8418
4422 7478
4423 7477
4424 7476
4425 7475
4426 7474
4427 7473
4428 7472
4429 7471
4430 6995
4431 6994
4432 6993
4433 6992
4434 6991
4435 6990
4436 6989
4437 6988
4438 6987
4439 6986
4440 6985
4441 6984
4442 6983
4443 6982
4444 6981
4445 6980
4446 6979
4447 6978
4448 7521
4449 7520
4450 7519
4451 7518
4452 7517
4453 7516
4454 7515
4455 7514
4456 7513
4457 7512
4458 7511
4459 7510
4460 7841
4461 7840
4462 7839
4463 7838
4464 7837
4465 7836
4466 7835
4467 7834
4468 7833
4469 7832
4470 7831
4471 7830
4472 7829
4473 7828
4474 7827
4475 7826
4476 7825
4477 7824
4478 7823
4479 7822
4480 7821
4481 7820
4482 7819
4483 7818
4484 7817
4485 7816
4486 7815
4487 7814
4488 7813
4489 7812
4490 7811
4491 7810
4492 6670
4493 6669
4494 6668
4495 6667
4496 6666
4497 6665
4498 6664
4499 6663
4500 6662
4501 6661
4502 6660
4503 6659
4506 7780
4507 7779
4508 7778
4509 7777
4510 7776
4511 7775
4512 7774
4513 7773
4514 7772
4515 7771
4516 7770
4517 7769
4518 7768
4519 7767
4520 7766
4521 7765
4522 7764
4523 7763
4524 7762
4525 7761
4526 6718
4527 6717
4528 6716
4529 6715
4530 6714
4531 6713
4532 6712
4533 6711
4534 7565
4535 7564
4536 7563
4537 7562
4538 7561
4539 7560
4540 7559
4541 7558
4542 7557
4543 7556
4544 7555
4545 7554
4546 7553
4547 7552
4548 7551
4549 7550
4550 7549
4551 7548
4552 7547
4553 7546
4554 7545
4555 7544
4556 7543
4557 7542
4558 7541
4559 7540
4560 7539
4561 7538
4562 7537
4563 7536
4564 7535
4565 7534
4566 7533
4567 7532
4568 7531
4569 7530
4570 7529
4571 7003
4572 7002
4573 7001
4574 7000
4575 6999
4576 6998
4577 6997
4578 6996
4579 7470
4580 7469
4581 7468
4582 7467
4583 7466
4584 7465
4585 7464
4586 7463
4587 7462
4588 7461
4589 7460
4590 7459
4591 7458
4592 7457
4593 7456
4594 7455
4595 7454
4596 7453
4597 7452
4598 7451
4599 7450
4600 7449
4601 7448
4602 7396
4603 7395
4604 7394
4605 7393
4606 7392
4607 7391
4608 7390
4609 7389
4610 7388
4611 7387
4612 7386
4613 7385
4614 7384
4615 7383
4616 7382
4617 7381
4618 7380
4619 7379
4620 7378
4621 7377
4622 7376
4623 7375
4624 7374
4625 7373
4626 7372
4627 7371
4628 7370
4629 7369
4630 7368
4631 7367
4632 8863
4633 8862
4634 8861
4635 8860
4636 8859
4637 8858
4638 8857
4639 8856
4640 8500
4641 8499
4642 8498
4643 8497
4644 8496
4645 8495
4646 8494
4647 8493
4648 9742
4649 9741
4650 9740
4651 9739
4652 9738
4653 9737
4654 9736
4655 9735
4656 9734
4657 9733
4658 9732
4659 9731
4660 9730
4661 9729
4662 9728
4663 9727
4664 9726
4665 9725
4666 9724
4667 9723
4668 9722
4669 9721
4670 9720
4671 9719
4672 9718
4673 9717
4674 9716
4675 9715
4676 9714
4677 9713
4678 9523
4679 9522
4680 9521
4681 9520
4682 9519
4683 9518
4684 9517
4685 9516
4686 9446
4687 9445
4688 9444
4689 9443
4690 9442
4691 9441
4692 9440
4693 9439
4694 9438
4695 9437
4696 9436
4697 9435
4698 9434
4699 9433
4700 9432
4701 9188
4702 9187
4703 9186
4704 9185
4705 9184
4706 9183
4707 9182
4708 9181
4709 9180
4710 9179
4711 9178
4712 9177
4713 9176
4714 9175
4715 9174
4716 9173
4717 9172
4718 9171
4719 9170
4720 9169
4721 9168
4722 9167
4723 9166
4724 9165
4725 9164
4726 9163
4727 9162
4728 9161
4729 9160
4730 9159
4731 9158
4732 9157
4733 9156
4734 9155
4735 9154
4736 9153
4737 9152
4738 10054
4739 10053
4740 10052
4741 10051
4742 10050
4743 10049
4744 10048
4745 10047
4746 10420
4747 10419
4748 10418
4749 10417
4750 10416
4751 10415
4752 10414
4753 10413
4754 10704
4755 10703
4756 10702
4757 10701
4758 10700
4759 10699
4760 10698
4761 10697
4762 10696
4763 10695
4764 10694
4765 10693
4766 10692
4767 10691
4768 10690
4769 10689
4770 10688
4771 10687
4772 10686
4773 10685
4774 10684
4775 10683
4776 10682
4777 10681
4778 10680
4779 10679
4780 10678
4781 10677
4782 10676
4783 10675
4784 10749
4785 10748
4786 10747
4787 10746
4788 10745
4789 10744
4790 10743
4791 10742
4792 10960
4793 10959
4794 10958
4795 10957
4796 10956
4797 10955
4798 10954
4799 10953
4800 10952
4801 10951
4802 10950
4803 10949
4804 10948
4805 10947
4806 10946
4807 11905
4808 11904
4809 11903
4810 11902
4811 11901
4812 11900
4813 11899
4814 11898
4815 11897
4816 11896
4817 11895
4818 11894
4819 11893
4820 11892
4821 11891
4822 11890
4823 11889
4824 11888
4825 11887
4826 11886
4827 11885
4828 11884
4829 12016
4830 12015
4831 12014
4832 12013
4833 12012
4834 12011
4835 12010
4836 12009
4837 12008
4838 12007
4839 12006
4840 12005
4841 12004
4842 12003
4843 12002
4844 11535
4845 11534
4846 11533
4847 11532
4848 11531
4849 11530
4850 11529
4851 11528
4852 12126
4853 12125
4854 12124
4855 12123
4856 12122
4857 12121
4858 12120
4859 12119
4860 12669
4861 12668
4862 12667
4863 12666
4864 12665
4865 12664
4866 12663
4867 12662
4868 12661
4869 12660
4870 12659
4871 12658
4872 12657
4873 12656
4874 12655
4875 12654
4876 12653
4877 12652
4878 12651
4879 12650
4880 12649
4881 12648
4882 13025
4883 13024
4884 13023
4885 13022
4886 13021
4887 13020
4888 13019
4889 13018
4890 12714
4891 12713
4892 12712
4893 12711
4894 12710
4895 12709
4896 12708
4897 12707
4898 12563
4899 12562
4900 12561
4901 12560
4902 12559
4903 12558
4904 12557
4905 12556
4906 12555
4907 12554
4908 12553
4909 12552
4910 12551
4911 12550
4912 12549
4913 12517
4914 12516
4915 12515
4916 12514
4917 12513
4918 12512
4919 12511
4920 12510
4921 12509
4922 12508
4923 12507
4926 12528
4927 12527
4928 12526
4929 12525
4930 12524
4931 12523
4932 12522
4933 12521
4934 12520
4935 12519
4936 12518
4937 12548
4938 12547
4939 12546
4940 12545
4941 12544
4942 12543
4943 12542
4944 12541
4945 12316
4946 12315
4947 12314
4948 12313
4949 12312
4950 12311
4951 12310
4952 12309
4953 13041
4954 13040
4955 13039
4956 13038
4957 13037
4958 13036
4959 13035
4960 13034
4961 13033
4962 13032
4963 13031
4964 13030
4965 13029
4966 13028
4967 13027
4968 13026
4969 12647
4970 12646
4971 12645
4972 12644
4973 12643
4974 12642
4975 12641
4976 12640
4977 12639
4978 12638
4979 12637
4980 12636
4981 12635
4982 12634
4983 12633
4984 12632
4985 12631
4986 12630
4987 12629
4988 12628
4989 12627
4990 11551
4991 11550
4992 11549
4993 11548
4994 11547
4995 11546
4996 11545
4997 11544
4998 11543
4999 11542
5000 11541
5001 11540
5002 11539
5003 11538
5004 11537
5005 11536
5006 12001
5007 12000
5008 11999
5009 11998
5010 11997
5011 11996
5012 11995
5013 11994
5014 11654
5015 11653
5016 11652
5017 11651
5018 11650
5019 11649
5020 11648
5021 11647
5022 11927
5023 11926
5024 11925
5025 11924
5026 11923
5027 11922
5028 11921
5029 11920
5030 11919
5031 11918
5032 11917
5033 11916
5034 11915
5035 11914
5036 11913
5037 11912
5038 11911
5039 11910
5040 11909
5041 11908
5042 11907
5043 11906
5044 10945
5045 10944
5046 10943
5047 10942
5048 10941
5049 10940
5050 10939
5051 10938
5052 11439
5053 11438
5054 11437
5055 11436
5056 11435
5057 11434
5058 11433
5059 11432
5060 10842
5061 10841
5062 10840
5063 10839
5064 10838
5065 10837
5066 10836
5067 10835
5068 10834
5069 10833
5070 10832
5071 10831
5072 10830
5073 10829
5074 10828
5075 10827
5076 10826
5077 10825
5078 10824
5079 10823
5080 10822
5081 10821
5082 10820
5083 10819
5084 10818
5085 10817
5086 10816
5087 10815
5088 10814
5089 10813
5090 10812
5091 10811
5092 10810
5093 10809
5094 10808
5095 10807
5096 10806
5097 10070
5098 10069
5099 10068
5100 10067
5101 10066
5102 10065
5103 10064
5104 10063
5105 10062
5106 10061
5107 10060
5108 10059
5109 10058
5110 10057
5111 10056
5112 10055
5113 9151
5114 9150
5115 9149
5116 9148
5117 9147
5118 9146
5119 9145
5120 9144
5121 9067
5122 9066
5123 9065
5124 9064
5125 9063
5126 9062
5127 9061
5128 9060
5129 9059
5130 9058
5131 9057
5132 9056
5133 9055
5134 9205
5135 9204
5136 9203
5137 9202
5138 9201
5139 9200
5140 9199
5141 9198
5142 9197
5143 9196
5144 9195
5145 9194
5146 9193
5147 9192
5148 9191
5149 9190
5150 9189
5151 9431
5152 9430
5153 9429
5154 9428
5155 9427
5156 9426
5157 9425
5158 9424
5159 9423
5160 9422
5161 9421
5162 9420
5163 9419
5164 9418
5165 9417
5166 9416
5167 9585
5168 9584
5169 9583
5170 9582
5171 9581
5172 9580
5173 9579
5174 9578
5175 9577
5176 9576
5177 9575
5178 9574
5179 9573
5180 9572
5181 9571
5182 9570
5183 9569
5184 9568
5185 9567
5186 9566
5187 9565
5188 9564
5189 9563
5190 9562
5191 9561
5192 9560
5193 9559
5194 9558
5195 9557
5196 9556
5197 9681
5198 9680
5199 9679
5200 9678
5201 9677
5202 9676
5203 9675
5204 8879
5205 8878
5206 8877
5207 8876
5208 8875
5209 8874
5210 8873
5211 8872
5212 8871
5213 8870
5214 8869
5215 8868
5216 8867
5217 8866
5218 8865
5219 8864
5220 7366
5221 7365
5222 7364
5223 7363
5224 7362
5225 7361
5226 7360
5227 7359
5228 8106
5229 8105
5230 8104
5231 8103
5232 8102
5233 8101
5234 8100
5235 8099
5236 8098
5237 8097
5238 8096
5239 8095
5240 8094
5241 8093
5242 8092
5243 8091
5244 8090
5245 8089
5246 8088
5247 8087
5248 8086
5249 8085
5250 8084
5251 8083
5252 8082
5253 8081
5254 8080
5255 8079
5256 8078
5257 8077
5258 8076
5259 8075
5260 8074
5261 8073
5262 8072
5263 8071
5264 8070
5265 8069
5266 8767
5267 8766
5268 8765
5269 8764
5270 8763
5271 8762
5272 8761
5273 8760
5274 7116
5275 7115
5276 7114
5277 7113
5278 7112
5279 7111
5280 7110
5281 7109
5282 7108
5283 7107
5284 7106
5285 7105
5286 7104
5287 7103
5288 7102
5289 7101
5290 7100
5291 7099
5292 7098
5293 7097
5294 7096
5295 7095
5296 7094
5297 7093
5298 7092
5299 7091
5300 7090
5301 7089
5302 7088
5303 7087
5304 6953
5305 6952
5306 6951
5307 6950
5308 6949
5309 6948
5310 6947
5311 6946
5312 6734
5313 6733
5314 6732
5315 6731
5316 6730
5317 6729
5318 6728
5319 6727
5320 6726
5321 6725
5322 6724
5323 6723
5324 6722
5325 6721
5326 6720
5327 6719
5328 7760
5329 7759
5330 7758
5331 7757
5332 7756
5333 7755
5334 7754
5335 7753
5336 6677
5337 6676
5338 6675
5341 7723
5342 7722
5343 7721
5344 7720
5345 7719
5346 7718
5347 7717
5348 7716
5349 7715
5350 7714
5351 7713
5352 7930
5353 7929
5354 7928
5355 7927
5356 7926
5357 7925
5358 7924
5359 7923
5360 6742
5361 6741
5362 6740
5363 6739
5364 6738
5365 6737
5366 6736
5367 6735
5368 6945
5369 6944
5370 6943
5371 6942
5372 6941
5373 6940
5374 6939
5375 6938
5376 6937
5377 6936
5378 6935
5379 6934
5380 6933
5381 6932
5382 6931
5383 6930
5384 6929
5385 6928
5386 6927
5387 6926
5388 6925
5389 6924
5390 6923
5391 6922
5392 6921
5393 6920
5394 6919
5395 6918
5396 6917
5397 7124
5398 7123
5399 7122
5400 7121
5401 7120
5402 7119
5403 7118
5404 7117
5405 8759
5406 8758
5407 8757
5408 8756
5409 8755
5410 8754
5411 8753
5412 8752
5413 8751
5414 8750
5415 8749
5416 8748
5417 8747
5418 8746
5419 8745
5420 8146
5421 8145
5422 8144
5423 8143
5424 8142
5425 8141
5426 8140
5427 8139
5428 7326
5429 7325
5430 7324
5431 7323
5432 7322
5433 7321
5434 7320
5435 7319
5436 7318
5437 7317
5438 7316
5439 7315
5440 7314
5441 7313
5442 7312
5443 7311
5444 7310
5445 7309
5446 7308
5447 7307
5448 7306
5449 7305
5450 7304
5451 7303
5452 7302
5453 7301
5454 7300
5455 7299
5456 7298
5457 7297
5458 9821
5459 9820
5460 9819
5461 9818
5462 9817
5463 9816
5464 9815
5465 9814
5466 8887
5467 8886
5468 8885
5469 8884
5470 8883
5471 8882
5472 8881
5473 8880
5474 9674
5475 9673
5476 9672
5477 9671
5478 9670
5479 9669
5480 9668
5481 9667
5482 9666
5483 9665
5484 9664
5485 9663
5486 9662
5487 9661
5488 9660
5489 9659
5490 9658
5491 9657
5492 9656
5493 9655
5494 9654
5495 9653
5496 9652
5497 9651
5498 9650
5499 9649
5500 9648
5501 9647
5502 9646
5503 9645
5504 9593
5505 9592
5506 9591
5507 9590
5508 9589
5509 9588
5510 9587
5511 9586
5512 9415
5513 9414
5514 9413
5515 9412
5516 9411
5517 9410
5518 9409
5519 9408
5520 9407
5521 9406
5522 9405
5523 9404
5524 9403
5525 9402
5526 9401
5527 9324
5528 9323
5529 9322
5530 9321
5531 9320
5532 9319
5533 9318
5534 9317
5535 9316
5536 9315
5537 9314
5538 9313
5539 9312
5540 9311
5541 9310
5542 9309
5543 9308
5544 9307
5545 9306
5546 9305
5547 9304
5548 9303
5549 9302
5550 9301
5551 9300
5552 9299
5553 9298
5554 9297
5555 9296
5556 9295
5557 9294
5558 9293
5559 9292
5560 9291
5561 9290
5562 9289
5563 9288
5564 11122
5565 11121
5566 11120
5567 11119
5568 11118
5569 11117
5570 11116
5571 11115
5572 10078
5573 10077
5574 10076
5575 10075
5576 10074
5577 10073
5578 10072
5579 10071
5580 10805
5581 10804
5582 10803
5583 10802
5584 10801
5585 10800
5586 10799
5587 10798
5588 10797
5589 10796
5590 10795
5591 10794
5592 10793
5593 10792
5594 10791
5595 10790
5596 10638
5597 10637
5598 10636
5599 10635
5600 10634
5601 10633
5602 10632
5603 10631
5604 10630
5605 10629
5606 10628
5607 10627
5608 10626
5609 10625
5610 10850
5611 10849
5612 10848
5613 10847
5614 10846
5615 10845
5616 10844
5617 10843
5618 11431
5619 11430
5620 11429
5621 11428
5622 11427
5623 11426
5624 11425
5625 11424
5626 11423
5627 11422
5628 11421
5629 11420
5630 11419
5631 11418
5632 11417
5633 11680
5634 11679
5635 11678
5636 11677
5637 11676
5638 11675
5639 11674
5640 11673
5641 11672
5642 11671
5643 11670
5644 11669
5645 11668
5646 11667
5647 11666
5648 11934
5649 11933
5650 11932
5651 11931
5652 11930
5653 11929
5654 11928
5655 11646
5656 11645
5657 11644
5658 11643
5659 11642
5660 11641
5661 11640
5662 11639
5663 11638
5664 11637
5665 11636
5666 11635
5667 11634
5668 11633
5669 11632
5670 12869
5671 12868
5672 12867
5673 12866
5674 12865
5675 12864
5676 12863
5677 12862
5678 11559
5679 11558
5680 11557
5681 11556
5682 11555
5683 11554
5684 11553
5685 11552
5686 12626
5687 12625
5688 12624
5689 12623
5690 12622
5691 12621
5692 12620
5693 12619
5694 12618
5695 12617
5696 12616
5697 12615
5698 12614
5699 12613
5700 12983
5701 12982
5702 12981
5703 12980
5704 12979
5705 12978
5706 12977
5707 12976
5708 13267
5709 13266
5710 13265
5711 13264
5712 13263
5713 13262
5714 13261
5715 13260
5716 13049
5717 13048
5718 13047
5719 13046
5720 13045
5721 13044
5722 13043
5723 13042
5724 12308
5725 12307
5726 12306
5727 12305
5728 12304
5729 12303
5730 12302
5731 12301
5732 12300
5733 12299
5734 12298
5735 12297
5736 12296
5737 12295
5738 12294
5739 12262
5740 12261
5741 12260
5742 12259
5743 12258
5744 12257
5745 12256
5746 12255
5747 12254
5748 12253
5749 12252
5752 12273
5753 12272
5754 12271
5755 12270
5756 12269
5757 12268
5758 12267
5759 12266
5760 12265
5761 12264
5762 12263
5763 12293
5764 12292
5765 12291
5766 12290
5767 12289
5768 12288
5769 12287
5770 12286
5771 12398
5772 12397
5773 12396
5774 12395
5775 12394
5776 12393
5777 12392
5778 12391
5779 13283
5780 13282
5781 13281
5782 13280
5783 13279
5784 13278
5785 13277
5786 13276
5787 13275
5788 13274
5789 13273
5790 13272
5791 13271
5792 13270
5793 13269
5794 13268
5795 12975
5796 12974
5797 12973
5798 12972
5799 12971
5800 12970
5801 12969
5802 12968
5803 12967
5804 12966
5805 12965
5806 12964
5807 12963
5808 12962
5809 12961
5810 12960
5811 12959
5812 12958
5813 12957
5814 12956
5815 12955
5816 12885
5817 12884
5818 12883
5819 12882
5820 12881
5821 12880
5822 12879
5823 12878
5824 12877
5825 12876
5826 12875
5827 12874
5828 12873
5829 12872
5830 12871
5831 12870
5832 11631
5833 11630
5834 11629
5835 11628
5836 11627
5837 11626
5838 11625
5839 11624
5840 11320
5841 11319
5842 11318
5843 11317
5844 11316
5845 11315
5846 11314
5847 11313
5848 11746
5849 11745
5850 11744
5851 11743
5852 11742
5853 11741
5854 11740
5855 11695
5856 11694
5857 11693
5858 11692
5859 11691
5860 11690
5861 11689
5862 11688
5863 11687
5864 11686
5865 11685
5866 11684
5867 11683
5868 11682
5869 11681
5870 11416
5871 11415
5872 11414
5873 11413
5874 11412
5875 11411
5876 11410
5877 11409
5878 11791
5879 11790
5880 11789
5881 11788
5882 11787
5883 11786
5884 11785
5885 11784
5886 11244
5887 11243
5888 11242
5889 11241
5890 11240
5891 11239
5892 11238
5893 11237
5894 11236
5895 11235
5896 11234
5897 11233
5898 11232
5899 11231
5900 11230
5901 11229
5902 11228
5903 11227
5904 11226
5905 11225
5906 11224
5907 11223
5908 11222
5909 11221
5910 11220
5911 11219
5912 11218
5913 11217
5914 11216
5915 11215
5916 11214
5917 11213
5918 11212
5919 11211
5920 11210
5921 11209
5922 11208
5923 11138
5924 11137
5925 11136
5926 11135
5927 11134
5928 11133
5929 11132
5930 11131
5931 11130
5932 11129
5933 11128
5934 11127
5935 11126
5936 11125
5937 11124
5938 11123
5939 9287
5940 9286
5941 9285
5942 9284
5943 9283
5944 9282
5945 9281
5946 9280
5947 9262
5948 9261
5949 9260
5950 9259
5951 9258
5952 9257
5953 9256
5954 9255
5955 9254
5956 9253
5957 9252
5958 9251
5959 9250
5960 9341
5961 9340
5962 9339
5963 9338
5964 9337
5965 9336
5966 9335
5967 9334
5968 9333
5969 9332
5970 9331
5971 9330
5972 9329
5973 9328
5974 9327
5975 9326
5976 9325
5977 9400
5978 9399
5979 9398
5980 9397
5981 9396
5982 9395
5983 9394
5984 9393
5985 10174
5986 10173
5987 10172
5988 10171
5989 10170
5990 10169
5991 10168
5992 10167
5993 9887
5994 9886
5995 9885
5996 9884
5997 9883
5998 9882
5999 9881
6000 9880
6001 9879
6002 9878
6003 9877
6004 9876
6005 9875
6006 9874
6007 9873
6008 9872
6009 9871
6010 9870
6011 9869
6012 9868
6013 9635
6014 9634
6015 9633
6016 9632
6017 9631
6018 9630
6019 9629
6020 9628
6021 9627
6022 9626
6023 8265
6024 8264
6025 8263
6026 8262
6027 8261
6028 8260
6029 8259
6030 9837
6031 9836
6032 9835
6033 9834
6034 9833
6035 9832
6036 9831
6037 9830
6038 9829
6039 9828
6040 9827
6041 9826
6042 9825
6043 9824
6044 9823
6045 9822
6046 7296
6047 7295
6048 7294
6049 7293
6050 7292
6051 7291
6052 7290
6053 7289
6054 8673
6055 8672
6056 8671
6057 8670
6058 8669
6059 8668
6060 8667
6061 8666
6062 8665
6063 8664
6064 8663
6065 8165
6066 8164
6067 8163
6068 8162
6069 8161
6070 8160
6071 8159
6072 8158
6073 8157
6074 8156
6075 8155
6076 8154
6077 8153
6078 8152
6079 8151
6080 8150
6081 8149
6082 8148
6083 8147
6084 8744
6085 8743
6086 8742
6087 8741
6088 8740
6089 8739
6090 8738
6091 8737
6092 8736
6093 8735
6094 8734
6095 8733
6096 8732
6097 8731
6098 8730
6099 8729
6100 7997
6101 7996
6102 7995
6103 7994
6104 7993
6105 7992
6106 7991
6107 7990
6108 7989
6109 7988
6110 7987
6111 7986
6112 7985
6113 7984
6114 7983
6115 7982
6116 7981
6117 7980
6118 7168
6119 7167
6120 7166
6121 7165
6122 7164
6123 7163
6124 7162
6125 7161
6126 7160
6127 7159
6128 7158
6129 7157
6130 6885
6131 6884
6132 6883
6133 6882
6134 6881
6135 6880
6136 6879
6137 6878
6138 7946
6139 7945
6140 7944
6141 7943
6142 7942
6143 7941
6144 7940
6145 7939
6146 7938
6147 7937
6148 7936
6149 7935
6150 7934
6151 7933
6152 7932
6153 7931
6154 7712
6155 7711
6156 7710
6157 7709
6158 7708
6159 7707
6160 7706
6161 7705
6162 6798
6163 6797
6164 6796
6165 6795
6166 6794
6167 6793
6168 6792
6169 6791
6170 6790
6171 6789
6172 6788
6173 6787
6176 7675
6177 7674
6178 7673
6179 7672
6180 7671
6181 7670
6182 7669
6183 7668
6184 7667
6185 7666
6186 7665
6187 7664
6188 7663
6189 7662
6190 7661
6191 7660
6192 7659
6193 7658
6194 7657
6195 7656
6196 7655
6197 7654
6198 7653
6199 7652
6200 7651
6201 7650
6202 7649
6203 7648
6204 7954
6205 7953
6206 7952
6207 7951
6208 7950
6209 7949
6210 7948
6211 7947
6212 6877
6213 6876
6214 6875
6215 6874
6216 6873
6217 6872
6218 6871
6219 6870
6220 6869
6221 6868
6222 6867
6223 6866
6224 6865
6225 6864
6226 6863
6227 6862
6228 6861
6229 6860
6230 6859
6231 7236
6232 7235
6233 7234
6234 7233
6235 7232
6236 7231
6237 7230
6238 7229
6239 7228
6240 7227
6241 8005
6242 8004
6243 8003
6244 8002
6245 8001
6246 8000
6247 7999
6248 7998
6249 8728
6250 8727
6251 8726
6252 8725
6253 8724
6254 8723
6255 8722
6256 8721
6257 8720
6258 8719
6259 8718
6260 8717
6261 8716
6262 8715
6263 8714
6264 8713
6265 8712
6266 8711
6267 8710
6268 8709
6269 8708
6270 8707
6271 8706
6272 8602
6273 8601
6274 8600
6275 8599
6276 8598
6277 8597
6278 8596
6279 8595
6280 8594
6281 8593
6282 8592
6283 8591
6284 8590
6285 8589
6286 8588
6287 8587
6288 8586
6289 8585
6290 8584
6291 8583
6292 8582
6293 8581
6294 8580
6295 8579
6296 8578
6297 8577
6298 8576
6299 8575
6300 8574
6301 8573
6302 8572
6303 8571
6304 8570
6305 8569
6306 8568
6307 8567
6308 8566
6309 8565
6310 9845
6311 9844
6312 9843
6313 9842
6314 9841
6315 9840
6316 9839
6317 9838
6318 8258
6319 8257
6320 8256
6321 8255
6322 8254
6323 8253
6324 8252
6325 8251
6326 8250
6327 8249
6328 8248
6329 8247
6330 8246
6331 8245
6332 8244
6333 8243
6334 8242
6335 8241
6336 9032
6337 9031
6338 9030
6339 9029
6340 9028
6341 9027
6342 9026
6343 9025
6344 9024
6345 9023
6346 9022
6347 9021
6348 9895
6349 9894
6350 9893
6351 9892
6352 9891
6353 9890
6354 9889
6355 9888
6356 10166
6357 10165
6358 10164
6359 10163
6360 10162
6361 10161
6362 10160
6363 10159
6364 10158
6365 10157
6366 10156
6367 10155
6368 10154
6369 10153
6370 10152
6371 10151
6372 10150
6373 10149
6374 10148
6375 10147
6376 10146
6377 10145
6378 10144
6379 10143
6380 10142
6381 10141
6382 10140
6383 10139
6384 10138
6385 10137
6386 10136
6387 10135
6388 10512
6389 10511
6390 10510
6391 10509
6392 10508
6393 10507
6394 10506
6395 10505
6396 10504
6397 10503
6398 10502
6399 10501
6400 10500
6401 10499
6402 10498
6403 10497
6404 10496
6405 10495
6406 10494
6407 10493
6408 10492
6409 10491
6410 10490
6411 10489
6412 10488
6413 10487
6414 10486
6415 10485
6416 11146
6417 11145
6418 11144
6419 11143
6420 11142
6421 11141
6422 11140
6423 11139
6424 11207
6425 11206
6426 11205
6427 11204
6428 11203
6429 11202
6430 11201
6431 11200
6432 11199
6433 11198
6434 11197
6435 11196
6436 11195
6437 11194
6438 11193
6439 11192
6440 11191
6441 11190
6442 11189
6443 11188
6444 11187
6445 11186
6446 11185
6447 11184
6448 11183
6449 11182
6450 11181
6451 11180
6452 11179
6453 11178
6454 11252
6455 11251
6456 11250
6457 11249
6458 11248
6459 11247
6460 11246
6461 11245
6462 11783
6463 11782
6464 11781
6465 11780
6466 11779
6467 11778
6468 11777
6469 11776
6470 11775
6471 11774
6472 11773
6473 11772
6474 11771
6475 11770
6476 11769
6477 11768
6478 11767
6479 11766
6480 11765
6481 11764
6482 11763
6483 11762
6484 11761
6485 11760
6486 11759
6487 11758
6488 11757
6489 11756
6490 11755
6491 11754
6492 11753
6493 11752
6494 11751
6495 11750
6496 11749
6497 11748
6498 11747
6499 12213
6500 12212
6501 12211
6502 12210
6503 12209
6504 12208
6505 12207
6506 12206
6507 12205
6508 12204
6509 12203
6510 12202
6511 12201
6512 12200
6513 12199
6514 12198
6515 12197
6516 12196
6517 12195
6518 12194
6519 12193
6520 12192
6521 12191
6522 12893
6523 12892
6524 12891
6525 12890
6526 12889
6527 12888
6528 12887
6529 12886
6530 12954
6531 12953
6532 12952
6533 12951
6534 12950
6535 12949
6536 12948
6537 12947
6538 12946
6539 12945
6540 12944
6541 12943
6542 12942
6543 12941
6544 12940
6545 12939
6546 12938
6547 12937
6548 12936
6549 12935
6550 12934
6551 12933
6552 12932
6553 12931
6554 12930
6555 12929
6556 12928
6557 12927
6558 12926
6559 12925
6560 13291
6561 13290
6562 13289
6563 13288
6564 13287
6565 13286
6566 13285
6567 13284
6568 12390
6569 12389
6570 12388
6571 12387
6572 12386
6573 12385
6574 12384
6575 12383
6576 12382
6577 12381
6578 12380
6579 12379
6580 12378
6581 12377
6582 12376
6583 12375
6584 12374
6585 12373
6586 12372
6587 12371
6588 12370
6589 12369
6590 12368
6591 12367
6592 12366
6593 12365
6596 13162
6597 13161
6598 13160
6599 13159
6600 13158
6601 13157
6602 13156
6603 13155
6604 13154
6605 13153
6606 13152
6607 13151
6608 13150
6609 13149
6610 13148
6611 13147
6612 13146
6613 13145
6614 13144
6615 13143
6616 13142
6617 13307
6618 13306
6619 13305
6620 13304
6621 13303
6622 13302
6623 13301
6624 13300
6625 13299
6626 13298
6627 13297
6628 13296
6629 13295
6630 13294
6631 13293
6632 13292
6633 12924
6634 12923
6635 12922
6636 12921
6637 12920
6638 12919
6639 12918
6640 12917
6641 12916
6642 12915
6643 12914
6644 12913
6645 12912
330 6782
958 7624
959 6807
1323 13105
3385 12364
3703 6687
3704 6654
5340 7723
