1 9196
2 9195
3 9194
4 9193
5 9192
6 9191
7 9190
8 9189
9 9426
10 9425
11 9424
12 9423
13 9422
14 9421
15 9420
16 9419
17 7283
18 7282
19 7281
20 7280
21 7279
22 7278
23 7277
24 7276
25 9463
26 9462
27 9461
28 9460
29 9459
30 9458
31 9457
32 9456
33 7231
34 7230
35 7229
36 7228
37 7227
38 7226
39 7225
40 7224
41 9611
42 9610
43 9609
44 9608
45 9607
46 9606
47 9605
48 9604
49 7474
50 7473
51 7472
52 7471
53 7470
54 7469
55 7468
56 7467
57 9839
58 9838
59 9837
60 9836
61 9835
62 9834
63 9833
64 7423
65 7422
66 7421
67 7420
68 7419
69 7418
70 7417
71 7416
72 9984
73 9983
74 9982
75 9981
76 9980
77 9979
78 9978
79 9977
80 7661
81 7660
82 7659
83 7658
84 7657
85 7656
86 7655
87 7654
88 10219
89 10218
90 10217
91 10216
92 10215
93 10214
94 10213
95 10212
96 7609
97 7608
98 7607
99 7606
100 7605
101 7604
102 7603
103 7602
104 10367
105 10366
106 10365
107 10364
108 10363
109 10362
110 10361
111 10360
112 7852
113 7851
114 7850
115 7849
116 7848
117 7847
118 7846
119 7845
120 10595
121 10594
122 10593
123 10592
124 10591
125 10590
126 10589
127 7801
128 7800
129 7799
130 7798
131 7797
132 7796
133 7795
134 7794
135 10740
136 10739
137 10738
138 10737
139 10736
140 10735
141 10734
142 10733
143 8039
144 8038
145 8037
146 8036
147 8035
148 8034
149 8033
150 8032
151 10975
152 10974
153 10973
154 10972
155 10971
156 10970
157 10969
158 10968
159 7987
160 7986
161 7985
162 7984
163 7983
164 7982
165 7981
166 7980
167 11123
168 11122
169 11121
170 11120
171 11119
172 11118
173 11117
174 11116
175 8230
176 8229
177 8228
178 8227
179 8226
180 8225
181 8224
182 8223
183 11351
184 11350
185 11349
186 11348
187 11347
188 11346
189 11345
190 8179
191 8178
192 8177
193 8176
194 8175
195 8174
196 8173
197 8172
198 11496
199 11495
200 11494
201 11493
202 11492
203 11491
204 11490
205 11489
206 8417
207 8416
208 8415
209 8414
210 8413
211 8412
212 8411
213 8410
214 11731
215 11730
216 11729
217 11728
218 11727
219 11726
220 11725
221 11724
222 8365
223 8364
224 8363
225 8362
226 8361
227 8360
228 8359
229 8358
230 11879
231 11878
232 11877
233 11876
234 11875
235 11874
236 11873
237 11872
238 8608
239 8607
240 8606
241 8605
242 8604
243 8603
244 8602
245 8601
246 12107
247 12106
248 12105
249 12104
250 12103
251 12102
252 12101
253 8557
254 8556
255 8555
256 8554
257 8553
258 8552
259 8551
260 8550
261 12252
262 12251
263 12250
264 12249
265 12248
266 12247
267 12246
268 12245
269 8795
270 8794
271 8793
272 8792
273 8791
274 8790
275 8789
276 8788
277 12487
278 12486
279 12485
280 12484
281 12483
282 12482
283 12481
284 12480
285 8743
286 8742
287 8741
288 8740
289 8739
290 8738
291 8737
292 8736
293 12635
294 12634
295 12633
296 12632
297 12631
298 12630
299 12629
300 12628
301 8986
302 8985
303 8984
304 8983
305 8982
306 8981
307 8980
308 8979
309 12863
310 12862
311 12861
312 12860
313 12859
314 12858
315 12857
316 8935
317 8934
318 8933
319 8932
320 8931
321 8930
322 8929
323 8928
324 13008
325 13007
326 13006
327 13005
328 13004
329 13003
330 13002
331 13001
332 6713
333 6712
334 6711
335 6710
336 6709
337 6708
338 6707
339 6706
340 6991
341 6990
342 6989
343 6988
344 6987
345 6986
346 6985
347 6984
348 6661
349 6660
350 6659
351 6658
352 6657
353 6656
354 6655
355 6654
356 6897
357 6896
358 6895
359 6894
360 6893
361 6892
362 6891
363 6890
364 6889
365 6888
368 6626
369 6625
370 6624
371 6623
372 6622
373 6621
374 6620
375 6619
376 6618
377 6617
378 6854
379 6853
380 6852
381 6851
382 6850
383 6849
384 6848
385 6847
386 13050
387 13049
388 13048
389 13047
390 13046
391 13045
392 13044
393 13043
394 6721
395 6720
396 6719
397 6718
398 6717
399 6716
400 6715
401 6714
402 13000
403 12999
404 12998
405 12997
406 12996
407 12995
408 12994
409 12993
410 13154
411 13153
412 13152
413 13151
414 13150
415 13149
416 13148
417 13147
418 12676
419 12675
420 12674
421 12673
422 12672
423 12671
424 12670
425 8994
426 8993
427 8992
428 8991
429 8990
430 8989
431 8988
432 8987
433 12627
434 12626
435 12625
436 12624
437 12623
438 12622
439 12621
440 12620
441 12777
442 12776
443 12775
444 12774
445 12773
446 12772
447 12771
448 12770
449 12294
450 12293
451 12292
452 12291
453 12290
454 12289
455 12288
456 12287
457 8803
458 8802
459 8801
460 8800
461 8799
462 8798
463 8797
464 8796
465 12244
466 12243
467 12242
468 12241
469 12240
470 12239
471 12238
472 12237
473 12398
474 12397
475 12396
476 12395
477 12394
478 12393
479 12392
480 12391
481 11920
482 11919
483 11918
484 11917
485 11916
486 11915
487 11914
488 8616
489 8615
490 8614
491 8613
492 8612
493 8611
494 8610
495 8609
496 11871
497 11870
498 11869
499 11868
500 11867
501 11866
502 11865
503 11864
504 12021
505 12020
506 12019
507 12018
508 12017
509 12016
510 12015
511 12014
512 11538
513 11537
514 11536
515 11535
516 11534
517 11533
518 11532
519 11531
520 8425
521 8424
522 8423
523 8422
524 8421
525 8420
526 8419
527 8418
528 11488
529 11487
530 11486
531 11485
532 11484
533 11483
534 11482
535 11481
536 11642
537 11641
538 11640
539 11639
540 11638
541 11637
542 11636
543 11635
544 11164
545 11163
546 11162
547 11161
548 11160
549 11159
550 11158
551 8238
552 8237
553 8236
554 8235
555 8234
556 8233
557 8232
558 8231
559 11115
560 11114
561 11113
562 11112
563 11111
564 11110
565 11109
566 11108
567 11265
568 11264
569 11263
570 11262
571 11261
572 11260
573 11259
574 11258
575 10782
576 10781
577 10780
578 10779
579 10778
580 10777
581 10776
582 10775
583 8047
584 8046
585 8045
586 8044
587 8043
588 8042
589 8041
590 8040
591 10732
592 10731
593 10730
594 10729
595 10728
596 10727
597 10726
598 10725
599 10886
600 10885
601 10884
602 10883
603 10882
604 10881
605 10880
606 10879
607 10408
608 10407
609 10406
610 10405
611 10404
612 10403
613 10402
614 7860
615 7859
616 7858
617 7857
618 7856
619 7855
620 7854
621 7853
622 10359
623 10358
624 10357
625 10356
626 10355
627 10354
628 10353
629 10352
630 10509
631 10508
632 10507
633 10506
634 10505
635 10504
636 10503
637 10502
638 10026
639 10025
640 10024
641 10023
642 10022
643 10021
644 10020
645 10019
646 7669
647 7668
648 7667
649 7666
650 7665
651 7664
652 7663
653 7662
654 9976
655 9975
656 9974
657 9973
658 9972
659 9971
660 9970
661 9969
662 10130
663 10129
664 10128
665 10127
666 10126
667 10125
668 10124
669 10123
670 9652
671 9651
672 9650
673 9649
674 9648
675 9647
676 9646
677 7482
678 7481
679 7480
680 7479
681 7478
682 7477
683 7476
684 7475
685 9603
686 9602
687 9601
688 9600
689 9599
690 9598
691 9597
692 9596
693 9753
694 9752
695 9751
696 9750
697 9749
698 9748
699 9747
700 9746
701 9279
702 9278
703 9277
704 9276
705 9275
706 9274
707 9273
708 9272
709 7291
710 7290
711 7289
712 7288
713 7287
714 7286
715 7285
716 7284
717 9418
718 9417
719 9416
720 9415
721 9414
722 9413
723 9412
724 9411
725 6927
726 6926
727 6925
728 6924
729 6923
730 6922
731 6921
732 6920
735 9177
736 9176
737 9175
738 9174
739 9173
740 9172
741 9171
742 9170
743 9169
744 9168
745 9167
746 9166
747 9165
748 9164
749 7298
750 7297
751 7296
752 7295
753 7294
754 7293
755 7292
756 9271
757 9270
758 9269
759 9268
760 9267
761 9266
762 9265
763 7408
764 7407
765 7406
766 7405
767 7404
768 7403
769 7402
770 7401
771 7400
772 7399
773 7398
774 7397
775 7396
776 7395
777 7489
778 7488
779 7487
780 7486
781 7485
782 7484
783 7483
784 9645
785 9644
786 9643
787 9642
788 9641
789 9640
790 7594
791 7593
792 7592
793 7591
794 7590
795 7589
796 7588
797 7587
798 7586
799 7585
800 7584
801 7583
802 7582
803 7581
804 7676
805 7675
806 7674
807 7673
808 7672
809 7671
810 7670
811 10018
812 10017
813 10016
814 10015
815 10014
816 10013
817 10012
818 7786
819 7785
820 7784
821 7783
822 7782
823 7781
824 7780
825 7779
826 7778
827 7777
828 7776
829 7775
830 7774
831 7773
832 7867
833 7866
834 7865
835 7864
836 7863
837 7862
838 7861
839 10401
840 10400
841 10399
842 10398
843 10397
844 10396
845 7972
846 7971
847 7970
848 7969
849 7968
850 7967
851 7966
852 7965
853 7964
854 7963
855 7962
856 7961
857 7960
858 7959
859 8054
860 8053
861 8052
862 8051
863 8050
864 8049
865 8048
866 10774
867 10773
868 10772
869 10771
870 10770
871 10769
872 10768
873 8164
874 8163
875 8162
876 8161
877 8160
878 8159
879 8158
880 8157
881 8156
882 8155
883 8154
884 8153
885 8152
886 8151
887 8245
888 8244
889 8243
890 8242
891 8241
892 8240
893 8239
894 11157
895 11156
896 11155
897 11154
898 11153
899 11152
900 8350
901 8349
902 8348
903 8347
904 8346
905 8345
906 8344
907 8343
908 8342
909 8341
910 8340
911 8339
912 8338
913 8337
914 8432
915 8431
916 8430
917 8429
918 8428
919 8427
920 8426
921 11530
922 11529
923 11528
924 11527
925 11526
926 11525
927 11524
928 8542
929 8541
930 8540
931 8539
932 8538
933 8537
934 8536
935 8535
936 8534
937 8533
938 8532
939 8531
940 8530
941 8529
942 8623
943 8622
944 8621
945 8620
946 8619
947 8618
948 8617
949 11913
950 11912
951 11911
952 11910
953 11909
954 11908
955 8728
956 8727
957 8726
958 8725
959 8724
960 8723
961 8722
962 8721
963 8720
964 8719
965 8718
966 8717
967 8716
968 8715
969 8810
970 8809
971 8808
972 8807
973 8806
974 8805
975 8804
976 12286
977 12285
978 12284
979 12283
980 12282
981 12281
982 12280
983 8920
984 8919
985 8918
986 8917
987 8916
988 8915
989 8914
990 8913
991 8912
992 8911
993 8910
994 8909
995 8908
996 8907
997 9001
998 9000
999 8999
1000 8998
1001 8997
1002 8996
1003 8995
1004 12669
1005 12668
1006 12667
1007 12666
1008 12665
1009 12664
1010 9106
1011 9105
1012 9104
1013 9103
1014 9102
1015 9101
1016 9100
1017 9099
1018 9098
1019 9097
1020 9096
1021 9095
1022 9094
1023 9093
1024 6728
1025 6727
1026 6726
1027 6725
1028 6724
1029 6723
1030 6722
1031 13042
1032 13041
1033 13040
1034 13039
1035 13038
1036 13037
1037 13036
1038 6646
1039 6645
1040 6644
1041 6643
1042 6642
1043 6641
1044 6640
1045 6639
1046 6638
1047 6637
1048 6636
1049 6635
1050 6634
1051 6633
1052 6632
1053 6631
1056 7139
1057 7138
1058 7137
1059 7136
1060 7135
1061 7134
1062 7133
1063 7132
1064 7131
1065 6838
1066 6837
1067 6836
1068 6835
1069 6834
1070 6833
1071 6832
1072 6742
1073 6741
1074 6740
1075 6739
1076 6738
1077 6737
1078 6736
1079 6735
1080 6734
1081 6733
1082 6732
1083 6731
1084 6730
1085 6729
1086 9092
1087 9091
1088 9090
1089 9089
1090 9088
1091 9087
1092 9086
1093 13138
1094 13137
1095 13136
1096 13135
1097 13134
1098 13133
1099 13132
1100 9014
1101 9013
1102 9012
1103 9011
1104 9010
1105 9009
1106 9008
1107 9007
1108 9006
1109 9005
1110 9004
1111 9003
1112 9002
1113 8906
1114 8905
1115 8904
1116 8903
1117 8902
1118 8901
1119 8900
1120 12761
1121 12760
1122 12759
1123 12758
1124 12757
1125 12756
1126 12755
1127 8824
1128 8823
1129 8822
1130 8821
1131 8820
1132 8819
1133 8818
1134 8817
1135 8816
1136 8815
1137 8814
1138 8813
1139 8812
1140 8811
1141 8714
1142 8713
1143 8712
1144 8711
1145 8710
1146 8709
1147 8708
1148 12382
1149 12381
1150 12380
1151 12379
1152 12378
1153 12377
1154 12376
1155 8636
1156 8635
1157 8634
1158 8633
1159 8632
1160 8631
1161 8630
1162 8629
1163 8628
1164 8627
1165 8626
1166 8625
1167 8624
1168 8528
1169 8527
1170 8526
1171 8525
1172 8524
1173 8523
1174 8522
1175 12005
1176 12004
1177 12003
1178 12002
1179 12001
1180 12000
1181 11999
1182 8446
1183 8445
1184 8444
1185 8443
1186 8442
1187 8441
1188 8440
1189 8439
1190 8438
1191 8437
1192 8436
1193 8435
1194 8434
1195 8433
1196 8336
1197 8335
1198 8334
1199 8333
1200 8332
1201 8331
1202 8330
1203 11626
1204 11625
1205 11624
1206 11623
1207 11622
1208 11621
1209 11620
1210 8258
1211 8257
1212 8256
1213 8255
1214 8254
1215 8253
1216 8252
1217 8251
1218 8250
1219 8249
1220 8248
1221 8247
1222 8246
1223 8150
1224 8149
1225 8148
1226 8147
1227 8146
1228 8145
1229 8144
1230 11249
1231 11248
1232 11247
1233 11246
1234 11245
1235 11244
1236 11243
1237 8068
1238 8067
1239 8066
1240 8065
1241 8064
1242 8063
1243 8062
1244 8061
1245 8060
1246 8059
1247 8058
1248 8057
1249 8056
1250 8055
1251 7958
1252 7957
1253 7956
1254 7955
1255 7954
1256 7953
1257 7952
1258 10870
1259 10869
1260 10868
1261 10867
1262 10866
1263 10865
1264 10864
1265 7880
1266 7879
1267 7878
1268 7877
1269 7876
1270 7875
1271 7874
1272 7873
1273 7872
1274 7871
1275 7870
1276 7869
1277 7868
1278 7772
1279 7771
1280 7770
1281 7769
1282 7768
1283 7767
1284 7766
1285 10493
1286 10492
1287 10491
1288 10490
1289 10489
1290 10488
1291 10487
1292 7690
1293 7689
1294 7688
1295 7687
1296 7686
1297 7685
1298 7684
1299 7683
1300 7682
1301 7681
1302 7680
1303 7679
1304 7678
1305 7677
1306 7580
1307 7579
1308 7578
1309 7577
1310 7576
1311 7575
1312 7574
1313 10114
1314 10113
1315 10112
1316 10111
1317 10110
1318 10109
1319 10108
1320 7502
1321 7501
1322 7500
1323 7499
1324 7498
1325 7497
1326 7496
1327 7495
1328 7494
1329 7493
1330 7492
1331 7491
1332 7490
1333 7394
1334 7393
1335 7392
1336 7391
1337 7390
1338 7389
1339 7388
1340 9737
1341 9736
1342 9735
1343 9734
1344 9733
1345 9732
1346 9731
1347 7312
1348 7311
1349 7310
1350 7309
1351 7308
1352 7307
1353 7306
1354 7305
1355 7304
1356 7303
1357 7302
1358 7301
1359 7300
1360 7299
1361 9163
1362 9162
1363 9161
1364 9160
1365 9159
1366 9158
1367 9157
1368 9371
1369 9370
1370 9369
1371 9368
1372 9367
1373 9366
1374 9365
1377 9379
1378 9378
1379 9377
1380 9376
1381 9375
1382 9374
1383 9373
1384 9372
1385 9156
1386 9155
1387 9154
1388 9153
1389 9152
1390 9151
1391 9150
1392 9149
1393 9507
1394 9506
1395 9505
1396 9504
1397 9503
1398 9502
1399 9501
1400 9500
1401 9287
1402 9286
1403 9285
1404 9284
1405 9283
1406 9282
1407 9281
1408 9280
1409 9745
1410 9744
1411 9743
1412 9742
1413 9741
1414 9740
1415 9739
1416 9738
1417 7387
1418 7386
1419 7385
1420 7384
1421 7383
1422 7382
1423 7381
1424 7380
1425 9881
1426 9880
1427 9879
1428 9878
1429 9877
1430 9876
1431 9875
1432 9874
1433 9659
1434 9658
1435 9657
1436 9656
1437 9655
1438 9654
1439 9653
1440 10122
1441 10121
1442 10120
1443 10119
1444 10118
1445 10117
1446 10116
1447 10115
1448 7573
1449 7572
1450 7571
1451 7570
1452 7569
1453 7568
1454 7567
1455 7566
1456 10263
1457 10262
1458 10261
1459 10260
1460 10259
1461 10258
1462 10257
1463 10256
1464 10034
1465 10033
1466 10032
1467 10031
1468 10030
1469 10029
1470 10028
1471 10027
1472 10501
1473 10500
1474 10499
1475 10498
1476 10497
1477 10496
1478 10495
1479 10494
1480 7765
1481 7764
1482 7763
1483 7762
1484 7761
1485 7760
1486 7759
1487 7758
1488 10637
1489 10636
1490 10635
1491 10634
1492 10633
1493 10632
1494 10631
1495 10630
1496 10415
1497 10414
1498 10413
1499 10412
1500 10411
1501 10410
1502 10409
1503 10878
1504 10877
1505 10876
1506 10875
1507 10874
1508 10873
1509 10872
1510 10871
1511 7951
1512 7950
1513 7949
1514 7948
1515 7947
1516 7946
1517 7945
1518 7944
1519 11019
1520 11018
1521 11017
1522 11016
1523 11015
1524 11014
1525 11013
1526 11012
1527 10790
1528 10789
1529 10788
1530 10787
1531 10786
1532 10785
1533 10784
1534 10783
1535 11257
1536 11256
1537 11255
1538 11254
1539 11253
1540 11252
1541 11251
1542 11250
1543 8143
1544 8142
1545 8141
1546 8140
1547 8139
1548 8138
1549 8137
1550 8136
1551 11393
1552 11392
1553 11391
1554 11390
1555 11389
1556 11388
1557 11387
1558 11386
1559 11171
1560 11170
1561 11169
1562 11168
1563 11167
1564 11166
1565 11165
1566 11634
1567 11633
1568 11632
1569 11631
1570 11630
1571 11629
1572 11628
1573 11627
1574 8329
1575 8328
1576 8327
1577 8326
1578 8325
1579 8324
1580 8323
1581 8322
1582 11775
1583 11774
1584 11773
1585 11772
1586 11771
1587 11770
1588 11769
1589 11768
1590 11546
1591 11545
1592 11544
1593 11543
1594 11542
1595 11541
1596 11540
1597 11539
1598 12013
1599 12012
1600 12011
1601 12010
1602 12009
1603 12008
1604 12007
1605 12006
1606 8521
1607 8520
1608 8519
1609 8518
1610 8517
1611 8516
1612 8515
1613 8514
1614 12149
1615 12148
1616 12147
1617 12146
1618 12145
1619 12144
1620 12143
1621 12142
1622 11927
1623 11926
1624 11925
1625 11924
1626 11923
1627 11922
1628 11921
1629 12390
1630 12389
1631 12388
1632 12387
1633 12386
1634 12385
1635 12384
1636 12383
1637 8707
1638 8706
1639 8705
1640 8704
1641 8703
1642 8702
1643 8701
1644 8700
1645 12531
1646 12530
1647 12529
1648 12528
1649 12527
1650 12526
1651 12525
1652 12524
1653 12302
1654 12301
1655 12300
1656 12299
1657 12298
1658 12297
1659 12296
1660 12295
1661 12769
1662 12768
1663 12767
1664 12766
1665 12765
1666 12764
1667 12763
1668 12762
1669 8899
1670 8898
1671 8897
1672 8896
1673 8895
1674 8894
1675 8893
1676 8892
1677 12905
1678 12904
1679 12903
1680 12902
1681 12901
1682 12900
1683 12899
1684 12898
1685 12683
1686 12682
1687 12681
1688 12680
1689 12679
1690 12678
1691 12677
1692 13146
1693 13145
1694 13144
1695 13143
1696 13142
1697 13141
1698 13140
1699 13139
1700 9085
1701 9084
1702 9083
1703 9082
1704 9081
1705 9080
1706 9079
1707 9078
1708 7035
1709 7034
1710 7033
1711 7032
1712 7031
1713 7030
1714 7029
1715 7028
1716 13058
1717 13057
1718 13056
1719 13055
1720 13054
1721 13053
1722 13052
1723 13051
1724 6846
1725 6845
1726 6844
1727 6843
1728 6842
1729 6841
1730 6840
1731 6839
1732 7130
1733 7129
1734 7128
1735 7127
1736 7126
1737 7125
1738 7124
1739 7123
1740 7122
1741 7121
1744 7181
1745 7180
1746 7179
1747 7178
1748 7177
1749 7176
1750 7175
1751 7174
1752 7173
1753 7172
1754 7087
1755 7086
1756 7085
1757 7084
1758 7083
1759 7082
1760 7081
1761 7080
1762 6757
1763 6756
1764 6755
1765 6754
1766 6753
1767 6752
1768 6751
1769 6750
1770 7043
1771 7042
1772 7041
1773 7040
1774 7039
1775 7038
1776 7037
1777 7036
1778 9077
1779 9076
1780 9075
1781 9074
1782 9073
1783 9072
1784 9071
1785 9070
1786 12956
1787 12955
1788 12954
1789 12953
1790 12952
1791 12951
1792 12950
1793 12949
1794 9027
1795 9026
1796 9025
1797 9024
1798 9023
1799 9022
1800 9021
1801 12913
1802 12912
1803 12911
1804 12910
1805 12909
1806 12908
1807 12907
1808 12906
1809 8891
1810 8890
1811 8889
1812 8888
1813 8887
1814 8886
1815 8885
1816 8884
1817 12583
1818 12582
1819 12581
1820 12580
1821 12579
1822 12578
1823 12577
1824 12576
1825 8839
1826 8838
1827 8837
1828 8836
1829 8835
1830 8834
1831 8833
1832 8832
1833 12539
1834 12538
1835 12537
1836 12536
1837 12535
1838 12534
1839 12533
1840 12532
1841 8699
1842 8698
1843 8697
1844 8696
1845 8695
1846 8694
1847 8693
1848 8692
1849 12200
1850 12199
1851 12198
1852 12197
1853 12196
1854 12195
1855 12194
1856 12193
1857 8649
1858 8648
1859 8647
1860 8646
1861 8645
1862 8644
1863 8643
1864 12157
1865 12156
1866 12155
1867 12154
1868 12153
1869 12152
1870 12151
1871 12150
1872 8513
1873 8512
1874 8511
1875 8510
1876 8509
1877 8508
1878 8507
1879 8506
1880 11827
1881 11826
1882 11825
1883 11824
1884 11823
1885 11822
1886 11821
1887 11820
1888 8461
1889 8460
1890 8459
1891 8458
1892 8457
1893 8456
1894 8455
1895 8454
1896 11783
1897 11782
1898 11781
1899 11780
1900 11779
1901 11778
1902 11777
1903 11776
1904 8321
1905 8320
1906 8319
1907 8318
1908 8317
1909 8316
1910 8315
1911 8314
1912 11444
1913 11443
1914 11442
1915 11441
1916 11440
1917 11439
1918 11438
1919 11437
1920 8271
1921 8270
1922 8269
1923 8268
1924 8267
1925 8266
1926 8265
1927 11401
1928 11400
1929 11399
1930 11398
1931 11397
1932 11396
1933 11395
1934 11394
1935 8135
1936 8134
1937 8133
1938 8132
1939 8131
1940 8130
1941 8129
1942 8128
1943 11071
1944 11070
1945 11069
1946 11068
1947 11067
1948 11066
1949 11065
1950 11064
1951 8083
1952 8082
1953 8081
1954 8080
1955 8079
1956 8078
1957 8077
1958 8076
1959 11027
1960 11026
1961 11025
1962 11024
1963 11023
1964 11022
1965 11021
1966 11020
1967 7943
1968 7942
1969 7941
1970 7940
1971 7939
1972 7938
1973 7937
1974 7936
1975 10688
1976 10687
1977 10686
1978 10685
1979 10684
1980 10683
1981 10682
1982 10681
1983 7893
1984 7892
1985 7891
1986 7890
1987 7889
1988 7888
1989 7887
1990 10645
1991 10644
1992 10643
1993 10642
1994 10641
1995 10640
1996 10639
1997 10638
1998 7757
1999 7756
2000 7755
2001 7754
2002 7753
2003 7752
2004 7751
2005 7750
2006 10315
2007 10314
2008 10313
2009 10312
2010 10311
2011 10310
2012 10309
2013 10308
2014 7705
2015 7704
2016 7703
2017 7702
2018 7701
2019 7700
2020 7699
2021 7698
2022 10271
2023 10270
2024 10269
2025 10268
2026 10267
2027 10266
2028 10265
2029 10264
2030 7565
2031 7564
2032 7563
2033 7562
2034 7561
2035 7560
2036 7559
2037 7558
2038 9932
2039 9931
2040 9930
2041 9929
2042 9928
2043 9927
2044 9926
2045 9925
2046 7515
2047 7514
2048 7513
2049 7512
2050 7511
2051 7510
2052 7509
2053 9889
2054 9888
2055 9887
2056 9886
2057 9885
2058 9884
2059 9883
2060 9882
2061 7379
2062 7378
2063 7377
2064 7376
2065 7375
2066 7374
2067 7373
2068 7372
2069 9559
2070 9558
2071 9557
2072 9556
2073 9555
2074 9554
2075 9553
2076 9552
2077 7327
2078 7326
2079 7325
2080 7324
2081 7323
2082 7322
2083 7321
2084 7320
2085 9515
2086 9514
2087 9513
2088 9512
2089 9511
2090 9510
2091 9509
2092 9508
2093 9148
2094 9147
2095 9146
2096 9145
2097 9144
2098 9143
2099 9142
2100 9141
2101 7160
2102 7159
2103 7158
2104 7157
2105 7156
2106 7155
2107 7154
2108 7153
2111 9360
2112 9359
2113 9358
2114 9357
2115 9356
2116 9355
2117 9354
2118 9353
2119 9352
2120 9351
2121 9350
2122 9349
2123 9348
2124 9347
2125 9522
2126 9521
2127 9520
2128 9519
2129 9518
2130 9517
2131 9516
2132 7319
2133 7318
2134 7317
2135 7316
2136 7315
2137 7314
2138 7313
2139 9730
2140 9729
2141 9728
2142 9727
2143 9726
2144 9725
2145 9724
2146 9723
2147 9722
2148 9721
2149 9720
2150 9719
2151 9718
2152 9717
2153 9896
2154 9895
2155 9894
2156 9893
2157 9892
2158 9891
2159 9890
2160 7508
2161 7507
2162 7506
2163 7505
2164 7504
2165 7503
2166 10107
2167 10106
2168 10105
2169 10104
2170 10103
2171 10102
2172 10101
2173 10100
2174 10099
2175 10098
2176 10097
2177 10096
2178 10095
2179 10094
2180 10278
2181 10277
2182 10276
2183 10275
2184 10274
2185 10273
2186 10272
2187 7697
2188 7696
2189 7695
2190 7694
2191 7693
2192 7692
2193 7691
2194 10486
2195 10485
2196 10484
2197 10483
2198 10482
2199 10481
2200 10480
2201 10479
2202 10478
2203 10477
2204 10476
2205 10475
2206 10474
2207 10473
2208 10652
2209 10651
2210 10650
2211 10649
2212 10648
2213 10647
2214 10646
2215 7886
2216 7885
2217 7884
2218 7883
2219 7882
2220 7881
2221 10863
2222 10862
2223 10861
2224 10860
2225 10859
2226 10858
2227 10857
2228 10856
2229 10855
2230 10854
2231 10853
2232 10852
2233 10851
2234 10850
2235 11034
2236 11033
2237 11032
2238 11031
2239 11030
2240 11029
2241 11028
2242 8075
2243 8074
2244 8073
2245 8072
2246 8071
2247 8070
2248 8069
2249 11242
2250 11241
2251 11240
2252 11239
2253 11238
2254 11237
2255 11236
2256 11235
2257 11234
2258 11233
2259 11232
2260 11231
2261 11230
2262 11229
2263 11408
2264 11407
2265 11406
2266 11405
2267 11404
2268 11403
2269 11402
2270 8264
2271 8263
2272 8262
2273 8261
2274 8260
2275 8259
2276 11619
2277 11618
2278 11617
2279 11616
2280 11615
2281 11614
2282 11613
2283 11612
2284 11611
2285 11610
2286 11609
2287 11608
2288 11607
2289 11606
2290 11790
2291 11789
2292 11788
2293 11787
2294 11786
2295 11785
2296 11784
2297 8453
2298 8452
2299 8451
2300 8450
2301 8449
2302 8448
2303 8447
2304 11998
2305 11997
2306 11996
2307 11995
2308 11994
2309 11993
2310 11992
2311 11991
2312 11990
2313 11989
2314 11988
2315 11987
2316 11986
2317 11985
2318 12164
2319 12163
2320 12162
2321 12161
2322 12160
2323 12159
2324 12158
2325 8642
2326 8641
2327 8640
2328 8639
2329 8638
2330 8637
2331 12375
2332 12374
2333 12373
2334 12372
2335 12371
2336 12370
2337 12369
2338 12368
2339 12367
2340 12366
2341 12365
2342 12364
2343 12363
2344 12362
2345 12546
2346 12545
2347 12544
2348 12543
2349 12542
2350 12541
2351 12540
2352 8831
2353 8830
2354 8829
2355 8828
2356 8827
2357 8826
2358 8825
2359 12754
2360 12753
2361 12752
2362 12751
2363 12750
2364 12749
2365 12748
2366 12747
2367 12746
2368 12745
2369 12744
2370 12743
2371 12742
2372 12741
2373 12920
2374 12919
2375 12918
2376 12917
2377 12916
2378 12915
2379 12914
2380 9020
2381 9019
2382 9018
2383 9017
2384 9016
2385 9015
2386 13131
2387 13130
2388 13129
2389 13128
2390 13127
2391 13126
2392 13125
2393 13124
2394 13123
2395 13122
2396 13121
2397 13120
2398 13119
2399 13118
2400 7050
2401 7049
2402 7048
2403 7047
2404 7046
2405 7045
2406 7044
2407 6749
2408 6748
2409 6747
2410 6746
2411 6745
2412 6744
2413 6743
2414 6831
2415 6830
2416 6829
2417 6828
2418 6827
2419 6826
2420 6825
2421 6824
2422 6823
2423 6822
2424 6821
2425 6820
2426 6819
2427 6818
2428 6817
2429 6816
2432 7204
2433 7203
2434 7202
2435 7201
2436 7200
2437 7199
2438 7198
2439 7197
2440 7196
2441 7071
2442 7070
2443 7069
2444 7068
2445 7067
2446 7066
2447 7065
2448 7064
2449 7063
2450 7062
2451 7061
2452 7060
2453 7059
2454 7058
2455 7057
2456 7056
2457 7055
2458 7054
2459 7053
2460 7052
2461 7051
2462 13117
2463 13116
2464 13115
2465 13114
2466 13113
2467 13112
2468 13111
2469 12940
2470 12939
2471 12938
2472 12937
2473 12936
2474 12935
2475 12934
2476 12933
2477 12932
2478 12931
2479 12930
2480 12929
2481 12928
2482 12927
2483 12926
2484 12925
2485 12924
2486 12923
2487 12922
2488 12921
2489 12740
2490 12739
2491 12738
2492 12737
2493 12736
2494 12735
2495 12734
2496 12567
2497 12566
2498 12565
2499 12564
2500 12563
2501 12562
2502 12561
2503 12560
2504 12559
2505 12558
2506 12557
2507 12556
2508 12555
2509 12554
2510 12553
2511 12552
2512 12551
2513 12550
2514 12549
2515 12548
2516 12547
2517 12361
2518 12360
2519 12359
2520 12358
2521 12357
2522 12356
2523 12355
2524 12184
2525 12183
2526 12182
2527 12181
2528 12180
2529 12179
2530 12178
2531 12177
2532 12176
2533 12175
2534 12174
2535 12173
2536 12172
2537 12171
2538 12170
2539 12169
2540 12168
2541 12167
2542 12166
2543 12165
2544 11984
2545 11983
2546 11982
2547 11981
2548 11980
2549 11979
2550 11978
2551 11811
2552 11810
2553 11809
2554 11808
2555 11807
2556 11806
2557 11805
2558 11804
2559 11803
2560 11802
2561 11801
2562 11800
2563 11799
2564 11798
2565 11797
2566 11796
2567 11795
2568 11794
2569 11793
2570 11792
2571 11791
2572 11605
2573 11604
2574 11603
2575 11602
2576 11601
2577 11600
2578 11599
2579 11428
2580 11427
2581 11426
2582 11425
2583 11424
2584 11423
2585 11422
2586 11421
2587 11420
2588 11419
2589 11418
2590 11417
2591 11416
2592 11415
2593 11414
2594 11413
2595 11412
2596 11411
2597 11410
2598 11409
2599 11228
2600 11227
2601 11226
2602 11225
2603 11224
2604 11223
2605 11222
2606 11055
2607 11054
2608 11053
2609 11052
2610 11051
2611 11050
2612 11049
2613 11048
2614 11047
2615 11046
2616 11045
2617 11044
2618 11043
2619 11042
2620 11041
2621 11040
2622 11039
2623 11038
2624 11037
2625 11036
2626 11035
2627 10849
2628 10848
2629 10847
2630 10846
2631 10845
2632 10844
2633 10843
2634 10672
2635 10671
2636 10670
2637 10669
2638 10668
2639 10667
2640 10666
2641 10665
2642 10664
2643 10663
2644 10662
2645 10661
2646 10660
2647 10659
2648 10658
2649 10657
2650 10656
2651 10655
2652 10654
2653 10653
2654 10472
2655 10471
2656 10470
2657 10469
2658 10468
2659 10467
2660 10466
2661 10299
2662 10298
2663 10297
2664 10296
2665 10295
2666 10294
2667 10293
2668 10292
2669 10291
2670 10290
2671 10289
2672 10288
2673 10287
2674 10286
2675 10285
2676 10284
2677 10283
2678 10282
2679 10281
2680 10280
2681 10279
2682 10093
2683 10092
2684 10091
2685 10090
2686 10089
2687 10088
2688 10087
2689 9916
2690 9915
2691 9914
2692 9913
2693 9912
2694 9911
2695 9910
2696 9909
2697 9908
2698 9907
2699 9906
2700 9905
2701 9904
2702 9903
2703 9902
2704 9901
2705 9900
2706 9899
2707 9898
2708 9897
2709 9716
2710 9715
2711 9714
2712 9713
2713 9712
2714 9711
2715 9710
2716 9543
2717 9542
2718 9541
2719 9540
2720 9539
2721 9538
2722 9537
2723 9536
2724 9535
2725 9534
2726 9533
2727 9532
2728 9531
2729 9530
2730 9529
2731 9528
2732 9527
2733 9526
2734 9525
2735 9524
2736 9523
2737 9346
2738 9345
2739 9344
2740 9343
2741 9342
2742 9341
2743 9340
2744 7223
2745 7222
2746 7221
2747 7220
2748 7219
2749 7218
2750 7217
2753 7212
2754 7211
2755 7210
2756 7209
2757 7208
2758 7207
2759 7206
2760 7205
2761 9339
2762 9338
2763 9337
2764 9336
2765 9335
2766 9334
2767 9333
2768 9332
2769 9331
2770 9330
2771 9329
2772 9328
2773 9327
2774 9326
2775 9325
2776 9324
2777 7335
2778 7334
2779 7333
2780 7332
2781 7331
2782 7330
2783 7329
2784 7328
2785 9551
2786 9550
2787 9549
2788 9548
2789 9547
2790 9546
2791 9545
2792 9544
2793 9709
2794 9708
2795 9707
2796 9706
2797 9705
2798 9704
2799 9703
2800 9702
2801 9701
2802 9700
2803 9699
2804 9698
2805 9697
2806 9696
2807 9695
2808 9694
2809 7522
2810 7521
2811 7520
2812 7519
2813 7518
2814 7517
2815 7516
2816 9924
2817 9923
2818 9922
2819 9921
2820 9920
2821 9919
2822 9918
2823 9917
2824 10086
2825 10085
2826 10084
2827 10083
2828 10082
2829 10081
2830 10080
2831 10079
2832 10078
2833 10077
2834 10076
2835 10075
2836 10074
2837 10073
2838 10072
2839 10071
2840 7713
2841 7712
2842 7711
2843 7710
2844 7709
2845 7708
2846 7707
2847 7706
2848 10307
2849 10306
2850 10305
2851 10304
2852 10303
2853 10302
2854 10301
2855 10300
2856 10465
2857 10464
2858 10463
2859 10462
2860 10461
2861 10460
2862 10459
2863 10458
2864 10457
2865 10456
2866 10455
2867 10454
2868 10453
2869 10452
2870 10451
2871 10450
2872 7900
2873 7899
2874 7898
2875 7897
2876 7896
2877 7895
2878 7894
2879 10680
2880 10679
2881 10678
2882 10677
2883 10676
2884 10675
2885 10674
2886 10673
2887 10842
2888 10841
2889 10840
2890 10839
2891 10838
2892 10837
2893 10836
2894 10835
2895 10834
2896 10833
2897 10832
2898 10831
2899 10830
2900 10829
2901 10828
2902 10827
2903 8091
2904 8090
2905 8089
2906 8088
2907 8087
2908 8086
2909 8085
2910 8084
2911 11063
2912 11062
2913 11061
2914 11060
2915 11059
2916 11058
2917 11057
2918 11056
2919 11221
2920 11220
2921 11219
2922 11218
2923 11217
2924 11216
2925 11215
2926 11214
2927 11213
2928 11212
2929 11211
2930 11210
2931 11209
2932 11208
2933 11207
2934 11206
2935 8278
2936 8277
2937 8276
2938 8275
2939 8274
2940 8273
2941 8272
2942 11436
2943 11435
2944 11434
2945 11433
2946 11432
2947 11431
2948 11430
2949 11429
2950 11598
2951 11597
2952 11596
2953 11595
2954 11594
2955 11593
2956 11592
2957 11591
2958 11590
2959 11589
2960 11588
2961 11587
2962 11586
2963 11585
2964 11584
2965 11583
2966 8469
2967 8468
2968 8467
2969 8466
2970 8465
2971 8464
2972 8463
2973 8462
2974 11819
2975 11818
2976 11817
2977 11816
2978 11815
2979 11814
2980 11813
2981 11812
2982 11977
2983 11976
2984 11975
2985 11974
2986 11973
2987 11972
2988 11971
2989 11970
2990 11969
2991 11968
2992 11967
2993 11966
2994 11965
2995 11964
2996 11963
2997 11962
2998 8656
2999 8655
3000 8654
3001 8653
3002 8652
3003 8651
3004 8650
3005 12192
3006 12191
3007 12190
3008 12189
3009 12188
3010 12187
3011 12186
3012 12185
3013 12354
3014 12353
3015 12352
3016 12351
3017 12350
3018 12349
3019 12348
3020 12347
3021 12346
3022 12345
3023 12344
3024 12343
3025 12342
3026 12341
3027 12340
3028 12339
3029 8847
3030 8846
3031 8845
3032 8844
3033 8843
3034 8842
3035 8841
3036 8840
3037 12575
3038 12574
3039 12573
3040 12572
3041 12571
3042 12570
3043 12569
3044 12568
3045 12733
3046 12732
3047 12731
3048 12730
3049 12729
3050 12728
3051 12727
3052 12726
3053 12725
3054 12724
3055 12723
3056 12722
3057 12721
3058 12720
3059 12719
3060 12718
3061 9034
3062 9033
3063 9032
3064 9031
3065 9030
3066 9029
3067 9028
3068 12948
3069 12947
3070 12946
3071 12945
3072 12944
3073 12943
3074 12942
3075 12941
3076 13110
3077 13109
3078 13108
3079 13107
3080 13106
3081 13105
3082 13104
3083 13103
3084 13102
3085 13101
3086 13100
3087 13099
3088 13098
3089 13097
3090 13096
3091 13095
3092 6765
3093 6764
3094 6763
3095 6762
3096 6761
3097 6760
3098 6759
3099 6758
3100 7079
3101 7078
3102 7077
3103 7076
3104 7075
3105 7074
3106 7073
3107 7072
3108 7195
3109 7194
3110 7193
3111 7192
3112 7191
3113 7190
3114 7189
3115 7188
3116 7187
3117 7186
3120 6794
3121 6793
3122 6792
3123 6791
3124 6790
3125 3126
3127 6787
3128 6786
3129 6785
3130 6784
3131 6783
3132 6782
3133 6781
3134 3135
3136 6778
3137 6777
3138 6776
3139 6775
3140 6774
3141 6773
3142 6772
3143 3144
3145 6769
3146 6768
3147 6767
3148 6766
3149 13094
3150 13093
3151 13092
3152 3153
3154 13089
3155 13088
3156 13087
3157 13086
3158 9060
3159 9059
3160 9058
3161 3162
3163 9055
3164 9054
3165 9053
3166 9052
3167 9051
3168 9050
3169 9049
3170 3171
3172 9046
3173 9045
3174 9044
3175 9043
3176 9042
3177 9041
3178 9040
3179 3180
3181 9037
3182 9036
3183 9035
3184 12717
3185 12716
3186 12715
3187 3188
3189 12712
3190 12711
3191 12710
3192 12709
3193 8874
3194 8873
3195 8872
3196 3197
3198 8869
3199 8868
3200 8867
3201 8866
3202 8865
3203 8864
3204 8863
3205 3206
3207 8860
3208 8859
3209 8858
3210 8857
3211 8856
3212 8855
3213 8854
3214 3215
3216 8851
3217 8850
3218 8849
3219 8848
3220 12338
3221 12337
3222 12336
3223 3224
3225 12333
3226 12332
3227 12331
3228 12330
3229 8682
3230 8681
3231 8680
3232 3233
3234 8677
3235 8676
3236 8675
3237 8674
3238 8673
3239 8672
3240 8671
3241 3242
3243 8668
3244 8667
3245 8666
3246 8665
3247 8664
3248 8663
3249 8662
3250 3251
3252 8659
3253 8658
3254 8657
3255 11961
3256 11960
3257 11959
3258 3259
3260 11956
3261 11955
3262 11954
3263 11953
3264 8496
3265 8495
3266 8494
3267 3268
3269 8491
3270 8490
3271 8489
3272 8488
3273 8487
3274 8486
3275 8485
3276 3277
3278 8482
3279 8481
3280 8480
3281 8479
3282 8478
3283 8477
3284 8476
3285 3286
3287 8473
3288 8472
3289 8471
3290 8470
3291 11582
3292 11581
3293 11580
3294 3295
3296 11577
3297 11576
3298 11575
3299 11574
3300 8304
3301 8303
3302 8302
3303 3304
3305 8299
3306 8298
3307 8297
3308 8296
3309 8295
3310 8294
3311 8293
3312 3313
3314 8290
3315 8289
3316 8288
3317 8287
3318 8286
3319 8285
3320 8284
3321 3322
3323 8281
3324 8280
3325 8279
3326 11205
3327 11204
3328 11203
3329 3330
3331 11200
3332 11199
3333 11198
3334 11197
3335 8118
3336 8117
3337 8116
3338 3339
3340 8113
3341 8112
3342 8111
3343 8110
3344 8109
3345 8108
3346 8107
3347 3348
3349 8104
3350 8103
3351 8102
3352 8101
3353 8100
3354 8099
3355 8098
3356 3357
3358 8095
3359 8094
3360 8093
3361 8092
3362 10826
3363 10825
3364 10824
3365 3366
3367 10821
3368 10820
3369 10819
3370 10818
3371 7926
3372 7925
3373 7924
3374 3375
3376 7921
3377 7920
3378 7919
3379 7918
3380 7917
3381 7916
3382 7915
3383 3384
3385 7912
3386 7911
3387 7910
3388 7909
3389 7908
3390 7907
3391 7906
3392 3393
3394 7903
3395 7902
3396 7901
3397 10449
3398 10448
3399 10447
3400 3401
3402 10444
3403 10443
3404 10442
3405 10441
3406 7740
3407 7739
3408 7738
3409 3410
3411 7735
3412 7734
3413 7733
3414 7732
3415 7731
3416 7730
3417 7729
3418 3419
3420 7726
3421 7725
3422 7724
3423 7723
3424 7722
3425 7721
3426 7720
3427 3428
3429 7717
3430 7716
3431 7715
3432 7714
3433 10070
3434 10069
3435 10068
3436 3437
3438 10065
3439 10064
3440 10063
3441 10062
3442 7548
3443 7547
3444 7546
3445 3446
3447 7543
3448 7542
3449 7541
3450 7540
3451 7539
3452 7538
3453 7537
3454 3455
3456 7534
3457 7533
3458 7532
3459 7531
3460 7530
3461 7529
3462 7528
3463 3464
3465 7525
3466 7524
3467 7523
3468 9693
3469 9692
3470 9691
3471 3472
3473 9688
3474 9687
3475 9686
3476 9685
3477 7362
3478 7361
3479 7360
3480 3481
3482 7357
3483 7356
3484 7355
3485 7354
3486 7353
3487 7352
3488 7351
3489 3490
3491 7348
3492 7347
3493 7346
3494 7345
3495 7344
3496 7343
3497 7342
3498 3499
3500 7339
3501 7338
3502 7337
3503 7336
3504 9323
3505 9322
3506 9321
3507 3508
3509 9318
3510 9317
3511 9316
3512 9315
3513 9131
3514 9130
3515 9129
3516 3517
3518 9126
3519 9125
3520 9124
3521 9123
3522 9122
3523 9121
3524 9120
3525 3526
3527 9117
3528 9116
3529 9115
3530 9114
3533 7148
3534 7147
3535 7146
3536 7145
3537 3538
3539 7142
3540 7141
3541 7140
3542 9140
3543 9139
3544 9138
3545 9137
3546 3547
3548 9134
3549 9133
3550 9132
3551 9314
3552 9313
3553 9312
3554 9311
3555 3556
3557 9308
3558 9307
3559 9306
3560 9305
3561 9304
3562 9303
3563 9302
3564 3565
3566 9299
3567 9298
3568 9297
3569 9568
3570 9567
3571 9566
3572 9565
3573 3574
3575 9562
3576 9561
3577 9560
3578 7371
3579 7370
3580 7369
3581 7368
3582 3583
3584 7365
3585 7364
3586 7363
3587 9684
3588 9683
3589 9682
3590 9681
3591 3592
3593 9678
3594 9677
3595 9676
3596 9675
3597 9674
3598 9673
3599 3600
3601 9670
3602 9669
3603 9668
3604 9941
3605 9940
3606 9939
3607 9938
3608 3609
3610 9935
3611 9934
3612 9933
3613 7557
3614 7556
3615 7555
3616 7554
3617 3618
3619 7551
3620 7550
3621 7549
3622 10061
3623 10060
3624 10059
3625 10058
3626 3627
3628 10055
3629 10054
3630 10053
3631 10052
3632 10051
3633 10050
3634 10049
3635 3636
3637 10046
3638 10045
3639 10044
3640 10324
3641 10323
3642 10322
3643 10321
3644 3645
3646 10318
3647 10317
3648 10316
3649 7749
3650 7748
3651 7747
3652 7746
3653 3654
3655 7743
3656 7742
3657 7741
3658 10440
3659 10439
3660 10438
3661 10437
3662 3663
3664 10434
3665 10433
3666 10432
3667 10431
3668 10430
3669 10429
3670 3671
3672 10426
3673 10425
3674 10424
3675 10697
3676 10696
3677 10695
3678 10694
3679 3680
3681 10691
3682 10690
3683 10689
3684 7935
3685 7934
3686 7933
3687 7932
3688 3689
3690 7929
3691 7928
3692 7927
3693 10817
3694 10816
3695 10815
3696 10814
3697 3698
3699 10811
3700 10810
3701 10809
3702 10808
3703 10807
3704 10806
3705 10805
3706 3707
3708 10802
3709 10801
3710 10800
3711 11080
3712 11079
3713 11078
3714 11077
3715 3716
3717 11074
3718 11073
3719 11072
3720 8127
3721 8126
3722 8125
3723 8124
3724 3725
3726 8121
3727 8120
3728 8119
3729 11196
3730 11195
3731 11194
3732 11193
3733 3734
3735 11190
3736 11189
3737 11188
3738 11187
3739 11186
3740 11185
3741 3742
3743 11182
3744 11181
3745 11180
3746 11453
3747 11452
3748 11451
3749 11450
3750 3751
3752 11447
3753 11446
3754 11445
3755 8313
3756 8312
3757 8311
3758 8310
3759 3760
3761 8307
3762 8306
3763 8305
3764 11573
3765 11572
3766 11571
3767 11570
3768 3769
3770 11567
3771 11566
3772 11565
3773 11564
3774 11563
3775 11562
3776 11561
3777 3778
3779 11558
3780 11557
3781 11556
3782 11836
3783 11835
3784 11834
3785 11833
3786 3787
3788 11830
3789 11829
3790 11828
3791 8505
3792 8504
3793 8503
3794 8502
3795 3796
3797 8499
3798 8498
3799 8497
3800 11952
3801 11951
3802 11950
3803 11949
3804 3805
3806 11946
3807 11945
3808 11944
3809 11943
3810 11942
3811 11941
3812 3813
3814 11938
3815 11937
3816 11936
3817 12209
3818 12208
3819 12207
3820 12206
3821 3822
3823 12203
3824 12202
3825 12201
3826 8691
3827 8690
3828 8689
3829 8688
3830 3831
3832 8685
3833 8684
3834 8683
3835 12329
3836 12328
3837 12327
3838 12326
3839 3840
3841 12323
3842 12322
3843 12321
3844 12320
3845 12319
3846 12318
3847 12317
3848 3849
3850 12314
3851 12313
3852 12312
3853 12592
3854 12591
3855 12590
3856 12589
3857 3858
3859 12586
3860 12585
3861 12584
3862 8883
3863 8882
3864 8881
3865 8880
3866 3867
3868 8877
3869 8876
3870 8875
3871 12708
3872 12707
3873 12706
3874 12705
3875 3876
3877 12702
3878 12701
3879 12700
3880 12699
3881 12698
3882 12697
3883 3884
3885 12694
3886 12693
3887 12692
3888 12965
3889 12964
3890 12963
3891 12962
3892 3893
3894 12959
3895 12958
3896 12957
3897 9069
3898 9068
3899 9067
3900 9066
3901 3902
3903 9063
3904 9062
3905 9061
3906 13085
3907 13084
3908 13083
3909 13082
3910 3911
3912 13079
3913 13078
3914 13077
3915 13076
3916 13075
3917 13074
3918 13073
3919 3920
3921 13070
3922 13069
3923 13068
3924 7096
3925 7095
3926 7094
3927 7093
3928 3929
3930 7090
3931 7089
3932 7088
3933 7171
3934 7170
3935 7169
3936 7168
3937 3938
3939 7165
3940 7164
3941 7163
3942 7162
3943 7161
3946 7116
3947 7115
3948 7114
3949 7113
3950 7112
3951 3952
3953 7109
3954 7108
3955 7107
3956 7106
3957 7105
3958 7104
3959 7103
3960 3961
3962 7100
3963 7099
3964 7098
3965 7097
3966 13067
3967 13066
3968 13065
3969 3970
3971 13062
3972 13061
3973 13060
3974 13059
3975 7027
3976 7026
3977 7025
3978 3979
3980 7022
3981 7021
3982 7020
3983 7019
3984 12983
3985 12982
3986 12981
3987 3988
3989 12978
3990 12977
3991 12976
3992 12975
3993 12974
3994 12973
3995 12972
3996 3997
3998 12969
3999 12968
4000 12967
4001 12966
4002 12691
4003 12690
4004 12689
4005 4006
4007 12686
4008 12685
4009 12684
4010 12897
4011 12896
4012 12895
4013 4014
4015 12892
4016 12891
4017 12890
4018 12889
4019 12610
4020 12609
4021 12608
4022 4023
4024 12605
4025 12604
4026 12603
4027 12602
4028 12601
4029 12600
4030 12599
4031 4032
4033 12596
4034 12595
4035 12594
4036 12593
4037 12311
4038 12310
4039 12309
4040 4041
4042 12306
4043 12305
4044 12304
4045 12303
4046 12523
4047 12522
4048 12521
4049 4050
4051 12518
4052 12517
4053 12516
4054 12515
4055 12227
4056 12226
4057 12225
4058 4059
4060 12222
4061 12221
4062 12220
4063 12219
4064 12218
4065 12217
4066 12216
4067 4068
4069 12213
4070 12212
4071 12211
4072 12210
4073 11935
4074 11934
4075 11933
4076 4077
4078 11930
4079 11929
4080 11928
4081 12141
4082 12140
4083 12139
4084 4085
4086 12136
4087 12135
4088 12134
4089 12133
4090 11854
4091 11853
4092 11852
4093 4094
4095 11849
4096 11848
4097 11847
4098 11846
4099 11845
4100 11844
4101 11843
4102 4103
4104 11840
4105 11839
4106 11838
4107 11837
4108 11555
4109 11554
4110 11553
4111 4112
4113 11550
4114 11549
4115 11548
4116 11547
4117 11767
4118 11766
4119 11765
4120 4121
4122 11762
4123 11761
4124 11760
4125 11759
4126 11471
4127 11470
4128 11469
4129 4130
4131 11466
4132 11465
4133 11464
4134 11463
4135 11462
4136 11461
4137 11460
4138 4139
4140 11457
4141 11456
4142 11455
4143 11454
4144 11179
4145 11178
4146 11177
4147 4148
4149 11174
4150 11173
4151 11172
4152 11385
4153 11384
4154 11383
4155 4156
4157 11380
4158 11379
4159 11378
4160 11377
4161 11098
4162 11097
4163 11096
4164 4165
4166 11093
4167 11092
4168 11091
4169 11090
4170 11089
4171 11088
4172 11087
4173 4174
4175 11084
4176 11083
4177 11082
4178 11081
4179 10799
4180 10798
4181 10797
4182 4183
4184 10794
4185 10793
4186 10792
4187 10791
4188 11011
4189 11010
4190 11009
4191 4192
4193 11006
4194 11005
4195 11004
4196 11003
4197 10715
4198 10714
4199 10713
4200 4201
4202 10710
4203 10709
4204 10708
4205 10707
4206 10706
4207 10705
4208 10704
4209 4210
4211 10701
4212 10700
4213 10699
4214 10698
4215 10423
4216 10422
4217 10421
4218 4219
4220 10418
4221 10417
4222 10416
4223 10629
4224 10628
4225 10627
4226 4227
4228 10624
4229 10623
4230 10622
4231 10621
4232 10342
4233 10341
4234 10340
4235 4236
4237 10337
4238 10336
4239 10335
4240 10334
4241 10333
4242 10332
4243 10331
4244 4245
4246 10328
4247 10327
4248 10326
4249 10325
4250 10043
4251 10042
4252 10041
4253 4254
4255 10038
4256 10037
4257 10036
4258 10035
4259 10255
4260 10254
4261 10253
4262 4263
4264 10250
4265 10249
4266 10248
4267 10247
4268 9959
4269 9958
4270 9957
4271 4272
4273 9954
4274 9953
4275 9952
4276 9951
4277 9950
4278 9949
4279 9948
4280 4281
4282 9945
4283 9944
4284 9943
4285 9942
4286 9667
4287 9666
4288 9665
4289 4290
4291 9662
4292 9661
4293 9660
4294 9873
4295 9872
4296 9871
4297 4298
4299 9868
4300 9867
4301 9866
4302 9865
4303 9586
4304 9585
4305 9584
4306 4307
4308 9581
4309 9580
4310 9579
4311 9578
4312 9577
4313 9576
4314 9575
4315 4316
4317 9572
4318 9571
4319 9570
4320 9569
4321 9296
4322 9295
4323 9294
4324 4325
4326 9291
4327 9290
4328 9289
4329 9288
4330 9499
4331 9498
4332 9497
4333 4334
4335 9494
4336 9493
4337 9492
4338 9491
4339 9401
4340 9400
4341 9399
4342 4343
4344 9396
4345 9395
4346 9394
4347 9393
4348 9392
4349 9391
4350 9390
4351 4352
4353 9387
4354 9386
4355 9385
4356 9384
4359 6915
4360 6914
4361 6913
4362 6912
4363 4364
4365 6909
4366 6908
4367 6907
4368 9410
4369 9409
4370 9408
4371 9407
4372 4373
4374 9404
4375 9403
4376 9402
4377 9490
4378 9489
4379 9488
4380 9487
4381 4382
4383 9484
4384 9483
4385 9482
4386 9481
4387 9480
4388 9479
4389 9478
4390 4391
4392 9475
4393 9474
4394 9473
4395 9762
4396 9761
4397 9760
4398 9759
4399 4400
4401 9756
4402 9755
4403 9754
4404 9595
4405 9594
4406 9593
4407 9592
4408 4409
4410 9589
4411 9588
4412 9587
4413 9864
4414 9863
4415 9862
4416 9861
4417 4418
4419 9858
4420 9857
4421 9856
4422 9855
4423 9854
4424 9853
4425 4426
4427 9850
4428 9849
4429 9848
4430 10139
4431 10138
4432 10137
4433 10136
4434 4435
4436 10133
4437 10132
4438 10131
4439 9968
4440 9967
4441 9966
4442 9965
4443 4444
4445 9962
4446 9961
4447 9960
4448 10246
4449 10245
4450 10244
4451 10243
4452 4453
4454 10240
4455 10239
4456 10238
4457 10237
4458 10236
4459 10235
4460 10234
4461 4462
4463 10231
4464 10230
4465 10229
4466 10518
4467 10517
4468 10516
4469 10515
4470 4471
4472 10512
4473 10511
4474 10510
4475 10351
4476 10350
4477 10349
4478 10348
4479 4480
4481 10345
4482 10344
4483 10343
4484 10620
4485 10619
4486 10618
4487 10617
4488 4489
4490 10614
4491 10613
4492 10612
4493 10611
4494 10610
4495 10609
4496 4497
4498 10606
4499 10605
4500 10604
4501 10895
4502 10894
4503 10893
4504 10892
4505 4506
4507 10889
4508 10888
4509 10887
4510 10724
4511 10723
4512 10722
4513 10721
4514 4515
4516 10718
4517 10717
4518 10716
4519 11002
4520 11001
4521 11000
4522 10999
4523 4524
4525 10996
4526 10995
4527 10994
4528 10993
4529 10992
4530 10991
4531 10990
4532 4533
4534 10987
4535 10986
4536 10985
4537 11274
4538 11273
4539 11272
4540 11271
4541 4542
4543 11268
4544 11267
4545 11266
4546 11107
4547 11106
4548 11105
4549 11104
4550 4551
4552 11101
4553 11100
4554 11099
4555 11376
4556 11375
4557 11374
4558 11373
4559 4560
4561 11370
4562 11369
4563 11368
4564 11367
4565 11366
4566 11365
4567 4568
4569 11362
4570 11361
4571 11360
4572 11651
4573 11650
4574 11649
4575 11648
4576 4577
4578 11645
4579 11644
4580 11643
4581 11480
4582 11479
4583 11478
4584 11477
4585 4586
4587 11474
4588 11473
4589 11472
4590 11758
4591 11757
4592 11756
4593 11755
4594 4595
4596 11752
4597 11751
4598 11750
4599 11749
4600 11748
4601 11747
4602 11746
4603 4604
4605 11743
4606 11742
4607 11741
4608 12030
4609 12029
4610 12028
4611 12027
4612 4613
4614 12024
4615 12023
4616 12022
4617 11863
4618 11862
4619 11861
4620 11860
4621 4622
4623 11857
4624 11856
4625 11855
4626 12132
4627 12131
4628 12130
4629 12129
4630 4631
4632 12126
4633 12125
4634 12124
4635 12123
4636 12122
4637 12121
4638 4639
4640 12118
4641 12117
4642 12116
4643 12407
4644 12406
4645 12405
4646 12404
4647 4648
4649 12401
4650 12400
4651 12399
4652 12236
4653 12235
4654 12234
4655 12233
4656 4657
4658 12230
4659 12229
4660 12228
4661 12514
4662 12513
4663 12512
4664 12511
4665 4666
4667 12508
4668 12507
4669 12506
4670 12505
4671 12504
4672 12503
4673 12502
4674 4675
4676 12499
4677 12498
4678 12497
4679 12786
4680 12785
4681 12784
4682 12783
4683 4684
4685 12780
4686 12779
4687 12778
4688 12619
4689 12618
4690 12617
4691 12616
4692 4693
4694 12613
4695 12612
4696 12611
4697 12888
4698 12887
4699 12886
4700 12885
4701 4702
4703 12882
4704 12881
4705 12880
4706 12879
4707 12878
4708 12877
4709 4710
4711 12874
4712 12873
4713 12872
4714 13163
4715 13162
4716 13161
4717 13160
4718 4719
4720 13157
4721 13156
4722 13155
4723 12992
4724 12991
4725 12990
4726 12989
4727 4728
4729 12986
4730 12985
4731 12984
4732 7018
4733 7017
4734 7016
4735 7015
4736 4737
4738 7012
4739 7011
4740 7010
4741 7009
4742 7008
4743 7007
4744 7006
4745 4746
4747 7003
4748 7002
4749 7001
4750 6863
4751 6862
4752 6861
4753 6860
4754 4755
4756 6857
4757 6856
4758 6855
4759 6616
4760 6615
4761 6614
4762 6613
4763 4764
4765 6610
4766 6609
4767 6608
4768 6607
4769 6606
4772 6883
4773 6882
4774 6881
4775 6880
4776 6879
4777 4778
4779 6876
4780 6875
4781 6874
4782 6873
4783 6872
4784 6871
4785 6870
4786 4787
4788 6867
4789 6866
4790 6865
4791 6864
4792 7000
4793 6999
4794 6998
4795 4796
4797 6995
4798 6994
4799 6993
4800 6992
4801 6705
4802 6704
4803 6703
4804 4805
4806 6700
4807 6699
4808 6698
4809 6697
4810 13181
4811 13180
4812 13179
4813 4814
4815 13176
4816 13175
4817 13174
4818 13173
4819 13172
4820 13171
4821 13170
4822 4823
4824 13167
4825 13166
4826 13165
4827 13164
4828 12871
4829 12870
4830 12869
4831 4832
4833 12866
4834 12865
4835 12864
4836 8978
4837 8977
4838 8976
4839 4840
4841 8973
4842 8972
4843 8971
4844 8970
4845 12804
4846 12803
4847 12802
4848 4849
4850 12799
4851 12798
4852 12797
4853 12796
4854 12795
4855 12794
4856 12793
4857 4858
4859 12790
4860 12789
4861 12788
4862 12787
4863 12496
4864 12495
4865 12494
4866 4867
4868 12491
4869 12490
4870 12489
4871 12488
4872 8787
4873 8786
4874 8785
4875 4876
4877 8782
4878 8781
4879 8780
4880 8779
4881 12425
4882 12424
4883 12423
4884 4885
4886 12420
4887 12419
4888 12418
4889 12417
4890 12416
4891 12415
4892 12414
4893 4894
4895 12411
4896 12410
4897 12409
4898 12408
4899 12115
4900 12114
4901 12113
4902 4903
4904 12110
4905 12109
4906 12108
4907 8600
4908 8599
4909 8598
4910 4911
4912 8595
4913 8594
4914 8593
4915 8592
4916 12048
4917 12047
4918 12046
4919 4920
4921 12043
4922 12042
4923 12041
4924 12040
4925 12039
4926 12038
4927 12037
4928 4929
4930 12034
4931 12033
4932 12032
4933 12031
4934 11740
4935 11739
4936 11738
4937 4938
4939 11735
4940 11734
4941 11733
4942 11732
4943 8409
4944 8408
4945 8407
4946 4947
4948 8404
4949 8403
4950 8402
4951 8401
4952 11669
4953 11668
4954 11667
4955 4956
4957 11664
4958 11663
4959 11662
4960 11661
4961 11660
4962 11659
4963 11658
4964 4965
4966 11655
4967 11654
4968 11653
4969 11652
4970 11359
4971 11358
4972 11357
4973 4974
4975 11354
4976 11353
4977 11352
4978 8222
4979 8221
4980 8220
4981 4982
4983 8217
4984 8216
4985 8215
4986 8214
4987 11292
4988 11291
4989 11290
4990 4991
4992 11287
4993 11286
4994 11285
4995 11284
4996 11283
4997 11282
4998 11281
4999 5000
5001 11278
5002 11277
5003 11276
5004 11275
5005 10984
5006 10983
5007 10982
5008 5009
5010 10979
5011 10978
5012 10977
5013 10976
5014 8031
5015 8030
5016 8029
5017 5018
5019 8026
5020 8025
5021 8024
5022 8023
5023 10913
5024 10912
5025 10911
5026 5027
5028 10908
5029 10907
5030 10906
5031 10905
5032 10904
5033 10903
5034 10902
5035 5036
5037 10899
5038 10898
5039 10897
5040 10896
5041 10603
5042 10602
5043 10601
5044 5045
5046 10598
5047 10597
5048 10596
5049 7844
5050 7843
5051 7842
5052 5053
5054 7839
5055 7838
5056 7837
5057 7836
5058 10536
5059 10535
5060 10534
5061 5062
5063 10531
5064 10530
5065 10529
5066 10528
5067 10527
5068 10526
5069 10525
5070 5071
5072 10522
5073 10521
5074 10520
5075 10519
5076 10228
5077 10227
5078 10226
5079 5080
5081 10223
5082 10222
5083 10221
5084 10220
5085 7653
5086 7652
5087 7651
5088 5089
5090 7648
5091 7647
5092 7646
5093 7645
5094 10157
5095 10156
5096 10155
5097 5098
5099 10152
5100 10151
5101 10150
5102 10149
5103 10148
5104 10147
5105 10146
5106 5107
5108 10143
5109 10142
5110 10141
5111 10140
5112 9847
5113 9846
5114 9845
5115 5116
5117 9842
5118 9841
5119 9840
5120 7466
5121 7465
5122 7464
5123 5124
5125 7461
5126 7460
5127 7459
5128 7458
5129 9780
5130 9779
5131 9778
5132 5133
5134 9775
5135 9774
5136 9773
5137 9772
5138 9771
5139 9770
5140 9769
5141 5142
5143 9766
5144 9765
5145 9764
5146 9763
5147 9472
5148 9471
5149 9470
5150 5151
5152 9467
5153 9466
5154 9465
5155 9464
5156 7275
5157 7274
5158 7273
5159 5160
5161 7270
5162 7269
5163 7268
5164 7267
5165 9218
5166 9217
5167 9216
5168 5169
5170 9213
5171 9212
5172 9211
5173 9210
5174 9209
5175 9208
5176 9207
5177 5178
5179 9204
5180 9203
5181 9202
5182 9201
5185 6803
5186 6802
5187 6801
5188 6800
5189 5190
5191 6797
5192 6796
5193 6795
5194 9227
5195 9226
5196 9225
5197 9224
5198 5199
5200 9221
5201 9220
5202 9219
5203 7266
5204 7265
5205 7264
5206 7263
5207 5208
5209 7260
5210 7259
5211 7258
5212 7257
5213 7256
5214 7255
5215 7254
5216 5217
5218 7251
5219 7250
5220 7249
5221 7248
5222 7247
5223 7246
5224 7245
5225 5226
5227 7242
5228 7241
5229 7240
5230 9789
5231 9788
5232 9787
5233 9786
5234 5235
5236 9783
5237 9782
5238 9781
5239 7457
5240 7456
5241 7455
5242 7454
5243 5244
5245 7451
5246 7450
5247 7449
5248 7448
5249 7447
5250 7446
5251 5252
5253 7443
5254 7442
5255 7441
5256 7440
5257 7439
5258 7438
5259 7437
5260 5261
5262 7434
5263 7433
5264 7432
5265 10166
5266 10165
5267 10164
5268 10163
5269 5270
5271 10160
5272 10159
5273 10158
5274 7644
5275 7643
5276 7642
5277 7641
5278 5279
5280 7638
5281 7637
5282 7636
5283 7635
5284 7634
5285 7633
5286 7632
5287 5288
5289 7629
5290 7628
5291 7627
5292 7626
5293 7625
5294 7624
5295 7623
5296 5297
5298 7620
5299 7619
5300 7618
5301 10545
5302 10544
5303 10543
5304 10542
5305 5306
5307 10539
5308 10538
5309 10537
5310 7835
5311 7834
5312 7833
5313 7832
5314 5315
5316 7829
5317 7828
5318 7827
5319 7826
5320 7825
5321 7824
5322 5323
5324 7821
5325 7820
5326 7819
5327 7818
5328 7817
5329 7816
5330 7815
5331 5332
5333 7812
5334 7811
5335 7810
5336 10922
5337 10921
5338 10920
5339 10919
5340 5341
5342 10916
5343 10915
5344 10914
5345 8022
5346 8021
5347 8020
5348 8019
5349 5350
5351 8016
5352 8015
5353 8014
5354 8013
5355 8012
5356 8011
5357 8010
5358 5359
5360 8007
5361 8006
5362 8005
5363 8004
5364 8003
5365 8002
5366 8001
5367 5368
5369 7998
5370 7997
5371 7996
5372 11301
5373 11300
5374 11299
5375 11298
5376 5377
5378 11295
5379 11294
5380 11293
5381 8213
5382 8212
5383 8211
5384 8210
5385 5386
5387 8207
5388 8206
5389 8205
5390 8204
5391 8203
5392 8202
5393 5394
5395 8199
5396 8198
5397 8197
5398 8196
5399 8195
5400 8194
5401 8193
5402 5403
5404 8190
5405 8189
5406 8188
5407 11678
5408 11677
5409 11676
5410 11675
5411 5412
5413 11672
5414 11671
5415 11670
5416 8400
5417 8399
5418 8398
5419 8397
5420 5421
5422 8394
5423 8393
5424 8392
5425 8391
5426 8390
5427 8389
5428 8388
5429 5430
5431 8385
5432 8384
5433 8383
5434 8382
5435 8381
5436 8380
5437 8379
5438 5439
5440 8376
5441 8375
5442 8374
5443 12057
5444 12056
5445 12055
5446 12054
5447 5448
5449 12051
5450 12050
5451 12049
5452 8591
5453 8590
5454 8589
5455 8588
5456 5457
5458 8585
5459 8584
5460 8583
5461 8582
5462 8581
5463 8580
5464 5465
5466 8577
5467 8576
5468 8575
5469 8574
5470 8573
5471 8572
5472 8571
5473 5474
5475 8568
5476 8567
5477 8566
5478 12434
5479 12433
5480 12432
5481 12431
5482 5483
5484 12428
5485 12427
5486 12426
5487 8778
5488 8777
5489 8776
5490 8775
5491 5492
5493 8772
5494 8771
5495 8770
5496 8769
5497 8768
5498 8767
5499 8766
5500 5501
5502 8763
5503 8762
5504 8761
5505 8760
5506 8759
5507 8758
5508 8757
5509 5510
5511 8754
5512 8753
5513 8752
5514 12813
5515 12812
5516 12811
5517 12810
5518 5519
5520 12807
5521 12806
5522 12805
5523 8969
5524 8968
5525 8967
5526 8966
5527 5528
5529 8963
5530 8962
5531 8961
5532 8960
5533 8959
5534 8958
5535 5536
5537 8955
5538 8954
5539 8953
5540 8952
5541 8951
5542 8950
5543 8949
5544 5545
5546 8946
5547 8945
5548 8944
5549 13190
5550 13189
5551 13188
5552 13187
5553 5554
5555 13184
5556 13183
5557 13182
5558 6696
5559 6695
5560 6694
5561 6693
5562 5563
5564 6690
5565 6689
5566 6688
5567 6687
5568 6686
5569 6685
5570 6684
5571 5572
5573 6681
5574 6680
5575 6679
5576 6678
5577 6677
5578 6676
5579 6675
5580 5581
5582 6672
5583 6671
5584 6670
5585 6938
5586 6937
5587 6936
5588 6935
5589 5590
5591 6932
5592 6931
5593 6930
5594 6929
5595 6928
5598 6948
5599 6947
5600 6946
5601 6945
5602 6944
5603 6943
5604 6942
5605 6941
5606 6940
5607 6939
5608 6669
5609 6668
5610 6667
5611 6666
5612 6665
5613 6664
5614 6663
5615 6662
5616 6983
5617 6982
5618 6981
5619 6980
5620 6979
5621 6978
5622 6977
5623 6976
5624 13206
5625 13205
5626 13204
5627 13203
5628 13202
5629 13201
5630 13200
5631 13199
5632 13198
5633 13197
5634 13196
5635 13195
5636 13194
5637 13193
5638 13192
5639 13191
5640 8943
5641 8942
5642 8941
5643 8940
5644 8939
5645 8938
5646 8937
5647 8936
5648 12856
5649 12855
5650 12854
5651 12853
5652 12852
5653 12851
5654 12850
5655 12829
5656 12828
5657 12827
5658 12826
5659 12825
5660 12824
5661 12823
5662 12822
5663 12821
5664 12820
5665 12819
5666 12818
5667 12817
5668 12816
5669 12815
5670 12814
5671 8751
5672 8750
5673 8749
5674 8748
5675 8747
5676 8746
5677 8745
5678 8744
5679 12479
5680 12478
5681 12477
5682 12476
5683 12475
5684 12474
5685 12473
5686 12472
5687 12450
5688 12449
5689 12448
5690 12447
5691 12446
5692 12445
5693 12444
5694 12443
5695 12442
5696 12441
5697 12440
5698 12439
5699 12438
5700 12437
5701 12436
5702 12435
5703 8565
5704 8564
5705 8563
5706 8562
5707 8561
5708 8560
5709 8559
5710 8558
5711 12100
5712 12099
5713 12098
5714 12097
5715 12096
5716 12095
5717 12094
5718 12073
5719 12072
5720 12071
5721 12070
5722 12069
5723 12068
5724 12067
5725 12066
5726 12065
5727 12064
5728 12063
5729 12062
5730 12061
5731 12060
5732 12059
5733 12058
5734 8373
5735 8372
5736 8371
5737 8370
5738 8369
5739 8368
5740 8367
5741 8366
5742 11723
5743 11722
5744 11721
5745 11720
5746 11719
5747 11718
5748 11717
5749 11716
5750 11694
5751 11693
5752 11692
5753 11691
5754 11690
5755 11689
5756 11688
5757 11687
5758 11686
5759 11685
5760 11684
5761 11683
5762 11682
5763 11681
5764 11680
5765 11679
5766 8187
5767 8186
5768 8185
5769 8184
5770 8183
5771 8182
5772 8181
5773 8180
5774 11344
5775 11343
5776 11342
5777 11341
5778 11340
5779 11339
5780 11338
5781 11317
5782 11316
5783 11315
5784 11314
5785 11313
5786 11312
5787 11311
5788 11310
5789 11309
5790 11308
5791 11307
5792 11306
5793 11305
5794 11304
5795 11303
5796 11302
5797 7995
5798 7994
5799 7993
5800 7992
5801 7991
5802 7990
5803 7989
5804 7988
5805 10967
5806 10966
5807 10965
5808 10964
5809 10963
5810 10962
5811 10961
5812 10960
5813 10938
5814 10937
5815 10936
5816 10935
5817 10934
5818 10933
5819 10932
5820 10931
5821 10930
5822 10929
5823 10928
5824 10927
5825 10926
5826 10925
5827 10924
5828 10923
5829 7809
5830 7808
5831 7807
5832 7806
5833 7805
5834 7804
5835 7803
5836 7802
5837 10588
5838 10587
5839 10586
5840 10585
5841 10584
5842 10583
5843 10582
5844 10561
5845 10560
5846 10559
5847 10558
5848 10557
5849 10556
5850 10555
5851 10554
5852 10553
5853 10552
5854 10551
5855 10550
5856 10549
5857 10548
5858 10547
5859 10546
5860 7617
5861 7616
5862 7615
5863 7614
5864 7613
5865 7612
5866 7611
5867 7610
5868 10211
5869 10210
5870 10209
5871 10208
5872 10207
5873 10206
5874 10205
5875 10204
5876 10182
5877 10181
5878 10180
5879 10179
5880 10178
5881 10177
5882 10176
5883 10175
5884 10174
5885 10173
5886 10172
5887 10171
5888 10170
5889 10169
5890 10168
5891 10167
5892 7431
5893 7430
5894 7429
5895 7428
5896 7427
5897 7426
5898 7425
5899 7424
5900 9832
5901 9831
5902 9830
5903 9829
5904 9828
5905 9827
5906 9826
5907 9805
5908 9804
5909 9803
5910 9802
5911 9801
5912 9800
5913 9799
5914 9798
5915 9797
5916 9796
5917 9795
5918 9794
5919 9793
5920 9792
5921 9791
5922 9790
5923 7239
5924 7238
5925 7237
5926 7236
5927 7235
5928 7234
5929 7233
5930 7232
5931 9455
5932 9454
5933 9453
5934 9452
5935 9451
5936 9450
5937 9449
5938 9448
5939 9243
5940 9242
5941 9241
5942 9240
5943 9239
5944 9238
5945 9237
5946 9236
5947 9235
5948 9234
5949 9233
5950 9232
5951 9231
5952 9230
5953 9229
5954 9228
5955 6815
5956 6814
5957 6813
5958 6812
5959 6811
5960 6810
5961 6809
5962 6808
5965 9447
5966 9446
5967 9445
5968 9444
5969 9443
5970 9442
5971 9441
5972 9440
5973 9439
5974 9438
5975 9437
5976 9436
5977 9435
5978 9434
5979 9250
5980 9249
5981 9248
5982 9247
5983 9246
5984 9245
5985 9244
5986 9639
5987 9638
5988 9637
5989 9636
5990 9635
5991 9634
5992 9633
5993 9632
5994 9631
5995 9630
5996 9629
5997 9628
5998 9627
5999 9626
6000 9625
6001 9624
6002 9623
6003 9622
6004 9621
6005 9620
6006 9619
6007 9812
6008 9811
6009 9810
6010 9809
6011 9808
6012 9807
6013 9806
6014 10011
6015 10010
6016 10009
6017 10008
6018 10007
6019 10006
6020 10005
6021 10004
6022 10003
6023 10002
6024 10001
6025 10000
6026 9999
6027 9998
6028 9997
6029 9996
6030 9995
6031 9994
6032 9993
6033 9992
6034 10189
6035 10188
6036 10187
6037 10186
6038 10185
6039 10184
6040 10183
6041 10395
6042 10394
6043 10393
6044 10392
6045 10391
6046 10390
6047 10389
6048 10388
6049 10387
6050 10386
6051 10385
6052 10384
6053 10383
6054 10382
6055 10381
6056 10380
6057 10379
6058 10378
6059 10377
6060 10376
6061 10375
6062 10568
6063 10567
6064 10566
6065 10565
6066 10564
6067 10563
6068 10562
6069 10767
6070 10766
6071 10765
6072 10764
6073 10763
6074 10762
6075 10761
6076 10760
6077 10759
6078 10758
6079 10757
6080 10756
6081 10755
6082 10754
6083 10753
6084 10752
6085 10751
6086 10750
6087 10749
6088 10748
6089 10945
6090 10944
6091 10943
6092 10942
6093 10941
6094 10940
6095 10939
6096 11151
6097 11150
6098 11149
6099 11148
6100 11147
6101 11146
6102 11145
6103 11144
6104 11143
6105 11142
6106 11141
6107 11140
6108 11139
6109 11138
6110 11137
6111 11136
6112 11135
6113 11134
6114 11133
6115 11132
6116 11131
6117 11324
6118 11323
6119 11322
6120 11321
6121 11320
6122 11319
6123 11318
6124 11523
6125 11522
6126 11521
6127 11520
6128 11519
6129 11518
6130 11517
6131 11516
6132 11515
6133 11514
6134 11513
6135 11512
6136 11511
6137 11510
6138 11509
6139 11508
6140 11507
6141 11506
6142 11505
6143 11504
6144 11701
6145 11700
6146 11699
6147 11698
6148 11697
6149 11696
6150 11695
6151 11907
6152 11906
6153 11905
6154 11904
6155 11903
6156 11902
6157 11901
6158 11900
6159 11899
6160 11898
6161 11897
6162 11896
6163 11895
6164 11894
6165 11893
6166 11892
6167 11891
6168 11890
6169 11889
6170 11888
6171 11887
6172 12080
6173 12079
6174 12078
6175 12077
6176 12076
6177 12075
6178 12074
6179 12279
6180 12278
6181 12277
6182 12276
6183 12275
6184 12274
6185 12273
6186 12272
6187 12271
6188 12270
6189 12269
6190 12268
6191 12267
6192 12266
6193 12265
6194 12264
6195 12263
6196 12262
6197 12261
6198 12260
6199 12457
6200 12456
6201 12455
6202 12454
6203 12453
6204 12452
6205 12451
6206 12663
6207 12662
6208 12661
6209 12660
6210 12659
6211 12658
6212 12657
6213 12656
6214 12655
6215 12654
6216 12653
6217 12652
6218 12651
6219 12650
6220 12649
6221 12648
6222 12647
6223 12646
6224 12645
6225 12644
6226 12643
6227 12836
6228 12835
6229 12834
6230 12833
6231 12832
6232 12831
6233 12830
6234 13035
6235 13034
6236 13033
6237 13032
6238 13031
6239 13030
6240 13029
6241 13028
6242 13027
6243 13026
6244 13025
6245 13024
6246 13023
6247 13022
6248 13021
6249 13020
6250 13019
6251 13018
6252 13017
6253 13016
6254 13213
6255 13212
6256 13211
6257 13210
6258 13209
6259 13208
6260 13207
6261 6975
6262 6974
6263 6973
6264 6972
6265 6971
6266 6970
6267 6969
6268 6968
6269 6967
6270 6966
6271 6965
6272 6964
6273 6963
6274 6962
6275 6961
6276 6960
6277 6959
6278 6958
6279 6957
6280 6956
6281 6955
6282 6954
6283 6953
6286 6906
6287 6905
6288 6904
6289 6903
6290 6902
6291 6901
6292 6900
6293 6899
6294 6898
6295 6653
6296 6652
6297 6651
6298 6650
6299 6649
6300 6648
6301 6647
6302 13227
6303 13226
6304 13225
6305 13224
6306 13223
6307 13222
6308 13221
6309 13220
6310 13219
6311 13218
6312 13217
6313 13216
6314 13215
6315 13214
6316 13015
6317 13014
6318 13013
6319 13012
6320 13011
6321 13010
6322 13009
6323 9113
6324 9112
6325 9111
6326 9110
6327 9109
6328 9108
6329 9107
6330 12849
6331 12848
6332 12847
6333 12846
6334 12845
6335 12844
6336 12843
6337 12842
6338 12841
6339 12840
6340 12839
6341 12838
6342 12837
6343 12642
6344 12641
6345 12640
6346 12639
6347 12638
6348 12637
6349 12636
6350 8927
6351 8926
6352 8925
6353 8924
6354 8923
6355 8922
6356 8921
6357 12471
6358 12470
6359 12469
6360 12468
6361 12467
6362 12466
6363 12465
6364 12464
6365 12463
6366 12462
6367 12461
6368 12460
6369 12459
6370 12458
6371 12259
6372 12258
6373 12257
6374 12256
6375 12255
6376 12254
6377 12253
6378 8735
6379 8734
6380 8733
6381 8732
6382 8731
6383 8730
6384 8729
6385 12093
6386 12092
6387 12091
6388 12090
6389 12089
6390 12088
6391 12087
6392 12086
6393 12085
6394 12084
6395 12083
6396 12082
6397 12081
6398 11886
6399 11885
6400 11884
6401 11883
6402 11882
6403 11881
6404 11880
6405 8549
6406 8548
6407 8547
6408 8546
6409 8545
6410 8544
6411 8543
6412 11715
6413 11714
6414 11713
6415 11712
6416 11711
6417 11710
6418 11709
6419 11708
6420 11707
6421 11706
6422 11705
6423 11704
6424 11703
6425 11702
6426 11503
6427 11502
6428 11501
6429 11500
6430 11499
6431 11498
6432 11497
6433 8357
6434 8356
6435 8355
6436 8354
6437 8353
6438 8352
6439 8351
6440 11337
6441 11336
6442 11335
6443 11334
6444 11333
6445 11332
6446 11331
6447 11330
6448 11329
6449 11328
6450 11327
6451 11326
6452 11325
6453 11130
6454 11129
6455 11128
6456 11127
6457 11126
6458 11125
6459 11124
6460 8171
6461 8170
6462 8169
6463 8168
6464 8167
6465 8166
6466 8165
6467 10959
6468 10958
6469 10957
6470 10956
6471 10955
6472 10954
6473 10953
6474 10952
6475 10951
6476 10950
6477 10949
6478 10948
6479 10947
6480 10946
6481 10747
6482 10746
6483 10745
6484 10744
6485 10743
6486 10742
6487 10741
6488 7979
6489 7978
6490 7977
6491 7976
6492 7975
6493 7974
6494 7973
6495 10581
6496 10580
6497 10579
6498 10578
6499 10577
6500 10576
6501 10575
6502 10574
6503 10573
6504 10572
6505 10571
6506 10570
6507 10569
6508 10374
6509 10373
6510 10372
6511 10371
6512 10370
6513 10369
6514 10368
6515 7793
6516 7792
6517 7791
6518 7790
6519 7789
6520 7788
6521 7787
6522 10203
6523 10202
6524 10201
6525 10200
6526 10199
6527 10198
6528 10197
6529 10196
6530 10195
6531 10194
6532 10193
6533 10192
6534 10191
6535 10190
6536 9991
6537 9990
6538 9989
6539 9988
6540 9987
6541 9986
6542 9985
6543 7601
6544 7600
6545 7599
6546 7598
6547 7597
6548 7596
6549 7595
6550 9825
6551 9824
6552 9823
6553 9822
6554 9821
6555 9820
6556 9819
6557 9818
6558 9817
6559 9816
6560 9815
6561 9814
6562 9813
6563 9618
6564 9617
6565 9616
6566 9615
6567 9614
6568 9613
6569 9612
6570 7415
6571 7414
6572 7413
6573 7412
6574 7411
6575 7410
6576 7409
6577 9264
6578 9263
6579 9262
6580 9261
6581 9260
6582 9259
6583 9258
6584 9257
6585 9256
6586 9255
6587 9254
6588 9253
6589 9252
6590 9251
6591 9433
6592 9432
6593 9431
6594 9430
6595 9429
6596 9428
6597 9427
6598 9188
6599 9187
6600 9186
6601 9185
6602 9184
6603 9183
6604 9182
1743 7181
3531 9114
3945 7116
5183 9201
6284 6953
6285 6906
