7680 10916
7679 10917
7678 10918
7677 10919
7676 10920
7675 10921
7674 10300
7673 10301
7672 10302
7671 10303
7670 10304
7669 10305
7668 10306
7667 10307
7666 10308
7665 15313
7664 15314
7663 15315
7662 15316
7661 15317
7660 15318
7659 15319
7658 15320
7657 15321
7656 15322
7655 15323
7654 15324
7653 15325
7652 15326
7651 15327
7650 15328
7649 15329
7648 15330
7647 15331
7646 15332
7645 15333
7644 15334
7643 15335
7642 14915
7641 14916
7640 14917
7639 14918
7638 14919
7637 14920
7636 14921
7635 14922
7634 14882
7633 14883
7632 14884
7631 14885
7630 14886
7629 14887
7628 14888
7627 14889
7626 14890
7625 14891
7624 14892
7623 14893
7622 14894
7621 14217
7620 14218
7619 14219
7618 14220
7617 14221
7616 14222
7615 14223
7614 14224
7613 14225
7612 14226
7611 14227
7610 14228
7609 14229
7608 14230
7607 14231
7606 14232
7605 14233
7604 14234
7603 14235
7602 14236
7601 14237
7600 14238
7599 14239
7598 14240
7597 14241
7596 14242
7595 14243
7594 14244
7593 14245
7592 14246
7591 10358
7590 10359
7589 10360
7588 10361
7587 10362
7586 10363
7585 10364
7584 10365
7583 10366
7582 14148
7581 14149
7580 14150
7579 14151
7578 14152
7577 14153
7576 14154
7575 14155
7574 13754
7573 13755
7572 13756
7571 13757
7570 13758
7569 13759
7568 13760
7567 13761
7566 13762
7565 13763
7564 13764
7563 13765
7562 13766
7561 13767
7560 13768
7559 13769
7558 13770
7557 13771
7556 13772
7555 13773
7554 13774
7553 13775
7552 13776
7551 13777
7550 13778
7549 13779
7548 13780
7547 13781
7546 13782
7545 13783
7544 13784
7543 13785
7542 13786
7541 13787
7540 13788
7539 13674
7538 13675
7537 13676
7536 13677
7535 13678
7534 13679
7533 13680
7532 13681
7531 13682
7530 13683
7529 13684
7528 13685
7527 13686
7526 13687
7525 13688
7524 13689
7523 13690
7522 13691
7521 13692
7520 13693
7519 13694
7518 13695
7517 13696
7516 13697
7515 13698
7514 13699
7513 13700
7512 10905
7511 10906
7510 10907
7509 10908
7508 10909
7507 10910
7506 10911
7505 10912
7504 10913
7503 10914
7502 10915
7501 10885
7500 10886
7499 10887
7498 10888
7497 10889
7496 10890
7495 10891
7494 10892
7493 10893
7492 10689
7491 10690
7490 10691
7489 10692
7488 10693
7487 10694
7486 10695
7485 10696
7484 10697
7483 10698
7482 10699
7481 10700
7480 10701
7479 10702
7478 10868
7477 10869
7476 10870
7475 10871
7474 10872
7473 10873
7472 10874
7471 10875
7470 12959
7469 12960
7468 12961
7467 12962
7466 12963
7465 12964
7464 12965
7463 12966
7462 12967
7461 12968
7460 12969
7459 12970
7458 12971
7457 12972
7456 12973
7455 12974
7454 12975
7453 12976
7452 12977
7451 12978
7450 12979
7449 12980
7448 12981
7447 12982
7446 12983
7445 12984
7444 12985
7443 12986
7442 12987
7441 12988
7440 12989
7439 12990
7438 12991
7437 12992
7435 7436
7434 12995
7433 12996
7432 12997
7431 12998
7430 12999
7429 13000
7428 13001
7426 7427
7425 13004
7424 13005
7423 13006
7422 13007
7421 13008
7419 7420
7418 13011
7417 13012
7416 13013
7415 13014
7414 13015
7412 7413
7411 13018
7410 13019
7409 13020
7408 13021
7407 13022
7405 7406
7404 13025
7403 13220
7402 13221
7401 13222
7399 7400
7398 13225
7397 13226
7396 13227
7395 13228
7393 7394
7392 13231
7391 13232
7390 13233
7389 13234
7387 7388
7386 13237
7385 10637
7384 10638
7383 10639
7381 7382
7380 10642
7379 10643
7378 10644
7376 7377
7375 10647
7374 10648
7373 10649
7372 10650
7370 7371
7369 10653
7368 10654
7367 10655
7366 10656
7364 7365
7363 10659
7362 10660
7361 10661
7360 10662
7359 10663
7358 10664
7357 10665
7356 10666
7355 12657
7353 7354
7352 12660
7351 12661
7350 12662
7349 12663
7347 7348
7346 12666
7345 12667
7344 12668
7343 12669
7341 7342
7340 12619
7339 12620
7338 12621
7337 12622
7335 7336
7334 12625
7333 10598
7332 10599
7330 7331
7329 10602
7328 10603
7327 10604
7326 10605
7324 7325
7323 10581
7322 10582
7321 10583
7320 10584
7318 7319
7317 10587
7316 10588
7315 10589
7314 10558
7313 10559
7312 10560
7311 10561
7310 10562
7309 10563
7307 7308
7306 10566
7305 10567
7304 10536
7303 10537
7301 7302
7300 10540
7299 10541
7298 10542
7297 10543
7295 7296
7294 10546
7293 11872
7292 11873
7291 11874
7289 7290
7288 11877
7287 11878
7286 11879
7284 7285
7283 11882
7282 11883
7281 11884
7280 11885
7278 7279
7277 10336
7276 10337
7275 10338
7274 10339
7272 7273
7271 10342
7270 10343
7269 10344
7268 10345
7267 10346
7265 7266
7264 12086
7263 12087
7262 12088
7261 12089
7259 7260
7258 10517
7257 10518
7256 10519
7255 10520
7253 7254
7252 10523
7251 10524
7250 10497
7249 10498
7247 7248
7246 10501
7245 10502
7244 10503
7243 10504
7241 7242
7240 10480
7239 10481
7238 10482
7237 10483
7235 7236
7234 10486
7233 10487
7232 10488
7230 7231
7229 10458
7228 10459
7227 10460
7226 10461
7224 7225
7223 10464
7222 10465
7221 10466
7220 7982
7219 7983
7218 7984
7217 7985
7215 7216
7214 7988
7213 7989
7212 7990
7210 7211
7209 7993
7208 7994
7207 7995
7205 7206
7204 7998
7203 8081
7202 8082
7201 8083
7199 7200
7198 8086
7197 8087
7196 8088
7194 7195
7193 8091
7192 8092
7191 8093
7189 7190
7188 10435
7187 10436
7186 10437
7185 10438
7183 7184
7182 10441
7181 10442
7180 10443
7179 10444
7177 7178
7176 8159
7175 8160
7174 8161
7173 8162
7172 8163
7171 8164
7170 8165
7168 7169
7167 8168
7166 8169
7165 8170
7164 8171
7163 8172
7161 7162
7160 8175
7159 8176
7158 8177
7157 10414
7156 10415
7155 10416
7153 7154
7152 10419
7151 10420
7150 10421
7149 10422
7148 10423
7147 10393
7145 7146
7144 10396
7143 10397
7142 10398
7141 10399
7140 10400
7139 10401
7138 10402
7136 7137
7135 10377
7134 10378
7133 10379
7132 10380
7131 10381
7130 10382
7127 8921
7126 8922
7125 8923
7124 8924
7123 8925
7122 8926
7121 8927
7120 8928
7119 8929
7118 8930
7117 8931
7116 8932
7115 8933
7114 8934
7113 8935
7112 8936
7111 8937
7110 8938
7109 8939
7108 8940
7107 8941
7106 8942
7105 8943
7104 8944
7103 8945
7102 8946
7101 8947
7100 8948
7099 8949
7098 7813
7097 7814
7096 7815
7095 7816
7094 7817
7093 7818
7092 7819
7091 7820
7090 7821
7089 7822
7088 7823
7087 7824
7086 7825
7085 7826
7084 7827
7083 7828
7082 7829
7081 7830
7080 7831
7079 7832
7078 7833
7077 7834
7076 8068
7075 8069
7074 8070
7073 8071
7072 8072
7071 8073
7070 8074
7069 8075
7068 8076
7067 8077
7066 8078
7065 8079
7064 8080
7063 7999
7062 8000
7061 8001
7060 8002
7059 8003
7058 8004
7057 8005
7056 8006
7055 8007
7054 8008
7053 8009
7052 8010
7051 8011
7050 8012
7049 12174
7048 12175
7047 12176
7046 12177
7045 12178
7044 12179
7043 12180
7042 12181
7041 12182
7040 12183
7039 12184
7038 12185
7037 12186
7036 12187
7035 12060
7034 12061
7033 12062
7032 12063
7031 12064
7030 12065
7029 12066
7028 12067
7027 12068
7026 12069
7025 12070
7024 12071
7023 12072
7022 12073
7021 12074
7020 12075
7019 12076
7018 12077
7017 12078
7016 12079
7015 12080
7014 12081
7013 12082
7012 12083
7011 10326
7010 10327
7009 10328
7008 10329
7007 10330
7006 10331
7005 10332
7004 10333
7003 10334
7002 10335
7001 11888
7000 11889
6999 11890
6998 11891
6997 11892
6996 11893
6995 11894
6994 11895
6993 11896
6992 11897
6991 11898
6990 11899
6989 11900
6988 11901
6987 11902
6986 12440
6985 12441
6984 12442
6983 12443
6982 12444
6981 12445
6980 12446
6979 12447
6978 12448
6977 12449
6976 12450
6975 12451
6974 12452
6973 12453
6972 12595
6971 12596
6970 12597
6969 12598
6968 12599
6967 12600
6966 12601
6965 12602
6964 12603
6963 12604
6962 12605
6961 12606
6960 12607
6959 12608
6958 12609
6957 12610
6956 12611
6955 12612
6954 12613
6953 12614
6952 12615
6951 12616
6950 12617
6949 12618
6948 12672
6947 12673
6946 12674
6945 12675
6944 12676
6943 12677
6942 12678
6941 12679
6940 12680
6939 12681
6938 12682
6937 12683
6936 12684
6935 12685
6934 12686
6933 12687
6932 12688
6931 12689
6930 9637
6929 9638
6928 9639
6927 9640
6926 9641
6925 9642
6924 9643
6923 9644
6922 9645
6921 13296
6920 13297
6919 13298
6918 13299
6917 13300
6916 13301
6915 13302
6914 13303
6913 13304
6912 13305
6911 13306
6910 13307
6909 13206
6908 13207
6907 13208
6906 13209
6905 13210
6904 13211
6903 13212
6902 13213
6901 13214
6900 13215
6899 13216
6898 13217
6897 13218
6896 13219
6895 13026
6894 13027
6893 13028
6892 13029
6891 13030
6890 13031
6889 13032
6888 13033
6887 13034
6886 13035
6885 13036
6884 13037
6883 13038
6882 13039
6881 11065
6880 11066
6879 11067
6878 11068
6877 11069
6876 11070
6875 11071
6874 11072
6873 11073
6872 11074
6871 11075
6870 11076
6869 11077
6868 11078
6867 11175
6866 11176
6865 11177
6864 11178
6863 11179
6862 11180
6861 11181
6860 11182
6859 11183
6858 11245
6857 11246
6856 11247
6855 11248
6854 11249
6853 11250
6852 11251
6851 11252
6850 11253
6849 11254
6848 11255
6847 11256
6846 11425
6845 11426
6844 11427
6843 11428
6842 11429
6841 11430
6840 11431
6839 11432
6838 10852
6837 10853
6836 10854
6835 10855
6834 10856
6833 10857
6832 10858
6831 10859
6830 10860
6829 10861
6828 10862
6827 10863
6826 10864
6825 10865
6824 10866
6823 10867
6822 10703
6821 10704
6820 10705
6819 10706
6818 10707
6817 10708
6816 10709
6815 10710
6814 10711
6813 10712
6812 10713
6811 10714
6810 10715
6809 10716
6808 10717
6807 10718
6806 10719
6805 10720
6804 9790
6803 9791
6802 9792
6801 9793
6800 9794
6799 9795
6798 9796
6797 9797
6796 9798
6795 9799
6794 9800
6793 9801
6792 9802
6791 9803
6790 9804
6789 9805
6788 9806
6787 9807
6786 9808
6785 9809
6784 9810
6783 9811
6782 9812
6781 9813
6780 9814
6779 9815
6778 9816
6777 9817
6776 9896
6775 9897
6774 9898
6773 9899
6772 9900
6771 9901
6770 9902
6769 9903
6768 9904
6767 9905
6766 9906
6765 9907
6764 9908
6763 9909
6762 13660
6761 13661
6760 13662
6759 13663
6758 13664
6757 13665
6756 13666
6755 13667
6754 13668
6753 13669
6752 13670
6751 13671
6750 13672
6749 13673
6748 13789
6747 13790
6746 13791
6745 13792
6744 13793
6743 13794
6742 13795
6741 13796
6740 13797
6739 13798
6738 13799
6737 13800
6736 13801
6735 13802
6734 13803
6733 13804
6732 13805
6731 13806
6730 13807
6729 13808
6728 13809
6727 13810
6726 13811
6725 13812
6724 13813
6723 13814
6722 13815
6721 13816
6720 13842
6719 13843
6718 13844
6717 13845
6716 13846
6715 13847
6714 13848
6713 13849
6712 13850
6711 13851
6710 13852
6709 13853
6708 13854
6707 13855
6706 13856
6705 13857
6704 14140
6703 14141
6702 14142
6701 14143
6700 14144
6699 14145
6698 14146
6697 14147
6696 10347
6695 10348
6694 10349
6693 10350
6692 10351
6691 10352
6690 10353
6689 10354
6688 10355
6687 10356
6686 10357
6685 14247
6684 14248
6683 14249
6682 14250
6681 14251
6680 14252
6679 14253
6678 14352
6677 14353
6676 14354
6675 14355
6674 14356
6673 14357
6672 14358
6671 14359
6670 14360
6669 14361
6668 14362
6667 14363
6666 14364
6665 14365
6664 14366
6663 14367
6662 14368
6661 10008
6660 10009
6659 10010
6658 10011
6657 10012
6656 10013
6655 10014
6654 10015
6653 10016
6652 10017
6651 10018
6650 10019
6649 10020
6648 10021
6647 14867
6646 14868
6645 14869
6644 14870
6643 14871
6642 14872
6641 14873
6640 14874
6639 14875
6638 14876
6637 14877
6636 14878
6635 14879
6634 14880
6633 14881
6632 14923
6631 14924
6630 14925
6629 14926
6628 14927
6627 14928
6626 14929
6625 14930
6624 14931
6623 14932
6622 14933
6621 14934
6620 14935
6619 14936
6618 14937
6617 14938
6616 14939
6615 15295
6614 15296
6613 15297
6612 15298
6611 15299
6610 15300
6609 15301
6608 15302
6607 15303
6606 15304
6605 15305
6604 15306
6603 15307
6602 15308
6601 15309
6600 15310
6599 15311
6598 15312
6597 10309
6596 10310
6595 10311
6594 10312
6593 10313
6592 10314
6591 10315
6590 10316
6589 10317
6588 10318
6587 10319
6586 10320
6585 10321
6584 10322
6583 10323
6582 10324
6581 10325
6578 9308
6577 9309
6576 9310
6575 9311
6574 9312
6573 9313
6572 9314
6571 9315
6570 9316
6569 9317
6568 9318
6567 9319
6566 9320
6565 9321
6564 9322
6563 9323
6562 9324
6561 15277
6560 15278
6559 15279
6558 15280
6557 15281
6556 15282
6555 15283
6554 15284
6553 15285
6552 15286
6551 15287
6550 15288
6549 15289
6548 15290
6547 15291
6546 15292
6545 15293
6544 15294
6543 14940
6542 14941
6541 14942
6540 14943
6539 14944
6538 14945
6537 14946
6536 9249
6535 9250
6534 9251
6533 9252
6532 9253
6531 9254
6530 9255
6529 9256
6528 9257
6527 14851
6526 14852
6525 14853
6524 14854
6523 14855
6522 14856
6521 14857
6520 14858
6519 14859
6518 14860
6517 14861
6516 14862
6515 14863
6514 14864
6513 14865
6512 14866
6511 10022
6510 10023
6509 10024
6508 10025
6507 10026
6506 10027
6505 10028
6504 10029
6503 10030
6502 10031
6501 10032
6500 10033
6499 10034
6498 14334
6497 14335
6496 14336
6495 14337
6494 14338
6493 14339
6492 14340
6491 14341
6490 14342
6489 14343
6488 14344
6487 14345
6486 14346
6485 14347
6484 14348
6483 14349
6482 14350
6481 14351
6480 14254
6479 14255
6478 14256
6477 14257
6476 14258
6475 14259
6474 14260
6473 14456
6472 14457
6471 14458
6470 14459
6469 14460
6468 14461
6467 14462
6466 14463
6465 14464
6464 14465
6463 14466
6462 14467
6461 14468
6460 14469
6459 14470
6458 14471
6457 14472
6456 14473
6455 14474
6454 14475
6453 14476
6452 14477
6451 14478
6450 14479
6449 14480
6448 14481
6447 14482
6446 14483
6445 13835
6444 13836
6443 13837
6442 13838
6441 13839
6440 13840
6439 13841
6438 13817
6437 13818
6436 13819
6435 13820
6434 13821
6433 13822
6432 13823
6431 9135
6430 9136
6429 9137
6428 9138
6427 9139
6426 9140
6425 9141
6424 9142
6423 9143
6422 9144
6421 9145
6420 13932
6419 13933
6418 13934
6417 13935
6416 13936
6415 13937
6414 13938
6413 13939
6412 13644
6411 13645
6410 13646
6409 13647
6408 13648
6407 13649
6406 13650
6405 13651
6404 13652
6403 13653
6402 13654
6401 13655
6400 13656
6399 13657
6398 13658
6397 13659
6396 9910
6395 9911
6394 9912
6393 9913
6392 9914
6391 9915
6390 9916
6389 9917
6388 9918
6387 9919
6386 9920
6385 9921
6384 9922
6383 9923
6382 9924
6381 9925
6380 9926
6379 9927
6378 9852
6377 9853
6376 9854
6375 9855
6374 9856
6373 9857
6372 9858
6371 9859
6370 9860
6369 9861
6368 9862
6367 9863
6366 9864
6365 9865
6364 9866
6363 9867
6362 9868
6361 9869
6360 9870
6359 9871
6358 9872
6357 9873
6356 9874
6355 9875
6354 10721
6353 10722
6352 10723
6351 10724
6350 10725
6349 10726
6348 10727
6347 10728
6346 10729
6345 10730
6344 10731
6343 10732
6342 10733
6341 10734
6340 10735
6339 10736
6338 10737
6337 10738
6336 10739
6335 10740
6334 10741
6333 10742
6332 10743
6331 10744
6330 10745
6329 10746
6328 10747
6327 10748
6326 10749
6325 10750
6324 10751
6323 10752
6322 10753
6321 10754
6320 10755
6319 11418
6318 11419
6317 11420
6316 11421
6315 11422
6314 11423
6313 11424
6312 11257
6311 11258
6310 11259
6309 11260
6308 11261
6307 11262
6306 11263
6305 11264
6304 11265
6303 11266
6302 11267
6301 11268
6300 11269
6299 11270
6298 11168
6297 11169
6296 11170
6295 11171
6294 11172
6293 11173
6292 11174
6291 11079
6290 11080
6289 11081
6288 11082
6287 11083
6286 11084
6285 11085
6284 11086
6283 13096
6282 13097
6281 13098
6280 13099
6279 13100
6278 13101
6277 13102
6276 13103
6275 13104
6274 13105
6273 13106
6272 13107
6271 13108
6270 13109
6269 13110
6268 13111
6267 13188
6266 13189
6265 13190
6264 13191
6263 13192
6262 13193
6261 13194
6260 13195
6259 13196
6258 13197
6257 13198
6256 13199
6255 13200
6254 13201
6253 13202
6252 13203
6251 13204
6250 13205
6249 13308
6248 13309
6247 13310
6246 13311
6245 13312
6244 13313
6243 13314
6242 13315
6241 13316
6240 13317
6239 13318
6238 13319
6237 13320
6236 13321
6235 9783
6234 9784
6233 9785
6232 9786
6231 9787
6230 9788
6229 9789
6228 12690
6227 12691
6226 12692
6225 12693
6224 12694
6223 12695
6222 12696
6221 12697
6220 12698
6219 12699
6218 12700
6217 12701
6216 12702
6215 12766
6214 12767
6213 12768
6212 12769
6211 12770
6210 12771
6209 12772
6208 12773
6207 12774
6206 12775
6205 12776
6204 12777
6203 12778
6202 12779
6201 12780
6200 12581
6199 12582
6198 12583
6197 12584
6196 12585
6195 12586
6194 12587
6193 12588
6192 12589
6191 12590
6190 12591
6189 12592
6188 12593
6187 12594
6186 12454
6185 12455
6184 12456
6183 12457
6182 12458
6181 12459
6180 12460
6179 12461
6178 12462
6177 12463
6176 12464
6175 12465
6174 12466
6173 12467
6172 12468
6171 12012
6170 12013
6169 12014
6168 12015
6167 12016
6166 12017
6165 12018
6164 12019
6163 12020
6162 12021
6161 12022
6160 12023
6159 12024
6158 12025
6157 12026
6156 12027
6155 12028
6154 12029
6153 12030
6152 12031
6151 12032
6150 12033
6149 12034
6148 12035
6147 12036
6146 12037
6145 12038
6144 12039
6143 12040
6142 12041
6141 12042
6140 12043
6139 12044
6138 12045
6137 12046
6136 12047
6135 12048
6134 12049
6133 12050
6132 12051
6131 12052
6130 12053
6129 12054
6128 12055
6127 12056
6126 12057
6125 12058
6124 12059
6123 12188
6122 12189
6121 12190
6120 12191
6119 12192
6118 12193
6117 12194
6116 12195
6115 12196
6114 12197
6113 12198
6112 12199
6111 12200
6110 12201
6109 9028
6108 9029
6107 9030
6106 9031
6105 9032
6104 9033
6103 9034
6102 9035
6101 9036
6100 9037
6099 9038
6098 9039
6097 9040
6096 9041
6095 8055
6094 8056
6093 8057
6092 8058
6091 8059
6090 8060
6089 8061
6088 8062
6087 8063
6086 8064
6085 8065
6084 8066
6083 8067
6082 7835
6081 7836
6080 7837
6079 7838
6078 7839
6077 7840
6076 7841
6075 7842
6074 7799
6073 7800
6072 7801
6071 7802
6070 7803
6069 7804
6068 7805
6067 7806
6066 7807
6065 7808
6064 7809
6063 7810
6062 7811
6061 7812
6060 8950
6059 8951
6058 8952
6057 8953
6056 8954
6055 8955
6054 8956
6053 8957
6052 8958
6051 8959
6050 8960
6049 8961
6048 8962
6047 8963
6046 9006
6045 9007
6044 9008
6043 9009
6042 9010
6041 9011
6040 9012
6039 9013
6038 9014
6037 9015
6036 9016
6035 9017
6034 9018
6033 9019
6032 9020
6029 8525
6028 8526
6027 8527
6026 8528
6025 8529
6024 8530
6023 8531
6022 8532
6021 8998
6019 6020
6018 9001
6017 9002
6016 9003
6015 9004
6014 9005
6013 8964
6012 8965
6011 8966
6010 8967
6009 8968
6007 6008
6006 8971
6005 8972
6004 8973
6003 8974
6002 8975
6001 8976
6000 8541
5999 8542
5997 5998
5996 8545
5995 8546
5994 8547
5993 8548
5992 8549
5991 8550
5989 5990
5988 7793
5987 7794
5986 7795
5985 7796
5984 7797
5983 7798
5982 7843
5980 5981
5979 7846
5978 7847
5977 7848
5976 7849
5974 5975
5973 7852
5972 7853
5971 7854
5970 7855
5969 7856
5967 5968
5966 8563
5965 8564
5964 8565
5963 8566
5961 5962
5960 8569
5959 8570
5958 8571
5957 8583
5955 5956
5954 8586
5953 8587
5952 8588
5951 8589
5949 5950
5948 8592
5947 9021
5946 9022
5945 9023
5944 9024
5942 5943
5941 9027
5940 12202
5939 12203
5938 12204
5937 12205
5935 5936
5934 12208
5933 12209
5932 12210
5931 12211
5929 5930
5928 12214
5927 12215
5926 12216
5925 12217
5924 12218
5922 5923
5921 12221
5920 12222
5919 12223
5918 12224
5916 5917
5915 12227
5914 12228
5913 12229
5912 12230
5911 12231
5909 5910
5908 12234
5907 12235
5906 12236
5905 8602
5903 5904
5902 8605
5901 8606
5900 8607
5899 8608
5898 8609
5896 5897
5895 8612
5894 11985
5893 11986
5892 11987
5891 11988
5889 5890
5888 11991
5887 11992
5886 11993
5885 11994
5884 11995
5882 5883
5881 11998
5880 11999
5879 12000
5878 12001
5876 5877
5875 12004
5874 12005
5873 12006
5872 12007
5871 12008
5869 5870
5868 12011
5867 12469
5866 12470
5865 12471
5864 12472
5862 5863
5861 12475
5860 12476
5859 12477
5858 12478
5856 5857
5855 12481
5854 12482
5853 12483
5852 12484
5851 12485
5850 12486
5849 12487
5848 12488
5847 12489
5846 12490
5845 12491
5843 5844
5842 12494
5841 12741
5840 12742
5839 12743
5837 5838
5836 12746
5835 12747
5834 12748
5833 12749
5832 12750
5830 5831
5829 12753
5828 12754
5827 12755
5826 12756
5824 5825
5823 12759
5822 12760
5821 12761
5820 12762
5819 12763
5817 5818
5816 12703
5815 12704
5814 12705
5813 12706
5811 5812
5810 12709
5809 9767
5808 9768
5807 9769
5805 5806
5804 9772
5803 9773
5802 9774
5801 9775
5800 9776
5798 5799
5797 9779
5796 9780
5795 9781
5794 9782
5792 5793
5791 13324
5790 13325
5789 13326
5788 13327
5786 5787
5785 13330
5784 13331
5783 13332
5782 13333
5780 5781
5779 13336
5778 13337
5777 13338
5775 5776
5774 13341
5773 13342
5772 13343
5771 13344
5769 5770
5768 13347
5767 13176
5766 13177
5765 13178
5763 5764
5762 13181
5761 13182
5760 13183
5759 13184
5758 13185
5757 13186
5756 13187
5755 13112
5754 13113
5753 13114
5751 5752
5750 13117
5749 13118
5748 11140
5747 11141
5745 5746
5744 11144
5743 11145
5742 11146
5741 11147
5740 11148
5738 5739
5737 11151
5736 11152
5735 11153
5734 11154
5733 11155
5732 11156
5730 5731
5729 11159
5728 11160
5727 11161
5726 11162
5725 11163
5724 11164
5723 11165
5722 11166
5721 11167
5720 11271
5719 11272
5718 11273
5716 5717
5715 11276
5714 11277
5713 11278
5712 11279
5711 11280
5710 11281
5709 11282
5708 11283
5707 11284
5706 11285
5705 11412
5704 11413
5703 11414
5702 11415
5701 11416
5700 11417
5699 10756
5698 10757
5697 10758
5696 10759
5695 10760
5694 10761
5693 10762
5692 10763
5691 10764
5690 10765
5689 10766
5688 10767
5687 10768
5686 10769
5685 9453
5684 9454
5683 9455
5682 9456
5681 9457
5680 9458
5679 9459
5678 9460
5677 9461
5676 9462
5675 9463
5674 9464
5673 9465
5672 9466
5671 9467
5670 9468
5669 9469
5668 9470
5667 9471
5666 9472
5665 9473
5664 9474
5663 9475
5662 9476
5661 9477
5660 9478
5659 9479
5658 9480
5657 9481
5656 9482
5655 9483
5654 9484
5653 13614
5652 13615
5651 13616
5650 13617
5649 13618
5648 13619
5647 13620
5646 13621
5645 13622
5644 13623
5643 13624
5642 13625
5641 13626
5640 13627
5639 13628
5638 13629
5637 13630
5636 13631
5635 13632
5634 13633
5633 13634
5632 13635
5631 13636
5630 13637
5629 13638
5628 13639
5627 13640
5626 13641
5625 13642
5624 13643
5623 13940
5622 13941
5621 13942
5620 13943
5619 13944
5618 13945
5617 13946
5616 13947
5615 9126
5614 9127
5613 9128
5612 9129
5611 9130
5610 9131
5609 9132
5608 9133
5607 9134
5606 13824
5605 13825
5604 13826
5603 13827
5602 13828
5601 13829
5600 13830
5599 13831
5598 13832
5597 13833
5596 13834
5595 14484
5594 14485
5593 14486
5592 14487
5591 14488
5590 14489
5589 14490
5588 14491
5587 14492
5586 14493
5585 14494
5584 14495
5583 14496
5582 14497
5581 14498
5580 14499
5579 14500
5578 14501
5577 14502
5576 14503
5575 14504
5574 14505
5573 14313
5572 14314
5571 14315
5570 14316
5569 14317
5568 14318
5567 14319
5566 14320
5565 14321
5564 14322
5563 14323
5562 14324
5561 14325
5560 14326
5559 14327
5558 14328
5557 14329
5556 14330
5555 14331
5554 14332
5553 14333
5552 10035
5551 10036
5550 10037
5549 10038
5548 10039
5547 10040
5546 10041
5545 10042
5544 10043
5543 10044
5542 10045
5541 10046
5540 10047
5539 8623
5538 8624
5537 8625
5536 8626
5535 8627
5534 8628
5533 8629
5532 8630
5531 8631
5530 8632
5529 9241
5528 9242
5527 9243
5526 9244
5525 9245
5524 9246
5523 9247
5522 9248
5521 14947
5520 14948
5519 14949
5518 14950
5517 14951
5516 14952
5515 14953
5514 14954
5513 14955
5512 14956
5511 14957
5510 14958
5509 14959
5508 14960
5507 15270
5506 15271
5505 15272
5504 15273
5503 15274
5502 15275
5501 15276
5500 9325
5499 9326
5498 9327
5497 9328
5496 9329
5495 9330
5494 9331
5493 9332
5492 9333
5491 9334
5490 9335
5489 9336
5488 9337
5487 9338
5486 9339
5483 8503
5482 8504
5481 8505
5480 8506
5479 8507
5478 8508
5477 8509
5476 8510
5475 8511
5474 8512
5473 15258
5472 15259
5471 15260
5470 15261
5469 15262
5468 15263
5467 15264
5466 15265
5465 15266
5464 15267
5463 15268
5462 15269
5461 14961
5460 14962
5459 14963
5458 14964
5457 14965
5456 14966
5455 14967
5454 14968
5453 14969
5452 9294
5451 9295
5450 9296
5449 9297
5448 9298
5447 9299
5446 9300
5445 9301
5444 9302
5443 9303
5442 9304
5441 9305
5440 9306
5439 9307
5438 8633
5437 8634
5436 8635
5435 8636
5434 8637
5433 8638
5432 8639
5431 8640
5430 8641
5429 8642
5428 10048
5427 10049
5426 10050
5425 10051
5424 10052
5423 10053
5422 10054
5421 10055
5420 10056
5419 10057
5418 10058
5417 10059
5416 10060
5415 10061
5414 10062
5413 10063
5412 10064
5411 10065
5410 14299
5409 14300
5408 14301
5407 14302
5406 14303
5405 14304
5404 14305
5403 14306
5402 14307
5401 14308
5400 14309
5399 14310
5398 14311
5397 14312
5396 14506
5395 14507
5394 14508
5393 14509
5392 14510
5391 14511
5390 14512
5389 14513
5388 14514
5387 14515
5386 14516
5385 14517
5384 14518
5383 14519
5382 14520
5381 14521
5380 14522
5379 14523
5378 14524
5377 14525
5376 14526
5375 14527
5374 14528
5373 14529
5372 14530
5371 14531
5370 14532
5369 14533
5368 9228
5367 9229
5366 9230
5365 9231
5364 9232
5363 9233
5362 9234
5361 9235
5360 9236
5359 9237
5358 9238
5357 9239
5356 9240
5355 13948
5354 13949
5353 13950
5352 13951
5351 13952
5350 13953
5349 13954
5348 13955
5347 13956
5346 13957
5345 13958
5344 13959
5343 13960
5342 13961
5341 13962
5340 13963
5339 13964
5338 13965
5337 13966
5336 13967
5335 13968
5334 13969
5333 13970
5332 13971
5331 13972
5330 13973
5329 13974
5328 13975
5327 13976
5326 13606
5325 13607
5324 13608
5323 13609
5322 13610
5321 13611
5320 13612
5319 13613
5318 9485
5317 9486
5316 9487
5315 9488
5314 9489
5313 9490
5312 9491
5311 9492
5310 9493
5309 9494
5308 9495
5307 9496
5306 9497
5305 9498
5304 9436
5303 9437
5302 9438
5301 9439
5300 9440
5299 9441
5298 9442
5297 9443
5296 9444
5295 9445
5294 9446
5293 9447
5292 9448
5291 9449
5290 9450
5289 9451
5288 9452
5287 10770
5286 10771
5285 10772
5284 10773
5283 10774
5282 10775
5281 10776
5280 10777
5279 10778
5278 10779
5277 10780
5276 10781
5275 11404
5274 11405
5273 11406
5272 11407
5271 11408
5270 11409
5269 11410
5268 11411
5267 11286
5266 11287
5265 11288
5264 11289
5263 11290
5262 11291
5261 11292
5260 11293
5259 11294
5258 11295
5257 11296
5256 11297
5255 11298
5254 11299
5252 5253
5251 11302
5250 11303
5249 11304
5248 11305
5247 11306
5246 11307
5245 11308
5244 11309
5242 5243
5241 11312
5240 11313
5239 11314
5238 11315
5237 11316
5236 11317
5234 5235
5233 11320
5232 11321
5231 11133
5230 11134
5229 11135
5227 5228
5226 11138
5225 11139
5224 13119
5223 13120
5221 5222
5220 13123
5219 13124
5218 13125
5217 13126
5216 13127
5215 13128
5214 13129
5213 13130
5212 13131
5210 5211
5209 13172
5208 13173
5207 13174
5206 13175
5204 5205
5203 13350
5202 13351
5201 13352
5200 13353
5198 5199
5197 13356
5196 13357
5195 13358
5194 13359
5192 5193
5191 13362
5190 13363
5189 13364
5188 13365
5186 5187
5185 13368
5184 13369
5183 13370
5182 9748
5180 5181
5179 9751
5178 9752
5177 9753
5176 9754
5174 5175
5173 9757
5172 9758
5171 9759
5170 9760
5169 9761
5168 9762
5167 9763
5166 9764
5164 5165
5163 12710
5162 12711
5161 12712
5160 12713
5159 12714
5157 5158
5156 12717
5155 12718
5154 12719
5153 12720
5151 5152
5150 12723
5149 12724
5148 12725
5147 12726
5146 12727
5144 5145
5143 12730
5142 12731
5141 12732
5140 12733
5139 12734
5137 5138
5136 12737
5135 12738
5134 12739
5133 12740
5132 12495
5130 5131
5129 12498
5128 12499
5127 12500
5126 12501
5125 12502
5124 12503
5123 12504
5122 12505
5120 5121
5119 12508
5118 12509
5117 12510
5116 12511
5115 12512
5114 12513
5112 5113
5111 12516
5110 12517
5109 12518
5108 12519
5107 12520
5105 5106
5104 12523
5103 12524
5102 12525
5101 12526
5100 12527
5098 5099
5097 12530
5096 12531
5095 11969
5094 11970
5093 11971
5091 5092
5090 11974
5089 11975
5088 11976
5087 11977
5085 5086
5084 11980
5083 11981
5082 11982
5081 11983
5080 11984
5079 8613
5078 8614
5077 8615
5076 8616
5074 5075
5073 8619
5072 8620
5071 8621
5070 8622
5069 12237
5067 5068
5066 12240
5065 12241
5064 12242
5063 12243
5062 12244
5060 5061
5059 12247
5058 12248
5057 12249
5056 12250
5055 12251
5053 5054
5052 12254
5051 12255
5050 12256
5049 12257
5047 5048
5046 12260
5045 12261
5044 9109
5043 9110
5042 9111
5040 5041
5039 9114
5038 9115
5037 9116
5036 9117
5035 9118
5034 9119
5033 9120
5032 9121
5030 5031
5029 9124
5028 9125
5027 8593
5026 8594
5025 8595
5023 5024
5022 8598
5021 8599
5020 8600
5019 8601
5017 5018
5016 8574
5015 8575
5014 8576
5013 8577
5012 8578
5010 5011
5009 8581
5008 8582
5007 7857
5006 7858
5005 7859
5003 5004
5002 7862
5001 7863
5000 7864
4999 7865
4998 7866
4997 7867
4995 4996
4994 7783
4993 7784
4992 7785
4991 7786
4990 7787
4989 7788
4988 7789
4987 7790
4986 8551
4984 4985
4983 8554
4982 8555
4981 8556
4980 8557
4979 8558
4978 8559
4977 8560
4976 8977
4975 8978
4973 4974
4972 8981
4971 8982
4970 8983
4969 8984
4968 8985
4967 8986
4966 8987
4965 8988
4964 8989
4963 8990
4962 8991
4960 4961
4959 8994
4958 8995
4957 8996
4956 8997
4955 8533
4954 8534
4953 8535
4952 8536
4951 8537
4950 8538
4949 8539
4948 8540
4945 7682
4944 7683
4943 7684
4942 7685
4941 7686
4940 7687
4939 7688
4938 7689
4937 7690
4936 7691
4935 7692
4934 7693
4933 7694
4932 7695
4931 7696
4930 7697
4929 7756
4928 7757
4927 7758
4926 7759
4925 7760
4924 7761
4923 7762
4922 7763
4921 7764
4920 7765
4919 7766
4918 7767
4917 7768
4916 7769
4915 7770
4914 7771
4913 7772
4912 7773
4911 7774
4910 7775
4909 7776
4908 7777
4907 7778
4906 7779
4905 7780
4904 7781
4903 7782
4902 7870
4901 7871
4900 7872
4899 7873
4898 7874
4897 7875
4896 7876
4895 7877
4894 7878
4893 7879
4892 7880
4891 7881
4890 7882
4889 8254
4888 8255
4887 8256
4886 8257
4885 8258
4884 8259
4883 8260
4882 8261
4881 8262
4880 8263
4879 8264
4878 8265
4877 9093
4876 9094
4875 9095
4874 9096
4873 9097
4872 9098
4871 9099
4870 9100
4869 9101
4868 9102
4867 9103
4866 9104
4865 9105
4864 9106
4863 9107
4862 9108
4861 12262
4860 12263
4859 12264
4858 12265
4857 12266
4856 12267
4855 12268
4854 12269
4853 12270
4852 12271
4851 12272
4850 12273
4849 12274
4848 12275
4847 12276
4846 12277
4845 12278
4844 12279
4843 12280
4842 12281
4841 12282
4840 12283
4839 12284
4838 12285
4837 12286
4836 8276
4835 8277
4834 8278
4833 8279
4832 8280
4831 8281
4830 8282
4829 8283
4828 8284
4827 8285
4826 11961
4825 11962
4824 11963
4823 11964
4822 11965
4821 11966
4820 11967
4819 11968
4818 12532
4817 12533
4816 12534
4815 12535
4814 12536
4813 12537
4812 12538
4811 12539
4810 12540
4809 12541
4808 12542
4807 12543
4806 12544
4805 12545
4804 12546
4803 12547
4802 8295
4801 8296
4800 8297
4799 8298
4798 8299
4797 8300
4796 8301
4795 8302
4794 8303
4793 8304
4792 8305
4791 8306
4790 8307
4789 8308
4788 8309
4787 8310
4786 8311
4785 8312
4784 8313
4783 8314
4782 8315
4781 8316
4780 8317
4779 8318
4778 8319
4777 8320
4776 8321
4775 8322
4774 8345
4773 8346
4772 8347
4771 8348
4770 8349
4769 8350
4768 8351
4767 8352
4766 8353
4765 8354
4764 8355
4763 8356
4762 9731
4761 9732
4760 9733
4759 9734
4758 9735
4757 9736
4756 9737
4755 9738
4754 9739
4753 9740
4752 9741
4751 9742
4750 9743
4749 9744
4748 9745
4747 9746
4746 9747
4745 13371
4744 13372
4743 13373
4742 13374
4741 13375
4740 13376
4739 13377
4738 13378
4737 13379
4736 13380
4735 13381
4734 13382
4733 13383
4732 13384
4731 13160
4730 13161
4729 13162
4728 13163
4727 13164
4726 13165
4725 13166
4724 13167
4723 13168
4722 13169
4721 13132
4720 13133
4719 13134
4718 13135
4717 13136
4716 13137
4715 13138
4714 13139
4713 13140
4712 13141
4711 13142
4710 11126
4709 11127
4708 11128
4707 11129
4706 11130
4705 11131
4704 11132
4703 11322
4702 11323
4701 11324
4700 11325
4699 11326
4698 11327
4697 11328
4696 11329
4695 11330
4694 11331
4693 11332
4692 11333
4691 11334
4690 11335
4689 11336
4688 11337
4687 11338
4686 11339
4685 11340
4684 11341
4683 11342
4682 11343
4681 11344
4680 11345
4679 11346
4678 11347
4677 11348
4676 11349
4675 11390
4674 11391
4673 11392
4672 11393
4671 11394
4670 11395
4669 11396
4668 11397
4667 11398
4666 11399
4665 11400
4664 11401
4663 11402
4662 11403
4661 10782
4660 10783
4659 10784
4658 10785
4657 10786
4656 10787
4655 10788
4654 10789
4653 10790
4652 10791
4651 10792
4650 10793
4649 10794
4648 10795
4647 8367
4646 8368
4645 8369
4644 8370
4643 8371
4642 8372
4641 8373
4640 8374
4639 8375
4638 8376
4637 9425
4636 9426
4635 9427
4634 9428
4633 9429
4632 9430
4631 9431
4630 9432
4629 9433
4628 9434
4627 9435
4626 9499
4625 9500
4624 9501
4623 9502
4622 9503
4621 9504
4620 9505
4619 9506
4618 9507
4617 9508
4616 9509
4615 9510
4614 9511
4613 9512
4612 9513
4611 9514
4610 9515
4609 9516
4608 9517
4607 9518
4606 9519
4605 13599
4604 13600
4603 13601
4602 13602
4601 13603
4600 13604
4599 13605
4598 13977
4597 13978
4596 13979
4595 13980
4594 13981
4593 13982
4592 13983
4591 13984
4590 13985
4589 13986
4588 13987
4587 13988
4586 13989
4585 13990
4584 13991
4583 13992
4582 13993
4581 13994
4580 13995
4579 13996
4578 13997
4577 13998
4576 13999
4575 14000
4574 9199
4573 9200
4572 9201
4571 9202
4570 9203
4569 9204
4568 9205
4567 9206
4566 9207
4565 9208
4564 9209
4563 9210
4562 9211
4561 9212
4560 9213
4559 9214
4558 9215
4557 9216
4556 9217
4555 9218
4554 9219
4553 9220
4552 9221
4551 9222
4550 9223
4549 9224
4548 9225
4547 9226
4546 9227
4545 14534
4544 14535
4543 14536
4542 14537
4541 14538
4540 14539
4539 14540
4538 14541
4537 14542
4536 14543
4535 14544
4534 14545
4533 14546
4532 14547
4531 8408
4530 8409
4529 8410
4528 8411
4527 8412
4526 8413
4525 8414
4524 8415
4523 8416
4522 8417
4521 8429
4520 8430
4519 8431
4518 8432
4517 8433
4516 8434
4515 8435
4514 8436
4513 8437
4512 8438
4511 14280
4510 14281
4509 14282
4508 14283
4507 14284
4506 14285
4505 14286
4504 14287
4503 14288
4502 14289
4501 14290
4500 14291
4499 14292
4498 14293
4497 14294
4496 14295
4495 14296
4494 14297
4493 14298
4492 10066
4491 10067
4490 10068
4489 10069
4488 10070
4487 10071
4486 10072
4485 10073
4484 10074
4483 10075
4482 10076
4481 10077
4480 10078
4479 10079
4478 10080
4477 8450
4476 8451
4475 8452
4474 8453
4473 8454
4472 8455
4471 8456
4470 8457
4469 8458
4468 8469
4467 8470
4466 8471
4465 8472
4464 8473
4463 8474
4462 8475
4461 8476
4460 8477
4459 8478
4458 9276
4457 9277
4456 9278
4455 9279
4454 9280
4453 9281
4452 9282
4451 9283
4450 9284
4449 9285
4448 9286
4447 9287
4446 9288
4445 9289
4444 9290
4443 9291
4442 9292
4441 9293
4440 14970
4439 14971
4438 14972
4437 14973
4436 14974
4435 14975
4434 14976
4433 14977
4432 14978
4431 14979
4430 14980
4429 15245
4428 15246
4427 15247
4426 15248
4425 15249
4424 15250
4423 15251
4422 15252
4421 15253
4420 15254
4419 15255
4418 15256
4417 15257
4416 8513
4415 8514
4414 8515
4413 8516
4412 8517
4411 8518
4410 8519
4409 8520
4408 8521
4407 8522
4406 8523
4405 8524
4402 8491
4401 8492
4400 8493
4399 8494
4398 8495
4397 8496
4395 4396
4394 15225
4393 15226
4392 15227
4391 15228
4390 15229
4389 15230
4388 15231
4387 15232
4385 4386
4384 15235
4383 15236
4382 15237
4381 15238
4380 15239
4379 15240
4378 15241
4377 15242
4375 4376
4374 14981
4373 14982
4372 14983
4371 14984
4370 14985
4369 14986
4368 14987
4366 4367
4365 14990
4364 14991
4363 14992
4362 14993
4361 14994
4360 14995
4359 14996
4358 14997
4357 14998
4355 4356
4354 15001
4353 15002
4352 9265
4351 9266
4349 4350
4348 9269
4347 9270
4346 9271
4345 9272
4344 9273
4342 4343
4341 8479
4340 8480
4339 8481
4338 8482
4336 4337
4335 8485
4334 8486
4333 8487
4332 8488
4330 4331
4329 8459
4328 8460
4327 8461
4326 8462
4324 4325
4323 8465
4322 8466
4321 8467
4320 8468
4318 4319
4317 10083
4316 10084
4315 10085
4314 10086
4313 10087
4311 4312
4310 10090
4309 10091
4308 10092
4307 10093
4305 4306
4304 10096
4303 10097
4302 10098
4301 10099
4299 4300
4298 10102
4297 10103
4296 10104
4295 10105
4294 10106
4292 4293
4291 10109
4290 10110
4289 14269
4288 14270
4286 4287
4285 14273
4284 14274
4283 14275
4282 14276
4281 14277
4279 4280
4278 8439
4277 8440
4276 8441
4275 8442
4273 4274
4272 8445
4271 8446
4270 8447
4269 8448
4268 8449
4267 8418
4266 8419
4265 8420
4264 8421
4263 8422
4261 4262
4260 8425
4259 8426
4258 8427
4257 8428
4256 14548
4254 4255
4253 14551
4252 14552
4251 14553
4250 14554
4249 8398
4247 4248
4246 8401
4245 8402
4244 8403
4243 8404
4242 8405
4240 4241
4239 9165
4238 9166
4237 9167
4236 9168
4234 4235
4233 9171
4232 9172
4231 9173
4230 9174
4229 9175
4227 4228
4226 9178
4225 9179
4224 9180
4223 9181
4222 9182
4221 9183
4219 4220
4218 9186
4217 9187
4216 9188
4215 9189
4214 9190
4212 4213
4211 9193
4210 9194
4209 9195
4208 9196
4206 4207
4205 14001
4204 14002
4203 14003
4202 14004
4200 4201
4199 14007
4198 14008
4197 14009
4196 13573
4195 13574
4193 4194
4192 13577
4191 13578
4190 13579
4189 13580
4187 4188
4186 13583
4185 13584
4184 13585
4183 13586
4181 4182
4180 13589
4179 13590
4178 13591
4177 13592
4176 13593
4175 13594
4174 13595
4173 13596
4172 13597
4171 13598
4169 4170
4168 9522
4167 9523
4166 9524
4165 9525
4163 4164
4162 9528
4161 9529
4160 9530
4158 4159
4157 9533
4156 9534
4155 9535
4154 9536
4152 4153
4151 9539
4150 9540
4149 9541
4148 9542
4146 4147
4145 9545
4144 9546
4143 9413
4142 9414
4140 4141
4139 9417
4138 9418
4137 9419
4136 9420
4134 4135
4133 9423
4132 9424
4131 8377
4130 8378
4129 8379
4128 8380
4127 8381
4126 8382
4124 4125
4123 8385
4122 8386
4121 8387
4120 10796
4118 4119
4117 10799
4116 10800
4115 10801
4114 10802
4113 10803
4112 10804
4110 4111
4109 10807
4108 10808
4107 10809
4106 10810
4105 10811
4104 10812
4102 4103
4101 11378
4100 11379
4099 11380
4098 11381
4097 11382
4096 11383
4095 11384
4094 11385
4093 11386
4092 11387
4091 11388
4090 11389
4089 11350
4088 11351
4087 11352
4086 11353
4085 11354
4084 11355
4083 11356
4082 11357
4081 11102
4080 11103
4079 11104
4078 11105
4077 11106
4076 11107
4075 11108
4074 11109
4073 11110
4072 11111
4071 11112
4070 11113
4069 11114
4068 11115
4067 11116
4066 11117
4065 11118
4064 11119
4063 11120
4062 11121
4061 11122
4060 11123
4059 11124
4058 11125
4057 13143
4056 13144
4055 13145
4054 13146
4053 13147
4052 13148
4051 13149
4050 13150
4049 13151
4048 13152
4047 13153
4046 13154
4045 13155
4044 13156
4043 13157
4042 13158
4041 13159
4040 13385
4039 13386
4038 13387
4037 13388
4036 13389
4035 13390
4034 13391
4033 13392
4032 13393
4031 13394
4030 13395
4029 13396
4028 9718
4027 9719
4026 9720
4025 9721
4024 9722
4023 9723
4022 9724
4021 9725
4020 9726
4019 9727
4018 9728
4017 9729
4016 9730
4015 8357
4014 8358
4013 8359
4012 8360
4011 8361
4010 8362
4009 8363
4008 8364
4007 8365
4006 8366
4005 8323
4004 8324
4003 8325
4002 8326
4001 8327
4000 8328
3999 8329
3998 8330
3997 8331
3996 8332
3995 8333
3994 8334
3993 8335
3992 8336
3991 8337
3990 8338
3989 8339
3988 8340
3987 8341
3986 8342
3985 8343
3984 8344
3983 12548
3982 12549
3981 12550
3980 12551
3979 12552
3978 12553
3977 12554
3976 12555
3975 11949
3974 11950
3973 11951
3972 11952
3971 11953
3970 11954
3969 11955
3968 11956
3967 11957
3966 11958
3965 11959
3964 11960
3963 8286
3962 8287
3961 8288
3960 8289
3959 8290
3958 8291
3957 8292
3956 8293
3955 8294
3954 12287
3953 12288
3952 12289
3951 12290
3950 12291
3949 12292
3948 12293
3947 12294
3946 12295
3945 12296
3944 9070
3943 9071
3942 9072
3941 9073
3940 9074
3939 9075
3938 9076
3937 9077
3936 9078
3935 9079
3934 9080
3933 9081
3932 9082
3931 9083
3930 9084
3929 9085
3928 9086
3927 9087
3926 9088
3925 9089
3924 9090
3923 9091
3922 9092
3921 8266
3920 8267
3919 8268
3918 8269
3917 8270
3916 8271
3915 8272
3914 8273
3913 8274
3912 8275
3911 7883
3910 7884
3909 7885
3908 7886
3907 7887
3906 7888
3905 7889
3904 7890
3903 7891
3902 8245
3901 8246
3900 8247
3899 8248
3898 8249
3897 8250
3896 8251
3895 8252
3894 8253
3893 7741
3892 7742
3891 7743
3890 7744
3889 7745
3888 7746
3887 7747
3886 7748
3885 7749
3884 7750
3883 7751
3882 7752
3881 7753
3880 7754
3879 7755
3878 7698
3877 7699
3876 7700
3875 7701
3874 7702
3873 7703
3872 7704
3871 7705
3870 7706
3869 7707
3868 7708
3867 7709
3866 7710
3865 7711
3862 7712
3861 7713
3860 7714
3859 7715
3858 7716
3857 7717
3856 7718
3855 7719
3854 7720
3853 7721
3852 7722
3851 7723
3850 7724
3849 7725
3848 7726
3847 7727
3846 7728
3845 7729
3844 7730
3843 7731
3842 7732
3841 7733
3840 7734
3839 7735
3838 7736
3837 7737
3836 7738
3835 7739
3834 7740
3833 8235
3832 8236
3831 8237
3830 8238
3829 8239
3828 8240
3827 8241
3826 8242
3825 8243
3824 8244
3823 7892
3822 7893
3821 7894
3820 7895
3819 7896
3818 7897
3817 8046
3816 8047
3815 8048
3814 8049
3813 8050
3812 8051
3811 8052
3810 8053
3809 8054
3808 9042
3807 9043
3806 9044
3805 9045
3804 9046
3803 9047
3802 9048
3801 9049
3800 9050
3799 9051
3798 9052
3797 9053
3796 9054
3795 9055
3794 9056
3793 9057
3792 9058
3791 9059
3790 9060
3789 9061
3788 9062
3787 9063
3786 9064
3785 9065
3784 9066
3783 9067
3782 9068
3781 9069
3780 12297
3779 12298
3778 12299
3777 12300
3776 12301
3775 12302
3774 12303
3773 12304
3772 12305
3771 12306
3770 12307
3769 12308
3768 12309
3767 12310
3766 12311
3765 12312
3764 12313
3763 11935
3762 11936
3761 11937
3760 11938
3759 11939
3758 11940
3757 11941
3756 11942
3755 11943
3754 11944
3753 11945
3752 11946
3751 11947
3750 11948
3749 12556
3748 12557
3747 12558
3746 12559
3745 12560
3744 12561
3743 12562
3742 12563
3741 12564
3740 12565
3739 12566
3738 12567
3737 12568
3736 12569
3735 12570
3734 12571
3733 12572
3732 12573
3731 12574
3730 12575
3729 12576
3728 12577
3727 12578
3726 12579
3725 12580
3724 12781
3723 12782
3722 12783
3721 12784
3720 12785
3719 12786
3718 12787
3717 12788
3716 12789
3715 12790
3714 12791
3713 12792
3712 12793
3711 12794
3710 9704
3709 9705
3708 9706
3707 9707
3706 9708
3705 9709
3704 9710
3703 9711
3702 9712
3701 9713
3700 9714
3699 9715
3698 9716
3697 9717
3696 13397
3695 13398
3694 13399
3693 13400
3692 13401
3691 13402
3690 13403
3689 13404
3688 13405
3687 13406
3686 13407
3685 13408
3684 13409
3683 13410
3682 13411
3681 13412
3680 13413
3679 8766
3678 8767
3677 8768
3676 8769
3675 8770
3674 8771
3673 8772
3672 8773
3671 8774
3670 8775
3669 8776
3668 13086
3667 13087
3666 13088
3665 13089
3664 13090
3663 13091
3662 13092
3661 13093
3660 13094
3659 13095
3658 11087
3657 11088
3656 11089
3655 11090
3654 11091
3653 11092
3652 11093
3651 11094
3650 11095
3649 11096
3648 11097
3647 11098
3646 11099
3645 11100
3644 11101
3643 11358
3642 11359
3641 11360
3640 11361
3639 11362
3638 11363
3637 11364
3636 11365
3635 11366
3634 11367
3633 11368
3632 11369
3631 11370
3630 11371
3629 11372
3628 11373
3627 11374
3626 11375
3625 11376
3624 11377
3622 3623
3621 10817
3620 10818
3619 10819
3618 10820
3617 10821
3616 10822
3614 3615
3613 11587
3612 11588
3611 11589
3610 11590
3609 11591
3607 3608
3606 11594
3605 11595
3604 11596
3603 11597
3602 11598
3600 3601
3599 11601
3598 11602
3597 11603
3596 11604
3595 9399
3594 9400
3593 9401
3592 9402
3590 3591
3589 9405
3588 9406
3587 9407
3586 9408
3584 3585
3583 9411
3582 9412
3581 9547
3580 9548
3578 3579
3577 9551
3576 9552
3575 9553
3574 9554
3572 3573
3571 9557
3570 9558
3569 9559
3567 3568
3566 9562
3565 9563
3564 9564
3563 9565
3561 3562
3560 9845
3559 9846
3558 9847
3557 9848
3555 3556
3554 9851
3553 9928
3552 9929
3551 9930
3550 9931
3549 9932
3548 9933
3547 9934
3546 9935
3544 3545
3543 9938
3542 13559
3541 13560
3540 13561
3539 13562
3537 3538
3536 13565
3535 13566
3534 13567
3533 13568
3531 3532
3530 13571
3529 13572
3528 14010
3527 14011
3525 3526
3524 14014
3523 14015
3522 14016
3521 14017
3519 3520
3518 14020
3517 14021
3516 14022
3515 14023
3513 3514
3512 13924
3511 13925
3510 13926
3509 13927
3507 3508
3506 13930
3505 13931
3504 9146
3503 9147
3502 9148
3501 9149
3500 9150
3499 9151
3497 3498
3496 9154
3495 9155
3494 9156
3493 9157
3491 3492
3490 9160
3489 9161
3488 9162
3487 9163
3486 9164
3484 3485
3483 8390
3482 8391
3481 8392
3480 8393
3478 3479
3477 8396
3476 8397
3475 14555
3474 14556
3472 3473
3471 14559
3470 14560
3469 14561
3468 14562
3467 14563
3465 3466
3464 14566
3463 14567
3462 14568
3461 14437
3459 3460
3458 14440
3457 14441
3456 14442
3455 14443
3454 14444
3453 14445
3451 3452
3450 14448
3449 14449
3448 14450
3447 14451
3445 3446
3444 14454
3443 14455
3442 14261
3441 14262
3440 14263
3438 3439
3437 14266
3436 14267
3435 14268
3434 10111
3432 3433
3431 10114
3430 10115
3429 10116
3428 10117
3426 3427
3425 10120
3424 10121
3423 10122
3422 10123
3420 3421
3419 10126
3418 10127
3417 10128
3416 10129
3414 3415
3413 10132
3412 10133
3411 10134
3410 10135
3409 10136
3408 10137
3407 10138
3405 3406
3404 14825
3403 14826
3402 14827
3401 14828
3399 3400
3398 14831
3397 14832
3396 14833
3395 14834
3393 3394
3392 14837
3391 14838
3390 14839
3388 3389
3387 14842
3386 14843
3385 14844
3384 14845
3382 3383
3381 14848
3380 14849
3379 14850
3378 9258
3376 3377
3375 9261
3374 9262
3373 9263
3372 9264
3371 15003
3369 3370
3368 15006
3367 15007
3366 15008
3365 15009
3364 15010
3363 15011
3362 15012
3361 15013
3360 15014
3359 15015
3357 3358
3356 15018
3355 15019
3354 15020
3353 8870
3352 8871
3351 8872
3349 3350
3348 8875
3347 8876
3346 8877
3345 8878
3344 8879
3343 15207
3342 15208
3341 15209
3339 3340
3338 15212
3337 15213
3336 15214
3335 15215
3334 15216
3333 15217
3332 15218
3331 15219
3329 3330
3328 15222
3327 8497
3326 8498
3325 8499
3324 8500
3323 8501
3322 8502
3319 8891
3318 8892
3317 8893
3316 8894
3314 3315
3313 8897
3312 8898
3311 8899
3309 3310
3308 8902
3307 8903
3306 8904
3305 8905
3303 3304
3302 15200
3301 15201
3300 15202
3298 3299
3297 15205
3296 15206
3295 8880
3293 3294
3292 8883
3291 8884
3290 8885
3288 3289
3287 8888
3286 8889
3285 8890
3283 3284
3282 15023
3281 15024
3279 3280
3278 15027
3277 15028
3276 15029
3274 3275
3273 15032
3272 15033
3271 15034
3270 15035
3269 15036
3267 3268
3266 15039
3264 3265
3263 15042
3262 15043
3260 3261
3259 15046
3258 15047
3256 3257
3255 15050
3253 3254
3252 15053
3250 3251
3249 15056
3248 15057
3246 3247
3245 15060
3243 3244
3242 14803
3240 3241
3239 14806
3238 14807
3236 3237
3235 14810
3233 3234
3232 14813
3230 3231
3229 14816
3228 14817
3226 3227
3225 14820
3223 3224
3222 10139
3221 10140
3219 3220
3218 10143
3217 10144
3215 3216
3214 10147
3213 10148
3211 3212
3210 10151
3208 3209
3207 10154
3206 10155
3204 3205
3203 10158
3201 3202
3200 10161
3199 10162
3197 3198
3196 10165
3194 3195
3193 10168
3192 10169
3190 3191
3189 14406
3187 3188
3186 14409
3185 14410
3183 3184
3182 14413
3180 3181
3179 14416
3178 14417
3176 3177
3175 14420
3173 3174
3172 14423
3171 14424
3169 3170
3168 14427
3167 14428
3165 3166
3164 14431
3163 14432
3162 14433
3161 14434
3159 3160
3158 14569
3157 14570
3155 3156
3154 14573
3152 3153
3151 14576
3150 14577
3148 3149
3147 14580
3145 3146
3144 14583
3143 14584
3141 3142
3140 14587
3139 14588
3137 3138
3136 14591
3134 3135
3133 14594
3132 14595
3130 3131
3129 14598
3127 3128
3126 14601
3125 14602
3123 3124
3122 14605
3121 14606
3119 3120
3118 14609
3116 3117
3115 13903
3114 13904
3112 3113
3111 13907
3110 13908
3109 13909
3107 3108
3106 13912
3104 3105
3103 13915
3102 13916
3100 3101
3099 13919
3097 3098
3096 14024
3095 14025
3093 3094
3092 14028
3091 14029
3089 3090
3088 14032
3086 3087
3085 13537
3084 13538
3082 3083
3081 13541
3079 3080
3078 13544
3077 13545
3075 3076
3074 13548
3072 3073
3071 13551
3070 13552
3068 3069
3067 13555
3065 3066
3064 13558
3063 9939
3061 3062
3060 9942
3058 3059
3057 9945
3056 9946
3055 9947
3054 9948
3053 9949
3051 3052
3050 9952
3048 3049
3047 9955
3046 9837
3044 3045
3043 9840
3041 3042
3040 9566
3038 3039
3037 9569
3036 9570
3034 3035
3033 8862
3031 3032
3030 8865
3028 3029
3027 8868
3026 8869
3024 3025
3023 9377
3021 3022
3020 9380
3019 9381
3017 3018
3016 9384
3014 3015
3013 9387
3011 3012
3010 9390
3009 9391
3007 3008
3006 9394
3004 3005
3003 9397
3002 9398
3001 11605
3000 11606
2998 2999
2997 11609
2996 11610
2994 2995
2993 11613
2992 11571
2990 2991
2989 11574
2987 2988
2986 11577
2985 11578
2983 2984
2982 11581
2981 11582
2979 2980
2978 10823
2977 10824
2976 10825
2974 2975
2973 10828
2972 8840
2970 2971
2969 8843
2968 8844
2967 8845
2966 8846
2964 2965
2963 8849
2962 8820
2961 8821
2960 8822
2959 8823
2958 8824
2957 8825
2956 8826
2955 8827
2954 8828
2953 8829
2952 8798
2951 8799
2950 8800
2949 8801
2948 8802
2947 8803
2946 8804
2945 8805
2944 8806
2943 8807
2942 8808
2941 8809
2940 13073
2939 13074
2938 13075
2937 13076
2936 13077
2935 13078
2934 13079
2933 13080
2932 13081
2931 13082
2930 13083
2929 13084
2928 13085
2927 8777
2926 8778
2925 8779
2924 8780
2923 8781
2922 8782
2921 8783
2920 8784
2919 8785
2918 13414
2917 13415
2916 13416
2915 13417
2914 13418
2913 13419
2912 13420
2911 13421
2910 13422
2909 9690
2908 9691
2907 9692
2906 9693
2905 9694
2904 9695
2903 9696
2902 9697
2901 9698
2900 9699
2899 9700
2898 9701
2897 9702
2896 9703
2895 12795
2894 12796
2893 12797
2892 12798
2891 12799
2890 12800
2889 12801
2888 12802
2887 12803
2886 12804
2885 12805
2884 12806
2883 12807
2882 12808
2881 12809
2880 12810
2879 12811
2878 12812
2877 8755
2876 8756
2875 8757
2874 8758
2873 8759
2872 8760
2871 8761
2870 8762
2869 8763
2868 8764
2867 8765
2866 11923
2865 11924
2864 11925
2863 11926
2862 11927
2861 11928
2860 11929
2859 11930
2858 11931
2857 11932
2856 11933
2855 11934
2854 12314
2853 12315
2852 12316
2851 12317
2850 12318
2849 12319
2848 12320
2847 12321
2846 8733
2845 8734
2844 8735
2843 8736
2842 8737
2841 8738
2840 8739
2839 8740
2838 8741
2837 8742
2836 8712
2835 8713
2834 8714
2833 8715
2832 8716
2831 8717
2830 8718
2829 8719
2828 8720
2827 8721
2826 8722
2825 8034
2824 8035
2823 8036
2822 8037
2821 8038
2820 8039
2819 8040
2818 8041
2817 8042
2816 8043
2815 8044
2814 8045
2813 7898
2812 7899
2811 7900
2810 7901
2809 7902
2808 7903
2807 7904
2806 7905
2805 7906
2804 8690
2803 8691
2802 8692
2801 8693
2800 8694
2799 8695
2798 8696
2797 8697
2796 8698
2795 8699
2794 8661
2793 8662
2792 8663
2791 8664
2790 8665
2789 8666
2788 8667
2787 8668
2786 8669
2785 8670
2784 8671
2783 8672
2782 8673
2781 8674
2780 8675
2779 8676
2778 8677
2777 8678
2774 8643
2773 8644
2772 8645
2771 8646
2770 8647
2769 8648
2768 8649
2767 8650
2766 8651
2765 8652
2764 8653
2763 8654
2762 8655
2761 8656
2760 8657
2759 8658
2758 8659
2757 8660
2756 8679
2755 8680
2754 8681
2753 8682
2752 8683
2751 8684
2750 8685
2749 8686
2748 8687
2747 8688
2746 8689
2745 7907
2744 7908
2743 7909
2742 7910
2741 7911
2740 7912
2739 7913
2738 7914
2737 7915
2736 7916
2735 7917
2734 7918
2733 7919
2732 7920
2731 8027
2730 8028
2729 8029
2728 8030
2727 8031
2726 8032
2725 8033
2724 8700
2723 8701
2722 8702
2721 8703
2720 8704
2719 8705
2718 8706
2717 8707
2716 8708
2715 8709
2714 8710
2713 8711
2712 8723
2711 8724
2710 8725
2709 8726
2708 8727
2707 8728
2706 8729
2705 8730
2704 8731
2703 8732
2702 12322
2701 12323
2700 12324
2699 12325
2698 12326
2697 12327
2696 12328
2695 12329
2694 12330
2693 12331
2692 12332
2691 12333
2690 11915
2689 11916
2688 11917
2687 11918
2686 11919
2685 11920
2684 11921
2683 11922
2682 8743
2681 8744
2680 8745
2679 8746
2678 8747
2677 8748
2676 8749
2675 8750
2674 8751
2673 8752
2672 8753
2671 8754
2670 12813
2669 12814
2668 12815
2667 12816
2666 12817
2665 12818
2664 12819
2663 12820
2662 12821
2661 12822
2660 12823
2659 12824
2658 9670
2657 9671
2656 9672
2655 9673
2654 9674
2653 9675
2652 9676
2651 9677
2650 9678
2649 9679
2648 9680
2647 9681
2646 9682
2645 9683
2644 9684
2643 9685
2642 9686
2641 9687
2640 9688
2639 9689
2638 13423
2637 13424
2636 13425
2635 13426
2634 13427
2633 13428
2632 13429
2631 13430
2630 13431
2629 13432
2628 13433
2627 13054
2626 13055
2625 13056
2624 13057
2623 13058
2622 13059
2621 13060
2620 13061
2619 13062
2618 13063
2617 13064
2616 13065
2615 13066
2614 13067
2613 13068
2612 13069
2611 13070
2610 13071
2609 13072
2608 8786
2607 8787
2606 8788
2605 8789
2604 8790
2603 8791
2602 8792
2601 8793
2600 8794
2599 8795
2598 8796
2597 8797
2596 8810
2595 8811
2594 8812
2593 8813
2592 8814
2591 8815
2590 8816
2589 8817
2588 8818
2587 8819
2586 8830
2584 2585
2583 8833
2582 8834
2581 8835
2579 2580
2578 8838
2577 8839
2576 10829
2574 2575
2573 10832
2572 10833
2571 10834
2569 2570
2568 10837
2567 10838
2565 2566
2564 11563
2562 2563
2561 11566
2560 11567
2558 2559
2557 11570
2556 11614
2554 2555
2553 11617
2551 2552
2550 11620
2549 11621
2548 11622
2547 11623
2546 11624
2544 2545
2543 11627
2541 2542
2540 11630
2538 2539
2537 11633
2536 11634
2534 2535
2533 11637
2531 2532
2530 9368
2529 9369
2527 2528
2526 9372
2524 2525
2523 8850
2521 2522
2520 8853
2519 8854
2517 2518
2516 8857
2514 2515
2513 9340
2511 2512
2510 9343
2509 9344
2507 2508
2506 9833
2504 2505
2503 9836
2501 2502
2500 9958
2499 9959
2497 2498
2496 9962
2494 2495
2493 9965
2492 9966
2491 9967
2489 2490
2488 9970
2486 2487
2485 9973
2484 9974
2482 2483
2481 9977
2479 2480
2478 9980
2476 2477
2475 9983
2474 9984
2472 2473
2471 9987
2469 2470
2468 13527
2467 13528
2465 2466
2464 13531
2462 2463
2461 13534
2460 14033
2458 2459
2457 14036
2455 2456
2454 14039
2453 14040
2451 2452
2450 14043
2449 14044
2447 2448
2446 9573
2444 2445
2443 9576
2442 9577
2440 2441
2439 9580
2438 9581
2437 9582
2435 2436
2434 13897
2433 13898
2431 2432
2430 14610
2428 2429
2427 14613
2426 14614
2424 2425
2423 14617
2421 2422
2420 14620
2419 14621
2417 2418
2416 14624
2414 2415
2413 14627
2412 14628
2410 2411
2409 14631
2407 2408
2406 14634
2405 14635
2403 2404
2402 14638
2400 2401
2399 14641
2398 14642
2396 2397
2395 14645
2394 14646
2392 2393
2391 14649
2389 2390
2388 14652
2387 14653
2385 2386
2384 14656
2383 14657
2381 2382
2380 14660
2379 14661
2377 2378
2376 14664
2374 2375
2373 14667
2372 14668
2370 2371
2369 14671
2367 2368
2366 14674
2365 14675
2363 2364
2362 14397
2360 2361
2359 14400
2358 14401
2356 2357
2355 10170
2353 2354
2352 10173
2351 10174
2349 2350
2348 10177
2346 2347
2345 10180
2344 10181
2342 2343
2341 10184
2339 2340
2338 10187
2337 10188
2335 2336
2334 10191
2332 2333
2331 10194
2330 10195
2329 10196
2327 2328
2326 10199
2325 10200
2323 2324
2322 10203
2320 2321
2319 10206
2317 2318
2316 10209
2315 10210
2313 2314
2312 14791
2310 2311
2309 14794
2307 2308
2306 14797
2304 2305
2303 14800
2302 15061
2300 2301
2299 15064
2297 2298
2296 15067
2294 2295
2293 15070
2292 15071
2290 2291
2289 15074
2287 2288
2286 15077
2285 15078
2283 2284
2282 15081
2280 2281
2279 15084
2278 15161
2276 2277
2275 15164
2274 15165
2273 15166
2271 2272
2270 15169
2269 15170
2268 15171
2266 2267
2265 15174
2264 15175
2262 2263
2261 15178
2260 15179
2259 15180
2257 2258
2256 15183
2255 15184
2254 15185
2252 2253
2251 15188
2250 15189
2249 15190
2247 2248
2246 15193
2245 15194
2244 15195
2242 2243
2241 8906
2240 8907
2239 8908
2237 2238
2236 8911
2235 8912
2234 8913
2232 2233
2231 8916
2230 8917
2229 8918
2228 8919
2227 8920
2224 10213
2223 10214
2221 2222
2220 10217
2219 10218
2218 10219
2217 10220
2216 10221
2215 10222
2214 10223
2212 2213
2211 10226
2210 10227
2209 10228
2208 10229
2207 10230
2206 10231
2205 10232
2203 2204
2202 10235
2201 10236
2200 10237
2199 10238
2198 10239
2197 10240
2196 10241
2194 2195
2193 10244
2192 15145
2191 15146
2190 15147
2189 15148
2188 15149
2186 2187
2185 15152
2184 15153
2183 15154
2182 15155
2181 15156
2180 15157
2179 15158
2177 2178
2176 15085
2175 15086
2174 15087
2173 15088
2171 2172
2170 15091
2169 15092
2168 15093
2167 15094
2165 2166
2164 14774
2163 14775
2162 14776
2161 14777
2159 2160
2158 14780
2157 14781
2156 14782
2154 2155
2153 14785
2152 14786
2151 14787
2150 14788
2148 2149
2147 9990
2146 9991
2145 9992
2143 2144
2142 9995
2141 9996
2140 9997
2138 2139
2137 10000
2136 10001
2135 10002
2134 10003
2133 10004
2131 2132
2130 10007
2129 14369
2128 14370
2127 14371
2125 2126
2124 14374
2123 14375
2122 14376
2120 2121
2119 14379
2118 14380
2117 14381
2116 14382
2114 2115
2113 14385
2112 14386
2111 14387
2110 14388
2108 2109
2107 14391
2106 14392
2105 14393
2104 14394
2102 2103
2101 14678
2100 14679
2099 14680
2098 14681
2096 2097
2095 14684
2094 14685
2093 14686
2091 2092
2090 14127
2089 14128
2088 14129
2087 14130
2086 14131
2084 2085
2083 14134
2082 14135
2081 14136
2079 2080
2078 14139
2077 13858
2076 13859
2075 13860
2073 2074
2072 13863
2071 13864
2070 13865
2069 13866
2067 2068
2066 13869
2065 13870
2064 13871
2063 13872
2061 2062
2060 13875
2059 13876
2058 13877
2057 13878
2055 2056
2054 13881
2053 13882
2052 13883
2051 13884
2049 2050
2048 13887
2047 13888
2046 13889
2044 2045
2043 13892
2042 13893
2041 13894
2040 9583
2039 9584
2037 2038
2036 9587
2035 9588
2034 9589
2033 9590
2031 2032
2030 9593
2029 14045
2028 14046
2027 14047
2025 2026
2024 14050
2023 14051
2022 14052
2021 14053
2019 2020
2018 13520
2017 13521
2016 13522
2015 13523
2013 2014
2012 13526
2011 9876
2010 9877
2009 9878
2007 2008
2006 9881
2005 9882
2004 9883
2002 2003
2001 9886
2000 9887
1999 9888
1998 9889
1996 1997
1995 9892
1994 9893
1993 9894
1992 9895
1991 9818
1990 9819
1988 1989
1987 9822
1986 9823
1985 9824
1983 1984
1982 9827
1981 9828
1980 9829
1979 9830
1977 1978
1976 9347
1975 9348
1974 9349
1972 1973
1971 9352
1970 9353
1969 9354
1968 9355
1966 1967
1965 9358
1964 9359
1963 9360
1961 1962
1960 9363
1959 9364
1958 9365
1957 11638
1955 1956
1954 11641
1953 11642
1952 11643
1951 11644
1949 1950
1948 11543
1947 11544
1946 11545
1945 11546
1944 11547
1942 1943
1941 11550
1940 11551
1939 11552
1938 11553
1936 1937
1935 11556
1934 11557
1933 11558
1932 11559
1930 1931
1929 11562
1928 10841
1927 10842
1926 10843
1925 10844
1923 1924
1922 10847
1921 10848
1920 10849
1919 10850
1918 10851
1917 11433
1915 1916
1914 11436
1913 11437
1912 11438
1911 11439
1910 11440
1909 11441
1908 11442
1907 11443
1906 11235
1905 11236
1904 11237
1903 11238
1902 11239
1901 11240
1900 11241
1899 11242
1898 11243
1897 11244
1896 11184
1895 11185
1894 11186
1893 11187
1892 11188
1891 11189
1890 11190
1889 11191
1888 11192
1887 11193
1886 11055
1885 11056
1884 11057
1883 11058
1882 11059
1881 11060
1880 11061
1879 11062
1878 11063
1877 11064
1876 13040
1875 13041
1874 13042
1873 13043
1872 13044
1871 13045
1870 13046
1869 13047
1868 13048
1867 13049
1866 13050
1865 13051
1864 13052
1863 13053
1862 13434
1861 13435
1860 13436
1859 13437
1858 13438
1857 13439
1856 13440
1855 13441
1854 13286
1853 13287
1852 13288
1851 13289
1850 13290
1849 13291
1848 13292
1847 13293
1846 13294
1845 13295
1844 9646
1843 9647
1842 9648
1841 9649
1840 9650
1839 9651
1838 9652
1837 9653
1836 9654
1835 9655
1834 9656
1833 9657
1832 9658
1831 9659
1830 9660
1829 9661
1828 9662
1827 9663
1826 9664
1825 9665
1824 9666
1823 9667
1822 9668
1821 9669
1820 12825
1819 12826
1818 12827
1817 12828
1816 12829
1815 12830
1814 12831
1813 12832
1812 12833
1811 12834
1810 12835
1809 12836
1808 12837
1807 12838
1806 12839
1805 12840
1804 12427
1803 12428
1802 12429
1801 12430
1800 12431
1799 12432
1798 12433
1797 12434
1796 12435
1795 12436
1794 12437
1793 12438
1792 12439
1791 11903
1790 11904
1789 11905
1788 11906
1787 11907
1786 11908
1785 11909
1784 11910
1783 11911
1782 11912
1781 11913
1780 11914
1779 12334
1778 12335
1777 12336
1776 12337
1775 12338
1774 12339
1773 12340
1772 12341
1771 12342
1770 12343
1769 12344
1768 12345
1767 12346
1766 12347
1765 12348
1764 12349
1763 12150
1762 12151
1761 12152
1760 12153
1759 12154
1758 12155
1757 12156
1756 12157
1755 12158
1754 12159
1753 12160
1752 12161
1751 12162
1750 12163
1749 12164
1748 12165
1747 12166
1746 12167
1745 12168
1744 12169
1743 12170
1742 12171
1741 12172
1740 12173
1739 8013
1738 8014
1737 8015
1736 8016
1735 8017
1734 8018
1733 8019
1732 8020
1731 8021
1730 8022
1729 8023
1728 8024
1727 8025
1726 8026
1725 7921
1724 7922
1723 7923
1722 7924
1721 7925
1720 7926
1719 7927
1718 7928
1717 7929
1716 7930
1715 7931
1714 7932
1713 7933
1712 7934
1711 9616
1710 9617
1709 9618
1708 9619
1707 9620
1706 9621
1705 9622
1704 9623
1703 9624
1702 9625
1701 9626
1700 9627
1699 9628
1698 9629
1697 9630
1696 9631
1695 9632
1694 9633
1693 9634
1692 9635
1691 9636
1690 8217
1689 8218
1688 8219
1687 8220
1686 8221
1685 8222
1684 8223
1683 8224
1682 8225
1681 8226
1680 8227
1679 8228
1678 8229
1677 8230
1676 8231
1675 8232
1674 8233
1673 8234
1670 10927
1669 10928
1668 10929
1667 10930
1666 10931
1665 10932
1664 10933
1663 10934
1662 10935
1661 10936
1660 10937
1659 8210
1658 8211
1657 8212
1656 8213
1655 8214
1654 8215
1653 8216
1652 9594
1651 9595
1650 9596
1649 9597
1648 9598
1647 9599
1646 9600
1645 9601
1644 9602
1643 9603
1642 9604
1641 9605
1640 9606
1639 9607
1638 9608
1637 9609
1636 9610
1635 9611
1634 9612
1633 9613
1632 9614
1631 9615
1630 7935
1629 7936
1628 7937
1627 7938
1626 7939
1625 7940
1624 7941
1623 7942
1622 7943
1621 7944
1620 7945
1619 7946
1618 7947
1617 7948
1616 7949
1615 7950
1614 7951
1613 7952
1612 7953
1611 7954
1610 7955
1609 7956
1608 7957
1607 7958
1606 10949
1605 10950
1604 10951
1603 10952
1602 10953
1601 10954
1600 10955
1599 10956
1598 10957
1597 10958
1596 12131
1595 12132
1594 12133
1593 12134
1592 12135
1591 12136
1590 12137
1589 12138
1588 12139
1587 12140
1586 12141
1585 12142
1584 12143
1583 12144
1582 12145
1581 12146
1580 12147
1579 12148
1578 12149
1577 12350
1576 12351
1575 12352
1574 12353
1573 12354
1572 12355
1571 12356
1570 12357
1569 12358
1568 12359
1567 12360
1566 12361
1565 12362
1564 12363
1563 12364
1562 12365
1561 12366
1560 12367
1559 12368
1558 12369
1557 12370
1556 12371
1555 12372
1554 12373
1553 10971
1552 10972
1551 10973
1550 10974
1549 10975
1548 10976
1547 10977
1546 10978
1545 10979
1544 12417
1543 12418
1542 12419
1541 12420
1540 12421
1539 12422
1538 12423
1537 12424
1536 12425
1535 12426
1534 12841
1533 12842
1532 12843
1531 12844
1530 12845
1529 12846
1528 12847
1527 12848
1526 12849
1525 12850
1524 12851
1523 12852
1522 12853
1521 12854
1520 12855
1519 12856
1518 12857
1517 12858
1516 12859
1515 12860
1514 12861
1513 12862
1512 12863
1511 12864
1510 12865
1509 12866
1508 12867
1507 12868
1506 12869
1505 12870
1504 12871
1503 12872
1502 12873
1501 10990
1500 10991
1499 10992
1498 10993
1497 10994
1496 10995
1495 10996
1494 10997
1493 10998
1492 10999
1491 13278
1490 13279
1489 13280
1488 13281
1487 13282
1486 13283
1485 13284
1484 13285
1483 13442
1482 13443
1481 13444
1480 13445
1479 13446
1478 13447
1477 13448
1476 13449
1475 13450
1474 13451
1473 13452
1472 13453
1471 13454
1470 13455
1469 13456
1468 13457
1467 13458
1466 13459
1465 13460
1464 13461
1463 13462
1462 13463
1461 13464
1460 13465
1459 11048
1458 11049
1457 11050
1456 11051
1455 11052
1454 11053
1453 11054
1452 11012
1451 11013
1450 11014
1449 11015
1448 11016
1447 11017
1446 11018
1445 11019
1444 11020
1443 11021
1442 11022
1441 11023
1440 11024
1439 11227
1438 11228
1437 11229
1436 11230
1435 11231
1434 11232
1433 11233
1432 11234
1431 11194
1430 11195
1429 11196
1428 11197
1427 11198
1426 11199
1425 11200
1424 11201
1422 1423
1421 11204
1420 11205
1419 11206
1418 11444
1417 11445
1416 11446
1414 1415
1413 11449
1412 11450
1411 11451
1410 11452
1408 1409
1407 11455
1406 11466
1405 11467
1404 11468
1403 11469
1401 1402
1400 11472
1399 11473
1398 11474
1397 11475
1395 1396
1394 11534
1393 11535
1392 11536
1391 11537
1390 11538
1388 1389
1387 11488
1386 11489
1385 11490
1384 11491
1382 1383
1381 11494
1380 11495
1379 11496
1377 1378
1376 11499
1375 11500
1374 11501
1373 11502
1371 1372
1370 11505
1369 11506
1368 11507
1366 1367
1365 11645
1364 11646
1363 11647
1362 11648
1360 1361
1359 11651
1358 11652
1357 11653
1355 1356
1354 11665
1353 11666
1352 11667
1351 11668
1349 1350
1348 11671
1347 11672
1346 11673
1345 11674
1344 11675
1343 11686
1341 1342
1340 11689
1339 11690
1338 11691
1336 1337
1335 11694
1334 11695
1333 11696
1332 11697
1330 1331
1329 13509
1328 13510
1327 13511
1325 1326
1324 13514
1323 13515
1322 13516
1321 13517
1319 1320
1318 14056
1317 14057
1316 14058
1315 14059
1313 1314
1312 14062
1311 14063
1310 14064
1309 14065
1307 1308
1306 14068
1305 14069
1304 14070
1303 14071
1301 1302
1300 14074
1299 14075
1298 14076
1297 14077
1296 14078
1294 1295
1293 14081
1292 11708
1291 11709
1290 11710
1288 1289
1287 11713
1286 11714
1285 11715
1284 11716
1282 1283
1281 11719
1280 11730
1279 11731
1277 1278
1276 11734
1275 11735
1274 11736
1273 11737
1271 1272
1270 11740
1269 11741
1268 14105
1266 1267
1265 14108
1264 14109
1263 14110
1262 14111
1260 1261
1259 14114
1258 14115
1257 14116
1255 1256
1254 14119
1253 14120
1252 14121
1251 14122
1250 14123
1249 14124
1247 1248
1246 14689
1245 14690
1244 14691
1243 14692
1241 1242
1240 14695
1239 14696
1238 14697
1236 1237
1235 14700
1234 14701
1233 14702
1232 14703
1230 1231
1229 14706
1228 11752
1227 11753
1226 11754
1224 1225
1223 11757
1222 11758
1221 11759
1219 1220
1218 11762
1217 11772
1216 11773
1215 11774
1213 1214
1212 11777
1211 11778
1210 11779
1208 1209
1207 11782
1206 11783
1205 14741
1204 14742
1203 14743
1202 14744
1200 1201
1199 14747
1198 14748
1197 14749
1196 14750
1194 1195
1193 14753
1192 14754
1191 14755
1189 1190
1188 14758
1187 14759
1186 14760
1184 1185
1183 14763
1182 14764
1181 14765
1179 1180
1178 14768
1177 14769
1176 14770
1175 14771
1173 1174
1172 15097
1171 15098
1170 15099
1168 1169
1167 15102
1166 15103
1165 15125
1164 15126
1162 1163
1161 15129
1160 15130
1159 15131
1158 15132
1157 15133
1156 15134
1155 15135
1154 15136
1153 15137
1151 1152
1150 15140
1149 15141
1148 15142
1147 15143
1146 15144
1145 10245
1143 1144
1142 10248
1141 10249
1140 10250
1139 10251
1138 10252
1137 10253
1135 1136
1134 10256
1133 10257
1132 10258
1131 11810
1130 11811
1129 11812
1128 11813
1126 1127
1125 11816
1124 11817
1123 11818
1122 11819
1121 11820
1120 11821
1119 11822
1117 1118
1116 11825
1115 11826
1114 11827
1111 11794
1110 11795
1109 11796
1108 11797
1107 11798
1106 11799
1105 11800
1104 11801
1103 11802
1102 11803
1101 11804
1100 11805
1099 11806
1098 11807
1097 11808
1096 11809
1095 10259
1094 10260
1093 10261
1092 10262
1091 10263
1090 10264
1089 10265
1088 10266
1087 10267
1086 10268
1085 10269
1084 10270
1083 10271
1082 10272
1081 10273
1080 10274
1079 10275
1078 15112
1077 15113
1076 15114
1075 15115
1074 15116
1073 15117
1072 15118
1071 15119
1070 15120
1069 15121
1068 15122
1067 15123
1066 15124
1065 14895
1064 14896
1063 14897
1062 14898
1061 14899
1060 14900
1059 14901
1058 14902
1057 14903
1056 14717
1055 14718
1054 14719
1053 14720
1052 14721
1051 14722
1050 14723
1049 14724
1048 14725
1047 14726
1046 14727
1045 14728
1044 14729
1043 14730
1042 14731
1041 14732
1040 14733
1039 14734
1038 14735
1037 14736
1036 14737
1035 14738
1034 14739
1033 14740
1032 11784
1031 11785
1030 11786
1029 11787
1028 11788
1027 11789
1026 11790
1025 11791
1024 11792
1023 11793
1022 11763
1021 11764
1020 11765
1019 11766
1018 11767
1017 11768
1016 11769
1015 11770
1014 11771
1013 14175
1012 14176
1011 14177
1010 14178
1009 14179
1008 14180
1007 14181
1006 14182
1005 14183
1004 14165
1003 14166
1002 14167
1001 14168
1000 14169
999 14170
998 14171
997 14172
996 14173
995 14174
994 14090
993 14091
992 14092
990 991
989 14095
988 14096
987 14097
986 14098
985 14099
984 14100
983 14101
982 14102
981 14103
980 14104
979 11742
978 11743
977 11744
976 11745
975 11746
974 11747
973 11748
972 11749
971 11750
970 11751
969 11720
968 11721
967 11722
966 11723
965 11724
964 11725
963 11726
962 11727
961 11728
960 11729
959 13721
958 13722
957 13723
956 13724
955 13725
954 13726
953 13727
952 13710
951 13711
950 13712
949 13713
948 13714
947 13715
946 13716
945 13717
944 13718
943 13719
942 13720
941 13493
940 13494
939 13495
938 13496
937 13497
936 13498
935 13499
934 13500
933 13501
932 13502
931 13503
930 13504
929 13505
928 13506
927 11698
926 11699
925 11700
924 11701
923 11702
922 11703
921 11704
920 11705
919 11706
918 11707
917 11676
916 11677
915 11678
914 11679
913 11680
912 11681
911 11682
910 11683
909 11684
908 11685
907 11656
906 11657
905 11658
904 11659
903 11660
902 11661
901 11662
900 11663
899 11664
898 11510
897 11511
896 11512
895 11513
894 11514
893 11515
892 11516
891 11517
890 11518
889 11519
888 11520
887 11521
886 11522
885 11523
884 11524
883 11525
882 11526
881 11527
880 11528
879 11529
878 11530
877 11531
876 11532
875 11533
874 11478
873 11479
872 11480
871 11481
870 11482
869 11483
868 11484
867 11485
866 11486
865 11487
864 11456
863 11457
862 11458
861 11459
860 11460
859 11461
858 11462
857 11463
856 11464
855 11465
854 11207
853 11208
852 11209
851 11210
850 11211
849 11212
848 11213
847 11214
846 11215
845 11216
844 11217
843 11218
842 11219
841 11220
840 11221
839 11222
838 11223
837 11224
836 11225
835 11226
834 11025
833 11026
832 11027
831 11028
830 11029
829 11030
828 11031
827 11032
826 11033
825 11034
824 11035
823 11036
822 11037
821 11038
820 11039
819 11040
818 11041
817 11042
816 11043
815 11044
814 11045
813 11046
812 11047
811 12874
810 12875
809 12876
808 12877
807 12878
806 12879
805 12880
804 12881
803 12882
802 12883
801 12884
800 12885
799 12886
798 12887
797 12888
796 12889
795 12890
794 13255
793 13256
792 13257
791 13258
790 13259
789 13260
788 13261
787 13262
786 13263
785 13264
784 13265
783 13266
782 13267
781 13268
780 13269
779 13270
778 13271
777 13272
776 13273
775 13274
774 13275
773 13276
772 13277
771 11000
770 11001
769 11002
768 11003
767 11004
766 11005
765 11006
764 11007
763 11008
762 11009
761 11010
760 11011
759 12626
758 12627
757 12628
756 12629
755 12630
754 12631
753 12632
752 12633
751 12634
750 12635
749 12636
748 12637
747 12638
746 12639
745 12640
744 12641
743 12642
742 12382
741 12383
740 12384
739 12385
738 12386
737 12387
736 12388
735 12389
734 12390
733 12391
732 12392
731 12393
730 12394
729 12395
728 12396
727 12397
726 12398
725 12399
724 12400
723 12401
722 12402
721 12403
720 12404
719 12405
718 12406
717 12407
715 716
714 12410
713 12411
712 12412
711 12413
710 12414
709 12415
708 12416
707 10980
706 10981
705 10982
704 10983
703 10984
702 10985
701 10986
700 10987
699 10988
698 10989
697 11850
696 11851
695 11852
694 11853
693 11854
692 11855
691 11856
690 11857
689 11840
688 11841
687 11842
686 11843
685 11844
684 11845
683 11846
682 11847
681 11848
680 11849
679 12097
678 12098
677 12099
676 12100
675 12101
674 12102
673 12103
672 12104
670 671
669 12107
668 12108
667 12109
666 12110
665 12111
664 12112
663 12113
662 12114
661 12115
660 12116
659 12117
658 12118
657 12119
656 12120
655 12121
654 12122
653 12123
652 12124
651 12125
650 12126
649 12127
648 12128
647 12129
646 12130
645 10959
644 10960
643 10961
642 10962
641 10963
640 10964
639 10965
638 10966
637 10967
636 10968
635 10969
634 10970
633 7959
632 7960
631 7961
630 7962
629 7963
628 7964
627 7965
626 8112
625 8113
624 8114
623 8115
622 8116
621 8117
619 620
618 8120
617 8121
616 8122
615 8123
614 8124
613 8125
612 8126
611 8127
610 8128
609 8129
608 8130
607 8131
606 8132
605 8133
604 8134
603 8135
602 8136
601 8137
600 8138
599 8139
598 8140
597 8141
596 8142
595 8143
594 8144
593 8187
592 8188
591 8189
590 8190
589 8191
588 8192
587 8193
586 8194
585 8195
584 8196
583 8197
582 8198
580 581
579 8201
578 8202
577 8203
576 8204
575 8205
574 8206
573 8207
572 8208
571 8209
570 10938
569 10939
568 10940
567 10941
566 10942
565 10943
564 10944
563 10945
562 10946
561 10947
560 10948
557 10367
556 10368
555 10369
554 10370
553 10371
551 552
550 10374
549 10383
548 10384
547 10385
546 10386
545 10387
543 544
542 10390
541 10391
540 10392
539 10403
538 10404
536 537
535 10407
534 10408
533 10409
532 10410
531 10411
529 530
528 8178
527 8179
526 8180
525 8181
524 8182
522 523
521 8185
520 8186
519 8145
518 8146
517 8147
515 516
514 8150
513 8151
512 8152
511 8153
510 8154
508 509
507 10424
506 10425
505 10426
503 504
502 10429
501 10430
500 10431
499 10432
497 498
496 8096
495 8097
494 8098
492 493
491 8101
490 8102
489 8103
487 488
486 8106
485 8107
483 484
482 8110
481 8111
480 7966
478 479
477 7969
476 7970
475 7971
473 474
472 7974
471 7975
470 7976
468 469
467 7979
466 7980
465 7981
464 10445
463 10446
462 10447
460 461
459 10450
458 10451
457 10452
455 456
454 10455
453 10467
452 10468
450 451
449 10471
448 10472
447 10473
446 10474
444 445
443 10477
442 10489
441 10490
439 440
438 10493
437 10494
436 10495
435 10496
433 434
432 10507
431 10508
430 10509
429 10510
427 428
426 10513
425 10514
424 12090
422 423
421 12093
420 12094
419 12095
418 12096
417 11828
416 11829
415 11830
413 414
412 11833
411 11834
410 11835
409 11836
407 408
406 11839
405 11858
404 11859
403 11860
401 402
400 11863
399 11864
398 11865
396 397
395 11868
394 11869
393 11870
392 11871
390 391
389 10527
388 10528
387 10529
386 10530
384 385
383 10533
382 10534
381 10535
379 380
378 10549
377 10550
376 10551
375 10552
373 374
372 10555
371 10556
370 10557
369 10568
368 10569
367 10570
365 366
364 10573
363 10574
362 10575
360 361
359 10578
358 10590
357 10591
356 10592
354 355
353 10595
352 10596
351 10597
349 350
348 12376
347 12377
346 12378
345 12379
343 344
342 12643
341 12644
340 12645
338 339
337 12648
336 12649
335 12650
334 12651
332 333
331 12654
330 12655
329 12656
328 10606
326 327
325 10609
324 10610
323 10611
322 10612
321 10613
320 10614
318 319
317 10617
316 10618
315 10619
314 10620
312 313
311 10623
310 10624
309 10625
308 10626
306 307
305 10629
304 10630
303 10631
301 302
300 10634
299 10635
298 10636
297 13238
295 296
294 13241
293 13242
292 13243
291 13244
289 290
288 13247
287 13248
286 13249
285 13250
283 284
282 13253
281 13254
280 12891
279 12892
277 278
276 12895
275 12896
274 12897
273 12898
272 12899
270 271
269 12902
268 12903
267 12904
266 12905
265 12906
263 264
262 12909
261 12910
260 12911
259 12912
258 12913
256 257
255 12916
254 12917
253 12918
252 12919
251 12920
250 12921
249 12922
248 12923
246 247
245 12926
244 12927
243 12928
242 12929
241 12930
240 12931
239 12932
238 12933
237 12934
236 12935
235 12936
234 12937
233 12938
232 12939
231 12940
230 12941
229 12942
228 12943
227 12944
226 12945
225 12946
224 12947
223 12948
222 12949
221 12950
220 12951
219 12952
218 12953
217 12954
216 12955
215 12956
214 12957
213 12958
212 10667
211 10668
210 10669
209 10670
208 10671
207 10672
206 10673
205 10674
204 10675
203 10676
202 10677
201 10678
200 10679
199 10680
198 10681
197 10682
196 10683
195 10684
194 10685
193 10686
192 10687
191 10688
190 10876
189 10877
188 10878
187 10879
186 10880
185 10881
184 10882
183 10883
182 10884
181 10894
180 10895
179 10896
178 10897
177 10898
176 10899
175 10900
174 10901
173 10902
172 10903
171 10904
170 13466
169 13467
168 13468
167 13469
166 13470
165 13471
164 13472
163 13473
162 13474
161 13475
160 13476
159 13477
158 13478
157 13479
156 13480
155 13481
154 13482
153 13483
152 13484
151 13485
150 13486
149 13487
148 13488
147 13489
146 13490
145 13491
144 13492
143 13701
142 13702
141 13703
140 13704
139 13705
138 13706
137 13707
136 13708
135 13709
134 13728
133 13729
132 13730
131 13731
130 13732
129 13733
128 13734
127 13735
126 13736
125 13737
124 13738
123 13739
122 13740
121 13741
120 13742
119 13743
118 13744
117 13745
116 13746
115 13747
114 13748
113 13749
112 13750
111 13751
110 13752
109 13753
108 14082
107 14083
106 14084
105 14085
104 14086
103 14087
102 14088
101 14089
100 14156
99 14157
98 14158
97 14159
96 14160
95 14161
94 14162
93 14163
92 14164
91 14184
90 14185
89 14186
88 14187
87 14188
86 14189
85 14190
84 14191
83 14192
82 14193
81 14194
80 14195
79 14196
78 14197
77 14198
76 14199
75 14200
74 14201
73 14202
72 14203
71 14204
70 14205
69 14206
68 14207
67 14208
66 14209
65 14210
64 14211
63 14212
62 14213
61 14214
60 14215
59 14216
58 14707
57 14708
56 14709
55 14710
54 14711
53 14712
52 14713
51 14714
50 14715
49 14716
48 14904
47 14905
46 14906
45 14907
44 14908
43 14909
42 14910
41 14911
40 14912
39 14913
38 14914
37 15104
36 15105
35 15106
34 15107
33 15108
32 15109
31 15110
30 15111
29 10276
28 10277
27 10278
26 10279
25 10280
24 10281
23 10282
22 10283
21 10284
20 10285
19 10286
18 10287
17 10288
16 10289
15 10290
14 10291
13 10292
12 10293
11 10294
10 10295
9 10296
8 10297
7 10298
6 10299
5 10922
4 10923
3 10924
2 10925
1 10926
558 10367
