0 15365
1 15364
2 15363
3 15362
4 15361
5 15360
6 15359
7 15358
8 15357
9 15356
10 15225
11 15224
12 15223
13 15222
14 15221
15 15220
16 15219
17 14512
18 14511
19 14510
20 14509
21 14508
22 14507
23 14506
24 14662
25 14661
26 14660
27 14659
28 14658
29 14657
30 14656
31 14422
32 14421
33 14420
34 14419
35 14418
36 14417
37 14416
38 14415
39 14414
40 14413
41 14412
42 14411
43 14410
44 14459
45 14458
46 14457
47 14456
48 14455
49 14454
50 14453
51 14452
52 14451
53 14450
54 14449
55 14448
56 14385
57 14384
58 14383
59 14382
60 14381
61 14380
62 14379
63 13988
64 13987
65 13986
66 13985
67 13984
68 13983
69 13982
70 13719
71 13718
72 13717
73 13716
74 13715
75 13714
76 13713
77 13758
78 13757
79 13756
80 13755
81 13754
82 13753
83 13752
84 13751
85 13750
86 13749
87 13748
88 13747
89 13746
90 13745
91 13744
92 13743
93 13742
94 13741
95 13740
96 13739
97 13738
98 13737
99 13736
100 13735
101 13734
102 13881
103 13880
104 13879
105 13878
106 13877
107 13876
108 13875
109 13393
110 13392
111 13391
112 13390
113 13389
114 13388
115 13387
116 13135
117 13134
118 13133
119 13132
120 13131
121 13130
122 13129
123 13330
124 13329
125 13328
126 13327
127 13326
128 13325
129 13324
130 13323
131 13322
132 13321
133 13320
134 13319
135 13318
136 13317
137 13316
138 13315
139 13314
140 13313
141 12944
142 12943
143 12942
144 12941
145 12940
146 12939
147 12938
148 13252
149 13251
150 13250
151 13249
152 13248
153 13247
154 13246
155 12594
156 12593
157 12592
158 12591
159 12590
160 12589
161 12588
162 12768
163 12767
164 12766
165 12765
166 12764
167 12763
168 12762
169 12807
170 12806
171 12805
172 12804
173 12803
174 12802
175 12801
176 12800
177 12799
178 12798
179 12797
180 12796
181 12795
182 12794
183 12793
184 12792
185 12791
186 12790
187 12839
188 12838
189 12837
190 12836
191 12835
192 12834
193 12833
194 12487
195 12486
196 12485
197 12484
198 12483
199 12482
200 12481
201 12243
202 12242
203 12241
204 12240
205 12239
206 12238
207 12237
208 11875
209 11874
210 11873
211 11872
212 11871
213 11870
214 11869
215 11868
216 11867
217 11866
218 11865
219 11864
220 11863
221 11862
222 11861
223 11860
224 11859
225 11858
226 11857
227 11856
228 11855
229 11854
230 11853
231 11852
232 11851
233 11973
234 11972
235 11971
236 11970
237 11969
238 11968
239 11967
240 12172
241 12171
242 12170
243 12169
244 12168
245 12167
246 12166
247 11706
248 11705
249 11704
250 11703
251 11702
252 11701
253 11700
254 10118
255 10117
256 10116
257 10115
258 10114
259 10113
260 10112
261 10111
262 10110
263 10109
264 10108
265 10107
266 10106
267 10105
268 10104
269 10103
270 10102
271 10101
272 10100
273 10099
274 10098
275 10210
276 10209
277 10208
278 10207
279 10206
280 10205
281 10204
282 11629
283 11628
284 11627
285 11626
286 11625
287 11624
288 11623
289 11569
290 11568
291 11567
292 11566
293 11565
294 11564
295 11563
296 11562
297 11561
298 11560
299 11559
300 11558
301 11557
302 11556
303 11555
304 11554
305 11553
306 11552
307 11551
308 11550
309 11549
310 11548
311 11547
312 11546
313 10510
314 10509
315 10508
316 10507
317 10506
318 10505
319 10504
320 11496
321 11495
322 11494
323 11493
324 11492
325 11491
326 11490
327 11489
328 11488
329 11487
330 11486
331 11485
332 11484
333 11483
334 11482
335 11481
336 11159
337 11158
338 11157
339 11156
340 11155
341 11154
342 11153
343 11152
344 11151
345 11150
346 11149
347 11148
348 11147
349 11146
350 11145
351 10862
352 10861
353 10860
354 10859
355 10858
356 10857
357 10856
358 11095
359 11094
360 11093
361 11092
362 11091
363 11090
364 11089
365 11088
366 11087
367 11086
368 11085
369 11084
370 11083
371 11082
372 11081
373 11080
374 11079
375 11078
376 11077
377 11076
378 11075
379 11074
380 11073
381 11072
382 9513
383 9512
384 9511
385 9510
386 9509
387 9508
388 9507
389 9787
390 9786
391 9785
392 9784
393 9783
394 9782
395 9781
396 9109
397 9108
398 9107
399 9106
400 9105
401 9104
402 9103
403 9102
404 9101
405 9100
406 9099
407 9098
408 9555
409 9554
410 9553
411 9552
412 9551
413 9550
414 9549
415 9548
416 9547
417 9546
418 9545
419 9544
420 8881
421 8880
422 8879
423 8878
424 8877
425 8876
426 8875
427 9307
428 9306
429 9305
430 9304
431 9303
432 9302
433 9301
434 8776
435 8775
436 8774
437 8773
438 8772
439 8771
440 8770
441 8769
442 8768
443 8767
444 8949
445 8948
446 8947
447 8946
448 8945
449 8944
450 8943
451 8804
452 8803
453 8802
454 8801
455 8800
456 8799
457 8798
458 8326
459 8325
460 8324
461 8323
462 8322
463 8321
464 8320
465 8471
466 8470
467 8469
468 8468
469 8467
470 8466
471 8465
472 8539
473 8538
474 8537
475 8536
476 8535
477 8534
478 8533
479 8532
480 8531
481 8530
482 8529
483 8528
484 8527
485 8526
486 8525
487 8524
488 8523
489 8195
490 8194
491 8193
492 8192
493 8191
494 8190
495 8189
496 7823
497 7822
498 7821
499 7820
500 7819
501 7818
502 7817
503 7872
504 7871
505 7870
506 7869
507 7868
510 7951
511 7950
512 7949
513 7948
514 7947
515 7946
516 7945
517 7944
518 7943
519 7942
520 7941
521 7940
522 7939
523 7938
524 7937
525 7936
526 8202
527 8201
528 8200
529 8199
530 8198
531 8197
532 8196
533 8522
534 8521
535 8520
536 8519
537 8518
538 8517
539 8516
540 8515
541 8514
542 8547
543 8546
544 8545
545 8544
546 8543
547 8542
548 8541
549 8540
550 8464
551 8463
552 8462
553 8461
554 8460
555 8459
556 8458
557 8457
558 8456
559 8455
560 8454
561 8453
562 8452
563 8451
564 8811
565 8810
566 8809
567 8808
568 8807
569 8806
570 8805
571 8942
572 8941
573 8940
574 8939
575 8938
576 8937
577 8936
578 8786
579 8785
580 8784
581 8783
582 8782
583 8781
584 8780
585 8779
586 8778
587 8777
588 9300
589 9299
590 9298
591 9297
592 9296
593 9295
594 9294
595 9293
596 9292
597 9291
598 9290
599 9289
600 9288
601 9287
602 9083
603 9082
604 9081
605 9080
606 9079
607 9078
608 9077
609 9076
610 9075
611 9074
612 9073
613 9072
614 9121
615 9120
616 9119
617 9118
618 9117
619 9116
620 9115
621 9114
622 9113
623 9112
624 9111
625 9110
626 9780
627 9779
628 9778
629 9777
630 9776
631 9775
632 9774
633 9773
634 9772
635 9771
636 9770
637 9769
638 9768
639 9767
640 9621
641 9620
642 9619
643 9618
644 9617
645 9616
646 9615
647 9614
648 9613
649 9612
650 9649
651 9648
652 9647
653 9646
654 9645
655 9644
656 9643
657 11102
658 11101
659 11100
660 11099
661 11098
662 11097
663 11096
664 10855
665 10854
666 10853
667 10852
668 10851
669 10850
670 10849
671 10848
672 10847
673 10846
674 10845
675 10844
676 10843
677 10842
678 11187
679 11186
680 11185
681 11184
682 11183
683 11182
684 11181
685 11180
686 11179
687 11178
688 11177
689 11176
690 11175
691 11174
692 11173
693 11172
694 11171
695 11503
696 11502
697 11501
698 11500
699 11499
700 11498
701 11497
702 10503
703 10502
704 10501
705 10500
706 10499
707 10498
708 10497
709 10496
710 10495
711 10494
712 10493
713 10492
714 10491
715 10490
716 10489
717 10488
718 10487
719 10486
720 10485
721 10484
722 10734
723 10733
724 10732
725 10731
726 10730
727 10729
728 10728
729 10727
730 10726
731 10725
732 10724
733 11636
734 11635
735 11634
736 11633
737 11632
738 11631
739 11630
740 10203
741 10202
742 10201
743 10200
744 10199
745 10198
746 10197
747 10196
748 10195
749 10194
750 10193
751 10192
752 10191
753 10190
754 10189
755 10188
756 10187
757 10186
758 10185
759 10184
760 10183
761 10182
762 10181
763 10180
764 10179
765 10178
766 10177
767 10176
768 10175
769 10174
770 10173
771 10172
772 10171
773 10170
774 10169
775 12179
776 12178
777 12177
778 12176
779 12175
780 12174
781 12173
782 11966
783 11965
784 11964
785 11963
786 11962
787 11961
788 11960
789 11959
790 11958
791 11957
792 11956
793 11955
794 11954
795 11953
796 11952
797 11951
798 11950
799 11949
800 11948
801 11947
802 11946
803 11945
804 11944
805 11943
806 11942
807 11941
808 11940
809 11939
810 11938
811 11937
812 11936
813 11935
814 11934
815 11933
816 11932
817 11931
818 11930
819 11929
820 11928
821 12494
822 12493
823 12492
824 12491
825 12490
826 12489
827 12488
828 12832
829 12831
830 12830
831 12829
832 12828
833 12827
834 12826
835 12825
836 12824
837 12823
838 12822
839 12821
840 12820
841 12819
842 12818
843 12817
844 12816
845 12815
846 12814
847 12813
848 12812
849 12811
850 12810
851 12809
852 12808
853 12761
854 12760
855 12759
856 12758
857 12757
858 12756
859 12755
860 12754
861 12753
862 12752
863 12751
864 12750
865 12749
866 12748
867 13259
868 13258
869 13257
870 13256
871 13255
872 13254
873 13253
874 12937
875 12936
876 12935
877 12934
878 12933
879 12932
880 12931
881 12930
882 12929
883 12928
884 12927
885 12926
886 12925
887 12924
888 12923
889 12922
890 13339
891 13338
892 13337
893 13336
894 13335
895 13334
896 13333
897 13332
898 13331
899 13128
900 13127
901 13126
902 13125
903 13124
904 13123
905 13122
906 13121
907 13120
908 13119
909 13118
910 13117
911 13116
912 13115
913 13888
914 13887
915 13886
916 13885
917 13884
918 13883
919 13882
920 13733
921 13732
922 13731
923 13730
924 13729
925 13728
926 13727
927 13726
928 13725
929 13724
930 13723
931 13722
932 13721
933 13720
934 13769
935 13768
936 13767
937 13766
938 13765
939 13764
940 13763
941 13762
942 13761
943 13760
944 13759
945 13712
946 13711
947 13710
948 13709
949 13708
950 13707
951 13706
952 13705
953 13704
954 13703
955 13702
956 13701
957 13700
958 13699
959 14392
960 14391
961 14390
962 14389
963 14388
964 14387
965 14386
966 14447
967 14446
968 14445
969 14444
970 14443
971 14442
972 14441
973 14440
974 14439
975 14438
976 14437
977 14436
978 14435
979 14434
980 14433
981 14432
982 14431
983 14430
984 14429
985 14428
986 14427
987 14426
988 14425
989 14424
990 14423
991 14655
992 14654
993 14653
994 14652
995 14651
996 14650
997 14649
998 14648
999 14647
1000 14646
1001 14645
1002 14644
1003 14643
1004 14642
1005 15232
1006 15231
1007 15230
1008 15229
1009 15228
1010 15227
1011 15226
1012 15355
1013 15354
1014 15353
1015 15352
1016 15351
1017 15350
1018 15349
1019 15348
1020 15347
1021 15346
1022 15345
1023 15344
1024 15343
1025 15342
1026 15341
1027 15340
1028 15339
1029 15338
1030 15337
1031 15336
1032 15335
1033 15334
1034 15333
1035 15332
1036 15331
1037 14808
1038 14807
1039 14806
1040 14805
1041 14804
1042 14803
1043 14802
1044 14801
1045 14800
1046 14799
1047 14798
1048 14797
1049 14796
1050 14795
1051 14952
1052 14951
1053 14950
1054 14949
1055 14948
1056 14947
1057 14946
1058 14976
1059 14975
1060 14974
1061 14973
1062 14972
1065 14961
1066 14960
1067 14959
1068 14958
1069 14957
1070 14956
1071 14955
1072 14954
1073 14953
1074 14794
1075 14793
1076 14792
1077 14791
1078 14790
1079 14789
1080 14788
1081 15267
1082 15266
1083 15265
1084 15264
1085 15263
1086 15262
1087 15261
1088 15260
1089 15259
1090 15258
1091 15257
1092 15256
1093 15255
1094 15254
1095 15253
1096 15252
1097 15251
1098 15250
1099 15249
1100 15248
1101 15247
1102 15246
1103 15245
1104 15244
1105 15243
1106 15242
1107 15241
1108 15240
1109 15239
1110 15238
1111 15237
1112 15236
1113 15235
1114 15234
1115 15233
1116 14641
1117 14640
1118 14639
1119 14638
1120 14637
1121 14636
1122 14635
1123 14477
1124 14476
1125 14475
1126 14474
1127 14473
1128 14472
1129 14471
1130 14470
1131 14469
1132 14468
1133 14467
1134 14466
1135 14465
1136 14464
1137 14463
1138 14462
1139 14461
1140 14460
1141 14409
1142 14408
1143 14407
1144 14406
1145 14405
1146 14404
1147 14403
1148 14402
1149 14401
1150 14400
1151 14399
1152 14398
1153 14397
1154 14396
1155 14395
1156 14394
1157 14393
1158 13698
1159 13697
1160 13696
1161 13695
1162 13694
1163 13693
1164 13692
1165 13923
1166 13922
1167 13921
1168 13920
1169 13919
1170 13918
1171 13917
1172 13916
1173 13915
1174 13914
1175 13913
1176 13912
1177 13911
1178 13910
1179 13909
1180 13908
1181 13907
1182 13906
1183 13905
1184 13904
1185 13903
1186 13902
1187 13901
1188 13900
1189 13899
1190 13898
1191 13897
1192 13896
1193 13895
1194 13894
1195 13893
1196 13892
1197 13891
1198 13890
1199 13889
1200 13114
1201 13113
1202 13112
1203 13111
1204 13110
1205 13109
1206 13108
1207 13294
1208 13293
1209 13292
1210 13291
1211 13290
1212 13289
1213 13288
1214 13287
1215 13286
1216 13285
1217 13284
1218 13283
1219 13282
1220 13281
1221 13280
1222 13279
1223 13278
1224 13277
1225 13276
1226 13275
1227 13274
1228 13273
1229 13272
1230 13271
1231 13270
1232 13269
1233 13268
1234 13267
1235 13266
1236 13265
1237 13264
1238 13263
1239 13262
1240 13261
1241 13260
1242 12747
1243 12746
1244 12745
1245 12744
1246 12743
1247 12742
1248 12741
1249 12529
1250 12528
1251 12527
1252 12526
1253 12525
1254 12524
1255 12523
1256 12522
1257 12521
1258 12520
1259 12519
1260 12518
1261 12517
1262 12516
1263 12515
1264 12514
1265 12513
1266 12512
1267 12511
1268 12510
1269 12509
1270 12508
1271 12507
1272 12506
1273 12505
1274 12504
1275 12503
1276 12502
1277 12501
1278 12500
1279 12499
1280 12498
1281 12497
1282 12496
1283 12495
1284 11927
1285 11926
1286 11925
1287 11924
1288 11923
1289 11922
1290 11921
1291 11791
1292 11790
1293 11789
1294 11788
1295 11787
1296 11786
1297 11785
1298 11784
1299 11783
1300 11782
1301 11781
1302 11780
1303 11779
1304 11778
1305 11777
1306 11776
1307 11775
1308 11774
1309 11773
1310 11772
1311 11771
1312 12193
1313 12192
1314 12191
1315 12190
1316 12189
1317 12188
1318 12187
1319 12186
1320 12185
1321 12184
1322 12183
1323 12182
1324 12181
1325 12180
1326 10168
1327 10167
1328 10166
1329 10165
1330 10164
1331 10163
1332 10162
1333 10034
1334 10033
1335 10032
1336 10031
1337 10030
1338 10029
1339 10028
1340 10027
1341 10026
1342 10025
1343 10024
1344 10023
1345 10022
1346 10021
1347 10020
1348 10019
1349 10018
1350 10017
1351 10016
1352 10015
1353 10014
1354 11650
1355 11649
1356 11648
1357 11647
1358 11646
1359 11645
1360 11644
1361 11643
1362 11642
1363 11641
1364 11640
1365 11639
1366 11638
1367 11637
1368 10723
1369 10722
1370 10721
1371 10720
1372 10719
1373 10718
1374 10717
1375 10716
1376 10715
1377 10714
1378 10713
1379 10712
1380 10711
1381 10454
1382 10453
1383 10452
1384 10451
1385 10450
1386 10449
1387 10448
1388 10447
1389 10446
1390 10445
1391 10444
1392 10443
1393 10442
1394 10441
1395 10440
1396 11517
1397 11516
1398 11515
1399 11514
1400 11513
1401 11512
1402 11511
1403 11510
1404 11509
1405 11508
1406 11507
1407 11506
1408 11505
1409 11504
1410 11170
1411 11169
1412 11168
1413 11167
1414 11166
1415 11165
1416 11164
1417 11163
1418 11162
1419 11161
1420 11160
1421 11197
1422 11196
1423 11195
1424 11194
1425 11193
1426 11192
1427 11191
1428 11190
1429 11189
1430 11188
1431 10841
1432 10840
1433 10839
1434 10838
1435 10837
1436 10836
1437 10835
1438 11116
1439 11115
1440 11114
1441 11113
1442 11112
1443 11111
1444 11110
1445 11109
1446 11108
1447 11107
1448 11106
1449 11105
1450 11104
1451 11103
1452 9642
1453 9641
1454 9640
1455 9639
1456 9638
1457 9637
1458 9636
1459 9635
1460 9634
1461 9633
1462 9632
1463 9631
1464 9630
1465 9629
1466 9628
1467 9627
1468 9626
1469 9625
1470 9624
1471 9623
1472 9622
1473 9766
1474 9765
1475 9764
1476 9763
1477 9762
1478 9761
1479 9760
1480 9478
1481 9477
1482 9476
1483 9475
1484 9474
1485 9473
1486 9472
1487 9471
1488 9470
1489 9469
1490 9468
1491 9467
1492 9466
1493 9465
1494 9464
1495 9463
1496 9462
1497 9461
1498 9460
1499 9459
1500 9458
1501 9097
1502 9096
1503 9095
1504 9094
1505 9093
1506 9092
1507 9091
1508 9090
1509 9089
1510 9088
1511 9087
1512 9086
1513 9085
1514 9084
1515 9286
1516 9285
1517 9284
1518 9283
1519 9282
1520 9281
1521 9280
1522 8846
1523 8845
1524 8844
1525 8843
1526 8842
1527 8841
1528 8840
1529 8839
1530 8838
1531 8837
1532 8836
1533 8835
1534 8834
1535 8833
1536 8832
1537 8831
1538 8830
1539 8829
1540 8828
1541 8827
1542 8826
1543 8825
1544 8824
1545 8823
1546 8822
1547 8821
1548 8820
1549 8819
1550 8818
1551 8817
1552 8816
1553 8815
1554 8814
1555 8813
1556 8812
1557 8450
1558 8449
1559 8448
1560 8447
1561 8446
1562 8445
1563 8444
1564 8291
1565 8290
1566 8289
1567 8288
1568 8287
1569 8286
1570 8285
1571 8284
1572 8283
1573 8282
1574 8281
1575 8280
1576 8279
1577 8278
1578 8277
1579 8276
1580 8275
1581 8220
1582 8219
1583 8218
1584 8217
1585 8216
1586 8215
1587 8214
1588 8213
1589 8212
1590 8211
1591 8210
1592 8209
1593 8208
1594 8207
1595 8206
1596 8205
1597 8204
1598 8203
1599 7935
1600 7934
1601 7933
1602 7932
1603 7931
1604 7930
1605 7929
1606 7886
1607 7885
1608 7884
1609 7883
1610 7882
1611 7881
1612 7880
1613 7879
1614 7878
1617 7751
1618 7750
1619 7749
1620 7748
1621 7747
1622 7893
1623 7892
1624 7891
1625 7890
1626 7889
1627 7888
1628 7887
1629 7928
1630 7927
1631 7926
1632 7925
1633 7924
1634 7923
1635 7922
1636 7921
1637 7920
1638 7919
1639 7918
1640 7917
1641 7916
1642 7915
1643 8260
1644 8259
1645 8258
1646 8257
1647 8256
1648 8255
1649 8254
1650 8253
1651 8252
1652 8251
1653 8250
1654 8249
1655 8248
1656 8247
1657 8246
1658 8245
1659 8244
1660 8243
1661 8242
1662 8241
1663 8240
1664 8239
1665 8238
1666 8237
1667 8236
1668 8235
1669 8234
1670 8298
1671 8297
1672 8296
1673 8295
1674 8294
1675 8293
1676 8292
1677 8443
1678 8442
1679 8441
1680 8440
1681 8439
1682 8438
1683 8437
1684 8436
1685 8435
1686 8434
1687 8433
1688 8432
1689 8431
1690 8430
1691 8559
1692 8558
1693 8557
1694 8556
1695 8555
1696 8554
1697 8553
1698 8552
1699 8551
1700 8550
1701 8549
1702 8548
1703 8601
1704 8600
1705 8599
1706 8598
1707 8597
1708 8596
1709 8595
1710 8594
1711 8593
1712 8592
1713 8591
1714 8590
1715 8589
1716 8588
1717 8587
1718 8853
1719 8852
1720 8851
1721 8850
1722 8849
1723 8848
1724 8847
1725 9279
1726 9278
1727 9277
1728 9276
1729 9275
1730 9274
1731 9273
1732 9272
1733 9271
1734 9270
1735 9269
1736 9268
1737 9267
1738 9266
1739 9044
1740 9043
1741 9042
1742 9041
1743 9040
1744 9039
1745 9038
1746 9037
1747 9036
1748 9035
1749 9232
1750 9231
1751 9230
1752 9229
1753 9228
1754 9227
1755 9226
1756 9225
1757 9224
1758 9223
1759 9222
1760 9221
1761 9220
1762 9219
1763 9218
1764 9217
1765 9216
1766 9485
1767 9484
1768 9483
1769 9482
1770 9481
1771 9480
1772 9479
1773 9759
1774 9758
1775 9757
1776 9756
1777 9755
1778 9754
1779 9753
1780 9752
1781 9751
1782 9750
1783 9749
1784 9748
1785 9747
1786 9746
1787 9697
1788 9696
1789 9695
1790 9694
1791 9693
1792 9692
1793 9691
1794 9690
1795 9689
1796 9688
1797 9687
1798 9686
1799 9685
1800 9684
1801 9683
1802 9682
1803 9681
1804 9680
1805 9679
1806 9678
1807 9677
1808 9676
1809 9675
1810 9674
1811 9673
1812 9672
1813 9671
1814 11123
1815 11122
1816 11121
1817 11120
1818 11119
1819 11118
1820 11117
1821 10834
1822 10833
1823 10832
1824 10831
1825 10830
1826 10829
1827 10828
1828 10827
1829 10826
1830 10825
1831 10824
1832 10823
1833 10822
1834 10821
1835 10820
1836 10819
1837 10818
1838 10817
1839 10816
1840 10815
1841 10814
1842 10813
1843 10812
1844 10811
1845 10810
1846 10809
1847 10808
1848 10807
1849 10806
1850 10805
1851 10804
1852 10803
1853 10802
1854 10801
1855 10800
1856 10799
1857 10798
1858 10797
1859 10796
1860 10795
1861 10794
1862 11524
1863 11523
1864 11522
1865 11521
1866 11520
1867 11519
1868 11518
1869 10439
1870 10438
1871 10437
1872 10436
1873 10435
1874 10434
1875 10433
1876 10432
1877 10431
1878 10430
1879 10429
1880 10428
1881 10427
1882 10426
1883 10425
1884 10424
1885 10423
1886 10422
1887 10421
1888 10420
1889 10419
1890 10418
1891 10417
1892 10416
1893 10415
1894 10414
1895 10413
1896 10412
1897 10411
1898 10410
1899 10409
1900 10408
1901 10407
1902 10406
1903 10405
1904 10404
1905 10403
1906 10402
1907 10401
1908 10400
1909 10399
1910 11657
1911 11656
1912 11655
1913 11654
1914 11653
1915 11652
1916 11651
1917 10013
1918 10012
1919 10011
1920 10010
1921 10009
1922 10008
1923 10007
1924 10006
1925 10005
1926 10004
1927 10003
1928 10002
1929 10001
1930 10042
1931 10041
1932 10040
1933 10039
1934 10038
1935 10037
1936 10036
1937 10035
1938 10161
1939 10160
1940 10159
1941 10158
1942 10157
1943 10156
1944 10155
1945 10154
1946 10153
1947 10152
1948 10151
1949 10150
1950 10149
1951 10148
1952 12200
1953 12199
1954 12198
1955 12197
1956 12196
1957 12195
1958 12194
1959 11770
1960 11769
1961 11768
1962 11767
1963 11766
1964 11765
1965 11764
1966 11763
1967 11798
1968 11797
1969 11796
1970 11795
1971 11794
1972 11793
1973 11792
1974 11920
1975 11919
1976 11918
1977 11917
1978 11916
1979 11915
1980 11914
1981 11913
1982 11912
1983 11911
1984 11910
1985 11909
1986 11908
1987 11907
1988 12551
1989 12550
1990 12549
1991 12548
1992 12547
1993 12546
1994 12545
1995 12544
1996 12543
1997 12542
1998 12541
1999 12540
2000 12539
2001 12538
2002 12537
2003 12536
2004 12535
2005 12534
2006 12533
2007 12532
2008 12531
2009 12530
2010 12740
2011 12739
2012 12738
2013 12737
2014 12736
2015 12735
2016 12734
2017 12733
2018 12732
2019 12731
2020 12730
2021 12729
2022 12728
2023 12727
2024 13350
2025 13349
2026 13348
2027 13347
2028 13346
2029 13345
2030 13344
2031 13343
2032 13342
2033 13341
2034 13340
2035 13305
2036 13304
2037 13303
2038 13302
2039 13301
2040 13300
2041 13299
2042 13298
2043 13297
2044 13296
2045 13295
2046 13107
2047 13106
2048 13105
2049 13104
2050 13103
2051 13102
2052 13101
2053 13100
2054 13099
2055 13098
2056 13097
2057 13096
2058 13095
2059 13094
2060 13945
2061 13944
2062 13943
2063 13942
2064 13941
2065 13940
2066 13939
2067 13938
2068 13937
2069 13936
2070 13935
2071 13934
2072 13933
2073 13932
2074 13931
2075 13930
2076 13929
2077 13928
2078 13927
2079 13926
2080 13925
2081 13924
2082 13691
2083 13690
2084 13689
2085 13688
2086 13687
2087 13686
2088 13685
2089 13684
2090 13683
2091 13682
2092 13681
2093 13680
2094 13679
2095 13678
2096 14174
2097 14173
2098 14172
2099 14171
2100 14170
2101 14169
2102 14168
2103 14197
2104 14196
2105 14195
2106 14194
2107 14193
2108 14192
2109 14191
2110 14190
2111 14484
2112 14483
2113 14482
2114 14481
2115 14480
2116 14479
2117 14478
2118 14634
2119 14633
2120 14632
2121 14631
2122 14630
2123 14629
2124 14628
2125 14627
2126 14626
2127 14625
2128 14624
2129 14623
2130 14622
2131 14621
2132 14620
2133 14619
2134 14618
2135 14617
2136 14616
2137 14771
2138 14770
2139 14769
2140 14768
2141 14767
2142 14766
2143 14765
2144 14764
2145 14763
2146 14762
2147 15274
2148 15273
2149 15272
2150 15271
2151 15270
2152 15269
2153 15268
2154 14787
2155 14786
2156 14785
2157 14784
2158 14783
2159 14782
2160 14781
2161 14780
2162 14779
2163 14778
2164 14777
2165 14776
2166 14775
2167 14774
2168 14773
2169 14772
2172 14615
2173 14614
2174 14613
2175 14612
2176 14611
2177 15288
2178 15287
2179 15286
2180 15285
2181 15284
2182 15283
2183 15282
2184 15281
2185 15280
2186 15279
2187 15278
2188 15277
2189 15276
2190 15275
2191 14761
2192 14760
2193 14759
2194 14758
2195 14757
2196 14756
2197 14755
2198 14754
2199 14753
2200 14752
2201 14751
2202 14750
2203 14749
2204 14748
2205 14747
2206 14746
2207 14745
2208 14744
2209 14743
2210 14742
2211 14741
2212 14740
2213 14498
2214 14497
2215 14496
2216 14495
2217 14494
2218 14493
2219 14492
2220 14491
2221 14490
2222 14489
2223 14488
2224 14487
2225 14486
2226 14485
2227 14189
2228 14188
2229 14187
2230 14186
2231 14185
2232 14184
2233 14183
2234 14182
2235 14181
2236 14180
2237 14179
2238 14178
2239 14177
2240 14176
2241 14175
2242 13677
2243 13676
2244 13675
2245 13674
2246 13673
2247 13672
2248 13671
2249 13974
2250 13973
2251 13972
2252 13971
2253 13970
2254 13969
2255 13968
2256 13967
2257 13966
2258 13965
2259 13964
2260 13963
2261 13962
2262 13961
2263 13960
2264 13959
2265 13958
2266 13957
2267 13956
2268 13955
2269 13954
2270 13953
2271 13952
2272 13951
2273 13950
2274 13949
2275 13948
2276 13947
2277 13946
2278 13093
2279 13092
2280 13091
2281 13090
2282 13089
2283 13088
2284 13087
2285 13379
2286 13378
2287 13377
2288 13376
2289 13375
2290 13374
2291 13373
2292 13372
2293 13371
2294 13370
2295 13369
2296 13368
2297 13367
2298 13366
2299 13365
2300 13364
2301 13363
2302 13362
2303 13361
2304 13360
2305 13359
2306 13358
2307 13357
2308 13356
2309 13355
2310 13354
2311 13353
2312 13352
2313 13351
2314 12726
2315 12725
2316 12724
2317 12723
2318 12722
2319 12721
2320 12720
2321 12580
2322 12579
2323 12578
2324 12577
2325 12576
2326 12575
2327 12574
2328 12573
2329 12572
2330 12571
2331 12570
2332 12569
2333 12568
2334 12567
2335 12566
2336 12565
2337 12564
2338 12563
2339 12562
2340 12561
2341 12560
2342 12559
2343 12558
2344 12557
2345 12556
2346 12555
2347 12554
2348 12553
2349 12552
2350 11906
2351 11905
2352 11904
2353 11903
2354 11902
2355 11901
2356 11900
2357 12229
2358 12228
2359 12227
2360 12226
2361 12225
2362 12224
2363 12223
2364 12222
2365 12221
2366 12220
2367 12219
2368 12218
2369 12217
2370 12216
2371 12215
2372 12214
2373 12213
2374 12212
2375 12211
2376 12210
2377 12209
2378 12208
2379 12207
2380 12206
2381 12205
2382 12204
2383 12203
2384 12202
2385 12201
2386 10147
2387 10146
2388 10145
2389 10144
2390 10143
2391 10142
2392 10141
2393 11692
2394 11691
2395 11690
2396 11689
2397 11688
2398 11687
2399 11686
2400 11685
2401 11684
2402 11683
2403 11682
2404 11681
2405 11680
2406 11679
2407 11678
2408 11677
2409 11676
2410 11675
2411 11674
2412 11673
2413 11672
2414 11671
2415 11670
2416 11669
2417 11668
2418 11667
2419 11666
2420 11665
2421 11664
2422 11663
2423 11662
2424 11661
2425 11660
2426 11659
2427 11658
2428 10398
2429 10397
2430 10396
2431 10395
2432 10394
2433 10393
2434 10392
2435 10470
2436 10469
2437 10468
2438 10467
2439 10466
2440 10465
2441 10464
2442 10463
2443 10462
2444 10461
2445 10460
2446 10459
2447 10458
2448 10457
2449 10456
2450 10455
2451 10710
2452 10709
2453 10708
2454 10707
2455 10706
2456 10705
2457 10704
2458 10703
2459 10702
2460 10701
2461 10700
2462 11538
2463 11537
2464 11536
2465 11535
2466 11534
2467 11533
2468 11532
2469 11531
2470 11530
2471 11529
2472 11528
2473 11527
2474 11526
2475 11525
2476 10793
2477 10792
2478 10791
2479 10790
2480 10789
2481 10788
2482 10787
2483 11211
2484 11210
2485 11209
2486 11208
2487 11207
2488 11206
2489 11205
2490 11204
2491 11203
2492 11202
2493 11201
2494 11200
2495 11199
2496 11198
2497 11245
2498 11244
2499 11243
2500 11242
2501 11241
2502 11240
2503 11239
2504 11238
2505 11237
2506 11236
2507 11235
2508 11234
2509 11233
2510 11137
2511 11136
2512 11135
2513 11134
2514 11133
2515 11132
2516 11131
2517 11130
2518 11129
2519 11128
2520 11127
2521 11126
2522 11125
2523 11124
2524 9670
2525 9669
2526 9668
2527 9667
2528 9666
2529 9665
2530 9664
2531 9717
2532 9716
2533 9715
2534 9714
2535 9713
2536 9712
2537 9711
2538 9710
2539 9709
2540 9708
2541 9707
2542 9706
2543 9705
2544 9704
2545 9703
2546 9702
2547 9701
2548 9700
2549 9699
2550 9698
2551 9745
2552 9744
2553 9743
2554 9742
2555 9741
2556 9740
2557 9739
2558 9499
2559 9498
2560 9497
2561 9496
2562 9495
2563 9494
2564 9493
2565 9492
2566 9491
2567 9490
2568 9489
2569 9488
2570 9487
2571 9486
2572 9215
2573 9214
2574 9213
2575 9212
2576 9211
2577 9210
2578 9209
2579 9064
2580 9063
2581 9062
2582 9061
2583 9060
2584 9059
2585 9058
2586 9057
2587 9056
2588 9055
2589 9054
2590 9053
2591 9052
2592 9051
2593 9050
2594 9049
2595 9048
2596 9047
2597 9046
2598 9045
2599 9265
2600 9264
2601 9263
2602 9262
2603 9261
2604 9260
2605 9259
2606 8867
2607 8866
2608 8865
2609 8864
2610 8863
2611 8862
2612 8861
2613 8860
2614 8859
2615 8858
2616 8857
2617 8856
2618 8855
2619 8854
2620 8586
2621 8585
2622 8584
2623 8583
2624 8582
2625 8581
2626 8580
2627 8579
2628 8578
2629 8577
2630 8576
2631 8575
2632 8574
2633 8573
2634 8572
2635 8571
2636 8570
2637 8569
2638 8568
2639 8567
2640 8566
2641 8565
2642 8564
2643 8563
2644 8562
2645 8561
2646 8560
2647 8429
2648 8428
2649 8427
2650 8426
2651 8425
2652 8424
2653 8423
2654 8312
2655 8311
2656 8310
2657 8309
2658 8308
2659 8307
2660 8306
2661 8305
2662 8304
2663 8303
2664 8302
2665 8301
2666 8300
2667 8299
2668 8233
2669 8232
2670 8231
2671 8230
2672 8229
2673 8228
2674 8227
2675 8226
2676 8225
2677 8224
2678 8223
2679 8222
2680 8221
2681 8274
2682 8273
2683 8272
2684 8271
2685 8270
2686 8269
2687 8268
2688 8267
2689 8266
2690 8265
2691 8264
2692 8263
2693 8262
2694 8261
2695 7914
2696 7913
2697 7912
2698 7911
2699 7910
2700 7909
2701 7908
2702 7907
2703 7906
2704 7905
2705 7904
2706 7903
2707 7902
2708 7901
2709 7900
2710 7899
2711 7898
2712 7897
2713 7896
2714 7895
2715 7894
2716 7746
2717 7745
2718 7744
2719 7743
2720 7742
2723 7877
2724 7876
2725 7875
2726 7874
2727 7873
2728 7816
2729 7815
2730 7814
2731 7813
2732 7812
2733 7811
2734 7810
2735 7809
2736 7808
2737 7807
2738 7806
2739 7805
2740 7804
2741 7803
2742 8482
2743 8481
2744 8480
2745 8479
2746 8478
2747 8477
2748 8476
2749 8475
2750 8474
2751 8473
2752 8472
2753 8513
2754 8512
2755 8511
2756 8510
2757 8509
2758 8508
2759 8507
2760 8506
2761 8505
2762 8504
2763 8352
2764 8351
2765 8350
2766 8349
2767 8348
2768 8347
2769 8346
2770 8319
2771 8318
2772 8317
2773 8316
2774 8315
2775 8314
2776 8313
2777 8422
2778 8421
2779 8420
2780 8419
2781 8418
2782 8417
2783 8416
2784 8610
2785 8609
2786 8608
2787 8607
2788 8606
2789 8605
2790 8604
2791 8603
2792 8602
2793 8643
2794 8642
2795 8641
2796 8640
2797 8639
2798 8638
2799 8637
2800 8636
2801 8635
2802 8634
2803 8633
2804 8632
2805 9314
2806 9313
2807 9312
2808 9311
2809 9310
2810 9309
2811 9308
2812 8874
2813 8873
2814 8872
2815 8871
2816 8870
2817 8869
2818 8868
2819 9258
2820 9257
2821 9256
2822 9255
2823 9254
2824 9253
2825 9252
2826 9180
2827 9179
2828 9178
2829 9177
2830 9176
2831 9175
2832 9174
2833 9071
2834 9070
2835 9069
2836 9068
2837 9067
2838 9066
2839 9065
2840 9208
2841 9207
2842 9206
2843 9205
2844 9204
2845 9203
2846 9202
2847 9794
2848 9793
2849 9792
2850 9791
2851 9790
2852 9789
2853 9788
2854 9506
2855 9505
2856 9504
2857 9503
2858 9502
2859 9501
2860 9500
2861 9738
2862 9737
2863 9736
2864 9735
2865 9734
2866 9733
2867 9732
2868 9731
2869 9730
2870 9729
2871 9728
2872 9727
2873 9726
2874 9725
2875 9724
2876 9723
2877 9722
2878 9721
2879 9720
2880 9719
2881 9718
2882 9663
2883 9662
2884 9661
2885 9660
2886 9659
2887 9658
2888 9657
2889 10869
2890 10868
2891 10867
2892 10866
2893 10865
2894 10864
2895 10863
2896 11144
2897 11143
2898 11142
2899 11141
2900 11140
2901 11139
2902 11138
2903 11232
2904 11231
2905 11230
2906 11229
2907 11228
2908 11227
2909 11226
2910 11225
2911 11224
2912 11223
2913 11222
2914 11221
2915 11220
2916 11219
2917 11218
2918 11217
2919 11216
2920 11215
2921 11214
2922 11213
2923 11212
2924 10786
2925 10785
2926 10784
2927 10783
2928 10782
2929 10781
2930 10780
2931 10517
2932 10516
2933 10515
2934 10514
2935 10513
2936 10512
2937 10511
2938 11545
2939 11544
2940 11543
2941 11542
2942 11541
2943 11540
2944 11539
2945 10699
2946 10698
2947 10697
2948 10696
2949 10695
2950 10694
2951 10693
2952 10692
2953 10483
2954 10482
2955 10481
2956 10480
2957 10479
2958 10478
2959 10477
2960 10476
2961 10475
2962 10474
2963 10473
2964 10472
2965 10471
2966 10391
2967 10390
2968 10389
2969 10388
2970 10387
2971 10386
2972 10385
2973 10217
2974 10216
2975 10215
2976 10214
2977 10213
2978 10212
2979 10211
2980 10097
2981 10096
2982 10095
2983 10094
2984 10093
2985 10092
2986 10091
2987 10090
2988 10089
2989 10088
2990 10087
2991 10086
2992 10085
2993 10126
2994 10125
2995 10124
2996 10123
2997 10122
2998 10121
2999 10120
3000 10119
3001 11699
3002 11698
3003 11697
3004 11696
3005 11695
3006 11694
3007 11693
3008 10140
3009 10139
3010 10138
3011 10137
3012 10136
3013 10135
3014 10134
3015 11980
3016 11979
3017 11978
3018 11977
3019 11976
3020 11975
3021 11974
3022 11850
3023 11849
3024 11848
3025 11847
3026 11846
3027 11845
3028 11844
3029 11843
3030 11842
3031 11841
3032 11840
3033 11885
3034 11884
3035 11883
3036 11882
3037 11881
3038 11880
3039 11879
3040 11878
3041 11877
3042 11876
3043 12236
3044 12235
3045 12234
3046 12233
3047 12232
3048 12231
3049 12230
3050 11899
3051 11898
3052 11897
3053 11896
3054 11895
3055 11894
3056 11893
3057 12846
3058 12845
3059 12844
3060 12843
3061 12842
3062 12841
3063 12840
3064 12789
3065 12788
3066 12787
3067 12786
3068 12785
3069 12784
3070 12783
3071 12782
3072 12781
3073 12780
3074 12779
3075 12778
3076 12777
3077 12776
3078 12775
3079 12774
3080 12773
3081 12772
3082 12771
3083 12770
3084 12769
3085 12587
3086 12586
3087 12585
3088 12584
3089 12583
3090 12582
3091 12581
3092 12719
3093 12718
3094 12717
3095 12716
3096 12715
3097 12714
3098 12713
3099 12951
3100 12950
3101 12949
3102 12948
3103 12947
3104 12946
3105 12945
3106 13312
3107 13311
3108 13310
3109 13309
3110 13308
3111 13307
3112 13306
3113 12979
3114 12978
3115 12977
3116 12976
3117 12975
3118 12974
3119 12973
3120 12986
3121 12985
3122 12984
3123 12983
3124 12982
3125 12981
3126 12980
3127 13386
3128 13385
3129 13384
3130 13383
3131 13382
3132 13381
3133 13380
3134 13086
3135 13085
3136 13084
3137 13083
3138 13082
3139 13081
3140 13080
3141 13533
3142 13532
3143 13531
3144 13530
3145 13529
3146 13528
3147 13527
3148 13526
3149 13525
3150 13524
3151 13523
3152 13522
3153 13563
3154 13562
3155 13561
3156 13560
3157 13559
3158 13558
3159 13557
3160 13556
3161 13555
3162 13570
3163 13569
3164 13568
3165 13567
3166 13566
3167 13565
3168 13564
3169 13981
3170 13980
3171 13979
3172 13978
3173 13977
3174 13976
3175 13975
3176 13670
3177 13669
3178 13668
3179 13667
3180 13666
3181 13665
3182 13664
3183 14207
3184 14206
3185 14205
3186 14204
3187 14203
3188 14202
3189 14201
3190 14200
3191 14199
3192 14198
3193 14167
3194 14166
3195 14165
3196 14164
3197 14163
3198 14162
3199 14161
3200 14160
3201 14159
3202 14158
3203 14157
3204 14669
3205 14668
3206 14667
3207 14666
3208 14665
3209 14664
3210 14663
3211 14505
3212 14504
3213 14503
3214 14502
3215 14501
3216 14500
3217 14499
3218 14739
3219 14738
3220 14737
3221 14736
3222 14735
3223 14734
3224 14733
3225 15086
3226 15085
3227 15084
3228 15083
3229 15082
3230 15081
3231 15080
3232 15079
3233 15078
3234 15077
3235 15076
3236 15075
3237 15074
3238 15073
3239 15072
3240 15071
3241 15070
3242 15069
3243 15068
3244 15067
3245 15066
3246 14822
3247 14821
3248 14820
3249 14819
3250 14818
3251 14817
3252 14816
3253 15295
3254 15294
3255 15293
3256 15292
3257 15291
3258 15290
3259 15289
3260 14610
3261 14609
3262 14608
3263 14607
3264 14606
3267 14887
3268 14886
3269 14885
3270 14884
3271 14883
3272 14882
3273 14881
3274 14880
3275 14879
3276 14910
3277 14909
3278 14908
3279 14907
3280 14906
3281 14905
3282 14904
3283 14829
3284 14828
3285 14827
3286 14826
3287 14825
3288 14824
3289 14823
3290 15065
3291 15064
3292 15063
3293 15062
3294 15061
3295 15060
3296 15059
3297 15058
3298 15057
3299 15056
3300 15055
3301 15054
3302 15053
3303 15094
3304 15093
3305 15092
3306 15091
3307 15090
3308 15089
3309 15088
3310 15087
3311 14732
3312 14731
3313 14730
3314 14729
3315 14728
3316 14727
3317 14726
3318 15190
3319 15189
3320 15188
3321 15187
3322 15186
3323 15185
3324 15184
3325 14676
3326 14675
3327 14674
3328 14673
3329 14672
3330 14671
3331 14670
3332 14156
3333 14155
3334 14154
3335 14153
3336 14152
3337 14151
3338 14150
3339 14149
3340 14148
3341 14147
3342 14146
3343 14217
3344 14216
3345 14215
3346 14214
3347 14213
3348 14212
3349 14211
3350 14210
3351 14209
3352 14208
3353 13663
3354 13662
3355 13661
3356 13660
3357 13659
3358 13658
3359 13657
3360 14350
3361 14349
3362 14348
3363 14347
3364 14346
3365 14345
3366 14344
3367 13577
3368 13576
3369 13575
3370 13574
3371 13573
3372 13572
3373 13571
3374 13554
3375 13553
3376 13552
3377 13551
3378 13550
3379 13549
3380 13548
3381 13547
3382 13546
3383 13545
3384 13544
3385 13543
3386 13542
3387 13541
3388 13540
3389 13539
3390 13538
3391 13537
3392 13536
3393 13535
3394 13534
3395 13079
3396 13078
3397 13077
3398 13076
3399 13075
3400 13074
3401 13073
3402 13846
3403 13845
3404 13844
3405 13843
3406 13842
3407 13841
3408 13840
3409 12993
3410 12992
3411 12991
3412 12990
3413 12989
3414 12988
3415 12987
3416 12972
3417 12971
3418 12970
3419 12969
3420 12968
3421 12967
3422 12966
3423 12965
3424 12964
3425 12963
3426 12962
3427 12961
3428 12960
3429 12959
3430 12958
3431 12957
3432 12956
3433 12955
3434 12954
3435 12953
3436 12952
3437 12712
3438 12711
3439 12710
3440 12709
3441 12708
3442 12707
3443 12706
3444 13217
3445 13216
3446 13215
3447 13214
3448 13213
3449 13212
3450 13211
3451 12359
3452 12358
3453 12357
3454 12356
3455 12355
3456 12354
3457 12353
3458 12352
3459 12351
3460 12350
3461 12349
3462 12348
3463 12862
3464 12861
3465 12860
3466 12859
3467 12858
3468 12857
3469 12856
3470 12855
3471 12854
3472 12853
3473 12852
3474 12851
3475 12850
3476 12849
3477 12848
3478 12847
3479 11892
3480 11891
3481 11890
3482 11889
3483 11888
3484 11887
3485 11886
3486 12452
3487 12451
3488 12450
3489 12449
3490 12448
3491 12447
3492 12446
3493 11755
3494 11754
3495 11753
3496 11752
3497 11751
3498 11750
3499 11749
3500 11748
3501 11747
3502 11746
3503 11817
3504 11816
3505 11815
3506 11814
3507 11813
3508 11812
3509 11811
3510 11810
3511 11809
3512 11808
3513 11807
3514 11987
3515 11986
3516 11985
3517 11984
3518 11983
3519 11982
3520 11981
3521 10133
3522 10132
3523 10131
3524 10130
3525 10129
3526 10128
3527 10127
3528 12137
3529 12136
3530 12135
3531 12134
3532 12133
3533 12132
3534 12131
3535 9992
3536 9991
3537 9990
3538 9989
3539 9988
3540 9987
3541 9986
3542 9985
3543 10068
3544 10067
3545 10066
3546 10065
3547 10064
3548 10063
3549 10062
3550 10061
3551 10060
3552 10059
3553 10058
3554 10057
3555 10056
3556 10224
3557 10223
3558 10222
3559 10221
3560 10220
3561 10219
3562 10218
3563 10384
3564 10383
3565 10382
3566 10381
3567 10380
3568 10379
3569 10378
3570 10680
3571 10679
3572 10678
3573 10677
3574 10676
3575 10675
3576 10674
3577 10673
3578 10672
3579 10671
3580 10670
3581 10669
3582 10668
3583 10667
3584 10666
3585 10665
3586 10664
3587 10663
3588 10662
3589 10661
3590 10660
3591 10659
3592 10658
3593 10657
3594 10656
3595 10655
3596 10654
3597 10653
3598 10524
3599 10523
3600 10522
3601 10521
3602 10520
3603 10519
3604 10518
3605 10779
3606 10778
3607 10777
3608 10776
3609 10775
3610 10774
3611 10773
3612 11256
3613 11255
3614 11254
3615 11253
3616 11252
3617 11251
3618 11250
3619 11249
3620 11248
3621 11247
3622 11246
3623 9885
3624 9884
3625 9883
3626 9882
3627 9881
3628 9880
3629 9879
3630 9878
3631 9877
3632 9876
3633 11412
3634 11411
3635 11410
3636 11409
3637 11408
3638 11407
3639 11406
3640 10876
3641 10875
3642 10874
3643 10873
3644 10872
3645 10871
3646 10870
3647 9656
3648 9655
3649 9654
3650 9653
3651 9652
3652 9651
3653 9650
3654 9604
3655 9603
3656 9602
3657 9601
3658 9600
3659 9599
3660 9598
3661 9597
3662 9596
3663 9595
3664 9594
3665 9593
3666 9592
3667 9591
3668 9590
3669 9589
3670 9588
3671 9587
3672 9586
3673 9585
3674 9584
3675 11021
3676 11020
3677 11019
3678 11018
3679 11017
3680 11016
3681 11015
3682 9801
3683 9800
3684 9799
3685 9798
3686 9797
3687 9796
3688 9795
3689 9201
3690 9200
3691 9199
3692 9198
3693 9197
3694 9196
3695 9195
3696 9194
3697 9193
3698 9192
3699 9191
3700 9190
3701 9189
3702 9188
3703 9187
3704 9186
3705 9185
3706 9184
3707 9183
3708 9182
3709 9181
3710 9251
3711 9250
3712 9249
3713 9248
3714 9247
3715 9246
3716 9245
3717 9434
3718 9433
3719 9432
3720 9431
3721 9430
3722 9429
3723 9428
3724 9321
3725 9320
3726 9319
3727 9318
3728 9317
3729 9316
3730 9315
3731 8631
3732 8630
3733 8629
3734 8628
3735 8627
3736 8626
3737 8625
3738 8624
3739 8623
3740 8622
3741 8621
3742 8620
3743 8619
3744 8618
3745 8617
3746 8616
3747 8615
3748 8614
3749 8613
3750 8612
3751 8611
3752 8415
3753 8414
3754 8413
3755 8412
3756 8411
3757 8410
3758 8409
3759 8741
3760 8740
3761 8739
3762 8738
3763 8737
3764 8736
3765 8735
3766 8359
3767 8358
3768 8357
3769 8356
3770 8355
3771 8354
3772 8353
3773 8503
3774 8502
3775 8501
3776 8500
3777 8499
3778 8498
3779 8497
3780 8496
3781 8495
3782 8494
3783 8493
3784 8492
3785 8491
3786 8490
3787 8489
3788 8488
3789 8487
3790 8486
3791 8485
3792 8484
3793 8483
3794 7802
3795 7801
3796 7800
3797 7799
3798 7798
3799 7797
3800 7796
3801 8129
3802 8128
3803 8127
3804 8126
3805 8125
3806 8124
3807 8123
3808 7736
3809 7735
3810 7734
3811 7733
3812 7732
3815 7741
3816 7740
3817 7739
3818 7738
3819 7737
3820 8122
3821 8121
3822 8120
3823 8119
3824 8118
3825 8117
3826 8116
3827 8115
3828 8114
3829 8113
3830 8112
3831 8111
3832 8110
3833 8109
3834 7985
3835 7984
3836 7983
3837 7982
3838 7981
3839 7980
3840 7979
3841 7978
3842 7977
3843 7976
3844 7975
3845 7974
3846 7973
3847 7972
3848 8025
3849 8024
3850 8023
3851 8022
3852 8021
3853 8020
3854 8019
3855 8018
3856 8017
3857 8016
3858 8015
3859 8014
3860 8013
3861 8366
3862 8365
3863 8364
3864 8363
3865 8362
3866 8361
3867 8360
3868 8734
3869 8733
3870 8732
3871 8731
3872 8730
3873 8729
3874 8728
3875 8727
3876 8726
3877 8725
3878 8724
3879 8723
3880 8722
3881 8721
3882 8655
3883 8654
3884 8653
3885 8652
3886 8651
3887 8650
3888 8649
3889 8648
3890 8647
3891 8646
3892 8645
3893 8644
3894 8697
3895 8696
3896 8695
3897 8694
3898 8693
3899 8692
3900 8691
3901 8690
3902 8689
3903 8688
3904 8687
3905 8686
3906 8685
3907 8684
3908 8683
3909 9328
3910 9327
3911 9326
3912 9325
3913 9324
3914 9323
3915 9322
3916 9427
3917 9426
3918 9425
3919 9424
3920 9423
3921 9422
3922 9421
3923 9420
3924 9419
3925 9418
3926 9417
3927 9416
3928 9415
3929 9414
3930 9007
3931 9006
3932 9005
3933 9004
3934 9003
3935 9002
3936 9001
3937 9000
3938 8999
3939 8998
3940 9173
3941 9172
3942 9171
3943 9170
3944 9169
3945 9168
3946 9167
3947 9166
3948 9165
3949 9164
3950 9163
3951 9162
3952 9161
3953 9160
3954 9159
3955 9158
3956 9157
3957 9808
3958 9807
3959 9806
3960 9805
3961 9804
3962 9803
3963 9802
3964 11014
3965 11013
3966 11012
3967 11011
3968 11010
3969 11009
3970 11008
3971 11007
3972 11006
3973 11005
3974 11004
3975 11003
3976 11002
3977 11001
3978 10952
3979 10951
3980 10950
3981 10949
3982 10948
3983 10947
3984 10946
3985 10945
3986 10944
3987 10943
3988 10942
3989 10941
3990 10940
3991 10939
3992 10938
3993 10937
3994 10936
3995 10935
3996 10934
3997 10933
3998 10932
3999 10931
4000 10930
4001 10929
4002 10928
4003 10927
4004 10926
4005 10883
4006 10882
4007 10881
4008 10880
4009 10879
4010 10878
4011 10877
4012 11405
4013 11404
4014 11403
4015 11402
4016 11401
4017 11400
4018 11399
4019 11398
4020 11397
4021 11396
4022 11395
4023 11394
4024 11393
4025 11392
4026 11391
4027 11390
4028 11389
4029 11388
4030 11387
4031 11386
4032 11385
4033 11384
4034 11383
4035 11382
4036 11381
4037 11380
4038 11379
4039 11378
4040 11377
4041 11376
4042 11375
4043 11374
4044 11373
4045 11372
4046 11371
4047 11370
4048 11369
4049 11368
4050 11367
4051 11366
4052 11365
4053 10531
4054 10530
4055 10529
4056 10528
4057 10527
4058 10526
4059 10525
4060 10652
4061 10651
4062 10650
4063 10649
4064 10648
4065 10647
4066 10646
4067 10645
4068 10644
4069 10643
4070 10642
4071 10641
4072 10640
4073 10639
4074 10638
4075 10637
4076 10636
4077 10635
4078 10634
4079 10633
4080 10632
4081 10631
4082 10630
4083 10629
4084 10628
4085 10627
4086 10626
4087 10625
4088 10624
4089 10623
4090 10622
4091 10621
4092 10620
4093 10619
4094 10618
4095 10617
4096 10616
4097 10615
4098 10614
4099 10613
4100 10612
4101 10231
4102 10230
4103 10229
4104 10228
4105 10227
4106 10226
4107 10225
4108 10055
4109 10054
4110 10053
4111 10052
4112 10051
4113 10050
4114 10049
4115 10048
4116 10047
4117 10046
4118 10045
4119 10044
4120 10043
4121 10000
4122 9999
4123 9998
4124 9997
4125 9996
4126 9995
4127 9994
4128 9993
4129 12130
4130 12129
4131 12128
4132 12127
4133 12126
4134 12125
4135 12124
4136 12123
4137 12122
4138 12121
4139 12120
4140 12119
4141 12118
4142 12117
4143 11994
4144 11993
4145 11992
4146 11991
4147 11990
4148 11989
4149 11988
4150 11806
4151 11805
4152 11804
4153 11803
4154 11802
4155 11801
4156 11800
4157 11799
4158 11762
4159 11761
4160 11760
4161 11759
4162 11758
4163 11757
4164 11756
4165 12445
4166 12444
4167 12443
4168 12442
4169 12441
4170 12440
4171 12439
4172 12438
4173 12437
4174 12436
4175 12435
4176 12434
4177 12433
4178 12432
4179 12334
4180 12333
4181 12332
4182 12331
4183 12330
4184 12329
4185 12328
4186 12327
4187 12326
4188 12325
4189 12324
4190 12323
4191 12322
4192 12368
4193 12367
4194 12366
4195 12365
4196 12364
4197 12363
4198 12362
4199 12361
4200 12360
4201 13210
4202 13209
4203 13208
4204 13207
4205 13206
4206 13205
4207 13204
4208 13203
4209 13202
4210 13201
4211 13200
4212 13199
4213 13198
4214 13197
4215 13015
4216 13014
4217 13013
4218 13012
4219 13011
4220 13010
4221 13009
4222 13008
4223 13007
4224 13006
4225 13005
4226 13004
4227 13003
4228 13002
4229 13001
4230 13000
4231 12999
4232 12998
4233 12997
4234 12996
4235 12995
4236 12994
4237 13839
4238 13838
4239 13837
4240 13836
4241 13835
4242 13834
4243 13833
4244 13832
4245 13831
4246 13830
4247 13829
4248 13828
4249 13827
4250 13826
4251 13599
4252 13598
4253 13597
4254 13596
4255 13595
4256 13594
4257 13593
4258 13592
4259 13591
4260 13590
4261 13589
4262 13588
4263 13587
4264 13586
4265 13585
4266 13584
4267 13583
4268 13582
4269 13581
4270 13580
4271 13579
4272 13578
4273 14343
4274 14342
4275 14341
4276 14340
4277 14339
4278 14338
4279 14337
4280 14336
4281 14335
4282 14334
4283 14333
4284 14332
4285 14331
4286 14330
4287 14240
4288 14239
4289 14238
4290 14237
4291 14236
4292 14235
4293 14234
4294 14233
4295 14232
4296 14231
4297 14230
4298 14229
4299 14228
4300 14227
4301 14226
4302 14683
4303 14682
4304 14681
4305 14680
4306 14679
4307 14678
4308 14677
4309 15183
4310 15182
4311 15181
4312 15180
4313 15179
4314 15178
4315 15177
4316 15176
4317 15175
4318 15174
4319 15173
4320 15172
4321 15171
4322 15170
4323 15169
4324 15168
4325 15167
4326 15166
4327 15165
4328 15164
4329 15163
4330 15162
4331 15161
4332 15160
4333 15159
4334 15158
4335 15157
4336 15156
4337 15155
4338 14836
4339 14835
4340 14834
4341 14833
4342 14832
4343 14831
4344 14830
4345 14903
4346 14902
4347 14901
4348 14900
4349 14899
4350 14898
4351 14897
4352 14896
4353 14895
4354 14894
4355 14893
4356 14892
4357 14891
4358 14890
4359 14889
4360 14888
4363 14605
4364 14604
4365 14603
4366 14602
4367 14601
4368 14850
4369 14849
4370 14848
4371 14847
4372 14846
4373 14845
4374 14844
4375 14843
4376 14842
4377 14841
4378 14840
4379 14839
4380 14838
4381 14837
4382 15154
4383 15153
4384 15152
4385 15151
4386 15150
4387 15149
4388 15148
4389 15147
4390 15146
4391 15145
4392 15052
4393 15051
4394 15050
4395 15049
4396 15048
4397 15047
4398 15046
4399 15045
4400 15044
4401 15043
4402 15042
4403 15041
4404 14697
4405 14696
4406 14695
4407 14694
4408 14693
4409 14692
4410 14691
4411 14690
4412 14689
4413 14688
4414 14687
4415 14686
4416 14685
4417 14684
4418 14225
4419 14224
4420 14223
4421 14222
4422 14221
4423 14220
4424 14219
4425 14218
4426 14247
4427 14246
4428 14245
4429 14244
4430 14243
4431 14242
4432 14241
4433 14329
4434 14328
4435 14327
4436 14326
4437 14325
4438 14324
4439 14323
4440 13628
4441 13627
4442 13626
4443 13625
4444 13624
4445 13623
4446 13622
4447 13621
4448 13620
4449 13619
4450 13618
4451 13617
4452 13616
4453 13615
4454 13614
4455 13613
4456 13612
4457 13611
4458 13610
4459 13609
4460 13608
4461 13607
4462 13606
4463 13605
4464 13604
4465 13603
4466 13602
4467 13601
4468 13600
4469 13825
4470 13824
4471 13823
4472 13822
4473 13821
4474 13820
4475 13819
4476 13044
4477 13043
4478 13042
4479 13041
4480 13040
4481 13039
4482 13038
4483 13037
4484 13036
4485 13035
4486 13034
4487 13033
4488 13032
4489 13031
4490 13030
4491 13029
4492 13028
4493 13027
4494 13026
4495 13025
4496 13024
4497 13023
4498 13022
4499 13021
4500 13020
4501 13019
4502 13018
4503 13017
4504 13016
4505 13196
4506 13195
4507 13194
4508 13193
4509 13192
4510 13191
4511 13190
4512 12677
4513 12676
4514 12675
4515 12674
4516 12673
4517 12672
4518 12671
4519 12670
4520 12669
4521 12668
4522 12667
4523 12666
4524 12665
4525 12664
4526 12663
4527 12662
4528 12347
4529 12346
4530 12345
4531 12344
4532 12343
4533 12342
4534 12341
4535 12340
4536 12339
4537 12338
4538 12337
4539 12336
4540 12335
4541 12431
4542 12430
4543 12429
4544 12428
4545 12427
4546 12426
4547 12425
4548 12023
4549 12022
4550 12021
4551 12020
4552 12019
4553 12018
4554 12017
4555 12016
4556 12015
4557 12014
4558 12013
4559 12012
4560 12011
4561 12010
4562 12009
4563 12008
4564 12007
4565 12006
4566 12005
4567 12004
4568 12003
4569 12002
4570 12001
4571 12000
4572 11999
4573 11998
4574 11997
4575 11996
4576 11995
4577 12116
4578 12115
4579 12114
4580 12113
4581 12112
4582 12111
4583 12110
4584 10266
4585 10265
4586 10264
4587 10263
4588 10262
4589 10261
4590 10260
4591 10259
4592 10258
4593 10257
4594 10256
4595 10255
4596 10254
4597 10253
4598 10252
4599 10251
4600 10250
4601 10249
4602 10248
4603 10247
4604 10246
4605 10245
4606 10244
4607 10243
4608 10242
4609 10241
4610 10240
4611 10239
4612 10238
4613 10237
4614 10236
4615 10235
4616 10234
4617 10233
4618 10232
4619 10611
4620 10610
4621 10609
4622 10608
4623 10607
4624 10606
4625 10605
4626 9945
4627 9944
4628 9943
4629 9942
4630 9941
4631 9940
4632 9939
4633 9938
4634 9937
4635 9936
4636 9935
4637 9934
4638 9933
4639 9932
4640 9931
4641 9930
4642 9929
4643 9928
4644 9927
4645 9926
4646 9925
4647 9924
4648 9923
4649 9922
4650 9921
4651 9920
4652 9919
4653 10545
4654 10544
4655 10543
4656 10542
4657 10541
4658 10540
4659 10539
4660 10538
4661 10537
4662 10536
4663 10535
4664 10534
4665 10533
4666 10532
4667 11364
4668 11363
4669 11362
4670 11361
4671 11360
4672 11359
4673 11358
4674 9899
4675 9898
4676 9897
4677 9896
4678 9895
4679 9894
4680 9893
4681 9892
4682 9891
4683 9890
4684 9889
4685 9888
4686 9887
4687 9886
4688 11480
4689 11479
4690 11478
4691 11477
4692 11476
4693 11475
4694 11474
4695 11473
4696 11472
4697 11471
4698 11470
4699 11469
4700 11468
4701 10897
4702 10896
4703 10895
4704 10894
4705 10893
4706 10892
4707 10891
4708 10890
4709 10889
4710 10888
4711 10887
4712 10886
4713 10885
4714 10884
4715 10925
4716 10924
4717 10923
4718 10922
4719 10921
4720 10920
4721 10919
4722 10972
4723 10971
4724 10970
4725 10969
4726 10968
4727 10967
4728 10966
4729 10965
4730 10964
4731 10963
4732 10962
4733 10961
4734 10960
4735 10959
4736 10958
4737 10957
4738 10956
4739 10955
4740 10954
4741 10953
4742 11000
4743 10999
4744 10998
4745 10997
4746 10996
4747 10995
4748 10994
4749 9822
4750 9821
4751 9820
4752 9819
4753 9818
4754 9817
4755 9816
4756 9815
4757 9814
4758 9813
4759 9812
4760 9811
4761 9810
4762 9809
4763 9156
4764 9155
4765 9154
4766 9153
4767 9152
4768 9151
4769 9150
4770 9027
4771 9026
4772 9025
4773 9024
4774 9023
4775 9022
4776 9021
4777 9020
4778 9019
4779 9018
4780 9017
4781 9016
4782 9015
4783 9014
4784 9013
4785 9012
4786 9011
4787 9010
4788 9009
4789 9008
4790 9413
4791 9412
4792 9411
4793 9410
4794 9409
4795 9408
4796 9407
4797 9342
4798 9341
4799 9340
4800 9339
4801 9338
4802 9337
4803 9336
4804 9335
4805 9334
4806 9333
4807 9332
4808 9331
4809 9330
4810 9329
4811 8682
4812 8681
4813 8680
4814 8679
4815 8678
4816 8677
4817 8676
4818 8675
4819 8674
4820 8673
4821 8672
4822 8671
4823 8670
4824 8669
4825 8668
4826 8667
4827 8666
4828 8665
4829 8664
4830 8663
4831 8662
4832 8661
4833 8660
4834 8659
4835 8658
4836 8657
4837 8656
4838 8720
4839 8719
4840 8718
4841 8717
4842 8716
4843 8715
4844 8714
4845 8380
4846 8379
4847 8378
4848 8377
4849 8376
4850 8375
4851 8374
4852 8373
4853 8372
4854 8371
4855 8370
4856 8369
4857 8368
4858 8367
4859 8012
4860 8011
4861 8010
4862 8009
4863 8008
4864 8007
4865 8006
4866 8005
4867 8004
4868 8003
4869 8002
4870 8001
4871 8000
4872 7999
4873 7998
4874 7997
4875 7996
4876 7995
4877 7994
4878 7993
4879 7992
4880 7991
4881 7990
4882 7989
4883 7988
4884 7987
4885 7986
4886 8108
4887 8107
4888 8106
4889 8105
4890 8104
4891 8103
4892 8102
4893 7767
4894 7766
4895 7765
4896 7764
4897 7763
4898 7762
4899 7761
4900 7760
4901 7759
4902 7758
4903 7757
4904 7756
4905 7755
4906 7754
4907 7753
4908 7752
4911 7867
4912 7866
4913 7865
4914 7864
4915 7863
4916 7862
4917 7861
4918 7860
4919 7859
4920 7774
4921 7773
4922 7772
4923 7771
4924 7770
4925 7769
4926 7768
4927 8101
4928 8100
4929 8099
4930 8098
4931 8097
4932 8096
4933 8095
4934 8094
4935 8093
4936 8092
4937 8091
4938 8090
4939 8089
4940 8088
4941 8087
4942 8086
4943 8085
4944 8084
4945 8083
4946 8082
4947 8081
4948 8080
4949 8079
4950 8078
4951 8077
4952 8076
4953 8075
4954 8074
4955 8073
4956 8072
4957 8071
4958 8070
4959 8069
4960 8068
4961 8067
4962 8387
4963 8386
4964 8385
4965 8384
4966 8383
4967 8382
4968 8381
4969 8713
4970 8712
4971 8711
4972 8710
4973 8709
4974 8708
4975 8707
4976 8706
4977 8705
4978 8704
4979 8703
4980 8702
4981 8701
4982 8700
4983 8699
4984 8698
4985 8935
4986 8934
4987 8933
4988 8932
4989 8931
4990 8930
4991 8929
4992 8928
4993 8927
4994 8926
4995 8925
4996 8924
4997 8923
4998 8922
4999 8921
5000 8920
5001 8919
5002 8918
5003 8917
5004 9349
5005 9348
5006 9347
5007 9346
5008 9345
5009 9344
5010 9343
5011 9406
5012 9405
5013 9404
5014 9403
5015 9402
5016 9401
5017 9400
5018 9399
5019 9398
5020 9397
5021 9396
5022 9395
5023 9394
5024 9393
5025 9034
5026 9033
5027 9032
5028 9031
5029 9030
5030 9029
5031 9028
5032 9149
5033 9148
5034 9147
5035 9146
5036 9145
5037 9144
5038 9143
5039 9142
5040 9141
5041 9140
5042 9139
5043 9138
5044 9137
5045 9136
5046 9829
5047 9828
5048 9827
5049 9826
5050 9825
5051 9824
5052 9823
5053 10993
5054 10992
5055 10991
5056 10990
5057 10989
5058 10988
5059 10987
5060 10986
5061 10985
5062 10984
5063 10983
5064 10982
5065 10981
5066 10980
5067 10979
5068 10978
5069 10977
5070 10976
5071 10975
5072 10974
5073 10973
5074 10918
5075 10917
5076 10916
5077 10915
5078 10914
5079 10913
5080 10912
5081 10911
5082 10910
5083 10909
5084 10908
5085 10907
5086 10906
5087 10905
5088 10904
5089 10903
5090 10902
5091 10901
5092 10900
5093 10899
5094 10898
5095 11467
5096 11466
5097 11465
5098 11464
5099 11463
5100 11462
5101 11461
5102 11460
5103 11459
5104 11458
5105 9910
5106 9909
5107 9908
5108 9907
5109 9906
5110 9905
5111 9904
5112 9903
5113 9902
5114 9901
5115 9900
5116 11357
5117 11356
5118 11355
5119 11354
5120 11353
5121 11352
5122 11351
5123 11350
5124 11349
5125 11348
5126 11347
5127 11346
5128 11345
5129 11344
5130 10552
5131 10551
5132 10550
5133 10549
5134 10548
5135 10547
5136 10546
5137 9918
5138 9917
5139 9916
5140 9915
5141 9914
5142 9913
5143 9912
5144 9911
5145 9958
5146 9957
5147 9956
5148 9955
5149 9954
5150 9953
5151 9952
5152 9951
5153 9950
5154 9949
5155 9948
5156 9947
5157 9946
5158 10604
5159 10603
5160 10602
5161 10601
5162 10600
5163 10599
5164 10598
5165 10597
5166 10596
5167 10595
5168 10594
5169 10593
5170 10592
5171 10591
5172 9971
5173 9970
5174 9969
5175 9968
5176 9967
5177 9966
5178 9965
5179 9964
5180 9963
5181 9962
5182 9961
5183 9960
5184 9959
5185 10084
5186 10083
5187 10082
5188 10081
5189 10080
5190 10079
5191 10078
5192 10077
5193 10273
5194 10272
5195 10271
5196 10270
5197 10269
5198 10268
5199 10267
5200 12109
5201 12108
5202 12107
5203 12106
5204 12105
5205 12104
5206 12103
5207 12102
5208 12101
5209 12100
5210 12099
5211 12098
5212 12097
5213 12096
5214 11732
5215 11731
5216 11730
5217 11729
5218 11728
5219 11727
5220 11726
5221 11725
5222 11724
5223 11723
5224 11722
5225 11839
5226 11838
5227 11837
5228 11836
5229 11835
5230 11834
5231 11833
5232 11832
5233 11831
5234 11830
5235 12030
5236 12029
5237 12028
5238 12027
5239 12026
5240 12025
5241 12024
5242 12424
5243 12423
5244 12422
5245 12421
5246 12420
5247 12419
5248 12418
5249 12417
5250 12416
5251 12415
5252 12414
5253 12413
5254 12412
5255 12411
5256 12650
5257 12649
5258 12648
5259 12647
5260 12646
5261 12645
5262 12644
5263 12643
5264 12642
5265 12641
5266 12640
5267 12639
5268 12638
5269 12637
5270 12636
5271 12635
5272 12634
5273 12633
5274 12632
5275 12631
5276 12630
5277 12684
5278 12683
5279 12682
5280 12681
5281 12680
5282 12679
5283 12678
5284 13189
5285 13188
5286 13187
5287 13186
5288 13185
5289 13184
5290 13183
5291 13182
5292 13181
5293 13180
5294 13179
5295 13178
5296 13177
5297 13176
5298 13449
5299 13448
5300 13447
5301 13446
5302 13445
5303 13444
5304 13443
5305 13442
5306 13441
5307 13440
5308 13439
5309 13438
5310 13437
5311 13436
5312 13435
5313 13434
5314 13433
5315 13432
5316 13431
5317 13430
5318 13429
5319 13051
5320 13050
5321 13049
5322 13048
5323 13047
5324 13046
5325 13045
5326 13818
5327 13817
5328 13816
5329 13815
5330 13814
5331 13813
5332 13812
5333 13811
5334 13810
5335 13809
5336 13808
5337 13807
5338 13806
5339 13805
5340 13804
5341 13803
5342 13802
5343 13801
5344 13800
5345 13799
5346 13798
5347 13797
5348 13796
5349 13795
5350 13794
5351 13793
5352 13792
5353 13791
5354 13790
5355 13789
5356 13788
5357 13787
5358 13786
5359 13785
5360 13784
5361 13635
5362 13634
5363 13633
5364 13632
5365 13631
5366 13630
5367 13629
5368 14322
5369 14321
5370 14320
5371 14319
5372 14318
5373 14317
5374 14316
5375 14315
5376 14314
5377 14313
5378 14312
5379 14311
5380 14310
5381 14309
5382 14308
5383 14307
5384 14306
5385 14305
5386 14304
5387 14303
5388 14302
5389 14301
5390 14300
5391 14299
5392 14298
5393 14297
5394 14296
5395 14295
5396 14294
5397 14293
5398 14292
5399 14291
5400 14290
5401 14289
5402 14288
5403 14704
5404 14703
5405 14702
5406 14701
5407 14700
5408 14699
5409 14698
5410 15040
5411 15039
5412 15038
5413 15037
5414 15036
5415 15035
5416 15034
5417 15033
5418 15032
5419 15031
5420 15030
5421 15029
5422 15028
5423 15027
5424 15026
5425 15025
5426 15024
5427 15023
5428 15022
5429 15021
5430 15020
5431 15019
5432 15018
5433 15017
5434 15016
5435 15015
5436 15014
5437 15013
5438 15012
5439 15011
5440 15010
5441 15009
5442 15008
5443 15007
5444 15006
5445 14857
5446 14856
5447 14855
5448 14854
5449 14853
5450 14852
5451 14851
5452 14600
5453 14599
5454 14598
5455 14597
5456 14596
5459 14971
5460 14970
5461 14969
5462 14968
5463 14967
5464 14871
5465 14870
5466 14869
5467 14868
5468 14867
5469 14866
5470 14865
5471 14864
5472 14863
5473 14862
5474 14861
5475 14860
5476 14859
5477 14858
5478 15005
5479 15004
5480 15003
5481 15002
5482 15001
5483 15000
5484 14999
5485 15109
5486 15108
5487 15107
5488 15106
5489 15105
5490 15104
5491 15103
5492 15102
5493 15101
5494 15100
5495 15099
5496 15098
5497 15097
5498 15096
5499 15095
5500 15144
5501 15143
5502 15142
5503 15141
5504 15140
5505 15139
5506 15138
5507 15137
5508 15136
5509 15135
5510 14718
5511 14717
5512 14716
5513 14715
5514 14714
5515 14713
5516 14712
5517 14711
5518 14710
5519 14709
5520 14708
5521 14707
5522 14706
5523 14705
5524 14287
5525 14286
5526 14285
5527 14284
5528 14283
5529 14282
5530 14281
5531 14260
5532 14259
5533 14258
5534 14257
5535 14256
5536 14255
5537 14254
5538 14253
5539 14252
5540 14251
5541 14250
5542 14249
5543 14248
5544 14145
5545 14144
5546 14143
5547 14142
5548 14141
5549 14140
5550 14139
5551 14138
5552 14137
5553 14136
5554 14135
5555 14134
5556 13649
5557 13648
5558 13647
5559 13646
5560 13645
5561 13644
5562 13643
5563 13642
5564 13641
5565 13640
5566 13639
5567 13638
5568 13637
5569 13636
5570 13783
5571 13782
5572 13781
5573 13780
5574 13779
5575 13778
5576 13777
5577 14065
5578 14064
5579 14063
5580 14062
5581 14061
5582 14060
5583 14059
5584 14058
5585 14057
5586 14056
5587 14055
5588 14054
5589 14053
5590 14052
5591 14051
5592 14050
5593 14049
5594 14048
5595 14047
5596 14046
5597 14045
5598 14044
5599 14043
5600 14042
5601 14041
5602 13065
5603 13064
5604 13063
5605 13062
5606 13061
5607 13060
5608 13059
5609 13058
5610 13057
5611 13056
5612 13055
5613 13054
5614 13053
5615 13052
5616 13428
5617 13427
5618 13426
5619 13425
5620 13424
5621 13423
5622 13422
5623 13467
5624 13466
5625 13465
5626 13464
5627 13463
5628 13462
5629 13461
5630 13460
5631 13459
5632 13458
5633 13457
5634 13456
5635 13455
5636 13454
5637 13453
5638 13452
5639 13451
5640 13450
5641 13175
5642 13174
5643 13173
5644 13172
5645 13171
5646 13170
5647 13169
5648 12698
5649 12697
5650 12696
5651 12695
5652 12694
5653 12693
5654 12692
5655 12691
5656 12690
5657 12689
5658 12688
5659 12687
5660 12686
5661 12685
5662 12629
5663 12628
5664 12627
5665 12626
5666 12625
5667 12624
5668 12623
5669 12869
5670 12868
5671 12867
5672 12866
5673 12865
5674 12864
5675 12863
5676 12661
5677 12660
5678 12659
5679 12658
5680 12657
5681 12656
5682 12655
5683 12654
5684 12653
5685 12652
5686 12651
5687 12410
5688 12409
5689 12408
5690 12407
5691 12406
5692 12405
5693 12404
5694 12044
5695 12043
5696 12042
5697 12041
5698 12040
5699 12039
5700 12038
5701 12037
5702 12036
5703 12035
5704 12034
5705 12033
5706 12032
5707 12031
5708 11829
5709 11828
5710 11827
5711 11826
5712 11825
5713 11824
5714 11823
5715 11822
5716 11821
5717 11820
5718 11819
5719 11818
5720 11745
5721 11744
5722 11743
5723 11742
5724 11741
5725 11740
5726 11739
5727 11738
5728 11737
5729 11736
5730 11735
5731 11734
5732 11733
5733 12095
5734 12094
5735 12093
5736 12092
5737 12091
5738 12090
5739 12089
5740 10287
5741 10286
5742 10285
5743 10284
5744 10283
5745 10282
5746 10281
5747 10280
5748 10279
5749 10278
5750 10277
5751 10276
5752 10275
5753 10274
5754 10076
5755 10075
5756 10074
5757 10073
5758 10072
5759 10071
5760 10070
5761 10069
5762 9984
5763 9983
5764 9982
5765 9981
5766 9980
5767 9979
5768 9978
5769 9977
5770 9976
5771 9975
5772 9974
5773 9973
5774 9972
5775 10590
5776 10589
5777 10588
5778 10587
5779 10586
5780 10585
5781 10584
5782 10583
5783 10582
5784 10581
5785 10580
5786 10579
5787 10578
5788 10577
5789 10576
5790 10575
5791 10574
5792 10573
5793 10572
5794 10571
5795 10570
5796 10569
5797 10568
5798 10567
5799 10566
5800 10565
5801 10564
5802 10563
5803 10562
5804 10561
5805 10560
5806 10559
5807 10558
5808 10557
5809 10556
5810 10555
5811 10554
5812 10553
5813 11343
5814 11342
5815 11341
5816 11340
5817 11339
5818 11338
5819 11337
5820 11336
5821 11335
5822 11334
5823 11333
5824 11332
5825 11331
5826 11330
5827 11329
5828 11328
5829 11327
5830 11326
5831 11325
5832 11324
5833 11323
5834 11322
5835 11321
5836 11320
5837 11319
5838 11318
5839 11317
5840 11316
5841 11315
5842 11314
5843 11313
5844 11312
5845 11311
5846 11310
5847 11309
5848 11308
5849 11307
5850 11306
5851 11305
5852 11304
5853 11303
5854 11302
5855 11301
5856 11300
5857 11299
5858 9860
5859 9859
5860 9858
5861 9857
5862 9856
5863 9855
5864 9854
5865 9853
5866 9852
5867 9851
5868 9850
5869 9849
5870 9848
5871 9847
5872 9846
5873 9845
5874 9844
5875 9843
5876 9842
5877 9841
5878 9840
5879 9839
5880 9838
5881 9837
5882 9836
5883 9835
5884 9834
5885 9833
5886 9832
5887 9831
5888 9830
5889 9135
5890 9134
5891 9133
5892 9132
5893 9131
5894 9130
5895 9129
5896 9380
5897 9379
5898 9378
5899 9377
5900 9376
5901 9375
5902 9374
5903 9373
5904 9372
5905 9371
5906 9370
5907 9369
5908 9368
5909 9367
5910 9366
5911 9365
5912 9364
5913 9363
5914 9362
5915 9361
5916 9360
5917 9359
5918 9358
5919 9357
5920 9356
5921 9355
5922 9354
5923 9353
5924 9352
5925 9351
5926 9350
5927 8916
5928 8915
5929 8914
5930 8913
5931 8912
5932 8911
5933 8910
5934 8959
5935 8958
5936 8957
5937 8956
5938 8955
5939 8954
5940 8953
5941 8952
5942 8951
5943 8950
5944 8983
5945 8982
5946 8981
5947 8980
5948 8979
5949 8978
5950 8977
5951 8401
5952 8400
5953 8399
5954 8398
5955 8397
5956 8396
5957 8395
5958 8394
5959 8393
5960 8392
5961 8391
5962 8390
5963 8389
5964 8388
5965 8066
5966 8065
5967 8064
5968 8063
5969 8062
5970 8061
5971 8060
5972 8051
5973 8050
5974 8049
5975 8048
5976 8047
5977 8046
5978 8045
5979 8044
5980 8043
5981 8042
5982 8041
5983 8040
5984 8039
5985 8038
5986 8037
5987 8036
5988 8035
5989 7788
5990 7787
5991 7786
5992 7785
5993 7784
5994 7783
5995 7782
5996 7781
5997 7780
5998 7779
5999 7778
6000 7777
6001 7776
6002 7775
6003 7858
6004 7857
6005 7856
6006 7855
6007 7854
6008 7853
6009 7852
6010 7956
6011 7955
6012 7954
6013 7953
6014 7952
6017 7961
6018 7960
6019 7959
6020 7958
6021 7957
6022 7851
6023 7850
6024 7849
6025 7848
6026 7847
6027 7846
6028 7845
6029 8136
6030 8135
6031 8134
6032 8133
6033 8132
6034 8131
6035 8130
6036 7795
6037 7794
6038 7793
6039 7792
6040 7791
6041 7790
6042 7789
6043 8034
6044 8033
6045 8032
6046 8031
6047 8030
6048 8029
6049 8028
6050 8027
6051 8026
6052 8059
6053 8058
6054 8057
6055 8056
6056 8055
6057 8054
6058 8053
6059 8052
6060 8175
6061 8174
6062 8173
6063 8172
6064 8171
6065 8170
6066 8169
6067 8748
6068 8747
6069 8746
6070 8745
6071 8744
6072 8743
6073 8742
6074 8408
6075 8407
6076 8406
6077 8405
6078 8404
6079 8403
6080 8402
6081 8976
6082 8975
6083 8974
6084 8973
6085 8972
6086 8971
6087 8970
6088 8969
6089 8968
6090 8967
6091 8966
6092 8965
6093 8964
6094 8963
6095 8962
6096 8961
6097 8960
6098 8909
6099 8908
6100 8907
6101 8906
6102 8905
6103 8904
6104 8903
6105 9441
6106 9440
6107 9439
6108 9438
6109 9437
6110 9436
6111 9435
6112 9244
6113 9243
6114 9242
6115 9241
6116 9240
6117 9239
6118 9238
6119 9237
6120 9236
6121 9235
6122 9234
6123 9233
6124 9392
6125 9391
6126 9390
6127 9389
6128 9388
6129 9387
6130 9386
6131 9385
6132 9384
6133 9383
6134 9382
6135 9381
6136 9128
6137 9127
6138 9126
6139 9125
6140 9124
6141 9123
6142 9122
6143 11028
6144 11027
6145 11026
6146 11025
6147 11024
6148 11023
6149 11022
6150 9583
6151 9582
6152 9581
6153 9580
6154 9579
6155 9578
6156 9577
6157 9576
6158 9575
6159 9574
6160 9611
6161 9610
6162 9609
6163 9608
6164 9607
6165 9606
6166 9605
6167 9867
6168 9866
6169 9865
6170 9864
6171 9863
6172 9862
6173 9861
6174 11298
6175 11297
6176 11296
6177 11295
6178 11294
6179 11293
6180 11292
6181 11419
6182 11418
6183 11417
6184 11416
6185 11415
6186 11414
6187 11413
6188 9875
6189 9874
6190 9873
6191 9872
6192 9871
6193 9870
6194 9869
6195 9868
6196 11265
6197 11264
6198 11263
6199 11262
6200 11261
6201 11260
6202 11259
6203 11258
6204 11257
6205 10772
6206 10771
6207 10770
6208 10769
6209 10768
6210 10767
6211 10766
6212 10765
6213 10764
6214 10763
6215 10762
6216 10761
6217 10760
6218 10759
6219 11590
6220 11589
6221 11588
6222 11587
6223 11586
6224 11585
6225 11584
6226 11583
6227 11582
6228 11581
6229 11580
6230 11579
6231 11578
6232 10691
6233 10690
6234 10689
6235 10688
6236 10687
6237 10686
6238 10685
6239 10684
6240 10683
6241 10682
6242 10681
6243 10377
6244 10376
6245 10375
6246 10374
6247 10373
6248 10372
6249 10371
6250 10370
6251 10369
6252 10368
6253 10367
6254 10366
6255 10365
6256 10364
6257 10307
6258 10306
6259 10305
6260 10304
6261 10303
6262 10302
6263 10301
6264 10300
6265 10299
6266 10298
6267 10297
6268 10296
6269 10295
6270 10336
6271 10335
6272 10334
6273 10333
6274 10332
6275 10331
6276 10330
6277 10329
6278 12144
6279 12143
6280 12142
6281 12141
6282 12140
6283 12139
6284 12138
6285 10294
6286 10293
6287 10292
6288 10291
6289 10290
6290 10289
6291 10288
6292 12088
6293 12087
6294 12086
6295 12085
6296 12084
6297 12083
6298 12082
6299 12289
6300 12288
6301 12287
6302 12286
6303 12285
6304 12284
6305 12283
6306 12282
6307 12281
6308 12280
6309 12279
6310 12278
6311 12277
6312 12276
6313 12275
6314 12274
6315 12273
6316 12272
6317 12271
6318 12270
6319 12269
6320 12268
6321 12267
6322 12266
6323 12265
6324 12459
6325 12458
6326 12457
6327 12456
6328 12455
6329 12454
6330 12453
6331 12051
6332 12050
6333 12049
6334 12048
6335 12047
6336 12046
6337 12045
6338 12403
6339 12402
6340 12401
6341 12400
6342 12399
6343 12398
6344 12397
6345 12887
6346 12886
6347 12885
6348 12884
6349 12883
6350 12882
6351 12881
6352 12880
6353 12879
6354 12878
6355 12877
6356 12876
6357 12875
6358 12874
6359 12873
6360 12872
6361 12871
6362 12870
6363 12622
6364 12621
6365 12620
6366 12619
6367 12618
6368 12617
6369 12616
6370 13224
6371 13223
6372 13222
6373 13221
6374 13220
6375 13219
6376 13218
6377 12705
6378 12704
6379 12703
6380 12702
6381 12701
6382 12700
6383 12699
6384 13168
6385 13167
6386 13166
6387 13165
6388 13164
6389 13163
6390 13162
6391 13485
6392 13484
6393 13483
6394 13482
6395 13481
6396 13480
6397 13479
6398 13478
6399 13477
6400 13476
6401 13475
6402 13474
6403 13473
6404 13472
6405 13471
6406 13470
6407 13469
6408 13468
6409 13421
6410 13420
6411 13419
6412 13418
6413 13417
6414 13416
6415 13415
6416 13853
6417 13852
6418 13851
6419 13850
6420 13849
6421 13848
6422 13847
6423 13072
6424 13071
6425 13070
6426 13069
6427 13068
6428 13067
6429 13066
6430 14040
6431 14039
6432 14038
6433 14037
6434 14036
6435 14035
6436 14034
6437 14083
6438 14082
6439 14081
6440 14080
6441 14079
6442 14078
6443 14077
6444 14076
6445 14075
6446 14074
6447 14073
6448 14072
6449 14071
6450 14070
6451 14069
6452 14068
6453 14067
6454 14066
6455 13776
6456 13775
6457 13774
6458 13773
6459 13772
6460 13771
6461 13770
6462 14357
6463 14356
6464 14355
6465 14354
6466 14353
6467 14352
6468 14351
6469 13656
6470 13655
6471 13654
6472 13653
6473 13652
6474 13651
6475 13650
6476 14133
6477 14132
6478 14131
6479 14130
6480 14129
6481 14128
6482 14127
6483 14126
6484 14125
6485 14124
6486 14123
6487 14122
6488 14273
6489 14272
6490 14271
6491 14270
6492 14269
6493 14268
6494 14267
6495 14266
6496 14265
6497 14264
6498 14263
6499 14262
6500 14261
6501 14280
6502 14279
6503 14278
6504 14277
6505 14276
6506 14275
6507 14274
6508 15197
6509 15196
6510 15195
6511 15194
6512 15193
6513 15192
6514 15191
6515 14725
6516 14724
6517 14723
6518 14722
6519 14721
6520 14720
6521 14719
6522 15134
6523 15133
6524 15132
6525 15131
6526 15130
6527 15129
6528 15128
6529 15127
6530 15126
6531 15125
6532 15124
6533 15123
6534 15122
6535 15121
6536 15120
6537 15119
6538 15118
6539 15117
6540 15116
6541 15115
6542 15114
6543 15113
6544 15112
6545 15111
6546 15110
6547 14998
6548 14997
6549 14996
6550 14995
6551 14994
6552 14993
6553 14992
6554 14917
6555 14916
6556 14915
6557 14914
6558 14913
6559 14912
6560 14911
6561 14878
6562 14877
6563 14876
6564 14875
6565 14874
6566 14873
6567 14872
6568 14966
6569 14965
6570 14964
6571 14963
6572 14962
6575 14991
6576 14990
6577 14989
6578 14988
6579 14987
6580 14931
6581 14930
6582 14929
6583 14928
6584 14927
6585 14926
6586 14925
6587 14924
6588 14923
6589 14922
6590 14921
6591 14920
6592 14919
6593 14918
6594 15323
6595 15322
6596 15321
6597 15320
6598 15319
6599 15318
6600 15317
6601 15428
6602 15427
6603 15426
6604 15425
6605 15424
6606 15423
6607 15422
6608 15421
6609 15420
6610 15419
6611 15418
6612 15417
6613 15416
6614 15415
6615 15414
6616 15413
6617 15412
6618 15411
6619 15410
6620 15409
6621 15408
6622 15407
6623 15406
6624 15405
6625 15404
6626 15403
6627 15402
6628 15401
6629 15400
6630 15399
6631 15398
6632 15211
6633 15210
6634 15209
6635 15208
6636 15207
6637 15206
6638 15205
6639 15204
6640 15203
6641 15202
6642 15201
6643 15200
6644 15199
6645 15198
6646 14533
6647 14532
6648 14531
6649 14530
6650 14529
6651 14528
6652 14527
6653 14579
6654 14578
6655 14577
6656 14576
6657 14575
6658 14574
6659 14573
6660 14572
6661 14571
6662 14570
6663 14569
6664 14568
6665 14567
6666 14566
6667 14565
6668 14564
6669 14563
6670 14562
6671 14561
6672 14560
6673 14559
6674 14558
6675 14557
6676 14556
6677 14555
6678 14554
6679 14553
6680 14552
6681 14551
6682 14550
6683 14549
6684 14371
6685 14370
6686 14369
6687 14368
6688 14367
6689 14366
6690 14365
6691 14364
6692 14363
6693 14362
6694 14361
6695 14360
6696 14359
6697 14358
6698 14009
6699 14008
6700 14007
6701 14006
6702 14005
6703 14004
6704 14003
6705 14107
6706 14106
6707 14105
6708 14104
6709 14103
6710 14102
6711 14101
6712 14100
6713 14099
6714 14098
6715 14097
6716 14096
6717 14095
6718 14094
6719 14093
6720 14092
6721 14091
6722 14090
6723 14089
6724 14088
6725 14087
6726 14086
6727 14085
6728 14084
6729 14033
6730 14032
6731 14031
6732 14030
6733 14029
6734 14028
6735 14027
6736 13867
6737 13866
6738 13865
6739 13864
6740 13863
6741 13862
6742 13861
6743 13860
6744 13859
6745 13858
6746 13857
6747 13856
6748 13855
6749 13854
6750 13414
6751 13413
6752 13412
6753 13411
6754 13410
6755 13409
6756 13408
6757 13509
6758 13508
6759 13507
6760 13506
6761 13505
6762 13504
6763 13503
6764 13502
6765 13501
6766 13500
6767 13499
6768 13498
6769 13497
6770 13496
6771 13495
6772 13494
6773 13493
6774 13492
6775 13491
6776 13490
6777 13489
6778 13488
6779 13487
6780 13486
6781 13161
6782 13160
6783 13159
6784 13158
6785 13157
6786 13156
6787 13155
6788 13238
6789 13237
6790 13236
6791 13235
6792 13234
6793 13233
6794 13232
6795 13231
6796 13230
6797 13229
6798 13228
6799 13227
6800 13226
6801 13225
6802 12615
6803 12614
6804 12613
6805 12612
6806 12611
6807 12610
6808 12609
6809 12911
6810 12910
6811 12909
6812 12908
6813 12907
6814 12906
6815 12905
6816 12904
6817 12903
6818 12902
6819 12901
6820 12900
6821 12899
6822 12898
6823 12897
6824 12896
6825 12895
6826 12894
6827 12893
6828 12892
6829 12891
6830 12890
6831 12889
6832 12888
6833 12396
6834 12395
6835 12394
6836 12393
6837 12392
6838 12391
6839 12390
6840 12473
6841 12472
6842 12471
6843 12470
6844 12469
6845 12468
6846 12467
6847 12466
6848 12465
6849 12464
6850 12463
6851 12462
6852 12461
6853 12460
6854 12264
6855 12263
6856 12262
6857 12261
6858 12260
6859 12259
6860 12258
6861 12313
6862 12312
6863 12311
6864 12310
6865 12309
6866 12308
6867 12307
6868 12306
6869 12305
6870 12304
6871 12303
6872 12302
6873 12301
6874 12300
6875 12299
6876 12298
6877 12297
6878 12296
6879 12295
6880 12294
6881 12293
6882 12292
6883 12291
6884 12290
6885 12081
6886 12080
6887 12079
6888 12078
6889 12077
6890 12076
6891 12075
6892 12158
6893 12157
6894 12156
6895 12155
6896 12154
6897 12153
6898 12152
6899 12151
6900 12150
6901 12149
6902 12148
6903 12147
6904 12146
6905 12145
6906 10328
6907 10327
6908 10326
6909 10325
6910 10324
6911 10323
6912 10322
6913 10321
6914 10320
6915 10319
6916 10318
6917 10317
6918 10316
6919 10315
6920 10314
6921 10313
6922 10312
6923 10311
6924 10310
6925 10309
6926 10308
6927 10363
6928 10362
6929 10361
6930 10360
6931 10359
6932 10358
6933 10357
6934 11615
6935 11614
6936 11613
6937 11612
6938 11611
6939 11610
6940 11609
6941 11608
6942 11607
6943 11606
6944 11605
6945 11604
6946 11603
6947 11602
6948 11601
6949 11600
6950 11599
6951 11598
6952 11597
6953 11596
6954 11595
6955 11594
6956 11593
6957 11592
6958 11591
6959 10758
6960 10757
6961 10756
6962 10755
6963 10754
6964 10753
6965 10752
6966 11444
6967 11443
6968 11442
6969 11441
6970 11440
6971 11439
6972 11438
6973 11437
6974 11436
6975 11435
6976 11434
6977 11433
6978 11432
6979 11431
6980 11430
6981 11429
6982 11428
6983 11427
6984 11426
6985 11425
6986 11424
6987 11423
6988 11422
6989 11421
6990 11420
6991 11291
6992 11290
6993 11289
6994 11288
6995 11287
6996 11286
6997 11285
6998 11053
6999 11052
7000 11051
7001 11050
7002 11049
7003 11048
7004 11047
7005 11046
7006 11045
7007 11044
7008 11043
7009 11042
7010 11041
7011 11040
7012 11039
7013 11038
7014 11037
7015 11036
7016 11035
7017 11034
7018 11033
7019 11032
7020 11031
7021 11030
7022 11029
7023 9534
7024 9533
7025 9532
7026 9531
7027 9530
7028 9529
7029 9528
7030 9564
7031 9563
7032 9562
7033 9561
7034 9560
7035 9559
7036 9558
7037 9557
7038 9556
7039 9457
7040 9456
7041 9455
7042 9454
7043 9453
7044 9452
7045 9451
7046 9450
7047 9449
7048 9448
7049 9447
7050 9446
7051 9445
7052 9444
7053 9443
7054 9442
7055 8902
7056 8901
7057 8900
7058 8899
7059 8898
7060 8897
7061 8896
7062 8990
7063 8989
7064 8988
7065 8987
7066 8986
7067 8985
7068 8984
7069 8766
7070 8765
7071 8764
7072 8763
7073 8762
7074 8761
7075 8760
7076 8759
7077 8758
7078 8757
7079 8756
7080 8755
7081 8754
7082 8753
7083 8752
7084 8751
7085 8750
7086 8749
7087 8168
7088 8167
7089 8166
7090 8165
7091 8164
7092 8163
7093 8162
7094 8161
7095 8160
7096 8159
7097 8158
7098 8157
7099 8156
7100 8155
7101 8154
7102 8153
7103 8152
7104 8151
7105 8150
7106 8149
7107 8148
7108 8147
7109 8146
7110 8145
7111 8144
7112 8143
7113 8142
7114 8141
7115 8140
7116 8139
7117 8138
7118 8137
7119 7844
7120 7843
7121 7842
7122 7841
7123 7840
7124 7839
7125 7838
7126 7966
7127 7965
7128 7964
7129 7963
7130 7962
7133 7971
7134 7970
7135 7969
7136 7968
7137 7967
7138 7837
7139 7836
7140 7835
7141 7834
7142 7833
7143 7832
7144 7831
7145 7830
7146 7829
7147 7828
7148 7827
7149 7826
7150 7825
7151 7824
7152 8188
7153 8187
7154 8186
7155 8185
7156 8184
7157 8183
7158 8182
7159 8181
7160 8180
7161 8179
7162 8178
7163 8177
7164 8176
7165 8345
7166 8344
7167 8343
7168 8342
7169 8341
7170 8340
7171 8339
7172 8338
7173 8337
7174 8336
7175 8335
7176 8334
7177 8333
7178 8332
7179 8331
7180 8330
7181 8329
7182 8328
7183 8327
7184 8797
7185 8796
7186 8795
7187 8794
7188 8793
7189 8792
7190 8791
7191 8790
7192 8789
7193 8788
7194 8787
7195 8997
7196 8996
7197 8995
7198 8994
7199 8993
7200 8992
7201 8991
7202 8895
7203 8894
7204 8893
7205 8892
7206 8891
7207 8890
7208 8889
7209 8888
7210 8887
7211 8886
7212 8885
7213 8884
7214 8883
7215 8882
7216 9543
7217 9542
7218 9541
7219 9540
7220 9539
7221 9538
7222 9537
7223 9536
7224 9535
7225 9573
7226 9572
7227 9571
7228 9570
7229 9569
7230 9568
7231 9567
7232 9566
7233 9565
7234 9527
7235 9526
7236 9525
7237 9524
7238 9523
7239 9522
7240 9521
7241 9520
7242 9519
7243 9518
7244 9517
7245 9516
7246 9515
7247 9514
7248 11071
7249 11070
7250 11069
7251 11068
7252 11067
7253 11066
7254 11065
7255 11064
7256 11063
7257 11062
7258 11061
7259 11060
7260 11059
7261 11058
7262 11057
7263 11056
7264 11055
7265 11054
7266 11284
7267 11283
7268 11282
7269 11281
7270 11280
7271 11279
7272 11278
7273 11277
7274 11276
7275 11275
7276 11274
7277 11273
7278 11272
7279 11271
7280 11270
7281 11269
7282 11268
7283 11267
7284 11266
7285 11457
7286 11456
7287 11455
7288 11454
7289 11453
7290 11452
7291 11451
7292 11450
7293 11449
7294 11448
7295 11447
7296 11446
7297 11445
7298 10751
7299 10750
7300 10749
7301 10748
7302 10747
7303 10746
7304 10745
7305 10744
7306 10743
7307 10742
7308 10741
7309 10740
7310 10739
7311 10738
7312 10737
7313 10736
7314 10735
7315 11577
7316 11576
7317 11575
7318 11574
7319 11573
7320 11572
7321 11571
7322 11570
7323 11622
7324 11621
7325 11620
7326 11619
7327 11618
7328 11617
7329 11616
7330 10356
7331 10355
7332 10354
7333 10353
7334 10352
7335 10351
7336 10350
7337 10349
7338 10348
7339 10347
7340 10346
7341 10345
7342 10344
7343 10343
7344 10342
7345 10341
7346 10340
7347 10339
7348 10338
7349 10337
7350 11721
7351 11720
7352 11719
7353 11718
7354 11717
7355 11716
7356 11715
7357 11714
7358 11713
7359 11712
7360 11711
7361 11710
7362 11709
7363 11708
7364 11707
7365 12165
7366 12164
7367 12163
7368 12162
7369 12161
7370 12160
7371 12159
7372 12074
7373 12073
7374 12072
7375 12071
7376 12070
7377 12069
7378 12068
7379 12067
7380 12066
7381 12065
7382 12064
7383 12063
7384 12062
7385 12061
7386 12060
7387 12059
7388 12058
7389 12057
7390 12056
7391 12055
7392 12054
7393 12053
7394 12052
7395 12321
7396 12320
7397 12319
7398 12318
7399 12317
7400 12316
7401 12315
7402 12314
7403 12257
7404 12256
7405 12255
7406 12254
7407 12253
7408 12252
7409 12251
7410 12250
7411 12249
7412 12248
7413 12247
7414 12246
7415 12245
7416 12244
7417 12480
7418 12479
7419 12478
7420 12477
7421 12476
7422 12475
7423 12474
7424 12389
7425 12388
7426 12387
7427 12386
7428 12385
7429 12384
7430 12383
7431 12382
7432 12381
7433 12380
7434 12379
7435 12378
7436 12377
7437 12376
7438 12375
7439 12374
7440 12373
7441 12372
7442 12371
7443 12370
7444 12369
7445 12921
7446 12920
7447 12919
7448 12918
7449 12917
7450 12916
7451 12915
7452 12914
7453 12913
7454 12912
7455 12608
7456 12607
7457 12606
7458 12605
7459 12604
7460 12603
7461 12602
7462 12601
7463 12600
7464 12599
7465 12598
7466 12597
7467 12596
7468 12595
7469 13245
7470 13244
7471 13243
7472 13242
7473 13241
7474 13240
7475 13239
7476 13154
7477 13153
7478 13152
7479 13151
7480 13150
7481 13149
7482 13148
7483 13147
7484 13146
7485 13145
7486 13144
7487 13143
7488 13142
7489 13141
7490 13140
7491 13139
7492 13138
7493 13137
7494 13136
7495 13521
7496 13520
7497 13519
7498 13518
7499 13517
7500 13516
7501 13515
7502 13514
7503 13513
7504 13512
7505 13511
7506 13510
7507 13407
7508 13406
7509 13405
7510 13404
7511 13403
7512 13402
7513 13401
7514 13400
7515 13399
7516 13398
7517 13397
7518 13396
7519 13395
7520 13394
7521 13874
7522 13873
7523 13872
7524 13871
7525 13870
7526 13869
7527 13868
7528 14026
7529 14025
7530 14024
7531 14023
7532 14022
7533 14021
7534 14020
7535 14019
7536 14018
7537 14017
7538 14016
7539 14015
7540 14014
7541 14013
7542 14012
7543 14011
7544 14010
7545 14121
7546 14120
7547 14119
7548 14118
7549 14117
7550 14116
7551 14115
7552 14114
7553 14113
7554 14112
7555 14111
7556 14110
7557 14109
7558 14108
7559 14002
7560 14001
7561 14000
7562 13999
7563 13998
7564 13997
7565 13996
7566 13995
7567 13994
7568 13993
7569 13992
7570 13991
7571 13990
7572 13989
7573 14378
7574 14377
7575 14376
7576 14375
7577 14374
7578 14373
7579 14372
7580 14548
7581 14547
7582 14546
7583 14545
7584 14544
7585 14543
7586 14542
7587 14541
7588 14540
7589 14539
7590 14538
7591 14537
7592 14536
7593 14535
7594 14534
7595 14595
7596 14594
7597 14593
7598 14592
7599 14591
7600 14590
7601 14589
7602 14588
7603 14587
7604 14586
7605 14585
7606 14584
7607 14583
7608 14582
7609 14581
7610 14580
7611 14526
7612 14525
7613 14524
7614 14523
7615 14522
7616 14521
7617 14520
7618 14519
7619 14518
7620 14517
7621 14516
7622 14515
7623 14514
7624 14513
7625 15218
7626 15217
7627 15216
7628 15215
7629 15214
7630 15213
7631 15212
7632 15397
7633 15396
7634 15395
7635 15394
7636 15393
7637 15392
7638 15391
7639 15390
7640 15389
7641 15388
7642 15387
7643 15386
7644 15385
7645 15384
7646 15383
7647 15382
7648 15381
7649 15380
7650 15379
7651 15378
7652 15377
7653 15376
7654 15375
7655 15374
7656 15435
7657 15434
7658 15433
7659 15432
7660 15431
7661 15430
7662 15429
7663 15316
7664 15315
7665 15314
7666 15313
7667 15312
7668 15311
7669 15310
7670 15309
7671 15308
7672 15307
7673 15306
7674 15305
7675 15304
7676 15303
7677 14938
7678 14937
7679 14936
7680 14935
7681 14934
7682 14933
7683 14932
7684 14986
7685 14985
7686 14984
7687 14983
7688 14982
7691 14981
7692 14980
7693 14979
7694 14978
7695 14977
7696 14945
7697 14944
7698 14943
7699 14942
7700 14941
7701 14940
7702 14939
7703 15302
7704 15301
7705 15300
7706 15299
7707 15298
7708 15297
7709 15296
7710 14815
7711 14814
7712 14813
7713 14812
7714 14811
7715 14810
7716 14809
7717 15330
7718 15329
7719 15328
7720 15327
7721 15326
7722 15325
7723 15324
7724 15373
7725 15372
7726 15371
7727 15370
7728 15369
7729 15368
7730 15367
7731 15366
