8782 9690
8781 9691
8780 9692
8779 9693
8777 8778
8776 9696
8775 9697
8774 9121
8773 9122
8771 8772
8770 9125
8769 9126
8768 9127
8767 9128
8765 8766
8764 9131
8763 9132
8762 9133
8760 8761
8759 9136
8758 11243
8757 11244
8756 11245
8754 8755
8753 11248
8752 11249
8751 11250
8749 8750
8748 11263
8747 11264
8746 11265
8744 8745
8743 11268
8742 11269
8741 11270
8739 8740
8738 11273
8737 11285
8736 11286
8735 11287
8734 11288
8732 8733
8731 11291
8730 11292
8728 8729
8727 13258
8726 13259
8724 8725
8723 13262
8721 8722
8720 13265
8719 13266
8717 8718
8716 13269
8715 13270
8713 8714
8712 13767
8711 13768
8709 8710
8708 13771
8706 8707
8705 13774
8704 13775
8702 8703
8701 13778
8700 13852
8698 8699
8697 13855
8695 8696
8694 13858
8693 13859
8691 8692
8690 13862
8689 13863
8687 8688
8686 13866
8685 11305
8684 11306
8683 11307
8681 8682
8680 11310
8679 11311
8677 8678
8676 11314
8675 11315
8673 8674
8672 11329
8671 11330
8669 8670
8668 11333
8667 11334
8665 8666
8664 14158
8663 14159
8661 8662
8660 14162
8659 14163
8657 8658
8656 14166
8655 14167
8653 8654
8652 14170
8650 8651
8649 14173
8648 14174
8646 8647
8645 14177
8644 14178
8642 8643
8641 13900
8640 13901
8638 8639
8637 13904
8636 13905
8634 8635
8633 13908
8632 13909
8631 13910
8630 13911
8628 8629
8627 14320
8626 14321
8624 8625
8623 14324
8622 14325
8620 8621
8619 14328
8618 14329
8616 8617
8615 14332
8614 14333
8612 8613
8611 11347
8610 11348
8608 8609
8607 11351
8606 11352
8604 8605
8603 11355
8602 11356
8600 8601
8599 14554
8597 8598
8596 14557
8595 14558
8593 8594
8592 14561
8591 14562
8589 8590
8588 14565
8587 14566
8585 8586
8584 14569
8583 14570
8581 8582
8580 14573
8579 14574
8578 14575
8576 8577
8575 14650
8574 14651
8572 8573
8571 14654
8570 14655
8568 8569
8567 14658
8566 14659
8564 8565
8563 14662
8562 14663
8560 8561
8559 11367
8558 11368
8556 8557
8555 11371
8554 11372
8552 8553
8551 11375
8550 11376
8548 8549
8547 11379
8545 8546
8544 11382
8543 11383
8541 8542
8540 11386
8539 11387
8537 8538
8536 14690
8535 14691
8533 8534
8532 14694
8531 14695
8529 8530
8528 14698
8527 14699
8526 14700
8524 8525
8523 14841
8522 14842
8520 8521
8519 14845
8518 14846
8516 8517
8515 11437
8513 8514
8512 11440
8511 11441
8509 8510
8508 11444
8507 11445
8505 8506
8504 11448
8502 8503
8501 11409
8500 11410
8498 8499
8497 11413
8496 11515
8494 8495
8493 11518
8492 11519
8490 8491
8489 11522
8488 11523
8486 8487
8485 11526
8483 8484
8482 11529
8481 11530
8479 8480
8478 11533
8477 11534
8475 8476
8474 11537
8473 11538
8472 11539
8470 8471
8469 11542
8468 11543
8466 8467
8465 11546
8464 15866
8462 8463
8461 15869
8460 15870
8458 8459
8457 15873
8456 15874
8455 15875
8453 8454
8452 15878
8451 15879
8449 8450
8448 15882
8447 15883
8446 15884
8445 15885
8443 8444
8442 15888
8441 15889
8440 15890
8439 15891
8438 15766
8436 8437
8435 15769
8434 15770
8433 15771
8432 15772
8431 15773
8430 15774
8429 15775
8428 15776
8427 15777
8426 15778
8425 15779
8424 15780
8423 15781
8422 11579
8421 11580
8420 11581
8419 11582
8418 11583
8417 11584
8416 11585
8415 11586
8414 11587
8413 11588
8412 16048
8411 16049
8410 16050
8409 16051
8408 16052
8407 16053
8406 16054
8405 16055
8404 16056
8403 16057
8402 16058
8401 16059
8400 16060
8399 16061
8398 16102
8397 16103
8396 16104
8395 16105
8394 16106
8393 16107
8392 16108
8391 16143
8390 16144
8389 16145
8388 16146
8387 16147
8386 16148
8385 16149
8384 16150
8383 16151
8382 16152
8381 16153
8380 16154
8379 16155
8378 16156
8377 16157
8376 16158
8375 16380
8374 16381
8373 16382
8372 16383
8371 16384
8370 16385
8369 16386
8368 16387
8367 16388
8366 16389
8365 16390
8364 16391
8363 16392
8362 16393
8361 16394
8360 16395
8359 16396
8358 16397
8357 16398
8356 16399
8355 16400
8354 16401
8353 16402
8352 16403
8351 16404
8350 16405
8349 17026
8348 17027
8347 17028
8346 17029
8345 17030
8344 17031
8343 17032
8342 17033
8341 17034
8340 17035
8339 17036
8338 17037
8337 17038
8336 17039
8335 17040
8334 17041
8333 17042
8332 17043
8331 17044
8330 17045
8329 17046
8328 17083
8327 17084
8326 17085
8325 17086
8324 17087
8323 17088
8322 17089
8321 17090
8320 17091
8319 17092
8318 17093
8317 17094
8316 17095
8315 17096
8314 17097
8313 17098
8312 17446
8311 17447
8310 17448
8309 17449
8308 17450
8307 17451
8306 17452
8305 17453
8304 17414
8303 17415
8302 17416
8301 17417
8300 17418
8299 17419
8298 17420
8297 17421
8296 17422
8295 17423
8294 17424
8293 17425
8292 17530
8291 17531
8290 17532
8289 17533
8288 17534
8287 17535
8286 10719
8285 10720
8284 10721
8283 10722
8282 10723
8281 10724
8280 10725
8279 10726
8278 10727
8277 10728
8276 10729
8275 10730
8274 10731
8273 10732
8272 10733
8271 10734
8270 10482
8269 10483
8268 10484
8267 10485
8266 10486
8265 10487
8264 10488
8263 10489
8262 10490
8261 10491
8260 10492
8259 10493
8258 10494
8257 10495
8256 10496
8255 10497
8254 10498
8253 10499
8252 10500
8251 10501
8250 10502
8249 10503
8248 10504
8247 10505
8246 10506
8245 10507
8244 11609
8243 11610
8242 11611
8241 11612
8240 11613
8239 11614
8238 11615
8237 11616
8236 11617
8235 11618
8232 10324
8231 10325
8230 10326
8229 10327
8228 10328
8227 10329
8226 10330
8225 10331
8224 10332
8223 10333
8222 10334
8221 10335
8220 10336
8219 10337
8218 10380
8217 10381
8216 10382
8215 10383
8214 10384
8213 10385
8212 10386
8211 10387
8210 10388
8209 10389
8208 10390
8207 10391
8206 10392
8205 10393
8204 10394
8203 10395
8202 10958
8201 10959
8200 10960
8199 10961
8198 10962
8197 10963
8196 10964
8195 10965
8194 10966
8193 10967
8192 10968
8191 10969
8190 10970
8189 10971
8188 10972
8187 10549
8186 10550
8185 10551
8184 10552
8183 10553
8182 10554
8181 10555
8180 10556
8179 10557
8178 10558
8177 10559
8176 10560
8175 10561
8174 10562
8173 10563
8172 10564
8171 10565
8170 10566
8169 10567
8168 10568
8167 10569
8166 10570
8165 10571
8164 10572
8163 10573
8162 10574
8161 10575
8160 10576
8159 17397
8158 17398
8157 17399
8156 17400
8155 17401
8154 17402
8153 17403
8152 17404
8151 17405
8150 17406
8149 17407
8148 17408
8147 17409
8146 17410
8145 17411
8144 17412
8143 17413
8142 17454
8141 17455
8140 17456
8139 17457
8138 17458
8137 17459
8136 17460
8135 17461
8134 17462
8133 17463
8132 17464
8131 17465
8130 17466
8129 10238
8128 10239
8127 10240
8126 10241
8125 10242
8124 10243
8123 10244
8122 10245
8121 10246
8120 10247
8119 10248
8118 10249
8117 16599
8116 16600
8115 16601
8114 16602
8113 16603
8112 16604
8111 16605
8110 16606
8109 16607
8108 16608
8107 16609
8106 16610
8105 16611
8104 16612
8103 16613
8102 16614
8101 16615
8100 16616
8099 16617
8098 16618
8097 16723
8096 16724
8095 16725
8094 16726
8093 16727
8092 16728
8091 16729
8090 16730
8089 16731
8088 16732
8087 16733
8086 16734
8085 16735
8084 16736
8083 16737
8082 16738
8081 16739
8080 16740
8079 16741
8078 16742
8077 16743
8076 16744
8075 16745
8074 16339
8073 16340
8072 16341
8071 16342
8070 16343
8069 16344
8068 16345
8067 16346
8066 16347
8065 16348
8064 16349
8063 16350
8062 16351
8061 16352
8060 16353
8059 16354
8058 16355
8057 16356
8056 16357
8055 16254
8054 16255
8053 16256
8052 16257
8051 16258
8050 16259
8049 16260
8048 16261
8047 16262
8046 16263
8045 16264
8044 16265
8043 16266
8042 16267
8041 16268
8040 16269
8039 13183
8038 13184
8037 13185
8036 13186
8035 13187
8034 13188
8033 13189
8032 13190
8031 13191
8030 13192
8029 13193
8028 13194
8027 13195
8026 13196
8025 13197
8024 13198
8023 16095
8022 16096
8021 16097
8020 16098
8019 16099
8018 16100
8017 16101
8016 16062
8015 16063
8014 16064
8013 16065
8012 16066
8011 16067
8010 16068
8009 16069
8008 16070
8007 16071
8006 16072
8005 16073
8004 15661
8003 15662
8002 15663
8001 15664
8000 15665
7999 15666
7998 15667
7997 15668
7996 15669
7995 15670
7994 15671
7993 15672
7992 15967
7991 15968
7990 15969
7989 15970
7988 15971
7987 15972
7986 15973
7985 15974
7984 15975
7983 15976
7982 15977
7981 15978
7980 15979
7979 15980
7978 15981
7977 15982
7976 15983
7975 15984
7974 15985
7973 15986
7972 15987
7971 15988
7970 15989
7969 15990
7968 15991
7967 15992
7966 15822
7965 15823
7964 15824
7962 7963
7961 15827
7960 15828
7959 15829
7958 15830
7957 15831
7956 15832
7955 15833
7954 15834
7953 15835
7951 7952
7950 15838
7949 15839
7948 15840
7947 15841
7946 15842
7945 15298
7944 15299
7943 15300
7942 15301
7941 15302
7940 15303
7939 15304
7938 15305
7937 15306
7936 15307
7934 7935
7933 15310
7932 15311
7931 15312
7930 15313
7929 15314
7928 15315
7927 15316
7925 7926
7924 14760
7923 14761
7922 14762
7921 14763
7920 14764
7919 14765
7918 14766
7916 7917
7915 14769
7914 14770
7913 14771
7912 14772
7911 14773
7910 14774
7909 14775
7907 7908
7906 14833
7905 14834
7904 14835
7903 14836
7902 14837
7901 14838
7900 14701
7899 14702
7898 14703
7897 14704
7896 14705
7895 14706
7893 7894
7892 14709
7891 14710
7890 14711
7889 14712
7888 14713
7887 14714
7886 14715
7885 14716
7883 7884
7882 12943
7881 12944
7880 12945
7879 12946
7878 12947
7877 12948
7876 12949
7874 7875
7873 14395
7872 14396
7871 14397
7870 14398
7869 14399
7868 14400
7867 14401
7866 14402
7864 7865
7863 14405
7862 14406
7861 14367
7860 14368
7859 14369
7858 14370
7857 14371
7856 14372
7855 14373
7854 14374
7853 12822
7852 12823
7850 7851
7849 12826
7848 12827
7847 12828
7846 12829
7845 12888
7844 12889
7843 12890
7842 12891
7840 7841
7839 12894
7838 12895
7837 12896
7836 12897
7835 12898
7834 12899
7833 12900
7831 7832
7830 12903
7829 12904
7828 12905
7827 12906
7826 12907
7825 12908
7824 12909
7823 12910
7821 7822
7820 12913
7819 14221
7818 14222
7817 14223
7816 14224
7815 14225
7814 14226
7813 14227
7812 14228
7811 14100
7810 14101
7809 14102
7808 14103
7806 7807
7805 14106
7804 14107
7803 14108
7802 14109
7801 14110
7800 14111
7799 14112
7798 14113
7796 7797
7795 14116
7794 14117
7793 14118
7792 14119
7791 14120
7790 14121
7789 14122
7787 7788
7786 14125
7785 14126
7784 14127
7783 14128
7782 14129
7781 14130
7780 14131
7779 14132
7777 7778
7776 12491
7775 12492
7774 12493
7773 12494
7772 12495
7771 12496
7770 12497
7769 12498
7768 12499
7767 12500
7766 12501
7765 12502
7764 12503
7762 7763
7761 12506
7760 12507
7759 12508
7758 12509
7757 12510
7756 13752
7755 13753
7753 7754
7752 13756
7751 13757
7750 13758
7749 13759
7748 13760
7747 13761
7746 13762
7744 7745
7743 13271
7742 13272
7741 13273
7740 13274
7739 13275
7738 13276
7737 13277
7735 7736
7734 13280
7733 13281
7732 13282
7731 10129
7730 10130
7729 10131
7728 10132
7727 10133
7726 10134
7725 10135
7724 10136
7723 10137
7722 10138
7721 10139
7720 10140
7719 10227
7718 10228
7717 10229
7716 10230
7714 7715
7713 10233
7712 10234
7711 10235
7710 10236
7709 10237
7708 12400
7707 12401
7706 12402
7705 12403
7704 12404
7703 12405
7702 12406
7700 7701
7699 12409
7698 9622
7697 9623
7696 9624
7695 9625
7694 9626
7693 9627
7692 9628
7691 9629
7690 9630
7689 9631
7688 9632
7687 9633
7686 9634
7683 9609
7682 9610
7681 9611
7680 9612
7679 9613
7678 9614
7677 9615
7676 9616
7675 9617
7674 9618
7673 9619
7672 9620
7671 9621
7670 12410
7668 7669
7667 12413
7666 12414
7665 12415
7664 12416
7663 12417
7662 12418
7661 12419
7660 12420
7659 12421
7658 12422
7657 12423
7656 10220
7654 7655
7653 10223
7652 10224
7651 10225
7650 10226
7649 10141
7648 10142
7647 10143
7646 10144
7645 10145
7644 10146
7643 10147
7642 10148
7641 10149
7640 10150
7639 10151
7638 10152
7637 10153
7636 10154
7635 10155
7633 7634
7632 9637
7631 9638
7630 9639
7629 9640
7628 9641
7627 9642
7626 9643
7624 7625
7623 9646
7622 9647
7621 9648
7620 13787
7619 13788
7618 13789
7617 13790
7615 7616
7614 13793
7613 13794
7612 13497
7611 13498
7610 13499
7609 13500
7608 13501
7606 7607
7605 13504
7604 13505
7603 13400
7602 13401
7601 13402
7600 13403
7599 13404
7598 13405
7597 13406
7596 13407
7595 13408
7594 13409
7593 13410
7591 7592
7590 13413
7589 13414
7588 13415
7587 13416
7586 13417
7585 13418
7584 13419
7583 13420
7581 7582
7580 9230
7579 9231
7578 9232
7577 9233
7576 9234
7575 9235
7574 9236
7572 7573
7571 9239
7570 9240
7569 9241
7568 9242
7567 9243
7566 9244
7565 9245
7564 9246
7562 7563
7561 9249
7560 13986
7559 13987
7558 13988
7557 13989
7556 13990
7555 13991
7554 13992
7553 13993
7552 14256
7551 14257
7550 14258
7549 14259
7547 7548
7546 14262
7545 14263
7544 14264
7543 14265
7542 14266
7541 14267
7540 14268
7539 14269
7537 7538
7536 14272
7535 14273
7534 14274
7533 14275
7532 14276
7531 14277
7530 12881
7528 7529
7527 12884
7526 12885
7525 12886
7524 12887
7523 12830
7522 12831
7521 12832
7520 12833
7518 7519
7517 12836
7516 12837
7515 14585
7514 14586
7513 14587
7512 14588
7511 14589
7510 14590
7509 14591
7508 14592
7507 9376
7506 9377
7504 7505
7503 9380
7502 9381
7501 9382
7500 9383
7499 9384
7498 9385
7497 9386
7496 9387
7494 7495
7493 9390
7492 9391
7491 9392
7490 9393
7489 12978
7488 12979
7487 12980
7485 7486
7484 12983
7483 12984
7482 12985
7481 12986
7480 12987
7479 12988
7478 12989
7477 12990
7475 7476
7474 12993
7473 12994
7472 14819
7471 14820
7470 14821
7469 14822
7468 14823
7467 14824
7466 14825
7465 14826
7464 14827
7463 14828
7461 7462
7460 14776
7459 14777
7458 14778
7457 14779
7456 14780
7455 14781
7454 14782
7452 7453
7451 11758
7450 11759
7449 11760
7448 11761
7447 11762
7446 11763
7445 11764
7443 7444
7442 11767
7441 11768
7440 11769
7439 11770
7438 11771
7437 11772
7436 15379
7434 7435
7433 15382
7432 15383
7431 15384
7430 15385
7429 15386
7428 15387
7427 15388
7426 15389
7425 15390
7424 15391
7423 15392
7422 15393
7421 15394
7420 15395
7419 15396
7417 7418
7416 15399
7415 15400
7414 15401
7413 15402
7412 15403
7411 15404
7410 15405
7409 15406
7408 15407
7406 7407
7405 15410
7404 15411
7403 15412
7402 15941
7401 15942
7400 15943
7399 15944
7398 15945
7397 15946
7396 15947
7395 15948
7394 15949
7393 15950
7392 15951
7391 15952
7390 15953
7389 15954
7388 15955
7387 15956
7386 15957
7385 15958
7384 15959
7383 15960
7382 15961
7381 15962
7380 15963
7379 15964
7378 15965
7377 15966
7376 15673
7375 15674
7374 15675
7373 15676
7372 15677
7371 15678
7370 15679
7369 15680
7368 15681
7367 15682
7366 15683
7365 15684
7364 15685
7363 15686
7362 15687
7361 15688
7360 9533
7359 9534
7358 9535
7357 9536
7356 9537
7355 9538
7354 9539
7353 9540
7352 9457
7351 9458
7350 9459
7349 9460
7348 9461
7347 9462
7346 9463
7345 9464
7344 9465
7343 9466
7342 9467
7341 9468
7340 9469
7339 16228
7338 16229
7337 16230
7336 16231
7335 16232
7334 16233
7333 16234
7332 16235
7331 16236
7330 16237
7329 16238
7328 16239
7327 16240
7326 16241
7325 16242
7324 16243
7323 16244
7322 16245
7321 16246
7320 16247
7319 16248
7318 16249
7317 16250
7316 16251
7315 16252
7314 16253
7313 16358
7312 16359
7311 16360
7310 16361
7309 16362
7308 16363
7307 16364
7306 16365
7305 16366
7304 16825
7303 16826
7302 16827
7301 16828
7300 16829
7299 16830
7298 16831
7297 16832
7296 16833
7295 16834
7294 16835
7293 16836
7292 16837
7291 16838
7290 16839
7289 16840
7288 16841
7287 16842
7286 16708
7285 16709
7284 16710
7283 16711
7282 16712
7281 16713
7280 16714
7279 16715
7278 16716
7277 16717
7276 16718
7275 16719
7274 16720
7273 16721
7272 16722
7271 16619
7270 16620
7269 16621
7268 16622
7267 16623
7266 16624
7265 16625
7264 16626
7263 16627
7262 16628
7261 16629
7260 16630
7259 16631
7258 16632
7257 16633
7256 16634
7255 10308
7254 10309
7253 10310
7252 10311
7251 10312
7250 10313
7249 10314
7248 10315
7247 10316
7246 10317
7245 10318
7244 10319
7243 10320
7242 10321
7241 10322
7240 10323
7239 17467
7238 17468
7237 17469
7236 17470
7235 17471
7234 17472
7233 17473
7232 17474
7231 17475
7230 17476
7229 17477
7228 17478
7227 17479
7226 17480
7225 17481
7224 17482
7223 17483
7222 17484
7221 17485
7220 17486
7219 17487
7218 17488
7217 17489
7216 17490
7215 17491
7214 17492
7213 10792
7212 10793
7211 10794
7210 10795
7209 10796
7208 10797
7207 10798
7206 10799
7205 10800
7204 10801
7203 10802
7202 10803
7201 10804
7200 10805
7199 10806
7198 10807
7197 10808
7196 10809
7195 10929
7194 10930
7193 10931
7192 10932
7191 10933
7190 10934
7189 10935
7188 10936
7187 10937
7186 10938
7185 10939
7184 10940
7183 10941
7182 10942
7181 10943
7180 10944
7179 10945
7178 10946
7177 10947
7176 10948
7175 10949
7174 10950
7173 10951
7172 10952
7171 10953
7170 10954
7169 10955
7168 10956
7167 10957
7166 10396
7165 10397
7164 10398
7163 10399
7162 10400
7161 10401
7160 10402
7159 10403
7158 10404
7157 10405
7156 10406
7155 10407
7154 10408
7153 10409
7152 10410
7151 10411
7150 9067
7149 9068
7148 9069
7147 9070
7146 9071
7145 9072
7144 9073
7143 9074
7142 9075
7141 9076
7140 9077
7139 9078
7138 9079
7137 9080
7134 9303
7133 9304
7132 9305
7131 9306
7130 9307
7129 9308
7128 9309
7127 9310
7126 9311
7125 9312
7124 9293
7123 9294
7122 9295
7121 9296
7120 9297
7119 9298
7118 9299
7117 9300
7116 9301
7115 9302
7114 10466
7113 10467
7112 10468
7111 10469
7110 10470
7109 10471
7108 10472
7107 10473
7106 10474
7105 10475
7104 10476
7103 10477
7102 10478
7101 10479
7100 10480
7099 10481
7098 10735
7097 10736
7096 10737
7095 10738
7094 10739
7093 10740
7092 10741
7091 10742
7090 10743
7089 10744
7088 10745
7087 10746
7086 10747
7085 10748
7084 10749
7083 10750
7082 17524
7081 17525
7080 17526
7079 17527
7078 17528
7077 17529
7076 17426
7075 17427
7074 17428
7073 17429
7072 17430
7071 17431
7070 17432
7069 17433
7068 17434
7067 17435
7066 17436
7065 17437
7064 17438
7063 17439
7062 17440
7061 17441
7060 17442
7059 17443
7058 17444
7057 17445
7056 17099
7055 17100
7054 17101
7053 17102
7052 17103
7051 17104
7050 17105
7049 17106
7048 17107
7047 17108
7046 17109
7045 17110
7044 17111
7043 17112
7042 17113
7041 17114
7040 16655
7039 16656
7038 16657
7037 16658
7036 16659
7035 16660
7034 16661
7033 16662
7032 16663
7031 16664
7030 16665
7029 16666
7028 16667
7027 16668
7026 16669
7025 16670
7024 16671
7023 16672
7022 16673
7021 16674
7020 16675
7019 16812
7018 16813
7017 16814
7016 16815
7015 16816
7014 16817
7013 16818
7012 16819
7011 16820
7010 16821
7009 16822
7008 16823
7007 16824
7006 16367
7005 16368
7004 16369
7003 16370
7002 16371
7001 16372
7000 16373
6999 16374
6998 16375
6997 16376
6996 16377
6995 16378
6994 16379
6993 16159
6992 16160
6991 16161
6990 16162
6989 16163
6988 16164
6987 16165
6986 16166
6985 16167
6984 16168
6983 16169
6982 16170
6981 16171
6980 16172
6979 16173
6978 16174
6977 9492
6976 9493
6975 9494
6974 9495
6973 9496
6972 9497
6971 9498
6970 9499
6969 9500
6968 9501
6967 9502
6966 9503
6965 9504
6964 9505
6963 9506
6962 9507
6961 9508
6960 9509
6959 9510
6958 9511
6957 9512
6956 15740
6955 15741
6954 15742
6953 15743
6952 15744
6951 15745
6950 15746
6949 15747
6948 15748
6947 15749
6946 15750
6945 15751
6944 15752
6943 15753
6942 15754
6941 15755
6940 15756
6939 15757
6938 15758
6937 15759
6936 15760
6935 15761
6934 15762
6932 6933
6931 15765
6930 15892
6929 15893
6928 15894
6927 15895
6925 6926
6924 15898
6923 15899
6922 15900
6921 15901
6919 6920
6918 15904
6917 15905
6915 6916
6914 9273
6913 9274
6912 9275
6910 6911
6909 9278
6908 9279
6906 6907
6905 9282
6904 15444
6902 6903
6901 15447
6900 15448
6898 6899
6897 15451
6896 15452
6895 15453
6893 6894
6892 15456
6891 15457
6889 6890
6888 15460
6887 15461
6885 6886
6884 15464
6882 6883
6881 11501
6880 11502
6878 6879
6877 11505
6876 11506
6874 6875
6873 11509
6872 11510
6870 6871
6869 11513
6868 11514
6866 6867
6865 11453
6863 6864
6862 11456
6861 11457
6859 6860
6858 11460
6857 11461
6855 6856
6854 11464
6852 6853
6851 14806
6850 14807
6848 6849
6847 14810
6846 14811
6844 6845
6843 14814
6842 14815
6841 14816
6839 6840
6838 12995
6837 12996
6835 6836
6834 12999
6833 13000
6831 6832
6830 13042
6829 13043
6827 6828
6826 13046
6825 13047
6823 6824
6822 13050
6820 6821
6819 13053
6818 13054
6816 6817
6815 13057
6814 13058
6812 6813
6811 13061
6810 13062
6808 6809
6807 14636
6806 14637
6804 6805
6803 14640
6802 14641
6800 6801
6799 14644
6798 14645
6796 6797
6795 14648
6794 14649
6792 6793
6791 14580
6790 14581
6789 14582
6787 6788
6786 12838
6785 12839
6783 6784
6782 12842
6781 12843
6779 6780
6778 12846
6777 12847
6775 6776
6774 12850
6773 12851
6771 6772
6770 12854
6768 6769
6767 14294
6766 14295
6764 6765
6763 14298
6762 14299
6760 6761
6759 14302
6758 14303
6756 6757
6755 14306
6754 14307
6752 6753
6751 14310
6750 14311
6748 6749
6747 14314
6746 14315
6744 6745
6743 14318
6742 14319
6740 6741
6739 13916
6738 13917
6737 13918
6736 13919
6734 6735
6733 13922
6732 13923
6730 6731
6729 13926
6728 13927
6726 6727
6725 9189
6724 9190
6722 6723
6721 9193
6720 9194
6718 6719
6717 9197
6715 6716
6714 9200
6713 9201
6711 6712
6710 9204
6709 9205
6707 6708
6706 9208
6705 9209
6703 6704
6702 13449
6701 13450
6699 6700
6698 13453
6697 13454
6695 6696
6694 13457
6693 13458
6691 6692
6690 13461
6689 13462
6687 6688
6686 13465
6685 13466
6684 13467
6683 13837
6681 6682
6680 13840
6679 13841
6677 6678
6676 13844
6675 13845
6673 6674
6672 13848
6670 6671
6669 13851
6668 13779
6666 6667
6665 13782
6664 13783
6662 6663
6661 13786
6659 6660
6658 9651
6657 9652
6655 6656
6654 9655
6653 9656
6651 6652
6650 9659
6649 9660
6647 6648
6646 9663
6644 6645
6643 9666
6642 9667
6640 6641
6639 10174
6638 10175
6636 6637
6635 10178
6634 10179
6633 10180
6632 10181
6631 10182
6629 6630
6628 10185
6627 10186
6626 10187
6624 6625
6623 10190
6622 10191
6621 10192
6619 6620
6618 9173
6617 9174
6616 9175
6614 6615
6613 9178
6612 9179
6611 9180
6610 9105
6608 6609
6607 9108
6606 9109
6605 9110
6603 6604
6602 9113
6601 9114
6600 9115
6599 9116
6597 6598
6596 9119
6595 9120
6594 9698
6593 9699
6591 6592
6590 9702
6589 9703
6588 9704
6587 9705
6584 9081
6583 9082
6582 9083
6581 9084
6579 6580
6578 9087
6577 9088
6576 9089
6575 9090
6573 6574
6572 9093
6571 9094
6570 9095
6569 9096
6567 6568
6566 9099
6565 9100
6564 9101
6562 6563
6561 9104
6560 9161
6559 9162
6558 9163
6556 6557
6555 9166
6554 9167
6553 9168
6551 6552
6550 10193
6549 10194
6548 10195
6546 6547
6545 10198
6544 10199
6543 10200
6541 6542
6540 10203
6539 10204
6538 10205
6537 10164
6536 10165
6534 6535
6533 10168
6532 10169
6530 6531
6529 9668
6528 9669
6526 6527
6525 9672
6523 6524
6522 9675
6521 9676
6519 6520
6518 9679
6517 9680
6515 6516
6514 13810
6513 13811
6511 6512
6510 13814
6508 6509
6507 13817
6506 13818
6504 6505
6503 13821
6502 13822
6500 6501
6499 13825
6497 6498
6496 13828
6495 13829
6493 6494
6492 13832
6491 13833
6489 6490
6488 13836
6487 13468
6486 13469
6485 13470
6483 6484
6482 13473
6481 13474
6479 6480
6478 13477
6477 13436
6475 6476
6474 13439
6473 13440
6471 6472
6470 13443
6469 13444
6467 6468
6466 9210
6465 9211
6463 6464
6462 9214
6461 9215
6459 6460
6458 9218
6457 9219
6455 6456
6454 9222
6452 6453
6451 9183
6450 9184
6448 6449
6447 9187
6446 9188
6444 6445
6443 13932
6442 13933
6440 6441
6439 13936
6438 13937
6436 6437
6435 13940
6434 13941
6433 13942
6432 13943
6430 6431
6429 13946
6428 13947
6426 6427
6425 13950
6424 13951
6422 6423
6421 13954
6420 13955
6418 6419
6417 13958
6416 13959
6414 6415
6413 13962
6412 13963
6410 6411
6409 14288
6408 14289
6406 6407
6405 14292
6404 14293
6402 6403
6401 12859
6399 6400
6398 12862
6397 12863
6395 6396
6394 12866
6393 12867
6391 6392
6390 12870
6389 14606
6387 6388
6386 14609
6385 14610
6383 6384
6382 14613
6381 14614
6380 14615
6378 6379
6377 14618
6376 14619
6374 6375
6373 14622
6372 14623
6370 6371
6369 14626
6368 14627
6366 6367
6365 14630
6364 14631
6362 6363
6361 13063
6360 13064
6358 6359
6357 13067
6356 13068
6354 6355
6353 13071
6352 13072
6350 6351
6349 13075
6347 6348
6346 13036
6345 13037
6343 6344
6342 13040
6341 13041
6339 6340
6338 13005
6337 13006
6335 6336
6334 13009
6333 13010
6331 6332
6330 13013
6329 13014
6328 13015
6326 6327
6325 14800
6324 14801
6322 6323
6321 14804
6320 14805
6318 6319
6317 11469
6315 6316
6314 11472
6313 11473
6311 6312
6310 11476
6309 11477
6307 6308
6306 11480
6304 6305
6303 11483
6302 11484
6300 6301
6299 11487
6298 11488
6296 6297
6295 11491
6294 11492
6292 6293
6291 11495
6290 11496
6288 6289
6287 15465
6285 6286
6284 15468
6283 15469
6281 6282
6280 15472
6279 15473
6277 6278
6276 15476
6275 15477
6274 15436
6272 6273
6271 15439
6270 15440
6268 6269
6267 15443
6266 9263
6264 6265
6263 9266
6262 9267
6260 6261
6259 9270
6258 9271
6257 9272
6255 6256
6254 15910
6253 15911
6251 6252
6250 15914
6249 15915
6248 15916
6247 15917
6245 6246
6244 15920
6243 15921
6242 15922
6241 15923
6240 15924
6238 6239
6237 15927
6236 15928
6235 15929
6234 15720
6233 15721
6232 15722
6231 15723
6230 15724
6229 15725
6228 15726
6227 15727
6226 15728
6225 15729
6224 15730
6223 15731
6222 15732
6221 15733
6220 15734
6219 15735
6218 15736
6217 15737
6216 15738
6215 15739
6214 9513
6213 9514
6212 9515
6211 9516
6210 9517
6209 9518
6208 9519
6207 9520
6206 9521
6205 9522
6204 9523
6203 9524
6202 9525
6201 9484
6200 9485
6199 9486
6198 9487
6197 9488
6196 9489
6195 9490
6194 9491
6193 16175
6192 16176
6191 16177
6190 16178
6189 16179
6188 16180
6187 16181
6186 16182
6185 16183
6184 16184
6183 16185
6182 16186
6181 16187
6180 16188
6179 16189
6178 16190
6177 16191
6176 16192
6175 16193
6174 16194
6173 16195
6172 16196
6171 16197
6170 16198
6169 16794
6168 16795
6167 16796
6166 16797
6165 16798
6164 16799
6163 16800
6162 16801
6161 16802
6160 16803
6159 16804
6158 16805
6157 16806
6156 16807
6155 16808
6154 16809
6153 16810
6152 16811
6151 16676
6150 16677
6149 16678
6148 16679
6147 16680
6146 16681
6145 16682
6144 16683
6143 16684
6142 16685
6141 16686
6140 16687
6139 16688
6138 16689
6137 16648
6136 16649
6135 16650
6134 16651
6133 16652
6132 16653
6131 16654
6130 17115
6129 17116
6128 17117
6127 17118
6126 17119
6125 17120
6124 17121
6123 17122
6122 17123
6121 17124
6120 17125
6119 17126
6118 17127
6117 17128
6116 17129
6115 17130
6114 17131
6113 17132
6112 17133
6111 17134
6110 17135
6109 17136
6108 17137
6107 17138
6106 17506
6105 17507
6104 17508
6103 17509
6102 17510
6101 17511
6100 17512
6099 17513
6098 17514
6097 17515
6096 17516
6095 17517
6094 17518
6093 17519
6092 17520
6091 17521
6090 17522
6089 17523
6088 10751
6087 10752
6086 10753
6085 10754
6084 10755
6083 10756
6082 10757
6081 10758
6080 10759
6079 10760
6078 10761
6077 10762
6076 10446
6075 10447
6074 10448
6073 10449
6072 10450
6071 10451
6070 10452
6069 10453
6068 10454
6067 10455
6066 10456
6065 10457
6064 10458
6063 10459
6062 10460
6061 10461
6060 10462
6059 10463
6058 10464
6057 10465
6056 9283
6055 9284
6054 9285
6053 9286
6052 9287
6051 9288
6050 9289
6049 9290
6048 9291
6047 9292
6046 9313
6045 9314
6044 9315
6043 9316
6042 9317
6041 9318
6040 9319
6039 9320
6038 9321
6037 9322
6034 9053
6033 9054
6032 9055
6031 9056
6030 9057
6029 9058
6028 9059
6027 9060
6026 9061
6025 9062
6024 9063
6023 9064
6022 9065
6021 9066
6020 10412
6019 10413
6018 10414
6017 10415
6016 10416
6015 10417
6014 10418
6013 10419
6012 10420
6011 10421
6010 10422
6009 10423
6008 10424
6007 10425
6006 10426
6005 10427
6004 10428
6003 10429
6002 10430
6001 10431
6000 10432
5999 10433
5998 10434
5997 10435
5996 10436
5995 10437
5994 10438
5993 10439
5992 10440
5991 10441
5990 10442
5989 10443
5988 10444
5987 10445
5986 10763
5985 10764
5984 10765
5983 10766
5982 10767
5981 10768
5980 10769
5979 10770
5978 10771
5977 10772
5976 10773
5975 10774
5974 10775
5973 10776
5972 10777
5971 10778
5970 10779
5969 10780
5968 10781
5967 10782
5966 10783
5965 10784
5964 10785
5963 10786
5962 10787
5961 10788
5960 10789
5959 10790
5958 10791
5957 17493
5956 17494
5955 17495
5954 17496
5953 17497
5952 17498
5951 17499
5950 17500
5949 17501
5948 17502
5947 17503
5946 17504
5945 17505
5944 17139
5943 17140
5942 17141
5941 17142
5940 17143
5939 17144
5938 17145
5937 17146
5936 17147
5935 17148
5934 17149
5933 17150
5932 17151
5931 17152
5930 17153
5929 10294
5928 10295
5927 10296
5926 10297
5925 10298
5924 10299
5923 10300
5922 10301
5921 10302
5920 10303
5919 10304
5918 10305
5917 10306
5916 10307
5915 16635
5914 16636
5913 16637
5912 16638
5911 16639
5910 16640
5909 16641
5908 16642
5907 16643
5906 16644
5905 16645
5904 16646
5903 16647
5902 16690
5901 16691
5900 16692
5899 16693
5898 16694
5897 16695
5896 16696
5895 16697
5894 16698
5893 16699
5892 16700
5891 16701
5890 16702
5889 16703
5888 16704
5887 16705
5886 16706
5885 16707
5884 16843
5883 16844
5882 16845
5881 16846
5880 16847
5879 16848
5878 16849
5877 16850
5876 16778
5875 16779
5874 16780
5873 16781
5872 16782
5871 16783
5870 16784
5869 16785
5868 16786
5867 16787
5866 16788
5865 16789
5864 16790
5863 16791
5862 16792
5861 16793
5860 16199
5859 16200
5858 16201
5857 16202
5856 16203
5855 16204
5854 16205
5853 16206
5852 16207
5851 16208
5850 16209
5849 16210
5848 16211
5847 16212
5846 16213
5845 16214
5844 16215
5843 16216
5842 16217
5841 16218
5840 16219
5839 16220
5838 16221
5837 16222
5836 16223
5835 16224
5834 16225
5833 16226
5832 16227
5831 9470
5830 9471
5829 9472
5828 9473
5827 9474
5826 9475
5825 9476
5824 9477
5823 9478
5822 9479
5821 9480
5820 9481
5819 9482
5818 9483
5817 9526
5816 9527
5815 9528
5814 9529
5813 9530
5812 9531
5811 9532
5810 15689
5809 15690
5808 15691
5807 15692
5806 15693
5805 15694
5804 15695
5803 15696
5802 15697
5801 15698
5800 15699
5799 15700
5798 15701
5797 15702
5796 15703
5795 15704
5794 15705
5793 15706
5792 15707
5791 15708
5790 15709
5789 15710
5788 15711
5787 15712
5786 15713
5785 15714
5784 15715
5783 15716
5782 15717
5781 15718
5780 15719
5779 15930
5778 15931
5777 15932
5776 15933
5775 15934
5774 15935
5773 15936
5772 15937
5771 15938
5770 15939
5769 15940
5768 15413
5767 15414
5766 15415
5764 5765
5763 15418
5762 15419
5761 15420
5760 15421
5759 15422
5758 15423
5757 15424
5756 15425
5755 15426
5753 5754
5752 15429
5751 15430
5750 15431
5749 15432
5748 15433
5747 15434
5746 15435
5745 15478
5744 15479
5743 15480
5742 15481
5741 15482
5740 15483
5739 15484
5738 15485
5736 5737
5735 15488
5734 15489
5733 15490
5732 15491
5731 15492
5730 15493
5729 11744
5727 5728
5726 11747
5725 11748
5724 11749
5723 11750
5722 11751
5721 11752
5720 11753
5718 5719
5717 14783
5716 14784
5715 14785
5714 14786
5713 14787
5712 14788
5711 14789
5709 5710
5708 14792
5707 14793
5706 14794
5705 14795
5704 14796
5703 14797
5702 13016
5701 13017
5700 13018
5699 13019
5698 13020
5697 13021
5695 5696
5694 13024
5693 13025
5692 13026
5691 13027
5690 13028
5689 13029
5688 13030
5687 13031
5685 5686
5684 13076
5683 13077
5682 13078
5681 13079
5680 13080
5679 13081
5678 13082
5676 5677
5675 9438
5674 9439
5673 9440
5672 9441
5671 9442
5670 9443
5669 9444
5668 9445
5666 5667
5665 9448
5664 9449
5663 14593
5662 14594
5661 14595
5660 14596
5659 14597
5658 14598
5657 14599
5656 14600
5655 14601
5654 14602
5652 5653
5651 14605
5650 12871
5649 12872
5648 12873
5647 12874
5646 12875
5645 12876
5644 12877
5642 5643
5641 12880
5640 14278
5639 14279
5638 14280
5637 14281
5636 14282
5635 14283
5633 5634
5632 13964
5631 13965
5630 13966
5629 13967
5628 13968
5627 13969
5626 13970
5625 13971
5623 5624
5622 13974
5621 13975
5620 13976
5619 13977
5618 13978
5617 13979
5616 13980
5615 13981
5614 13982
5613 13983
5612 13984
5611 13985
5610 9250
5608 5609
5607 9253
5606 9254
5605 9255
5604 9256
5603 9257
5602 9258
5601 9259
5600 9260
5598 5599
5597 9223
5596 9224
5595 9225
5594 9226
5593 9227
5592 9228
5591 9229
5589 5590
5588 13425
5587 13426
5586 13427
5585 13428
5584 13429
5583 13430
5582 13431
5581 13432
5579 5580
5578 13435
5577 13478
5576 13479
5575 13480
5574 13481
5573 13482
5572 13483
5571 13484
5570 13485
5569 13486
5568 13487
5567 13488
5566 13489
5564 5565
5563 13492
5562 13493
5561 13494
5560 13495
5559 13496
5558 13795
5557 13796
5555 5556
5554 13799
5553 13800
5552 13801
5551 13802
5550 13803
5549 13804
5548 13805
5546 5547
5545 9681
5544 9682
5543 9683
5542 9684
5541 9685
5540 9686
5539 9687
5537 5538
5536 10156
5535 10157
5534 10158
5533 10159
5532 10160
5531 10161
5530 10162
5529 10163
5528 10206
5527 10207
5526 10208
5525 10209
5524 10210
5523 10211
5522 10212
5521 10213
5520 10214
5519 10215
5518 10216
5516 5517
5515 10219
5514 12424
5513 12425
5512 12426
5511 12427
5510 12428
5509 12429
5508 12430
5507 12431
5506 12432
5505 12433
5504 12434
5502 5503
5501 12437
5500 12438
5499 12439
5498 12440
5497 12441
5496 12442
5495 12443
5494 12444
5493 12445
5492 12446
5491 12447
5490 12448
5489 12449
5488 12450
5485 9013
5484 9014
5483 9015
5482 9016
5481 9017
5480 9018
5479 9019
5478 9020
5477 9021
5476 9022
5475 9023
5474 13614
5473 13615
5472 13616
5471 13617
5470 13618
5469 13619
5468 13620
5467 13575
5466 13576
5465 13577
5464 13578
5463 13579
5462 13580
5461 13581
5460 13582
5459 13583
5458 13584
5457 13585
5456 13586
5455 13587
5454 13588
5453 13589
5452 13590
5451 13307
5450 13308
5449 13309
5448 13310
5447 13311
5446 13312
5445 13313
5444 13314
5443 13315
5442 13316
5441 13317
5440 13318
5439 13319
5438 8800
5437 8801
5436 8802
5435 8803
5434 8804
5433 8805
5432 8806
5431 8807
5430 8808
5429 8809
5428 8810
5427 8811
5426 12619
5425 12620
5424 12621
5423 12622
5422 12623
5421 12624
5420 12625
5419 12626
5418 12627
5417 12628
5416 12629
5415 12630
5414 12631
5413 12632
5412 12633
5411 12634
5410 12635
5409 12636
5408 12637
5407 12638
5406 12639
5405 12640
5404 12641
5403 12642
5402 12643
5401 12644
5400 12645
5399 12646
5398 12647
5397 12648
5396 12649
5395 12650
5394 12651
5393 12652
5392 12653
5391 12654
5390 12655
5389 12656
5388 14008
5387 14009
5386 14010
5385 14011
5384 14012
5383 14013
5382 14014
5381 14015
5380 14016
5379 14017
5378 14018
5377 14019
5376 14020
5375 14021
5374 12735
5373 12736
5372 12737
5371 12738
5370 12739
5369 12740
5368 12741
5367 12742
5366 12743
5365 12744
5364 12745
5363 12746
5362 12747
5361 12748
5360 12749
5359 12750
5358 12751
5357 12752
5356 12753
5355 14465
5354 14466
5353 14467
5352 14468
5351 14469
5350 14470
5349 14471
5348 14472
5347 14473
5346 9417
5345 9418
5344 9419
5343 9420
5342 9421
5341 9422
5340 9423
5339 9424
5338 9425
5337 9426
5336 9427
5335 9428
5334 9429
5333 9430
5332 9431
5331 9432
5330 9433
5329 9434
5328 9435
5327 13083
5326 13084
5325 13085
5324 13086
5323 13087
5322 13088
5321 13089
5320 13090
5319 13091
5318 13092
5317 13093
5316 13094
5315 13095
5314 13096
5313 13097
5312 11816
5311 11817
5310 11818
5309 11819
5308 11820
5307 11821
5306 11822
5305 11823
5304 11725
5303 11726
5302 11727
5301 11728
5300 11729
5299 11730
5298 11731
5297 11732
5296 11733
5295 11734
5294 11735
5293 11736
5292 11737
5291 11738
5290 11739
5289 11740
5288 11741
5287 11742
5286 11743
5285 15494
5284 15495
5283 15496
5282 15497
5281 15498
5280 15499
5279 15500
5278 15501
5277 15502
5276 15503
5275 15504
5274 15505
5273 15506
5272 15507
5271 15508
5270 15551
5269 15552
5268 15553
5267 15554
5266 15555
5265 15556
5264 15557
5263 15558
5262 15559
5261 15560
5260 15561
5259 15562
5258 15563
5257 15564
5256 15565
5255 15566
5254 15567
5253 15568
5252 15569
5251 15570
5250 15571
5249 15572
5248 15573
5247 15574
5246 15575
5245 15576
5244 15577
5243 15578
5242 15579
5241 15036
5240 15037
5239 15038
5238 15039
5237 15040
5236 15041
5235 15042
5234 15043
5233 15044
5232 15045
5231 15046
5230 15047
5229 15048
5228 15049
5227 15050
5226 15051
5225 15052
5224 15053
5223 15054
5222 15055
5221 15056
5220 15057
5219 15058
5218 15059
5217 14996
5215 5216
5214 14999
5213 15000
5212 15001
5211 15002
5210 15003
5209 9552
5208 9553
5207 9554
5206 9555
5204 5205
5203 9558
5202 9559
5201 9560
5200 9561
5199 9562
5198 9563
5197 9564
5196 8841
5195 8842
5194 8843
5193 8844
5192 8845
5191 8846
5190 8847
5189 8848
5188 8849
5186 5187
5185 12089
5184 12090
5183 12091
5182 12092
5181 12093
5180 12094
5179 12095
5177 5178
5176 12098
5175 12099
5174 12100
5173 12101
5172 12102
5171 12103
5170 12104
5168 5169
5167 12107
5166 12108
5165 12109
5164 12110
5163 12111
5162 12112
5161 12113
5159 5160
5158 12116
5157 9344
5156 9345
5155 9346
5154 9347
5153 9348
5152 9349
5151 9350
5150 9351
5149 9352
5148 9353
5147 9354
5146 9355
5145 9356
5143 5144
5142 9780
5141 9781
5140 9782
5139 9783
5138 9784
5137 9785
5136 16770
5135 16771
5133 5134
5132 16774
5131 16775
5130 16776
5129 16777
5128 16851
5127 16852
5126 16853
5124 5125
5123 16856
5122 16857
5121 16858
5120 16859
5119 16902
5118 16903
5117 16904
5116 16905
5114 5115
5113 16908
5112 16909
5111 16910
5110 16911
5109 16912
5108 16913
5107 16914
5106 16915
5105 16916
5104 16917
5103 16918
5102 16919
5101 8861
5099 5100
5098 8864
5097 8865
5096 8866
5095 8867
5094 8868
5093 8869
5092 16552
5090 5091
5089 16555
5088 16556
5087 16557
5086 16558
5085 16559
5084 16560
5083 16561
5082 16562
5080 5081
5079 16565
5078 16566
5077 16567
5076 16568
5075 16569
5074 16570
5073 10284
5072 10285
5070 5071
5069 10288
5068 10289
5067 10290
5066 10291
5065 10292
5064 10293
5063 17154
5062 17155
5061 17156
5060 17157
5059 17158
5058 17159
5056 5057
5055 17162
5054 17163
5053 17164
5052 17165
5051 17166
5050 17167
5049 8923
5047 5048
5046 8926
5045 8927
5044 8928
5043 8929
5042 8930
5041 8931
5040 8932
5039 12329
5037 5038
5036 12332
5035 12333
5034 12334
5033 12335
5032 12336
5031 10601
5030 10602
5029 10603
5027 5028
5026 10606
5025 10607
5024 10608
5023 10609
5022 10610
5021 10611
5020 10612
5019 10613
5018 10614
5017 10615
5016 10616
5014 5015
5013 10619
5012 10620
5011 10621
5010 10622
5009 10623
5008 10624
5007 8945
5005 5006
5004 8948
5003 8949
5002 8950
5001 8951
5000 8952
4999 8953
4998 8954
4996 4997
4995 8969
4994 8970
4993 8971
4992 8972
4991 8973
4990 8974
4989 8975
4988 11141
4986 4987
4985 11144
4984 11145
4983 11146
4982 11147
4981 11148
4980 11149
4979 11150
4978 11151
4977 11152
4976 11153
4975 11154
4974 11155
4973 11156
4972 11157
4971 11158
4970 11159
4969 11160
4967 4968
4966 11163
4965 11164
4964 11165
4963 11166
4962 11167
4961 11168
4960 11169
4959 11170
4958 11171
4957 11172
4956 11173
4955 11174
4954 11175
4952 4953
4951 11178
4950 11179
4949 11180
4948 11181
4947 9044
4946 9045
4945 9046
4944 9047
4943 9048
4942 9049
4941 9050
4940 9051
4939 9052
4936 8987
4935 8988
4934 8989
4932 4933
4931 8992
4930 8993
4929 8994
4928 8995
4926 4927
4925 8998
4924 8999
4923 11097
4922 11098
4920 4921
4919 11101
4918 11102
4917 11103
4916 11104
4914 4915
4913 11107
4912 11108
4911 11109
4910 11110
4908 4909
4907 11113
4906 11114
4905 11115
4903 4904
4902 11118
4901 11119
4900 11120
4898 4899
4897 11123
4896 11124
4895 11125
4893 4894
4892 11128
4891 11129
4890 11130
4889 11131
4888 11132
4887 11133
4885 4886
4884 11136
4883 11137
4881 4882
4880 11140
4879 8976
4877 4878
4876 8979
4875 8980
4873 4874
4872 8983
4871 8984
4869 4870
4868 8955
4866 4867
4865 8958
4864 8959
4862 4863
4861 8962
4860 8963
4858 4859
4857 8966
4855 4856
4854 10627
4853 10628
4851 4852
4850 10631
4849 10632
4847 4848
4846 10635
4844 4845
4843 10638
4842 10639
4840 4841
4839 9912
4838 9913
4837 9914
4835 4836
4834 9917
4833 9918
4831 4832
4830 9921
4829 9922
4827 4828
4826 12320
4825 12321
4823 4824
4822 12324
4821 12325
4819 4820
4818 12328
4817 8933
4815 4816
4814 8936
4813 8937
4811 4812
4810 8940
4809 8941
4807 4808
4806 8944
4805 17168
4803 4804
4802 17171
4800 4801
4799 17174
4798 17175
4796 4797
4795 8904
4794 8905
4792 4793
4791 8908
4790 8909
4788 4789
4787 8912
4786 8913
4785 8914
4783 4784
4782 8917
4781 8918
4779 4780
4778 8921
4777 8922
4775 4776
4774 16531
4773 16532
4771 4772
4770 16535
4769 16536
4767 4768
4766 16539
4765 16540
4763 4764
4762 16543
4761 16544
4759 4760
4758 16547
4757 16548
4755 4756
4754 16551
4753 8870
4751 4752
4750 8873
4748 4749
4747 8876
4746 8877
4744 4745
4743 8880
4742 16920
4740 4741
4739 16923
4738 16924
4736 4737
4735 16927
4734 16888
4733 16889
4732 16890
4730 4731
4729 16893
4728 16894
4726 4727
4725 16897
4724 16898
4722 4723
4721 16901
4720 16860
4718 4719
4717 16863
4716 16864
4714 4715
4713 9755
4712 9756
4710 4711
4709 9759
4708 9760
4706 4707
4705 9763
4703 4704
4702 9766
4701 9767
4699 4700
4698 9770
4697 9771
4695 4696
4694 9774
4693 9775
4691 4692
4690 9357
4689 9358
4687 4688
4686 9361
4685 9362
4683 4684
4682 9365
4681 9366
4680 9367
4679 9368
4678 9369
4676 4677
4675 9372
4674 9373
4672 4673
4671 12054
4669 4670
4668 12057
4667 12058
4665 4666
4664 12061
4663 12062
4661 4662
4660 12065
4659 12066
4657 4658
4656 12069
4654 4655
4653 12072
4652 12073
4650 4651
4649 12076
4648 12077
4646 4647
4645 12080
4644 12081
4642 4643
4641 12084
4639 4640
4638 8850
4637 8851
4635 4636
4634 8854
4633 8855
4631 4632
4630 8858
4629 8859
4628 8860
4627 9565
4625 4626
4624 9568
4623 9569
4621 4622
4620 9572
4619 9573
4617 4618
4616 9576
4615 9577
4613 4614
4612 9580
4611 9581
4609 4610
4608 14990
4607 14991
4606 14992
4604 4605
4603 14995
4602 15060
4601 15061
4599 4600
4598 15064
4597 15065
4596 15066
4595 15067
4593 4594
4592 15070
4591 15071
4590 15072
4589 15073
4588 15074
4587 15075
4586 15076
4585 15077
4584 15078
4583 15079
4582 15080
4581 15081
4580 15082
4579 15083
4578 15084
4577 15085
4576 15086
4575 15087
4574 15088
4573 15089
4572 15090
4571 15091
4570 15092
4569 15093
4568 15094
4567 15095
4566 15538
4565 15539
4564 15540
4563 15541
4562 15542
4561 15543
4560 15544
4559 15545
4558 15546
4557 15547
4556 15548
4555 15549
4554 15550
4553 15509
4552 15510
4551 15511
4550 15512
4549 15513
4548 15514
4547 15515
4546 15516
4545 11793
4544 11794
4543 11795
4542 11796
4541 11797
4540 11798
4539 11799
4538 11800
4537 11801
4536 11802
4535 11803
4534 11804
4533 11805
4532 11806
4531 11807
4530 11808
4529 11809
4528 11810
4527 11811
4526 11812
4525 11813
4524 11814
4523 11815
4522 13098
4521 13099
4520 13100
4519 13101
4518 13102
4517 13103
4516 13104
4515 13105
4514 13106
4513 8831
4512 8832
4511 8833
4510 8834
4509 8835
4508 8836
4507 8837
4506 8838
4505 8839
4504 8840
4503 14452
4502 14453
4501 14454
4500 14455
4499 14456
4498 14457
4497 14458
4496 14459
4495 14460
4494 14461
4493 14462
4492 14463
4491 14464
4490 12754
4489 12755
4488 12756
4487 12757
4486 12758
4485 12759
4484 12760
4483 12761
4482 12729
4481 12730
4480 12731
4479 12732
4478 12733
4477 12734
4476 14022
4475 14023
4474 14024
4473 14025
4472 14026
4471 14027
4470 14028
4469 14029
4468 14030
4467 14031
4466 14032
4465 14033
4464 14034
4463 14035
4462 14036
4461 12595
4460 12596
4459 12597
4458 12598
4457 12599
4456 12600
4455 12601
4454 12602
4453 12603
4452 12604
4451 12605
4450 12606
4449 12607
4448 12608
4447 12609
4446 12610
4445 12611
4444 12612
4443 12613
4442 12614
4441 12615
4440 12616
4439 12617
4438 12618
4437 8812
4436 8813
4435 8814
4434 8815
4433 8816
4432 8817
4431 8818
4430 8819
4429 8820
4428 13320
4427 13321
4426 13322
4425 13323
4424 13324
4423 13325
4422 13326
4421 13327
4420 13328
4419 13561
4418 13562
4417 13563
4416 13564
4415 13565
4414 13566
4413 13567
4412 13568
4411 13569
4410 13570
4409 13571
4408 13572
4407 13573
4406 13574
4405 13621
4404 13622
4403 13623
4402 13624
4401 13625
4400 13626
4399 13627
4398 8792
4397 8793
4396 8794
4395 8795
4394 8796
4393 8797
4392 8798
4391 8799
4388 8784
4387 8785
4386 8786
4385 8787
4384 8788
4383 8789
4382 8790
4381 8791
4380 13628
4379 13629
4378 13630
4377 13631
4376 13632
4375 13633
4374 13634
4373 13635
4372 13636
4371 13637
4370 13638
4369 13639
4368 13640
4367 13641
4366 13642
4365 13555
4364 13556
4363 13557
4362 13558
4361 13559
4360 13560
4359 13329
4358 13330
4357 13331
4356 13332
4355 13333
4354 13334
4353 13335
4352 13336
4351 13337
4350 13338
4349 13339
4348 13340
4347 13341
4346 13342
4345 13343
4344 13344
4343 13345
4342 13346
4341 13347
4340 13348
4339 13349
4338 13350
4337 13351
4336 13352
4335 13353
4334 13354
4333 12579
4332 12580
4331 12581
4330 12582
4329 12583
4328 12584
4327 12585
4326 12586
4325 12587
4324 12588
4323 12589
4322 12590
4321 12591
4320 12592
4319 12593
4318 12594
4317 14037
4316 14038
4315 14039
4314 14040
4313 14041
4312 14042
4311 14043
4310 14044
4309 14045
4308 14046
4307 14047
4306 14048
4305 14049
4304 14050
4303 14051
4302 12723
4301 12724
4300 12725
4299 12726
4298 12727
4297 12728
4296 12762
4295 12763
4294 12764
4293 12765
4292 12766
4291 12767
4290 12768
4289 12769
4288 12770
4287 12771
4286 12772
4285 12773
4284 12774
4283 12775
4282 14445
4281 14446
4280 14447
4279 14448
4278 14449
4277 14450
4276 14451
4275 8821
4274 8822
4273 8823
4272 8824
4271 8825
4270 8826
4269 8827
4268 8828
4267 8829
4266 8830
4265 13107
4264 13108
4263 13109
4262 13110
4261 13111
4260 13112
4259 13113
4258 13114
4257 13115
4256 13116
4255 13117
4254 13118
4253 13119
4252 13120
4251 13121
4250 13122
4249 11705
4248 11706
4247 11707
4246 11708
4245 11709
4244 11710
4243 11711
4242 11712
4241 11785
4240 11786
4239 11787
4238 11788
4237 11789
4236 11790
4235 11791
4234 11792
4233 15517
4232 15518
4231 15519
4230 15520
4229 15521
4228 15522
4227 15523
4226 15524
4225 15525
4224 15526
4223 15527
4222 15528
4221 15529
4220 15530
4219 15531
4218 15532
4217 15533
4216 15534
4215 15535
4214 15536
4213 15537
4212 15096
4211 15097
4210 15098
4209 15099
4208 15100
4207 15101
4206 15102
4205 15103
4204 15104
4203 15105
4202 15106
4201 15107
4200 15108
4199 15109
4198 15110
4197 15111
4196 15112
4195 15113
4194 15114
4193 15115
4192 15116
4191 15117
4190 15118
4189 15119
4188 15120
4187 15121
4185 4186
4184 14976
4183 14977
4182 14978
4181 14979
4179 4180
4178 14982
4177 14983
4176 14984
4174 4175
4173 14987
4172 14988
4171 14989
4169 4170
4168 9586
4167 9587
4165 4166
4164 9590
4163 9591
4161 4162
4160 9594
4159 9595
4157 4158
4156 9598
4155 9599
4153 4154
4152 9602
4151 9603
4150 9604
4149 9605
4147 4148
4146 9608
4145 11936
4143 4144
4142 11939
4141 11940
4139 4140
4138 11943
4136 4137
4135 11946
4134 11947
4132 4133
4131 11950
4130 11951
4128 4129
4127 11954
4126 11955
4124 4125
4123 12038
4121 4122
4120 12041
4119 12042
4117 4118
4116 12045
4115 12046
4113 4114
4112 12049
4111 12050
4109 4110
4108 12053
4106 4107
4105 9325
4104 9326
4102 4103
4101 9329
4100 9330
4099 9331
4098 9332
4097 9333
4095 4096
4094 9799
4093 9800
4091 4092
4090 9803
4089 9804
4087 4088
4086 9807
4085 9808
4083 4084
4082 9811
4081 9812
4079 4080
4078 9815
4077 9816
4075 4076
4074 9819
4072 4073
4071 9749
4070 9750
4068 4069
4067 9753
4066 9754
4064 4065
4063 16869
4062 16870
4060 4061
4059 16873
4058 16874
4056 4057
4055 16877
4054 16878
4052 4053
4051 16881
4050 16882
4048 4049
4047 16885
4046 16886
4045 16887
4044 16928
4042 4043
4041 16931
4040 16932
4038 4039
4037 16935
4036 16936
4034 4035
4033 16939
4032 16940
4030 4031
4029 12241
4027 4028
4026 12244
4025 12245
4023 4024
4022 12248
4021 12249
4019 4020
4018 16513
4017 16514
4015 4016
4014 16517
4013 16518
4011 4012
4010 16521
4009 16522
4007 4008
4006 16525
4005 16526
4003 4004
4002 8881
4001 8882
3999 4000
3998 8885
3997 8886
3995 3996
3994 8889
3993 8890
3992 8891
3990 3991
3989 8894
3988 8895
3986 3987
3985 8898
3984 8899
3982 3983
3981 17176
3980 17177
3978 3979
3977 17180
3975 3976
3974 17183
3973 17184
3971 3972
3970 17187
3969 17188
3967 3968
3966 12302
3965 12303
3963 3964
3962 12306
3961 12307
3959 3960
3958 12310
3957 12311
3955 3956
3954 12314
3953 12315
3951 3952
3950 9923
3949 9924
3947 3948
3946 9927
3945 9906
3943 3944
3942 9909
3941 9910
3940 9911
3938 3939
3937 10644
3936 10645
3934 3935
3933 10648
3931 3932
3930 10651
3929 10652
3927 3928
3926 10655
3925 10656
3923 3924
3922 10894
3920 3921
3919 10897
3918 10898
3916 3917
3915 10901
3914 10902
3912 3913
3911 10905
3909 3910
3908 10908
3907 10909
3905 3906
3904 10912
3903 10024
3901 3902
3900 10027
3899 10028
3897 3898
3896 10031
3895 10032
3893 3894
3892 10035
3891 10036
3890 10037
3889 10038
3888 10039
3887 10040
3885 3886
3884 10043
3883 10044
3882 10045
3880 3881
3879 10048
3878 10049
3877 10050
3875 3876
3874 10053
3873 10054
3872 10055
3870 3871
3869 11083
3868 11084
3867 11085
3866 11086
3864 3865
3863 11089
3862 11090
3861 11091
3860 11092
3858 3859
3857 11095
3856 11096
3855 9000
3854 9001
3852 3853
3851 9004
3850 9005
3849 9006
3848 9007
3846 3847
3845 9010
3844 9011
3843 9012
3840 9035
3839 9036
3838 9037
3837 9038
3836 9039
3835 9040
3834 9041
3833 9042
3832 9043
3831 11182
3830 11183
3829 11184
3828 11185
3826 3827
3825 11188
3824 11189
3823 11190
3822 11191
3821 11192
3820 11193
3819 11194
3818 11195
3817 11196
3816 11197
3815 11198
3814 11199
3813 11200
3811 3812
3810 11203
3809 11204
3808 11205
3807 11206
3806 11207
3805 10006
3804 10007
3803 10008
3802 10009
3801 10010
3800 10011
3799 10012
3798 10013
3797 10014
3796 10015
3795 10016
3794 10017
3792 3793
3791 10020
3790 10021
3789 10022
3788 10023
3787 10913
3786 10914
3785 10915
3784 10916
3782 3783
3781 10919
3780 10920
3779 10921
3778 10922
3777 10923
3776 10924
3775 10925
3773 3774
3772 10928
3771 10810
3770 10811
3769 10812
3768 10813
3767 10814
3766 10815
3764 3765
3763 10585
3762 10586
3761 10587
3760 10588
3759 10589
3758 10590
3757 10591
3756 10592
3755 10593
3754 10594
3753 10595
3751 3752
3750 10598
3749 10599
3748 10600
3747 12337
3746 12338
3745 12339
3744 12340
3743 12341
3741 3742
3740 17209
3739 17210
3738 17211
3737 17212
3736 17213
3735 17214
3734 17215
3733 17216
3731 3732
3730 17219
3729 17220
3728 17221
3727 17222
3726 17223
3725 17224
3724 17225
3722 3723
3721 10268
3720 10269
3719 10270
3718 10271
3717 10272
3716 10273
3715 10274
3714 10275
3713 10276
3712 10277
3711 10278
3710 10279
3708 3709
3707 10282
3706 10283
3705 16571
3704 16572
3703 16573
3702 16574
3701 16575
3700 16576
3698 3699
3697 16579
3696 16580
3695 16581
3694 16582
3693 16583
3692 16584
3691 16585
3690 12231
3688 3689
3687 12234
3686 12235
3685 12236
3684 12237
3683 12238
3682 16941
3681 16942
3679 3680
3678 16945
3677 16946
3676 16947
3675 16948
3674 16949
3673 16950
3672 16951
3671 16952
3670 16953
3669 16954
3668 16955
3667 16956
3666 16957
3664 3665
3663 16960
3662 16961
3661 16962
3660 16963
3659 16964
3658 16754
3657 16755
3656 16756
3654 3655
3653 16759
3652 16760
3651 16761
3650 16762
3649 16763
3648 16764
3647 16765
3645 3646
3644 16768
3643 16769
3642 9786
3641 9787
3640 9788
3639 9789
3638 9790
3637 9791
3635 3636
3634 9794
3633 9795
3632 9796
3631 9797
3630 9798
3629 9336
3628 9337
3627 9338
3626 9339
3625 9340
3624 9341
3623 9342
3622 9343
3621 12117
3619 3620
3618 12120
3617 12121
3616 12122
3615 12123
3614 11909
3613 11910
3612 11911
3610 3611
3609 11914
3608 11915
3607 11916
3606 11917
3605 11918
3604 11919
3603 11920
3601 3602
3600 11923
3599 11924
3598 11925
3597 11926
3596 11927
3595 11928
3594 11929
3592 3593
3591 11932
3590 11933
3589 11934
3588 11935
3587 9450
3586 9451
3585 9452
3584 9453
3583 9454
3582 9455
3581 9456
3580 9541
3579 9542
3578 9543
3577 9544
3576 9545
3574 3575
3573 9548
3572 9549
3571 9550
3570 9551
3569 15004
3568 15005
3567 15006
3566 15007
3565 15008
3563 3564
3562 15011
3561 15012
3560 15013
3559 15014
3558 15015
3557 15016
3556 15017
3555 15018
3554 15019
3553 15020
3552 15021
3551 15022
3550 15023
3549 15024
3548 15025
3547 15026
3546 15027
3545 15028
3544 15029
3543 15030
3542 15031
3541 15032
3540 15033
3539 15034
3538 15035
3537 15580
3536 15581
3535 15582
3534 15583
3533 15584
3532 15585
3531 15586
3530 15587
3529 15588
3528 15589
3527 15590
3526 15591
3525 15592
3524 15593
3523 15594
3522 15595
3521 15596
3520 15597
3519 15598
3518 15599
3517 15600
3516 15601
3515 15602
3514 15603
3513 15604
3512 15605
3511 15366
3510 15367
3509 15368
3508 15369
3507 15370
3506 15371
3505 15372
3504 15373
3503 15374
3502 15375
3501 15376
3500 15377
3499 15378
3498 11773
3497 11774
3496 11775
3495 11776
3494 11777
3493 11778
3492 11779
3491 11780
3490 11781
3489 11782
3488 11783
3487 11784
3486 11713
3485 11714
3484 11715
3483 11716
3482 11717
3481 11718
3480 11719
3479 11720
3478 11721
3477 11722
3476 11723
3475 11724
3474 11824
3473 11825
3472 11826
3471 11827
3470 11828
3469 11829
3468 11830
3467 12966
3466 12967
3465 12968
3464 12969
3463 12970
3462 12971
3461 12972
3460 12973
3459 12974
3458 12975
3457 12976
3456 12977
3455 9394
3454 9395
3453 9396
3452 9397
3451 9398
3450 9399
3449 9400
3448 9401
3447 9402
3446 9403
3445 9404
3444 9405
3443 9406
3442 9407
3441 9408
3440 9409
3439 9410
3438 9411
3437 9412
3436 9413
3435 9414
3434 9415
3433 9416
3432 14474
3431 14475
3430 14476
3429 14477
3428 14478
3427 14479
3426 14480
3425 14481
3424 14482
3423 14483
3422 14484
3421 14485
3420 14486
3419 14487
3418 14488
3417 14489
3416 14490
3415 14245
3414 14246
3413 14247
3412 14248
3411 14249
3410 14250
3409 14251
3408 14252
3407 14253
3406 14254
3405 14255
3404 13994
3403 13995
3402 13996
3401 13997
3400 13998
3399 13999
3398 14000
3397 14001
3396 14002
3395 14003
3394 14004
3393 14005
3392 14006
3391 14007
3390 12657
3389 12658
3388 12659
3387 12660
3386 12661
3385 12662
3384 12663
3383 12664
3382 12665
3381 12666
3380 12667
3379 12668
3378 12669
3377 12670
3376 12671
3375 12672
3374 13387
3373 13388
3372 13389
3371 13390
3370 13391
3369 13392
3368 13393
3367 13394
3366 13395
3365 13396
3364 13397
3363 13398
3362 13399
3361 13506
3360 13507
3359 13508
3358 13509
3357 13510
3356 13511
3355 13512
3354 13513
3353 13514
3352 13515
3351 13516
3350 13517
3349 13518
3348 13519
3347 13520
3346 13521
3345 13522
3344 13523
3343 13291
3342 13292
3341 13293
3340 13294
3339 13295
3338 13296
3337 13297
3336 13298
3335 13299
3334 13300
3333 13301
3332 13302
3331 13303
3330 13304
3329 13305
3328 13306
3327 13591
3326 13592
3325 13593
3324 13594
3323 13595
3322 13596
3321 13597
3320 13598
3319 13599
3318 13600
3317 13601
3316 13602
3315 13603
3314 13604
3313 13605
3312 13606
3311 13607
3310 13608
3309 13609
3308 13610
3307 13611
3306 13612
3305 13613
3304 9024
3303 9025
3302 9026
3301 9027
3300 9028
3299 9029
3298 9030
3297 9031
3296 9032
3295 9033
3294 9034
3291 10082
3290 10083
3289 10084
3288 10085
3287 10086
3286 10087
3285 10088
3284 10089
3283 10090
3282 10091
3281 10092
3280 10093
3279 10094
3278 12392
3277 12393
3276 12394
3275 12395
3274 12396
3273 12397
3272 12398
3271 12399
3270 10108
3269 10109
3268 10110
3267 10111
3266 10112
3265 10113
3264 10114
3263 10115
3262 10116
3261 10117
3260 10118
3259 10119
3258 10120
3257 10121
3256 10122
3255 10123
3254 10124
3253 10125
3252 10126
3251 10127
3250 10128
3249 13283
3248 13284
3247 13285
3246 13286
3245 13287
3244 13288
3243 13289
3242 13290
3241 13524
3240 13525
3239 13526
3238 13527
3237 13528
3236 13529
3235 13530
3234 13531
3233 13364
3232 13365
3231 13366
3230 13367
3229 13368
3228 13369
3227 13370
3226 13371
3225 13372
3224 13373
3223 13374
3222 13375
3221 13376
3220 13377
3219 13378
3218 13379
3217 13380
3216 13381
3215 13382
3214 13383
3213 13384
3212 13385
3211 13386
3210 12673
3209 12674
3208 12675
3207 12676
3206 12677
3205 12678
3204 12679
3203 12680
3202 12681
3201 12682
3200 12683
3199 12684
3198 12685
3197 12686
3196 12687
3195 12688
3194 14091
3193 14092
3192 14093
3191 14094
3190 14095
3189 14096
3188 14097
3187 14098
3186 14099
3185 14229
3184 14230
3183 14231
3182 14232
3181 14233
3180 14234
3179 14235
3178 14236
3177 14237
3176 14238
3175 14239
3174 14240
3173 14241
3172 14242
3171 14243
3170 14244
3169 14491
3168 14492
3167 14493
3166 14494
3165 14495
3164 14496
3163 14497
3162 12811
3161 12812
3160 12813
3159 12814
3158 12815
3157 12816
3156 12817
3155 12818
3154 12819
3153 12820
3152 12821
3151 14375
3150 14376
3149 14377
3148 14378
3147 14379
3146 14380
3145 14381
3144 14382
3143 14383
3142 14384
3141 14385
3140 14386
3139 14387
3138 14388
3137 14389
3136 14390
3135 14391
3134 14392
3133 12950
3132 12951
3131 12952
3130 12953
3129 12954
3128 12955
3127 12956
3126 12957
3125 12958
3124 12959
3123 12960
3122 12961
3121 12962
3120 12963
3119 12964
3118 12965
3117 11831
3116 11832
3115 11833
3114 11834
3113 11835
3112 11836
3111 11837
3110 11838
3109 11839
3108 11840
3107 11841
3106 11842
3105 11843
3104 11844
3103 11845
3102 11846
3101 11847
3100 11848
3099 15340
3098 15341
3097 15342
3096 15343
3095 15344
3094 15345
3093 15346
3092 15347
3091 15348
3090 15349
3089 15350
3088 15351
3087 15352
3086 15353
3085 15354
3084 15355
3083 15356
3082 15357
3081 15358
3080 15359
3079 15360
3078 15361
3077 15362
3076 15363
3075 15364
3074 15365
3073 15606
3072 15607
3071 15608
3070 15609
3069 15610
3068 15611
3067 15612
3066 15613
3065 15614
3064 15615
3063 15616
3062 15617
3061 15618
3060 15619
3059 15620
3058 15621
3057 15622
3056 15623
3055 15624
3054 15625
3053 15626
3052 15627
3051 15628
3050 15629
3049 15630
3048 15631
3047 15632
3046 15633
3045 15634
3044 15635
3043 15636
3042 15637
3041 15638
3040 15639
3039 15640
3038 15641
3037 15642
3036 15643
3035 15644
3034 15645
3033 15646
3032 15647
3031 15648
3030 15649
3029 15650
3028 15651
3027 15652
3026 15653
3025 15654
3024 15655
3023 15656
3021 3022
3020 15659
3019 15660
3018 16074
3017 16075
3016 16076
3015 16077
3014 16078
3013 16079
3012 16080
3010 3011
3009 16083
3008 16084
3007 16085
3006 16086
3005 16087
3004 16088
3003 16089
3002 16090
3001 16091
3000 16092
2999 16093
2998 16094
2997 13199
2996 13200
2995 13201
2994 13202
2992 2993
2991 13205
2990 13206
2989 13207
2988 13208
2987 13209
2986 13210
2985 13211
2983 2984
2982 11897
2981 11898
2980 11899
2979 11900
2978 11901
2977 11902
2976 11903
2974 2975
2973 11906
2972 11907
2971 11908
2970 12124
2969 12125
2968 12126
2967 12127
2965 2966
2964 12130
2963 12131
2962 12132
2961 12133
2960 12176
2959 12177
2958 12178
2957 12179
2956 12180
2955 12181
2954 12182
2953 12183
2952 12184
2951 12185
2949 2950
2948 12188
2947 12189
2946 12190
2945 12191
2944 12192
2943 12193
2942 16331
2941 16332
2939 2940
2938 16335
2937 16336
2936 16337
2935 16338
2934 16746
2933 16747
2932 16748
2930 2931
2929 16751
2928 16752
2927 16753
2926 16965
2925 16966
2924 16967
2923 16968
2922 16969
2920 2921
2919 16972
2918 16973
2917 16974
2916 16975
2915 16976
2914 16977
2913 16978
2912 16979
2911 16980
2910 12215
2909 12216
2908 12217
2907 12218
2905 2906
2904 12221
2903 12222
2902 12223
2901 12224
2900 12225
2899 12226
2898 12227
2896 2897
2895 12230
2894 16586
2893 16587
2892 16588
2891 16589
2890 16590
2889 16591
2888 16592
2886 2887
2885 16595
2884 16596
2883 16597
2882 16598
2881 10250
2880 10251
2879 10252
2878 10253
2876 2877
2875 10256
2874 10257
2873 10258
2872 10259
2871 10260
2870 10261
2869 10262
2868 10263
2867 10264
2866 10265
2865 10266
2864 10267
2862 2863
2861 17230
2860 17231
2859 17232
2858 17233
2857 17234
2856 17235
2855 17198
2853 2854
2852 17201
2851 17202
2850 17203
2849 17204
2848 17205
2847 17206
2846 17207
2845 17208
2843 2844
2842 12346
2841 12347
2840 12348
2839 12349
2838 12350
2837 17389
2836 17390
2835 17391
2833 2834
2832 17394
2831 17395
2830 17396
2829 10577
2828 10578
2827 10579
2826 10580
2825 10581
2824 10582
2823 10583
2822 10584
2820 2821
2819 10820
2818 10821
2817 10822
2816 10823
2815 10824
2814 10825
2813 10826
2811 2812
2810 10829
2809 10830
2808 10831
2807 10832
2806 10833
2805 10834
2804 10835
2802 2803
2801 9984
2800 9985
2799 9986
2798 9987
2797 9988
2796 9989
2795 9990
2794 9991
2792 2793
2791 9994
2790 9995
2789 9996
2788 9997
2787 9998
2786 9999
2785 10000
2784 10001
2783 10002
2782 10003
2781 10004
2780 10005
2779 11208
2778 11209
2777 11210
2776 11211
2775 11212
2773 2774
2772 11215
2771 11216
2770 11217
2769 11218
2768 11219
2767 11220
2766 11221
2765 11222
2764 11223
2763 11224
2762 11225
2761 11226
2760 11227
2758 2759
2757 11230
2756 11231
2755 11232
2754 11233
2753 11234
2752 11235
2751 11236
2750 11237
2749 11238
2748 11239
2747 11240
2746 11241
2745 11242
2742 10056
2741 10057
2740 10058
2738 2739
2737 10061
2736 10062
2735 10063
2734 10064
2732 2733
2731 10067
2730 10068
2729 11065
2728 11066
2726 2727
2725 11069
2724 11070
2723 11071
2722 11072
2720 2721
2719 11075
2718 11076
2717 11077
2716 11078
2714 2715
2713 9943
2712 9944
2711 9945
2709 2710
2708 9948
2707 9949
2706 9950
2704 2705
2703 9953
2702 9954
2701 9955
2699 2700
2698 9958
2697 9959
2696 9960
2695 9961
2694 9962
2693 9963
2691 2692
2690 9966
2689 9967
2687 2688
2686 9970
2685 9971
2683 2684
2682 9974
2681 9975
2679 2680
2678 9978
2677 9979
2675 2676
2674 10836
2672 2673
2671 10839
2670 10840
2668 2669
2667 10843
2666 10886
2664 2665
2663 10889
2661 2662
2660 10657
2659 10658
2657 2658
2656 10661
2655 10662
2653 2654
2652 10665
2650 2651
2649 10668
2648 10669
2646 2647
2645 9900
2644 9901
2643 9902
2641 2642
2640 9905
2639 9928
2637 2638
2636 9931
2635 9932
2633 2634
2632 9935
2631 9936
2629 2630
2628 9939
2627 9940
2625 2626
2624 12296
2623 12297
2621 2622
2620 12300
2619 12301
2617 2618
2616 17193
2615 17194
2613 2614
2612 17197
2611 17236
2609 2610
2608 17239
2606 2607
2605 17242
2604 17243
2602 2603
2601 17286
2600 17287
2598 2599
2597 17290
2596 17291
2594 2595
2593 17294
2592 17295
2591 17296
2589 2590
2588 17299
2587 17300
2585 2586
2584 17303
2583 17304
2581 2582
2580 16499
2579 16500
2577 2578
2576 16503
2575 16504
2573 2574
2572 16507
2571 16508
2569 2570
2568 16511
2567 16512
2565 2566
2564 12254
2563 12255
2561 2562
2560 12258
2559 12259
2557 2558
2556 12262
2554 2555
2553 12265
2552 12266
2550 2551
2549 12269
2548 12270
2546 2547
2545 12273
2544 12274
2542 2543
2541 12277
2540 9858
2539 9859
2538 9860
2536 2537
2535 9863
2534 9864
2532 2533
2531 9867
2530 9868
2528 2529
2527 9871
2526 9872
2524 2525
2523 9875
2522 9876
2520 2521
2519 9743
2518 9744
2516 2517
2515 9747
2514 9748
2512 2513
2511 9824
2509 2510
2508 9827
2507 9828
2505 2506
2504 9831
2503 9832
2501 2502
2500 9835
2499 9836
2497 2498
2496 12164
2495 12165
2493 2494
2492 12168
2491 12169
2489 2490
2488 12172
2487 12173
2486 12174
2485 12175
2484 12134
2482 2483
2481 12137
2480 12138
2478 2479
2477 12022
2475 2476
2474 12025
2473 12026
2471 2472
2470 12029
2469 12030
2467 2468
2466 12033
2465 12034
2463 2464
2462 12037
2460 2461
2459 11960
2458 11961
2456 2457
2455 11964
2454 11965
2452 2453
2451 11968
2450 11969
2448 2449
2447 11972
2445 2446
2444 11975
2443 11976
2441 2442
2440 11979
2439 11980
2437 2438
2436 11983
2435 14896
2434 14897
2433 14898
2431 2432
2430 14901
2429 14902
2427 2428
2426 14905
2425 14906
2423 2424
2422 14909
2421 14910
2419 2420
2418 14913
2417 14914
2415 2416
2414 14958
2413 14959
2412 14960
2410 2411
2409 14963
2408 14964
2407 14965
2405 2406
2404 14968
2403 14969
2402 14970
2401 14971
2399 2400
2398 15122
2397 15123
2396 15124
2395 15125
2394 15126
2393 15127
2392 15128
2391 15129
2390 15130
2389 15131
2388 15132
2387 15133
2386 15134
2385 15135
2384 15136
2383 15137
2382 15138
2381 15139
2380 15140
2379 15141
2378 15142
2377 15143
2376 15144
2375 15145
2374 15146
2373 15147
2372 15234
2371 15235
2370 15236
2369 15237
2368 15238
2367 15239
2366 15240
2365 15241
2364 15242
2363 15243
2362 15244
2361 15245
2360 15246
2359 15247
2358 15248
2357 15249
2356 15250
2355 15251
2354 15252
2353 15253
2352 15254
2351 11689
2350 11690
2349 11691
2348 11692
2347 11693
2346 11694
2345 11695
2344 11696
2343 11697
2342 11698
2341 11699
2340 11700
2339 11701
2338 11702
2337 11703
2336 11704
2335 13123
2334 13124
2333 13125
2332 13126
2331 13127
2330 13128
2329 13129
2328 13130
2327 13131
2326 13132
2325 13133
2324 13134
2323 13135
2322 13136
2321 13137
2320 13138
2319 13139
2318 13140
2317 13141
2316 13142
2315 13143
2314 13144
2313 13145
2312 13146
2311 13147
2310 13148
2309 14438
2308 14439
2307 14440
2306 14441
2305 14442
2304 14443
2303 14444
2302 12776
2301 12777
2300 12778
2299 12779
2298 12780
2297 12781
2296 12782
2295 12783
2294 12784
2293 12785
2292 12786
2291 12787
2290 12788
2289 12789
2288 12717
2287 12718
2286 12719
2285 12720
2284 12721
2283 12722
2282 14052
2281 14053
2280 14054
2279 14055
2278 14056
2277 14057
2276 14058
2275 14059
2274 14060
2273 14061
2272 14062
2271 14063
2270 14064
2269 14065
2268 14066
2267 12563
2266 12564
2265 12565
2264 12566
2263 12567
2262 12568
2261 12569
2260 12570
2259 12571
2258 12572
2257 12573
2256 12574
2255 12575
2254 12576
2253 12577
2252 12578
2251 13355
2250 13356
2249 13357
2248 13358
2247 13359
2246 13360
2245 13361
2244 13362
2243 13363
2242 13532
2241 13533
2240 13534
2239 13535
2238 13536
2237 13537
2236 13538
2235 13539
2234 13540
2233 13541
2232 13542
2231 13543
2230 13544
2229 13545
2228 13546
2227 13547
2226 13548
2225 13549
2224 13550
2223 13551
2222 13552
2221 13553
2220 13554
2219 13643
2218 13644
2217 13645
2216 13646
2215 13647
2214 13648
2213 13649
2212 13650
2211 13651
2210 13652
2209 13653
2208 13654
2207 13655
2206 13656
2205 13657
2204 9714
2203 9715
2202 9716
2201 9717
2200 9718
2199 9719
2198 9720
2197 9721
2194 9706
2193 9707
2192 9708
2191 9709
2190 9710
2189 9711
2188 9712
2187 9713
2186 13658
2185 13659
2184 13660
2183 13661
2182 13662
2181 13663
2180 13664
2179 13665
2178 13666
2177 13667
2176 13668
2175 13669
2174 13670
2173 13671
2172 13672
2171 13673
2170 13674
2169 13675
2168 13676
2167 13677
2166 13678
2165 13679
2164 13680
2163 13681
2162 13682
2161 13683
2160 13684
2159 11619
2158 11620
2157 11621
2156 11622
2155 11623
2154 11624
2153 11625
2152 11626
2151 12535
2150 12536
2149 12537
2148 12538
2147 12539
2146 12540
2145 12541
2144 12542
2143 12543
2142 12544
2141 12545
2140 12546
2139 12547
2138 12548
2137 12549
2136 12550
2135 12551
2134 12552
2133 12553
2132 12554
2131 12555
2130 12556
2129 12557
2128 12558
2127 12559
2126 12560
2125 12561
2124 12562
2123 14067
2122 14068
2121 14069
2120 14070
2119 14071
2118 14072
2117 14073
2116 14074
2115 14075
2114 14076
2113 14077
2112 14078
2111 14079
2110 12709
2109 12710
2108 12711
2107 12712
2106 12713
2105 12714
2104 12715
2103 12716
2102 12790
2101 12791
2100 12792
2099 12793
2098 12794
2097 12795
2096 12796
2095 12797
2094 12798
2093 12799
2092 12800
2091 12801
2090 12802
2089 14430
2088 14431
2087 14432
2086 14433
2085 14434
2084 14435
2083 14436
2082 14437
2081 13149
2080 13150
2079 13151
2078 13152
2077 13153
2076 13154
2075 13155
2074 13156
2073 13157
2072 13158
2071 13159
2070 13160
2069 13161
2068 13162
2067 13163
2066 11638
2065 11639
2064 11640
2063 11641
2062 11642
2061 11643
2060 11644
2059 11645
2058 11646
2057 11671
2056 11672
2055 11673
2054 11674
2053 11675
2052 11676
2051 11677
2050 11678
2049 11679
2048 11680
2047 11681
2046 11682
2045 11683
2044 11684
2043 11685
2042 11686
2041 11687
2040 11688
2039 15255
2038 15256
2037 15257
2036 15258
2035 15259
2034 15260
2033 15261
2032 15262
2031 15263
2030 15264
2029 15265
2028 15266
2027 15267
2026 15226
2025 15227
2024 15228
2023 15229
2022 15230
2021 15231
2020 15232
2019 15233
2018 15148
2017 15149
2016 15150
2015 15151
2014 15152
2013 15153
2012 15154
2011 15155
2010 15156
2009 15157
2008 15158
2007 15159
2006 15160
2005 15161
2004 15162
2003 15163
2002 15164
2001 15165
2000 15166
1999 15167
1998 15168
1997 15169
1996 15170
1995 15171
1994 15172
1993 15173
1991 1992
1990 15176
1989 15177
1988 15178
1987 15179
1985 1986
1984 14950
1983 14951
1982 14952
1980 1981
1979 14955
1978 14956
1977 14957
1975 1976
1974 14919
1973 14920
1971 1972
1970 14923
1969 14924
1967 1968
1966 14927
1965 14928
1963 1964
1962 14889
1961 14890
1959 1960
1958 14893
1957 14894
1956 14895
1955 11849
1953 1954
1952 11852
1951 11853
1949 1950
1948 11856
1947 11857
1945 1946
1944 11860
1942 1943
1941 11863
1940 11864
1938 1939
1937 11867
1936 11868
1934 1935
1933 11871
1932 11872
1930 1931
1929 11875
1927 1928
1926 11878
1925 11879
1923 1924
1922 11882
1921 12014
1919 1920
1918 12017
1917 12018
1915 1916
1914 12021
1912 1913
1911 11986
1910 11987
1908 1909
1907 11990
1906 11991
1905 11992
1904 11993
1903 11994
1901 1902
1900 12154
1899 12155
1897 1898
1896 12158
1895 12159
1893 1894
1892 9722
1891 9723
1889 1890
1888 9726
1887 9727
1885 1886
1884 9730
1883 9731
1881 1882
1880 9734
1878 1879
1877 9737
1876 9738
1874 1875
1873 9741
1872 9742
1870 1871
1869 9839
1868 9840
1866 1867
1865 9843
1864 9844
1862 1863
1861 9847
1860 9848
1858 1859
1857 9851
1856 9852
1854 1855
1853 9855
1852 9856
1851 9857
1850 12194
1848 1849
1847 12197
1846 12198
1844 1845
1843 12201
1842 12202
1840 1841
1839 12205
1838 12206
1836 1837
1835 16470
1833 1834
1832 16473
1831 16474
1829 1830
1828 16477
1827 16478
1825 1826
1824 16481
1823 16482
1821 1822
1820 16485
1819 16486
1817 1818
1816 16489
1815 16490
1813 1814
1812 16493
1811 16494
1809 1810
1808 17305
1807 17306
1805 1806
1804 17309
1803 17310
1801 1802
1800 17313
1799 17314
1798 17315
1796 1797
1795 17318
1794 17277
1792 1793
1791 17280
1790 17281
1788 1789
1787 17244
1786 17245
1784 1785
1783 17248
1781 1782
1780 17251
1779 17252
1777 1778
1776 17255
1775 17256
1773 1774
1772 12290
1771 12291
1769 1770
1768 12294
1767 12295
1765 1766
1764 9881
1763 9882
1761 1762
1760 9885
1759 9886
1757 1758
1756 9889
1755 9890
1753 1754
1752 9893
1751 9894
1749 1750
1748 9897
1747 9898
1746 9899
1744 1745
1743 10674
1742 10675
1740 1741
1739 10678
1737 1738
1736 10681
1735 10682
1733 1734
1732 10878
1731 10879
1729 1730
1728 10882
1726 1727
1725 10885
1724 10844
1722 1723
1721 10847
1720 10848
1718 1719
1717 10851
1715 1716
1714 10854
1713 10855
1711 1712
1710 10858
1709 11017
1707 1708
1706 11020
1705 11021
1703 1704
1702 11024
1701 11025
1699 1700
1698 11028
1697 11029
1696 11030
1695 11031
1694 11032
1693 11033
1691 1692
1690 11036
1689 11037
1688 11038
1686 1687
1685 11041
1684 11042
1683 11043
1681 1682
1680 11046
1679 11047
1678 11048
1676 1677
1675 11051
1674 11052
1673 11053
1672 11054
1670 1671
1669 11057
1668 11058
1667 11059
1666 11060
1664 1665
1663 11063
1662 11064
1661 10069
1660 10070
1658 1659
1657 10073
1656 10074
1655 10075
1654 10076
1652 1653
1651 10079
1650 10080
1649 10081
1646 13212
1645 13213
1644 13214
1643 13215
1642 13216
1641 13217
1640 10346
1639 10347
1638 10348
1637 10349
1636 10350
1635 10351
1634 10352
1632 1633
1631 10355
1630 10356
1629 10357
1628 10358
1627 10359
1626 10360
1625 10361
1624 10362
1623 10363
1622 10364
1621 10365
1620 10366
1619 10367
1617 1618
1616 10994
1615 10995
1614 10996
1613 10997
1612 10998
1611 10999
1610 11000
1609 11001
1608 11002
1607 11003
1606 11004
1605 11005
1604 11006
1603 11007
1602 11008
1601 11009
1600 11010
1598 1599
1597 11013
1596 11014
1595 11015
1594 11016
1593 10859
1592 10860
1591 10861
1590 10862
1588 1589
1587 10865
1586 10866
1585 10867
1584 10868
1583 10869
1582 10870
1581 10871
1579 1580
1578 10874
1577 10875
1576 10876
1575 10877
1574 10685
1573 10686
1572 10687
1570 1571
1569 10690
1568 10691
1567 10692
1566 10693
1565 17377
1564 17378
1563 17379
1562 17380
1561 17381
1560 17382
1559 17383
1557 1558
1556 17386
1555 17387
1554 17388
1553 12278
1552 12279
1551 12280
1550 12281
1549 12282
1547 1548
1546 12285
1545 12286
1544 12287
1543 12288
1542 12289
1541 17259
1540 17260
1539 17261
1537 1538
1536 17264
1535 17265
1534 17266
1533 17267
1532 17268
1531 17269
1530 17270
1528 1529
1527 17273
1526 17274
1525 17275
1524 17276
1523 17319
1522 17320
1521 17321
1520 17322
1519 17323
1518 17324
1517 17325
1516 17326
1514 1515
1513 16443
1512 16444
1511 16445
1510 16446
1509 16447
1508 16448
1507 16449
1506 16450
1504 1505
1503 16453
1502 16454
1501 16455
1500 16456
1499 16457
1498 16458
1497 16459
1496 16460
1494 1495
1493 16463
1492 16464
1491 16465
1490 16466
1489 16467
1488 12207
1487 12208
1485 1486
1484 12211
1483 12212
1482 12213
1481 12214
1480 16981
1479 16982
1478 16983
1477 16984
1476 16985
1475 16986
1474 16987
1473 16988
1472 16989
1470 1471
1469 16992
1468 16993
1467 16994
1466 16995
1465 16996
1464 16997
1463 16998
1462 16317
1460 1461
1459 16320
1458 16321
1457 16322
1456 16323
1455 16324
1454 16325
1453 16326
1451 1452
1450 16329
1449 16330
1448 12141
1447 12142
1446 12143
1445 12144
1444 12145
1443 12146
1441 1442
1440 12149
1439 12150
1438 12151
1437 12152
1436 12153
1435 11997
1434 11998
1433 11999
1432 12000
1431 12001
1430 12002
1429 12003
1428 12004
1427 12005
1425 1426
1424 12008
1423 12009
1422 12010
1421 12011
1420 12012
1419 12013
1418 11883
1416 1417
1415 11886
1414 11887
1413 11888
1412 11889
1411 11890
1410 11891
1409 11892
1407 1408
1406 13164
1405 13165
1404 13166
1403 13167
1402 13168
1401 13169
1400 13170
1398 1399
1397 14876
1396 14877
1395 14878
1394 14879
1393 14880
1392 14881
1391 14882
1390 14883
1389 14884
1388 14885
1387 14886
1386 14887
1385 14888
1384 14931
1383 14932
1382 14933
1380 1381
1379 14936
1378 14937
1377 14938
1376 14939
1375 14940
1374 14941
1373 14942
1372 14943
1371 14944
1369 1370
1368 14947
1367 14948
1366 14949
1365 15182
1364 15183
1363 15184
1362 15185
1361 15186
1360 15187
1359 15188
1358 15189
1357 15190
1356 15191
1355 15192
1354 15193
1353 15194
1352 15195
1351 15196
1350 15197
1349 15198
1348 15199
1347 15200
1346 15201
1345 15202
1344 15203
1343 15204
1342 15205
1341 15206
1340 15207
1339 15208
1338 15209
1337 15210
1336 15211
1335 15212
1334 15213
1333 15214
1332 15215
1331 15216
1330 15217
1329 15218
1328 15219
1327 15220
1326 15221
1325 15222
1324 15223
1323 15224
1322 15225
1321 15268
1320 15269
1319 15270
1318 15271
1317 15272
1316 15273
1315 15274
1314 15275
1313 15276
1312 15277
1311 15278
1310 15279
1309 15280
1308 15281
1307 15282
1306 15283
1305 15284
1304 15327
1303 15328
1302 15329
1301 15330
1300 15331
1299 15332
1298 15333
1297 15334
1296 15335
1295 15336
1294 15337
1293 15338
1292 15339
1291 11658
1290 11659
1289 11660
1288 11661
1287 11662
1286 11663
1285 11664
1284 11665
1283 11666
1282 11667
1281 11668
1280 11669
1279 11670
1278 11647
1277 11648
1276 11649
1275 11650
1274 11651
1273 11652
1272 11653
1271 11654
1270 11655
1269 11656
1268 11657
1267 12914
1266 12915
1265 12916
1264 12917
1263 12918
1262 12919
1261 12920
1260 12921
1259 12922
1258 12923
1257 12924
1256 12925
1255 12926
1254 12927
1253 12928
1252 14414
1251 14415
1250 14416
1249 14417
1248 14418
1247 14419
1246 14420
1245 14421
1244 14422
1243 14423
1242 14424
1241 14425
1240 14426
1239 14427
1238 14428
1237 14429
1236 12803
1235 12804
1234 12805
1233 12806
1232 12807
1231 12808
1230 12809
1229 12810
1228 14498
1227 14499
1226 14500
1225 14501
1224 14502
1223 14503
1222 14504
1221 14505
1220 14506
1219 12697
1218 12698
1217 12699
1216 12700
1215 12701
1214 12702
1213 12703
1212 12704
1211 12705
1210 12706
1209 12707
1208 12708
1207 14080
1206 14081
1205 14082
1204 14083
1203 14084
1202 14085
1201 14086
1200 14087
1199 14088
1198 14089
1197 14090
1196 12451
1195 12452
1194 12453
1193 12454
1192 12455
1191 12456
1190 12457
1189 12458
1188 12459
1187 12460
1186 12461
1185 12462
1184 12463
1183 12464
1182 12465
1181 12466
1180 12467
1179 12468
1178 12469
1177 12470
1176 12471
1175 12472
1174 12473
1173 12474
1172 12475
1171 12476
1170 12477
1169 12478
1168 12479
1167 12520
1166 12521
1165 12522
1164 12523
1163 12524
1162 12525
1161 12526
1160 12527
1159 12528
1158 12529
1157 12530
1156 12531
1155 12532
1154 12533
1153 12534
1152 11627
1151 11628
1150 11629
1149 11630
1148 11631
1147 11632
1146 11633
1145 11634
1144 11635
1143 11636
1142 11637
1141 13685
1140 13686
1139 13687
1138 13688
1137 13689
1136 13690
1135 13691
1134 13692
1133 13693
1132 13694
1131 13695
1130 13696
1129 13697
1128 13698
1127 13699
1126 13700
1125 12379
1124 12380
1123 12381
1122 12382
1121 12383
1120 12384
1119 12385
1118 12386
1117 12387
1116 12388
1115 12389
1114 12390
1113 12391
1112 10095
1111 10096
1110 10097
1109 10098
1108 10099
1107 10100
1106 10101
1105 10102
1104 10103
1103 10104
1102 10105
1101 10106
1100 10107
1097 12351
1096 12352
1095 12353
1094 12354
1093 12355
1092 12356
1091 12357
1090 12358
1089 12359
1088 12360
1087 12361
1086 12362
1085 12363
1084 12364
1082 1083
1081 12367
1080 12368
1079 12369
1078 12370
1077 12371
1076 12372
1075 12373
1074 12374
1073 12375
1072 12376
1071 12377
1070 12378
1068 1069
1067 13226
1066 13227
1065 13228
1064 13229
1063 13230
1062 13231
1061 13232
1060 13233
1059 13234
1058 13235
1057 13236
1056 13237
1055 13238
1054 13239
1053 13240
1052 13241
1051 13242
1050 13243
1049 13244
1047 1048
1046 13247
1045 13248
1044 13249
1043 13701
1042 13702
1041 13703
1040 13704
1038 1039
1037 13707
1036 13708
1035 13709
1034 13744
1033 13745
1032 13746
1031 13747
1029 1030
1028 13750
1027 13751
1026 12511
1025 12512
1024 12513
1023 12514
1022 12515
1020 1021
1019 12518
1018 12519
1017 12480
1016 12481
1015 12482
1014 12483
1013 12484
1012 12485
1011 12486
1010 12487
1009 12488
1008 12489
1007 12490
1005 1006
1004 14137
1003 14138
1002 14139
1001 14140
1000 14141
999 14142
998 14143
997 14144
995 996
994 14147
993 14148
992 14149
991 13867
990 13868
989 13869
988 13870
986 987
985 13873
984 13874
983 13875
982 13876
981 13877
980 13878
979 13879
978 13880
976 977
975 13883
974 13884
973 13885
972 13886
971 14213
970 14214
969 14215
968 14216
967 14217
966 14218
965 14219
964 14220
963 12689
961 962
960 12692
959 12693
958 12694
957 12695
956 12696
955 14507
954 14508
953 14509
951 952
950 14512
949 14513
948 14514
947 14515
946 14516
945 14517
944 14518
942 943
941 14521
940 14522
939 14523
938 14524
937 14525
936 14526
935 14527
934 14528
932 933
931 14531
930 14532
929 14359
928 14360
927 14361
926 14362
925 14363
924 14364
923 14365
922 14366
921 14407
920 14408
918 919
917 14411
916 14412
915 14413
914 12929
913 12930
912 12931
911 12932
910 12933
908 909
907 12936
906 12937
905 12938
904 12939
903 12940
902 12941
901 12942
899 900
898 14668
897 14669
896 14670
895 14671
894 14672
893 14673
892 14674
891 14675
889 890
888 14678
887 14679
886 14732
885 14733
884 14734
883 14735
882 14736
881 14737
880 14738
879 14739
878 14740
877 14741
875 876
874 14744
873 14745
872 14746
871 14747
870 14748
869 14749
868 14750
866 867
865 14753
864 14754
863 14755
862 14756
861 14757
860 14758
859 14759
857 858
856 15321
855 15322
854 15323
853 15324
852 15325
851 15326
850 15285
848 849
847 15288
846 15289
845 15290
844 15291
843 15292
842 15293
841 15294
840 15295
839 15296
838 15297
837 15843
836 15844
835 15845
834 15846
833 15847
831 832
830 15850
829 15851
828 15852
827 15853
826 15854
825 15855
824 15814
823 15815
822 15816
820 821
819 15819
818 15820
817 15821
816 15993
815 15994
814 15995
813 15996
812 15997
811 15998
810 15999
809 16000
808 16001
807 16002
806 16003
805 16004
804 16005
803 16006
802 16007
801 16008
800 16009
799 16010
798 16011
797 16012
796 16013
795 16014
794 16015
793 16016
792 16017
791 16018
790 16019
789 16020
788 16021
787 16022
786 16023
785 16024
784 16025
783 16026
782 16027
781 16028
780 16029
779 16030
778 16031
777 16032
776 16033
775 16034
774 16035
773 16036
772 16037
771 14858
770 14859
769 14860
768 14861
767 14862
766 14863
765 14864
764 14865
763 14866
762 14867
761 14868
760 14869
759 14870
758 14871
757 14872
756 14873
755 13171
754 13172
753 13173
752 13174
751 13175
750 13176
749 13177
748 13178
747 13179
746 13180
745 13181
744 13182
743 16109
742 16110
741 16111
740 16112
739 16113
738 16114
737 16115
736 16116
735 16117
734 16118
733 16119
732 16120
731 16121
730 16122
729 16270
728 16271
727 16272
726 16273
725 16274
724 16275
723 16276
722 16277
721 16278
720 16279
719 16280
718 16303
717 16304
716 16305
715 16306
714 16307
713 16308
712 16309
711 16310
710 16311
709 16312
708 16313
707 16314
706 16315
705 16316
704 16999
703 17000
702 17001
701 17002
700 17003
699 17004
698 17005
697 17006
696 17007
695 17008
694 17009
693 17010
692 17011
691 17012
690 17013
689 17014
688 17015
687 16417
686 16418
685 16419
684 16420
683 16421
682 16422
681 16423
680 16424
679 16425
678 16426
677 16427
676 16428
675 16429
674 16430
673 16431
672 16432
671 16433
670 16434
669 16435
668 16436
667 16437
666 16438
665 16439
664 16440
663 16441
662 16442
661 17047
660 17048
659 17049
658 17050
657 17051
656 17052
655 17053
654 17054
653 17055
652 17056
651 17057
650 17058
649 17059
648 17060
647 17061
646 17062
645 17351
644 17352
643 17353
642 17354
641 17355
640 17356
639 17357
638 17358
637 17359
636 17360
635 17361
634 17362
633 17363
632 17364
631 17365
630 17366
629 17367
628 17368
627 17369
626 17370
625 17371
624 17372
623 17373
622 17374
621 17375
620 17376
619 10694
618 10695
617 10696
616 10697
615 10698
614 10699
613 10700
612 10701
611 10702
610 10703
609 10704
608 10705
607 10706
606 10707
605 10708
604 10709
603 10541
602 10542
601 10543
600 10544
599 10545
598 10546
597 10547
596 10548
595 10973
594 10974
593 10975
592 10976
591 10977
590 10978
589 10979
588 10980
587 10981
586 10982
585 10983
584 10984
583 10985
582 10986
581 10987
580 10988
579 10989
578 10990
577 10991
576 10368
575 10369
574 10370
573 10371
572 10372
571 10373
570 10374
569 10375
568 10376
567 10377
566 10378
565 10379
564 10338
563 10339
562 10340
561 10341
560 10342
559 10343
558 10344
557 10345
556 13218
555 13219
554 13220
553 13221
552 13222
551 13223
548 11599
547 11600
546 11601
545 11602
544 11603
543 11604
542 11605
541 11606
540 11607
539 11608
538 10508
537 10509
536 10510
535 10511
534 10512
533 10513
532 10514
531 10515
530 10516
529 10517
528 10518
527 10519
526 10520
525 10521
524 10522
523 10523
522 10524
521 10525
520 10526
519 10527
518 10528
517 10529
516 10530
515 10531
514 10532
513 10533
512 10534
511 10535
510 10536
509 10537
508 10538
507 10539
506 10540
505 10710
504 10711
503 10712
502 10713
501 10714
500 10715
499 10716
498 10717
497 10718
496 17329
495 17330
494 17331
493 17332
492 17333
491 17334
490 17335
489 17336
488 17337
487 17338
486 17339
485 17340
484 17341
483 17342
482 17343
481 17344
480 17345
479 17346
478 17347
477 17348
476 17349
475 17350
474 17063
473 17064
472 17065
471 17066
470 17067
469 17068
468 17069
467 17070
466 17071
465 17072
464 17073
463 17074
462 17075
461 17076
460 17077
459 17078
458 17079
457 17080
456 17081
455 17082
454 16406
453 16407
452 16408
451 16409
450 16410
449 16411
448 16412
447 16413
446 16414
445 16415
444 16416
443 17016
442 17017
441 17018
440 17019
439 17020
438 17021
437 17022
436 17023
435 17024
434 17025
433 16290
432 16291
431 16292
430 16293
429 16294
428 16295
427 16296
426 16297
425 16298
424 16299
423 16300
422 16301
421 16302
420 16281
419 16282
418 16283
417 16284
416 16285
415 16286
414 16287
413 16288
412 16289
411 16123
410 16124
409 16125
408 16126
407 16127
406 16128
405 16129
404 16130
403 16131
402 16132
401 16133
400 16134
399 16135
398 16136
397 16137
396 16138
395 16139
394 16140
393 16141
392 16142
391 14847
390 14848
389 14849
388 14850
387 14851
386 14852
385 14853
384 14854
383 14855
382 14856
381 14857
380 16038
379 16039
378 16040
377 16041
376 16042
375 16043
374 16044
373 16045
372 16046
371 16047
370 11589
369 11590
368 11591
367 11592
366 11593
365 11594
364 11595
363 11596
362 11597
361 11598
360 15782
359 15783
358 15784
357 15785
356 15786
355 15787
354 15788
353 15789
352 15790
351 15791
350 15792
349 15793
348 15794
346 347
345 15797
344 15798
343 15799
342 15800
341 15801
339 340
338 15804
337 15805
336 15806
335 15807
333 334
332 15810
331 15811
329 330
328 15856
327 15857
326 15858
324 325
323 15861
322 15862
320 321
319 15865
318 11547
316 317
315 11550
314 11551
312 313
311 11554
310 11555
309 11556
307 308
306 11559
305 11560
303 304
302 11563
301 11564
299 300
298 11567
296 297
295 11570
294 11571
292 293
291 11574
290 11575
288 289
287 11578
286 11414
284 285
283 11417
282 11418
280 281
279 11421
277 278
276 11424
275 11425
273 274
272 11428
271 11429
269 270
268 11432
266 267
265 14719
264 14720
262 263
261 14723
260 14724
258 259
257 14727
256 14728
255 14729
253 254
252 14680
251 14681
249 250
248 14684
247 14685
245 246
244 11388
243 11389
241 242
240 11392
239 11393
237 238
236 11396
234 235
233 11399
232 11400
230 231
229 11403
228 11404
226 227
225 11407
224 11408
222 223
221 14338
220 14339
218 219
217 14342
216 14343
214 215
213 14346
212 14347
210 211
209 14350
208 14351
206 207
205 14354
204 14355
203 14356
201 202
200 14533
199 14534
197 198
196 14537
195 14538
193 194
192 14541
191 14542
189 190
188 14545
187 14546
185 186
184 14549
182 183
181 11357
180 11358
178 179
177 11361
176 11362
174 175
173 11365
172 11366
170 171
169 14194
168 14195
166 167
165 14198
164 14199
162 163
161 14202
160 14203
158 159
157 14206
156 14207
154 155
153 14210
152 14211
151 14212
150 13887
148 149
147 13890
146 13891
144 145
143 13894
142 13895
140 141
139 14179
138 14180
136 137
135 14183
134 14184
132 133
131 14187
129 130
128 14190
127 14191
125 126
124 14152
123 14153
121 122
120 14156
119 14157
117 118
116 11339
115 11340
113 114
112 11343
111 11344
109 110
108 11316
107 11317
105 106
104 11320
103 11321
101 102
100 11324
99 11325
98 11326
97 13721
95 96
94 13724
93 13725
91 92
90 13728
89 13729
87 88
86 13732
84 85
83 13735
82 13736
80 81
79 13739
78 13740
76 77
75 13743
73 74
72 13712
71 13713
69 70
68 13716
67 13717
65 66
64 13720
63 13250
61 62
60 13253
58 59
57 13256
56 13257
54 55
53 11297
52 11298
50 51
49 11301
48 11302
47 11303
46 11304
45 11274
43 44
42 11277
41 11278
40 11279
38 39
37 11282
36 11283
35 11284
33 34
32 11255
31 11256
30 11257
28 29
27 11260
26 11261
25 11262
24 9137
22 23
21 9140
20 9141
19 9142
17 18
16 9145
15 9146
14 9147
13 9148
11 12
10 9151
9 9152
8 9153
7 9154
5 6
4 9157
3 9158
2 9159
1 9160
2195 9706
1098 12351
0 9160
