0 17261
1 17260
2 17259
3 17258
4 17257
5 17256
6 17255
7 17254
8 17253
9 17252
10 17251
11 17250
12 17249
13 17248
14 17247
15 13595
16 13594
17 13593
18 13592
19 13591
20 13590
21 13589
22 13588
23 12427
24 12426
25 12425
26 12424
27 12423
28 12422
29 12421
30 12420
31 12538
32 12537
33 12536
34 12535
35 12534
36 12533
37 12532
38 12531
39 12530
40 12529
41 12528
42 12994
43 12993
44 12992
45 12991
46 12990
47 12989
48 12988
49 13661
50 13660
51 13659
52 13658
53 13657
54 13656
55 13655
56 13654
57 12575
58 12574
59 12573
60 12572
61 12571
62 12570
63 12569
64 12568
65 17037
66 17036
67 17035
68 17034
69 17033
70 17032
71 17031
72 17030
73 17029
74 17028
75 17027
76 17026
77 17025
78 17024
79 17023
80 17022
81 17021
82 17020
83 17019
84 17018
85 17017
86 17016
87 17015
88 17014
89 17013
90 17012
91 12692
92 12691
93 12690
94 12689
95 12688
96 12687
97 12686
98 12685
99 15573
100 15572
101 15571
102 15570
103 15569
104 15568
105 15567
106 15566
107 15565
108 15564
109 15563
110 15562
111 15561
112 15560
113 15559
114 16798
115 16797
116 16796
117 16795
118 16794
119 16793
120 16792
121 16791
122 16790
123 16789
124 16788
125 16787
126 16786
127 16785
128 16784
129 16783
130 16782
131 16781
132 16780
133 16779
134 16778
135 16777
136 16776
137 16775
138 16774
139 16773
140 16772
141 16771
142 16770
143 16769
144 16768
145 16767
146 16766
147 16765
148 16764
149 16763
150 16762
151 16761
152 16760
153 16759
154 16758
155 16757
156 12106
157 12105
158 12104
159 12103
160 12102
161 12101
162 12100
163 12099
164 12098
165 12097
166 12096
167 12095
168 12094
169 12093
170 12092
171 12091
172 12090
173 12089
174 12088
175 12087
176 12086
177 12085
178 12084
179 12083
180 12082
181 12081
182 12080
183 14035
184 14034
185 14033
186 14032
187 14031
188 14030
189 14029
190 14028
191 15784
192 15783
193 15782
194 15781
195 15780
196 15779
197 15778
198 15777
199 15895
200 15894
201 15893
202 15892
203 15891
204 15890
205 15889
206 15888
207 15887
208 15886
209 15885
210 11906
211 11905
212 11904
213 11903
214 11902
215 11901
216 11900
217 14101
218 14100
219 14099
220 14098
221 14097
222 14096
223 14095
224 14094
225 15932
226 15931
227 15930
228 15929
229 15928
230 15927
231 15926
232 15925
233 15326
234 15325
235 15324
236 15323
237 15322
238 15321
239 15320
240 15319
241 15318
242 15317
243 15316
244 15315
245 15314
246 15313
247 15312
248 15311
249 15310
250 15309
251 15308
252 15307
253 15306
254 15305
255 15304
256 15303
257 15302
258 15301
259 15300
260 15299
261 15298
262 15297
263 15296
264 15169
265 15168
266 15167
267 15166
268 15165
269 15164
270 15163
271 15162
272 15161
273 15160
274 15159
275 15158
276 15157
277 15156
278 15155
279 15154
280 15153
281 15152
282 15151
283 15150
284 15149
285 15148
286 15147
287 15146
288 15145
289 15144
290 15143
291 15142
292 15141
293 15140
294 15139
295 15138
296 15137
297 15136
298 15135
299 15134
300 15133
301 15132
302 15131
303 15130
304 15129
305 15128
306 15127
307 15126
308 14464
309 14463
310 14462
311 14461
312 14460
313 14459
314 14458
315 14457
316 14966
317 14965
318 14964
319 14963
320 14962
321 14961
322 14960
323 14959
324 14958
325 14499
326 14498
327 14497
328 14496
329 14495
330 14494
331 14493
332 14492
333 14491
334 14490
335 14489
336 14488
337 10032
338 10031
339 10030
340 10029
341 10028
342 10027
343 10026
344 10025
345 9790
346 9789
347 9788
348 9787
349 9786
350 9785
351 9784
352 9783
353 11564
354 11563
355 11562
356 11561
357 11560
358 11559
359 11558
360 11557
361 11600
362 11599
363 11598
364 11597
365 11596
366 11595
367 11594
368 11593
369 11592
370 11591
371 11590
372 11589
373 10431
374 10430
375 10429
376 10428
377 10427
378 10426
379 10425
380 10424
381 10255
382 10254
383 10253
384 10252
385 10251
386 10250
387 10249
388 10248
389 10247
390 10246
391 10245
392 10244
393 10243
394 10242
395 10241
396 10240
397 11517
398 11516
399 11515
400 11514
401 11513
402 11512
403 11511
404 11510
405 11509
406 11508
407 11507
408 11506
409 9405
410 9404
411 9403
412 9402
413 9401
414 9400
415 9399
416 9398
417 9397
418 9396
419 9395
420 9394
421 9393
422 9392
423 9391
424 9390
425 9389
426 9388
427 9387
428 9386
429 9385
430 9384
431 9383
432 9382
433 9381
434 9380
435 9379
436 9378
437 9377
438 9376
439 9375
440 9374
441 9373
442 9372
443 9371
444 9370
445 9369
446 9368
447 9367
448 9366
449 9365
450 9364
451 9363
452 10867
453 10866
454 10865
455 10864
456 10863
457 10862
458 10861
459 10860
460 10911
461 10910
462 10909
463 10908
464 10907
465 10906
466 10905
467 10904
468 10903
469 10902
470 10901
471 10900
472 10899
473 10898
474 10897
475 10896
476 10895
477 10894
478 10893
479 10892
480 10891
481 11163
482 11162
483 11161
484 11160
485 11159
486 11158
487 11157
488 11156
489 11112
490 11111
491 11110
492 11109
493 11108
494 11107
495 11106
496 11105
497 11104
498 11103
499 11102
500 11101
501 11100
502 11099
503 11098
506 11066
507 11065
508 11064
509 11063
510 11062
511 11061
512 11060
513 11059
514 11058
515 11057
516 11056
517 11055
518 11054
519 11053
520 11052
521 11051
522 11050
523 11049
524 11048
525 10947
526 10946
527 10945
528 10944
529 10943
530 10942
531 10941
532 10940
533 9105
534 9104
535 9103
536 9102
537 9101
538 9100
539 9099
540 9098
541 9097
542 9096
543 9095
544 9094
545 9093
546 9092
547 9091
548 9090
549 9089
550 9088
551 9087
552 9086
553 9085
554 9084
555 9083
556 9082
557 9081
558 8846
559 8845
560 8844
561 8843
562 8842
563 8841
564 8840
565 8839
566 10635
567 10634
568 10633
569 10632
570 10631
571 10630
572 10629
573 10628
574 10627
575 10626
576 10625
577 10624
578 10623
579 10622
580 10621
581 10620
582 10619
583 10618
584 10617
585 10616
586 10615
587 10614
588 10613
589 10612
590 10611
591 10610
592 10609
593 10141
594 10140
595 10139
596 10138
597 10137
598 10136
599 10135
600 10134
601 9413
602 9412
603 9411
604 9410
605 9409
606 9408
607 9407
608 9406
609 11505
610 11504
611 11503
612 11502
613 11501
614 11500
615 11499
616 11498
617 11497
618 11496
619 11495
620 11494
621 11493
622 11492
623 11491
624 11490
625 11489
626 11488
627 11487
628 11486
629 11485
630 11484
631 11483
632 11482
633 11481
634 11480
635 11479
636 10263
637 10262
638 10261
639 10260
640 10259
641 10258
642 10257
643 10256
644 10423
645 10422
646 10421
647 10420
648 10419
649 10418
650 10417
651 10416
652 10415
653 10414
654 10413
655 10412
656 10411
657 10410
658 10409
659 10408
660 9814
661 9813
662 9812
663 9811
664 9810
665 9809
666 9808
667 11576
668 11575
669 11574
670 11573
671 11572
672 11571
673 11570
674 11569
675 11568
676 11567
677 11566
678 11565
679 9782
680 9781
681 9780
682 9779
683 9778
684 9777
685 9776
686 9775
687 9774
688 9773
689 9772
690 9771
691 9770
692 9769
693 9768
694 9767
695 15002
696 15001
697 15000
698 14999
699 14998
700 14997
701 14996
702 14995
703 14950
704 14949
705 14948
706 14947
707 14946
708 14945
709 14944
710 14943
711 14942
712 14941
713 14940
714 14939
715 14938
716 14937
717 14936
718 14935
719 14934
720 14933
721 14932
722 14931
723 14930
724 14929
725 14928
726 14927
727 14926
728 14722
729 14721
730 14720
731 14719
732 14718
733 14717
734 14716
735 14715
736 16108
737 16107
738 16106
739 16105
740 16104
741 16103
742 16102
743 16101
744 16100
745 16099
746 16098
747 16097
748 16096
749 16095
750 16094
751 16093
752 16092
753 16091
754 16090
755 16089
756 16088
757 16087
758 16086
759 16085
760 16084
761 16083
762 16082
763 16212
764 16211
765 16210
766 16209
767 16208
768 16207
769 16206
770 16205
771 15176
772 15175
773 15174
774 15173
775 15172
776 15171
777 15170
778 15295
779 15294
780 15293
781 15292
782 15291
783 15290
784 15289
785 15288
786 15287
787 15286
788 15285
789 15284
790 15283
791 15282
792 15281
793 15280
794 15279
795 15278
796 15277
797 15276
798 15275
799 15274
800 15273
801 15272
802 15334
803 15333
804 15332
805 15331
806 15330
807 15329
808 15328
809 15327
810 15924
811 15923
812 15922
813 15921
814 15920
815 15919
816 15918
817 15917
818 15916
819 15915
820 15914
821 15913
822 15912
823 15911
824 15910
825 15909
826 15908
827 15907
828 15906
829 15905
830 15904
831 15903
832 15902
833 15901
834 15900
835 15899
836 15898
837 15897
838 15896
839 15776
840 15775
841 15774
842 15773
843 15772
844 15771
845 15770
846 15769
847 15768
848 15767
849 15766
850 15765
851 15764
852 15763
853 15762
854 15761
855 11932
856 11931
857 11930
858 11929
859 11928
860 11927
861 11926
862 11925
863 11924
864 11923
865 11922
866 11921
867 11972
868 11971
869 11970
870 11969
871 11968
872 11967
873 11966
874 11965
875 11964
876 11963
877 11962
878 11961
879 11960
880 11959
881 11958
882 11957
883 11956
884 16566
885 16565
886 16564
887 16563
888 16562
889 16561
890 16560
891 16559
892 16945
893 16944
894 16943
895 16942
896 16941
897 16940
898 16939
899 16938
900 16937
901 16936
902 16935
903 16934
904 16933
905 16932
906 16931
907 16930
908 16929
909 16928
910 16927
911 16926
912 16925
913 16924
914 16923
915 16922
916 16921
917 16920
918 16919
919 16918
920 16917
921 15581
922 15580
923 15579
924 15578
925 15577
926 15576
927 15575
928 15574
929 12684
930 12683
931 12682
932 12681
933 12680
934 12679
935 12678
936 12677
937 12676
938 12675
939 12674
940 12673
941 17004
942 17003
943 17002
944 17001
945 17000
946 16999
947 16998
948 16997
949 16996
950 17045
951 17044
952 17043
953 17042
954 17041
955 17040
956 17039
957 17038
958 12567
959 12566
960 12565
961 12564
962 12563
963 12562
964 12561
965 12560
966 12559
967 12558
968 12557
969 12556
970 12555
971 12554
972 12553
973 12552
974 12551
975 12550
976 12549
977 12548
978 12547
979 12546
980 12545
981 12544
982 12543
983 12542
984 12541
985 12540
986 12539
987 12419
988 12418
989 12417
990 12416
991 12415
992 12414
993 12413
994 12412
995 12411
996 12410
997 12409
998 12408
999 12407
1000 12406
1001 12405
1002 12404
1003 13137
1004 13136
1005 13135
1006 13134
1007 13133
1008 13132
1009 13131
1010 13130
1011 13129
1012 13128
1013 13127
1014 13126
1015 13125
1016 13124
1017 13123
1018 13122
1019 13121
1020 13120
1021 13119
1022 13118
1023 13117
1024 13116
1025 13115
1026 13114
1027 13113
1028 13112
1029 13111
1030 13110
1031 13109
1032 13407
1033 13406
1034 13405
1035 13404
1036 13403
1037 13402
1038 13401
1039 13400
1040 13430
1041 13429
1042 13428
1043 13427
1044 13426
1045 13425
1046 13424
1049 13423
1050 13422
1051 13421
1052 13420
1053 13419
1054 13418
1055 13417
1056 13416
1057 13415
1058 13414
1059 13413
1060 13412
1061 13411
1062 13410
1063 13409
1064 13408
1065 13108
1066 13107
1067 13106
1068 13105
1069 13104
1070 13103
1071 13102
1072 13101
1073 13100
1074 13099
1075 13098
1076 13097
1077 13096
1078 13095
1079 13146
1080 13145
1081 13144
1082 13143
1083 13142
1084 13141
1085 13140
1086 13139
1087 13138
1088 12403
1089 12402
1090 12401
1091 12400
1092 12399
1093 12398
1094 12397
1095 12396
1096 12238
1097 12237
1098 12236
1099 12235
1100 12234
1101 12233
1102 12232
1103 12231
1104 12230
1105 12229
1106 12228
1107 12227
1108 12226
1109 12225
1110 12224
1111 12223
1112 12222
1113 12221
1114 12220
1115 12219
1116 12218
1117 12217
1118 17108
1119 17107
1120 17106
1121 17105
1122 17104
1123 17103
1124 17102
1125 17101
1126 17100
1127 17099
1128 17098
1129 17097
1130 17096
1131 17095
1132 17094
1133 17093
1134 17092
1135 17091
1136 17090
1137 17089
1138 17088
1139 16986
1140 16985
1141 16984
1142 16983
1143 16982
1144 16981
1145 16980
1146 16979
1147 16978
1148 16977
1149 16976
1150 16975
1151 16974
1152 16973
1153 16972
1154 16971
1155 16970
1156 16969
1157 16968
1158 16967
1159 16966
1160 16965
1161 16964
1162 16963
1163 16962
1164 16961
1165 16960
1166 16959
1167 16958
1168 16957
1169 16582
1170 16581
1171 16580
1172 16579
1173 16578
1174 16577
1175 16576
1176 16575
1177 16574
1178 16573
1179 16572
1180 16571
1181 16570
1182 16569
1183 16568
1184 16567
1185 11955
1186 11954
1187 11953
1188 11952
1189 11951
1190 11950
1191 11949
1192 11948
1193 11947
1194 11946
1195 11945
1196 11944
1197 11943
1198 11942
1199 11941
1200 11940
1201 11939
1202 11938
1203 11937
1204 11936
1205 11935
1206 11934
1207 11933
1208 15760
1209 15759
1210 15758
1211 15757
1212 15756
1213 15755
1214 15754
1215 15753
1216 11875
1217 11874
1218 11873
1219 11872
1220 11871
1221 11870
1222 11869
1223 11868
1224 11867
1225 11866
1226 11865
1227 11864
1228 11863
1229 11862
1230 11861
1231 11860
1232 11859
1233 11858
1234 11857
1235 11856
1236 11855
1237 11854
1238 16267
1239 16266
1240 16265
1241 16264
1242 16263
1243 16262
1244 16261
1245 16260
1246 16259
1247 16258
1248 16257
1249 16256
1250 16255
1251 16254
1252 16253
1253 16252
1254 16251
1255 16250
1256 16249
1257 16248
1258 16247
1259 16246
1260 16245
1261 16244
1262 16243
1263 16242
1264 16241
1265 16240
1266 16239
1267 16238
1268 16237
1269 16236
1270 16235
1271 16234
1272 16233
1273 16232
1274 16231
1275 16230
1276 16229
1277 16228
1278 16227
1279 16226
1280 16225
1281 16224
1282 16223
1283 16222
1284 16221
1285 16220
1286 16219
1287 16218
1288 16217
1289 16216
1290 16215
1291 16214
1292 16213
1293 16081
1294 16080
1295 16079
1296 16078
1297 16077
1298 16076
1299 16075
1300 16074
1301 11651
1302 11650
1303 11649
1304 11648
1305 11647
1306 11646
1307 11645
1308 14747
1309 14746
1310 14745
1311 14744
1312 14743
1313 14742
1314 14741
1315 14740
1316 14739
1317 14738
1318 14737
1319 14736
1320 14735
1321 14734
1322 14733
1323 14732
1324 14731
1325 14730
1326 14729
1327 14728
1328 14727
1329 14726
1330 14725
1331 14724
1332 14723
1333 14925
1334 14924
1335 14923
1336 14922
1337 14921
1338 14920
1339 14919
1340 14918
1341 14514
1342 14513
1343 14512
1344 14511
1345 14510
1346 14509
1347 14508
1348 14507
1349 14506
1350 14505
1351 14504
1352 14503
1353 14502
1354 14501
1355 14500
1356 15020
1357 15019
1358 15018
1359 15017
1360 15016
1361 15015
1362 15014
1363 15013
1364 15012
1365 15011
1366 15010
1367 15009
1368 15008
1369 15007
1370 15006
1371 15005
1372 15004
1373 15003
1374 9766
1375 9765
1376 9764
1377 9763
1378 9762
1379 9761
1380 9760
1381 9759
1382 9846
1383 9845
1384 9844
1385 9843
1386 9842
1387 9841
1388 9840
1389 9839
1390 9838
1391 9837
1392 9836
1393 9835
1394 9834
1395 9833
1396 9832
1397 9831
1398 9830
1399 9829
1400 9828
1401 9827
1402 9826
1403 9825
1404 9824
1405 9823
1406 9822
1407 9821
1408 9820
1409 9819
1410 9818
1411 9817
1412 9816
1413 9815
1414 10407
1415 10406
1416 10405
1417 10404
1418 10403
1419 10402
1420 10401
1421 10400
1422 9534
1423 9533
1424 9532
1425 9531
1426 9530
1427 9529
1428 9528
1429 9527
1430 9526
1431 9525
1432 9524
1433 9523
1434 9522
1435 9521
1436 9520
1437 9519
1438 9518
1439 9517
1440 9516
1441 9515
1442 9514
1443 9513
1444 9512
1445 9511
1446 9510
1447 9509
1448 9508
1449 9507
1450 9506
1451 9505
1452 11466
1453 11465
1454 11464
1455 11463
1456 11462
1457 11461
1458 11460
1459 11459
1460 11458
1461 11457
1462 10164
1463 10163
1464 10162
1465 10161
1466 10160
1467 10159
1468 10158
1469 10157
1470 10156
1471 10155
1472 10154
1473 10153
1474 10152
1475 10151
1476 10150
1477 10149
1478 10148
1479 10147
1480 10146
1481 10145
1482 10144
1483 10143
1484 10142
1485 10608
1486 10607
1487 10606
1488 10605
1489 10604
1490 10603
1491 10602
1492 10601
1493 8878
1494 8877
1495 8876
1496 8875
1497 8874
1498 8873
1499 8872
1500 8871
1501 8870
1502 8869
1503 8868
1504 8867
1505 8866
1506 8865
1507 8864
1508 8863
1509 8862
1510 8861
1511 8860
1512 8859
1513 8858
1514 8857
1515 8856
1516 8855
1517 8854
1518 8853
1519 8852
1520 8851
1521 8850
1522 8849
1523 8848
1524 8847
1525 9080
1526 9079
1527 9078
1528 9077
1529 9076
1530 9075
1531 9074
1532 9073
1533 9127
1534 9126
1535 9125
1536 9124
1537 9123
1538 9122
1539 9121
1540 9120
1541 9119
1542 9118
1543 9117
1544 9116
1545 9115
1546 9114
1547 9113
1548 10965
1549 10964
1550 10963
1551 10962
1552 10961
1553 10960
1554 10959
1555 10958
1556 10957
1557 10956
1558 10955
1559 10954
1560 10953
1561 10952
1562 10951
1563 10950
1564 10949
1565 10948
1566 11047
1567 11046
1568 11045
1569 11044
1570 11043
1571 11042
1572 11041
1573 11040
1574 9256
1575 9255
1576 9254
1577 9253
1578 9252
1579 9251
1580 9250
1581 9249
1582 9248
1583 9247
1584 9246
1585 9245
1586 9244
1587 9243
1588 9242
1591 9272
1592 9271
1593 9270
1594 9269
1595 9268
1596 9267
1597 9266
1598 9265
1599 9264
1600 9263
1601 9262
1602 9261
1603 9260
1604 9259
1605 9258
1606 9257
1607 11039
1608 11038
1609 11037
1610 11036
1611 11035
1612 11034
1613 11033
1614 11032
1615 11031
1616 11030
1617 11029
1618 11028
1619 11027
1620 11026
1621 11025
1622 11024
1623 9150
1624 9149
1625 9148
1626 9147
1627 9146
1628 9145
1629 9144
1630 9143
1631 9142
1632 9141
1633 9140
1634 9139
1635 9138
1636 9137
1637 9136
1638 9135
1639 9134
1640 9133
1641 9132
1642 9131
1643 9130
1644 9129
1645 9128
1646 9072
1647 9071
1648 9070
1649 9069
1650 9068
1651 9067
1652 9066
1653 9065
1654 9064
1655 9063
1656 9062
1657 9061
1658 9060
1659 9059
1660 9058
1661 9057
1662 10650
1663 10649
1664 10648
1665 10647
1666 10646
1667 10645
1668 10644
1669 10643
1670 8895
1671 8894
1672 8893
1673 8892
1674 8891
1675 8890
1676 8889
1677 8888
1678 8887
1679 8886
1680 8885
1681 8884
1682 8883
1683 8882
1684 8881
1685 8880
1686 8879
1687 10600
1688 10599
1689 10598
1690 10597
1691 10596
1692 10595
1693 10594
1694 10593
1695 10592
1696 10591
1697 10590
1698 10589
1699 10588
1700 10587
1701 10586
1702 10585
1703 9428
1704 9427
1705 9426
1706 9425
1707 9424
1708 9423
1709 9422
1710 9421
1711 10172
1712 10171
1713 10170
1714 10169
1715 10168
1716 10167
1717 10166
1718 10165
1719 11456
1720 11455
1721 11454
1722 11453
1723 11452
1724 11451
1725 11450
1726 11449
1727 11448
1728 11447
1729 11446
1730 11445
1731 11444
1732 11443
1733 11442
1734 11441
1735 11440
1736 11439
1737 11438
1738 11437
1739 11436
1740 11435
1741 11434
1742 11433
1743 11432
1744 10278
1745 10277
1746 10276
1747 10275
1748 10274
1749 10273
1750 10272
1751 10271
1752 9542
1753 9541
1754 9540
1755 9539
1756 9538
1757 9537
1758 9536
1759 9535
1760 10399
1761 10398
1762 10397
1763 10396
1764 10395
1765 10394
1766 10393
1767 10392
1768 10391
1769 10390
1770 10389
1771 10388
1772 10387
1773 10386
1774 10385
1775 10384
1776 10383
1777 10382
1778 10381
1779 10380
1780 10379
1781 10378
1782 10377
1783 10376
1784 10375
1785 9679
1786 9678
1787 9677
1788 9676
1789 9675
1790 9674
1791 9673
1792 9672
1793 9854
1794 9853
1795 9852
1796 9851
1797 9850
1798 9849
1799 9848
1800 9847
1801 9758
1802 9757
1803 9756
1804 9755
1805 9754
1806 9753
1807 9752
1808 9751
1809 9750
1810 9749
1811 9748
1812 9747
1813 9746
1814 9745
1815 9744
1816 9743
1817 14537
1818 14536
1819 14535
1820 14534
1821 14533
1822 14532
1823 14531
1824 14530
1825 14529
1826 14528
1827 14527
1828 14526
1829 14525
1830 14524
1831 14523
1832 14522
1833 14521
1834 14520
1835 14519
1836 14518
1837 14517
1838 14516
1839 14515
1840 14917
1841 14916
1842 14915
1843 14914
1844 14913
1845 14912
1846 14911
1847 14910
1848 14909
1849 14908
1850 14907
1851 14906
1852 14905
1853 14904
1854 14903
1855 14902
1856 16123
1857 16122
1858 16121
1859 16120
1860 16119
1861 16118
1862 16117
1863 16116
1864 11637
1865 11636
1866 11635
1867 11634
1868 11633
1869 11632
1870 11631
1871 11630
1872 11629
1873 11628
1874 11658
1875 11657
1876 11656
1877 11655
1878 11654
1879 11653
1880 11652
1881 16073
1882 16072
1883 16071
1884 16070
1885 16069
1886 16068
1887 16067
1888 16066
1889 16065
1890 16064
1891 16063
1892 16062
1893 16061
1894 16060
1895 16059
1896 16058
1897 15191
1898 15190
1899 15189
1900 15188
1901 15187
1902 15186
1903 15185
1904 15247
1905 15246
1906 15245
1907 15244
1908 15243
1909 15242
1910 15241
1911 15240
1912 15239
1913 15238
1914 15237
1915 15236
1916 15235
1917 15234
1918 15233
1919 15232
1920 15231
1921 15230
1922 15229
1923 15228
1924 15227
1925 15226
1926 15225
1927 15224
1928 15349
1929 15348
1930 15347
1931 15346
1932 15345
1933 15344
1934 15343
1935 15342
1936 16275
1937 16274
1938 16273
1939 16272
1940 16271
1941 16270
1942 16269
1943 16268
1944 11853
1945 11852
1946 11851
1947 11850
1948 11849
1949 11848
1950 11847
1951 11846
1952 11845
1953 11889
1954 11888
1955 11887
1956 11886
1957 11885
1958 11884
1959 11883
1960 11882
1961 11881
1962 11880
1963 11879
1964 11878
1965 11877
1966 11876
1967 15752
1968 15751
1969 15750
1970 15749
1971 15748
1972 15747
1973 15746
1974 15745
1975 15744
1976 15743
1977 15742
1978 15741
1979 15740
1980 15739
1981 15738
1982 15737
1983 15736
1984 15735
1985 15734
1986 15733
1987 15732
1988 15731
1989 15730
1990 15729
1991 15728
1992 15727
1993 15726
1994 15725
1995 15724
1996 15723
1997 15722
1998 15721
1999 15720
2000 15719
2001 15718
2002 15717
2003 15716
2004 15715
2005 15714
2006 15619
2007 15618
2008 15617
2009 15616
2010 15615
2011 15614
2012 15613
2013 15612
2014 15611
2015 15610
2016 15609
2017 15608
2018 15607
2019 15606
2020 15605
2021 15604
2022 15603
2023 15602
2024 15601
2025 15600
2026 15599
2027 15598
2028 15597
2029 15596
2030 15595
2031 15594
2032 15593
2033 15592
2034 15591
2035 15590
2036 15589
2037 17075
2038 17074
2039 17073
2040 17072
2041 17071
2042 17070
2043 17069
2044 17068
2045 17067
2046 17066
2047 17065
2048 17064
2049 17063
2050 17062
2051 17061
2052 17060
2053 17059
2054 17058
2055 17057
2056 17056
2057 17055
2058 17054
2059 17053
2060 17116
2061 17115
2062 17114
2063 17113
2064 17112
2065 17111
2066 17110
2067 17109
2068 12216
2069 12215
2070 12214
2071 12213
2072 12212
2073 12211
2074 12210
2075 12209
2076 12208
2077 12252
2078 12251
2079 12250
2080 12249
2081 12248
2082 12247
2083 12246
2084 12245
2085 12244
2086 12243
2087 12242
2088 12241
2089 12240
2090 12239
2091 12395
2092 12394
2093 12393
2094 12392
2095 12391
2096 12390
2097 12389
2098 12388
2099 12387
2100 12386
2101 12385
2102 12384
2103 12383
2104 12382
2105 12381
2106 12380
2107 12379
2108 12378
2109 12377
2110 12376
2111 12375
2112 12374
2113 12373
2114 12372
2115 12371
2116 12370
2117 12369
2118 12368
2119 12367
2120 12366
2121 12365
2122 12364
2123 12363
2124 12362
2125 12361
2126 12360
2127 12359
2128 12358
2129 12357
2130 12297
2131 12296
2132 12295
2133 12294
2136 13441
2137 13440
2138 13439
2139 13438
2140 13437
2141 13436
2142 13435
2143 13434
2144 13433
2145 13432
2146 13431
2147 13399
2148 13398
2149 13397
2150 13396
2151 13395
2152 13394
2153 13393
2154 13392
2155 13176
2156 13175
2157 13174
2158 13173
2159 13172
2160 13171
2161 13170
2162 13169
2163 17308
2164 17307
2165 17306
2166 17305
2167 17304
2168 17303
2169 17302
2170 17301
2171 17300
2172 13094
2173 13093
2174 13092
2175 13091
2176 13090
2177 13089
2178 13088
2179 13087
2180 13086
2181 13085
2182 13084
2183 13083
2184 13579
2185 13578
2186 13577
2187 13576
2188 13575
2189 13574
2190 13573
2191 13572
2192 13010
2193 13009
2194 13008
2195 13007
2196 13006
2197 13005
2198 13004
2199 13003
2200 13002
2201 13001
2202 13000
2203 12999
2204 12998
2205 12997
2206 12996
2207 12995
2208 12963
2209 12962
2210 12961
2211 12960
2212 12959
2213 12958
2214 12957
2215 12956
2216 12955
2217 12954
2218 12953
2219 12952
2220 17124
2221 17123
2222 17122
2223 17121
2224 17120
2225 17119
2226 17118
2227 17117
2228 17052
2229 17051
2230 17050
2231 17049
2232 17048
2233 17047
2234 17046
2235 16995
2236 16994
2237 16993
2238 16992
2239 16991
2240 16990
2241 16989
2242 16988
2243 16987
2244 17087
2245 17086
2246 17085
2247 17084
2248 17083
2249 17082
2250 17081
2251 17080
2252 17079
2253 17078
2254 17077
2255 17076
2256 15588
2257 15587
2258 15586
2259 15585
2260 15584
2261 15583
2262 15582
2263 16916
2264 16915
2265 16914
2266 16913
2267 16912
2268 16911
2269 16910
2270 16909
2271 16591
2272 16590
2273 16589
2274 16588
2275 16587
2276 16586
2277 16585
2278 16584
2279 16583
2280 16956
2281 16955
2282 16954
2283 16953
2284 16952
2285 16951
2286 16950
2287 16949
2288 16948
2289 16947
2290 16946
2291 16558
2292 16557
2293 16556
2294 16555
2295 16554
2296 16553
2297 16552
2298 16551
2299 16748
2300 16747
2301 16746
2302 16745
2303 16744
2304 16743
2305 16742
2306 16741
2307 16688
2308 16687
2309 16686
2310 16685
2311 16684
2312 16683
2313 16682
2314 16681
2315 16680
2316 16679
2317 16678
2318 16677
2319 16676
2320 16675
2321 16674
2322 16673
2323 16672
2324 16671
2325 16670
2326 16669
2327 16668
2328 14019
2329 14018
2330 14017
2331 14016
2332 14015
2333 14014
2334 14013
2335 14012
2336 16424
2337 16423
2338 16422
2339 16421
2340 16420
2341 16419
2342 16418
2343 16417
2344 16416
2345 16415
2346 16414
2347 16413
2348 16412
2349 16411
2350 16410
2351 16409
2352 16408
2353 16407
2354 16406
2355 16405
2356 16404
2357 16403
2358 16402
2359 16401
2360 16400
2361 16399
2362 16398
2363 16397
2364 16283
2365 16282
2366 16281
2367 16280
2368 16279
2369 16278
2370 16277
2371 16276
2372 15341
2373 15340
2374 15339
2375 15338
2376 15337
2377 15336
2378 15335
2379 15271
2380 15270
2381 15269
2382 15268
2383 15267
2384 15266
2385 15265
2386 15264
2387 15263
2388 15262
2389 15261
2390 15260
2391 15259
2392 15258
2393 15257
2394 15256
2395 15255
2396 15254
2397 15253
2398 15252
2399 15251
2400 15250
2401 15249
2402 15248
2403 15184
2404 15183
2405 15182
2406 15181
2407 15180
2408 15179
2409 15178
2410 15177
2411 16204
2412 16203
2413 16202
2414 16201
2415 16200
2416 16199
2417 16198
2418 16197
2419 14759
2420 14758
2421 14757
2422 14756
2423 14755
2424 14754
2425 14753
2426 14752
2427 14751
2428 14750
2429 14749
2430 14748
2431 11644
2432 11643
2433 11642
2434 11641
2435 11640
2436 11639
2437 11638
2438 16115
2439 16114
2440 16113
2441 16112
2442 16111
2443 16110
2444 16109
2445 14714
2446 14713
2447 14712
2448 14711
2449 14710
2450 14709
2451 14708
2452 14707
2453 14448
2454 14447
2455 14446
2456 14445
2457 14444
2458 14443
2459 14442
2460 14441
2461 15032
2462 15031
2463 15030
2464 15029
2465 15028
2466 15027
2467 15026
2468 15025
2469 15024
2470 15023
2471 15022
2472 15021
2473 14957
2474 14956
2475 14955
2476 14954
2477 14953
2478 14952
2479 14951
2480 14994
2481 14993
2482 14992
2483 14991
2484 14990
2485 14989
2486 14988
2487 14987
2488 10016
2489 10015
2490 10014
2491 10013
2492 10012
2493 10011
2494 10010
2495 10009
2496 9862
2497 9861
2498 9860
2499 9859
2500 9858
2501 9857
2502 9856
2503 9855
2504 9671
2505 9670
2506 9669
2507 9668
2508 9667
2509 9666
2510 9665
2511 9664
2512 9663
2513 9662
2514 9661
2515 9660
2516 9659
2517 9658
2518 9657
2519 9656
2520 9655
2521 9654
2522 9653
2523 9652
2524 9651
2525 9650
2526 9649
2527 9648
2528 9647
2529 9646
2530 9550
2531 9549
2532 9548
2533 9547
2534 9546
2535 9545
2536 9544
2537 9543
2538 10270
2539 10269
2540 10268
2541 10267
2542 10266
2543 10265
2544 10264
2545 11478
2546 11477
2547 11476
2548 11475
2549 11474
2550 11473
2551 11472
2552 11471
2553 11470
2554 11469
2555 11468
2556 11467
2557 9504
2558 9503
2559 9502
2560 9501
2561 9500
2562 9499
2563 9498
2564 10180
2565 10179
2566 10178
2567 10177
2568 10176
2569 10175
2570 10174
2571 10173
2572 9420
2573 9419
2574 9418
2575 9417
2576 9416
2577 9415
2578 9414
2579 10133
2580 10132
2581 10131
2582 10130
2583 10129
2584 10128
2585 10127
2586 10126
2587 8914
2588 8913
2589 8912
2590 8911
2591 8910
2592 8909
2593 8908
2594 8907
2595 8906
2596 8905
2597 8904
2598 8903
2599 8902
2600 8901
2601 8900
2602 8899
2603 8898
2604 8897
2605 8896
2606 10642
2607 10641
2608 10640
2609 10639
2610 10638
2611 10637
2612 10636
2613 8838
2614 8837
2615 8836
2616 8835
2617 8834
2618 8833
2619 8832
2620 8831
2621 10851
2622 10850
2623 10849
2624 10848
2625 10847
2626 10846
2627 10845
2628 10844
2629 10977
2630 10976
2631 10975
2632 10974
2633 10973
2634 10972
2635 10971
2636 10970
2637 10969
2638 10968
2639 10967
2640 10966
2641 9112
2642 9111
2643 9110
2644 9109
2645 9108
2646 9107
2647 9106
2648 10939
2649 10938
2650 10937
2651 10936
2652 10935
2653 10934
2654 10933
2655 10932
2656 11147
2657 11146
2658 11145
2659 11144
2660 11143
2661 11142
2662 11141
2663 11140
2664 11139
2665 11138
2666 11137
2667 11136
2668 11135
2669 11134
2670 11133
2671 11132
2672 11131
2673 11130
2674 11129
2677 9241
2678 9240
2679 9239
2680 9238
2681 9237
2682 9236
2683 9235
2684 9234
2685 9233
2686 9232
2687 9231
2688 9230
2689 9229
2690 9228
2691 9227
2692 9226
2693 9225
2694 9224
2695 9223
2696 11015
2697 11014
2698 11013
2699 11012
2700 11011
2701 11010
2702 11009
2703 11008
2704 11249
2705 11248
2706 11247
2707 11246
2708 11245
2709 11244
2710 10988
2711 10987
2712 10986
2713 10985
2714 10984
2715 10983
2716 10982
2717 10981
2718 10980
2719 10979
2720 10978
2721 10843
2722 10842
2723 10841
2724 10840
2725 10839
2726 10838
2727 10837
2728 10836
2729 9048
2730 9047
2731 9046
2732 9045
2733 9044
2734 9043
2735 9042
2736 9041
2737 10796
2738 10795
2739 10794
2740 10793
2741 10792
2742 10791
2743 10790
2744 10789
2745 10788
2746 10787
2747 10786
2748 10785
2749 10784
2750 10783
2751 10782
2752 10781
2753 10780
2754 10779
2755 10778
2756 10777
2757 10776
2758 10775
2759 10774
2760 10773
2761 10772
2762 10771
2763 10770
2764 10576
2765 10575
2766 10574
2767 10573
2768 10572
2769 10571
2770 10570
2771 10569
2772 10730
2773 10729
2774 10728
2775 10727
2776 10726
2777 10725
2778 10724
2779 10723
2780 10188
2781 10187
2782 10186
2783 10185
2784 10184
2785 10183
2786 10182
2787 10181
2788 9497
2789 9496
2790 9495
2791 9494
2792 9493
2793 9492
2794 9491
2795 9490
2796 9489
2797 9488
2798 9487
2799 9486
2800 9485
2801 9484
2802 9483
2803 9482
2804 9481
2805 9480
2806 9479
2807 11366
2808 11365
2809 11364
2810 11363
2811 11362
2812 11361
2813 11360
2814 11359
2815 9558
2816 9557
2817 9556
2818 9555
2819 9554
2820 9553
2821 9552
2822 9551
2823 9645
2824 9644
2825 9643
2826 9642
2827 9641
2828 9640
2829 9639
2830 9638
2831 10357
2832 10356
2833 10355
2834 10354
2835 10353
2836 10352
2837 10351
2838 9611
2839 9610
2840 9609
2841 9608
2842 9607
2843 9606
2844 9605
2845 9604
2846 9603
2847 9602
2848 9601
2849 9600
2850 9870
2851 9869
2852 9868
2853 9867
2854 9866
2855 9865
2856 9864
2857 9863
2858 10008
2859 10007
2860 10006
2861 10005
2862 10004
2863 10003
2864 10002
2865 10001
2866 9734
2867 9733
2868 9732
2869 9731
2870 9730
2871 9729
2872 9728
2873 9727
2874 14582
2875 14581
2876 14580
2877 14579
2878 14578
2879 14577
2880 15043
2881 15042
2882 15041
2883 15040
2884 15039
2885 15038
2886 15037
2887 15036
2888 15035
2889 15034
2890 15033
2891 14440
2892 14439
2893 14438
2894 14437
2895 14436
2896 14435
2897 14434
2898 14433
2899 14893
2900 14892
2901 14891
2902 14890
2903 14889
2904 14888
2905 14887
2906 14886
2907 14393
2908 14392
2909 14391
2910 14390
2911 14389
2912 14388
2913 14387
2914 14386
2915 14385
2916 14384
2917 14383
2918 14382
2919 14381
2920 14380
2921 14379
2922 14378
2923 14377
2924 14376
2925 14375
2926 14374
2927 14373
2928 14372
2929 14371
2930 14370
2931 14369
2932 14368
2933 14367
2934 16049
2935 16048
2936 16047
2937 16046
2938 16045
2939 16044
2940 16043
2941 16042
2942 14327
2943 14326
2944 14325
2945 14324
2946 14323
2947 14322
2948 14321
2949 14194
2950 14193
2951 14192
2952 14191
2953 14190
2954 14189
2955 14188
2956 14187
2957 14186
2958 14185
2959 14184
2960 14183
2961 14182
2962 14181
2963 11751
2964 11750
2965 11749
2966 11748
2967 11747
2968 11746
2969 11745
2970 11744
2971 11743
2972 11742
2973 14155
2974 14154
2975 14153
2976 14152
2977 14151
2978 14150
2979 14149
2980 14148
2981 16291
2982 16290
2983 16289
2984 16288
2985 16287
2986 16286
2987 16285
2988 16284
2989 16396
2990 16395
2991 16394
2992 16393
2993 16392
2994 16391
2995 16390
2996 16389
2997 16388
2998 16387
2999 16386
3000 16385
3001 16384
3002 16383
3003 16382
3004 16381
3005 16380
3006 16379
3007 16378
3008 16377
3009 16376
3010 16432
3011 16431
3012 16430
3013 16429
3014 16428
3015 16427
3016 16426
3017 16425
3018 14011
3019 14010
3020 14009
3021 14008
3022 14007
3023 14006
3024 14005
3025 14004
3026 16709
3027 16708
3028 16707
3029 16706
3030 16705
3031 16704
3032 16703
3033 16702
3034 16701
3035 16700
3036 16699
3037 16698
3038 16697
3039 16696
3040 16695
3041 16694
3042 16693
3043 16692
3044 16691
3045 16690
3046 16689
3047 16740
3048 16739
3049 16738
3050 16737
3051 16736
3052 16735
3053 16734
3054 16733
3055 15705
3056 15704
3057 15703
3058 15702
3059 15701
3060 15700
3061 15699
3062 15698
3063 12784
3064 12783
3065 12782
3066 12781
3067 12780
3068 12779
3069 12778
3070 12777
3071 12776
3072 12775
3073 12774
3074 12773
3075 12772
3076 12771
3077 12770
3078 12769
3079 12768
3080 12767
3081 12766
3082 12765
3083 12764
3084 12763
3085 12762
3086 12761
3087 12760
3088 12759
3089 12758
3090 12757
3091 12756
3092 13918
3093 13917
3094 13916
3095 13915
3096 13914
3097 13913
3098 13912
3099 13911
3100 13748
3101 13747
3102 13746
3103 13745
3104 13744
3105 13743
3106 13742
3107 13741
3108 13740
3109 13739
3110 13738
3111 13737
3112 12207
3113 12206
3114 12205
3115 12204
3116 12203
3117 12202
3118 12201
3119 12200
3120 12199
3121 13715
3122 13714
3123 13713
3124 13712
3125 13711
3126 13710
3127 13709
3128 13708
3129 17132
3130 17131
3131 17130
3132 17129
3133 17128
3134 17127
3135 17126
3136 17125
3137 12951
3138 12950
3139 12949
3140 12948
3141 12947
3142 12946
3143 12945
3144 12944
3145 12943
3146 12942
3147 12941
3148 12940
3149 12894
3150 12893
3151 12892
3152 12891
3153 12890
3154 12889
3155 12888
3156 12887
3157 12886
3158 13018
3159 13017
3160 13016
3161 13015
3162 13014
3163 13013
3164 13012
3165 13011
3166 13571
3167 13570
3168 13569
3169 13568
3170 13567
3171 13566
3172 13565
3173 13564
3174 17329
3175 17328
3176 17327
3177 17326
3178 17325
3179 17324
3180 17323
3181 17322
3182 17321
3183 17320
3184 17319
3185 17318
3186 17317
3187 17316
3188 17315
3189 17314
3190 17313
3191 17312
3192 17311
3193 17310
3194 17309
3195 13168
3196 13167
3197 13166
3198 13165
3199 13164
3200 13163
3201 13162
3202 13161
3203 12348
3204 12347
3205 12346
3206 12345
3207 12344
3208 12343
3209 12342
3210 12341
3211 13501
3212 13500
3213 13499
3214 13498
3215 13497
3216 13496
3217 13495
3218 13494
3219 13493
3220 13492
3223 12302
3224 12301
3225 12300
3226 12299
3227 12298
3228 12356
3229 12355
3230 12354
3231 12353
3232 12352
3233 12351
3234 12350
3235 12349
3236 13160
3237 13159
3238 13158
3239 13157
3240 13156
3241 13155
3242 13154
3243 13153
3244 13152
3245 13151
3246 13150
3247 13149
3248 13148
3249 13147
3250 17338
3251 17337
3252 17336
3253 17335
3254 17334
3255 17333
3256 17332
3257 17331
3258 17330
3259 13563
3260 13562
3261 13561
3262 13560
3263 13559
3264 13558
3265 13557
3266 13556
3267 12925
3268 12924
3269 12923
3270 12922
3271 12921
3272 12920
3273 12919
3274 12918
3275 12917
3276 12916
3277 12915
3278 12914
3279 12913
3280 12912
3281 12911
3282 12910
3283 12909
3284 12908
3285 12907
3286 12906
3287 12905
3288 12904
3289 12846
3290 12845
3291 12844
3292 12843
3293 12842
3294 12841
3295 12840
3296 12839
3297 12838
3298 12837
3299 12836
3300 12835
3301 12834
3302 12833
3303 12832
3304 12831
3305 12830
3306 12829
3307 12828
3308 12827
3309 12826
3310 12825
3311 12824
3312 12823
3313 12822
3314 12821
3315 12820
3316 12819
3317 12818
3318 12817
3319 12816
3320 12815
3321 12814
3322 12813
3323 12812
3324 12811
3325 12810
3326 12809
3327 12808
3328 12807
3329 12806
3330 12805
3331 12804
3332 12803
3333 12802
3334 12801
3335 12800
3336 12799
3337 12798
3338 12797
3339 12796
3340 15627
3341 15626
3342 15625
3343 15624
3344 15623
3345 15622
3346 15621
3347 15620
3348 15713
3349 15712
3350 15711
3351 15710
3352 15709
3353 15708
3354 15707
3355 15706
3356 16732
3357 16731
3358 16730
3359 16729
3360 16728
3361 16727
3362 16726
3363 16725
3364 16724
3365 16723
3366 16722
3367 16721
3368 16720
3369 16719
3370 16718
3371 16717
3372 16716
3373 16715
3374 16714
3375 16713
3376 16712
3377 16711
3378 16710
3379 14003
3380 14002
3381 14001
3382 14000
3383 13999
3384 13998
3385 13997
3386 13996
3387 11830
3388 11829
3389 11828
3390 11827
3391 11826
3392 11825
3393 11824
3394 11823
3395 11822
3396 11821
3397 11820
3398 11819
3399 11818
3400 11817
3401 11816
3402 11815
3403 11814
3404 11813
3405 11812
3406 11811
3407 11810
3408 11809
3409 15364
3410 15363
3411 15362
3412 15361
3413 15360
3414 15359
3415 15358
3416 15357
3417 15356
3418 15355
3419 15354
3420 15353
3421 15352
3422 15351
3423 15350
3424 15223
3425 15222
3426 15221
3427 15220
3428 15219
3429 15218
3430 15217
3431 15216
3432 15215
3433 15214
3434 15213
3435 15212
3436 15211
3437 15210
3438 15209
3439 15208
3440 15207
3441 15206
3442 15205
3443 15204
3444 15203
3445 15202
3446 15201
3447 15200
3448 15199
3449 15198
3450 15197
3451 15196
3452 15195
3453 15194
3454 15193
3455 15192
3456 16057
3457 16056
3458 16055
3459 16054
3460 16053
3461 16052
3462 16051
3463 16050
3464 14366
3465 14365
3466 14364
3467 14363
3468 14362
3469 14361
3470 14360
3471 14359
3472 16147
3473 16146
3474 16145
3475 16144
3476 16143
3477 16142
3478 16141
3479 16140
3480 16139
3481 16138
3482 16137
3483 16136
3484 16135
3485 16134
3486 16133
3487 16132
3488 16131
3489 16130
3490 16129
3491 16128
3492 16127
3493 16126
3494 16125
3495 16124
3496 14901
3497 14900
3498 14899
3499 14898
3500 14897
3501 14896
3502 14895
3503 14894
3504 14432
3505 14431
3506 14430
3507 14429
3508 14428
3509 14427
3510 14426
3511 14425
3512 14562
3513 14561
3514 14560
3515 14559
3516 14558
3517 14557
3518 14556
3519 14555
3520 14554
3521 14553
3522 14552
3523 14551
3524 14550
3525 14549
3526 14548
3527 14547
3528 14546
3529 14545
3530 14544
3531 14543
3532 14542
3533 14541
3534 14540
3535 14539
3536 14538
3537 9742
3538 9741
3539 9740
3540 9739
3541 9738
3542 9737
3543 9736
3544 9735
3545 10000
3546 9999
3547 9998
3548 9997
3549 9996
3550 9995
3551 9994
3552 9993
3553 9694
3554 9693
3555 9692
3556 9691
3557 9690
3558 9689
3559 9688
3560 9687
3561 9686
3562 9685
3563 9684
3564 9683
3565 9682
3566 9681
3567 9680
3568 10374
3569 10373
3570 10372
3571 10371
3572 10370
3573 10369
3574 10368
3575 10367
3576 10366
3577 10365
3578 10364
3579 10363
3580 10362
3581 10361
3582 10360
3583 10359
3584 10358
3585 9637
3586 9636
3587 9635
3588 9634
3589 9633
3590 9632
3591 9631
3592 9630
3593 10293
3594 10292
3595 10291
3596 10290
3597 10289
3598 10288
3599 10287
3600 10286
3601 10285
3602 10284
3603 10283
3604 10282
3605 10281
3606 10280
3607 10279
3608 11431
3609 11430
3610 11429
3611 11428
3612 11427
3613 11426
3614 11425
3615 11424
3616 11423
3617 11422
3618 11421
3619 11420
3620 11419
3621 11418
3622 11417
3623 11416
3624 11415
3625 11414
3626 11413
3627 11412
3628 11411
3629 11410
3630 11409
3631 11408
3632 11407
3633 9443
3634 9442
3635 9441
3636 9440
3637 9439
3638 9438
3639 9437
3640 9436
3641 9435
3642 9434
3643 9433
3644 9432
3645 9431
3646 9430
3647 9429
3648 10584
3649 10583
3650 10582
3651 10581
3652 10580
3653 10579
3654 10578
3655 10577
3656 10769
3657 10768
3658 10767
3659 10766
3660 10765
3661 10764
3662 10763
3663 10762
3664 10674
3665 10673
3666 10672
3667 10671
3668 10670
3669 10669
3670 10668
3671 10667
3672 10666
3673 10665
3674 10664
3675 10663
3676 10662
3677 10661
3678 10660
3679 10659
3680 10658
3681 10657
3682 10656
3683 10655
3684 10654
3685 10653
3686 10652
3687 10651
3688 9056
3689 9055
3690 9054
3691 9053
3692 9052
3693 9051
3694 9050
3695 9049
3696 10835
3697 10834
3698 10833
3699 10832
3700 10831
3701 10830
3702 10829
3703 10828
3704 9175
3705 9174
3706 9173
3707 9172
3708 9171
3709 9170
3710 9169
3711 9168
3712 9167
3713 9166
3714 9165
3715 9164
3716 9163
3717 9162
3718 9161
3719 9160
3720 9159
3721 9158
3722 9157
3723 9156
3724 9155
3725 9154
3726 9153
3727 9152
3728 9151
3729 11023
3730 11022
3731 11021
3732 11020
3733 11019
3734 11018
3735 11017
3736 11016
3737 9222
3738 9221
3739 9220
3740 9219
3741 9218
3742 9217
3743 9216
3744 9215
3745 8740
3746 8739
3747 8738
3748 8737
3749 8736
3750 8735
3751 8734
3752 8733
3753 8732
3754 8731
3755 8730
3756 8729
3757 8728
3758 8727
3759 8726
3762 8756
3763 8755
3764 8754
3765 8753
3766 8752
3767 8751
3768 8750
3769 8749
3770 8748
3771 8747
3772 8746
3773 8745
3774 8744
3775 8743
3776 8742
3777 8741
3778 9214
3779 9213
3780 9212
3781 9211
3782 9210
3783 9209
3784 9208
3785 9207
3786 9206
3787 9205
3788 9204
3789 9203
3790 9202
3791 9201
3792 9200
3793 9199
3794 9198
3795 9197
3796 9196
3797 9195
3798 9194
3799 9193
3800 9192
3801 9191
3802 9190
3803 9189
3804 9188
3805 9187
3806 9186
3807 9185
3808 9184
3809 9183
3810 9182
3811 9181
3812 9180
3813 9179
3814 9178
3815 9177
3816 9176
3817 10827
3818 10826
3819 10825
3820 10824
3821 10823
3822 10822
3823 10821
3824 10820
3825 10819
3826 10818
3827 10817
3828 10816
3829 10815
3830 10814
3831 10813
3832 10812
3833 10811
3834 10810
3835 10809
3836 10808
3837 10807
3838 10806
3839 10805
3840 10804
3841 10691
3842 10690
3843 10689
3844 10688
3845 10687
3846 10686
3847 10685
3848 10684
3849 10683
3850 10682
3851 10681
3852 10680
3853 10679
3854 10678
3855 10677
3856 10676
3857 10675
3858 10761
3859 10760
3860 10759
3861 10758
3862 10757
3863 10756
3864 10755
3865 10754
3866 10753
3867 10752
3868 10751
3869 10750
3870 10749
3871 10748
3872 10747
3873 10746
3874 10745
3875 10744
3876 10743
3877 10742
3878 10741
3879 10740
3880 10739
3881 10738
3882 9451
3883 9450
3884 9449
3885 9448
3886 9447
3887 9446
3888 9445
3889 9444
3890 11406
3891 11405
3892 11404
3893 11403
3894 11402
3895 11401
3896 11400
3897 11399
3898 11398
3899 11397
3900 11396
3901 11395
3902 11394
3903 11393
3904 11392
3905 11391
3906 11390
3907 11389
3908 11388
3909 11387
3910 11386
3911 11385
3912 11384
3913 11383
3914 11382
3915 11381
3916 11380
3917 11379
3918 11378
3919 11377
3920 11376
3921 11375
3922 11374
3923 10301
3924 10300
3925 10299
3926 10298
3927 10297
3928 10296
3929 10295
3930 10294
3931 9629
3932 9628
3933 9627
3934 9626
3935 9625
3936 9624
3937 9623
3938 9622
3939 9621
3940 9620
3941 9619
3942 9618
3943 9617
3944 9616
3945 9615
3946 9614
3947 9613
3948 9612
3949 10350
3950 10349
3951 10348
3952 10347
3953 10346
3954 10345
3955 10344
3956 10343
3957 10342
3958 10341
3959 10340
3960 10339
3961 10338
3962 10337
3963 10336
3964 9702
3965 9701
3966 9700
3967 9699
3968 9698
3969 9697
3970 9696
3971 9695
3972 9992
3973 9991
3974 9990
3975 9989
3976 9988
3977 9987
3978 9986
3979 9985
3980 9984
3981 9983
3982 9982
3983 9981
3984 9980
3985 9979
3986 9978
3987 9977
3988 9976
3989 9975
3990 9974
3991 9973
3992 9972
3993 9971
3994 9970
3995 9969
3996 9968
3997 14576
3998 14575
3999 14574
4000 14573
4001 14572
4002 14571
4003 14570
4004 14569
4005 14568
4006 14567
4007 14566
4008 14565
4009 14564
4010 14563
4011 14424
4012 14423
4013 14422
4014 14421
4015 14420
4016 14419
4017 14418
4018 14417
4019 14416
4020 14415
4021 14414
4022 14413
4023 14412
4024 14411
4025 14410
4026 14409
4027 14408
4028 14407
4029 14406
4030 14405
4031 14404
4032 14403
4033 14402
4034 14401
4035 16164
4036 16163
4037 16162
4038 16161
4039 16160
4040 16159
4041 16158
4042 16157
4043 16156
4044 16155
4045 16154
4046 16153
4047 16152
4048 16151
4049 16150
4050 16149
4051 16148
4052 14358
4053 14357
4054 14356
4055 14355
4056 14354
4057 14353
4058 14352
4059 14351
4060 14350
4061 14349
4062 14348
4063 14347
4064 14346
4065 14345
4066 14344
4067 14343
4068 14342
4069 14341
4070 14340
4071 14339
4072 14338
4073 14337
4074 14336
4075 11717
4076 11716
4077 11715
4078 11714
4079 11713
4080 11712
4081 11711
4082 11710
4083 11709
4084 11708
4085 11707
4086 11706
4087 11705
4088 11704
4089 14180
4090 14179
4091 14178
4092 14177
4093 14176
4094 14175
4095 14174
4096 14173
4097 14172
4098 14171
4099 14170
4100 14169
4101 14168
4102 14167
4103 14166
4104 14165
4105 14164
4106 14163
4107 15372
4108 15371
4109 15370
4110 15369
4111 15368
4112 15367
4113 15366
4114 15365
4115 11808
4116 11807
4117 11806
4118 11805
4119 11804
4120 11803
4121 11802
4122 11801
4123 11800
4124 11844
4125 11843
4126 11842
4127 11841
4128 11840
4129 11839
4130 11838
4131 11837
4132 11836
4133 11835
4134 11834
4135 11833
4136 11832
4137 11831
4138 13995
4139 13994
4140 13993
4141 13992
4142 13991
4143 13990
4144 13989
4145 13988
4146 13987
4147 13986
4148 13985
4149 13984
4150 13983
4151 13982
4152 13981
4153 13980
4154 13979
4155 13978
4156 13977
4157 13976
4158 13975
4159 13974
4160 13973
4161 13972
4162 13971
4163 13970
4164 13969
4165 13968
4166 13967
4167 13966
4168 13965
4169 13964
4170 13963
4171 13962
4172 13961
4173 13960
4174 13959
4175 13958
4176 13957
4177 13956
4178 13955
4179 13954
4180 13953
4181 13952
4182 13951
4183 13950
4184 13949
4185 13948
4186 13947
4187 13946
4188 13945
4189 13944
4190 13943
4191 13942
4192 13941
4193 13940
4194 13939
4195 13938
4196 13937
4197 13936
4198 13935
4199 13934
4200 13933
4201 13932
4202 13931
4203 13930
4204 13929
4205 13928
4206 13927
4207 13926
4208 12177
4209 12176
4210 12175
4211 12174
4212 12173
4213 12172
4214 12171
4215 12170
4216 12169
4217 13736
4218 13735
4219 13734
4220 13733
4221 13732
4222 13731
4223 13730
4224 13729
4225 13728
4226 13727
4227 13726
4228 13725
4229 13724
4230 13723
4231 12854
4232 12853
4233 12852
4234 12851
4235 12850
4236 12849
4237 12848
4238 12847
4239 12903
4240 12902
4241 12901
4242 12900
4243 12899
4244 12898
4245 12897
4246 12896
4247 12895
4248 12939
4249 12938
4250 12937
4251 12936
4252 12935
4253 12934
4254 12933
4255 12932
4256 12931
4257 12930
4258 12929
4259 12928
4260 12927
4261 12926
4262 13555
4263 13554
4264 13553
4265 13552
4266 13551
4267 13550
4268 13549
4269 13548
4270 13547
4271 13546
4272 13545
4273 13544
4274 13543
4275 13542
4276 13541
4277 13540
4278 13539
4279 13538
4280 13537
4281 13536
4282 13535
4283 13534
4284 13533
4285 13532
4286 13531
4287 13530
4288 13529
4289 13528
4290 13527
4291 13526
4292 13525
4293 13524
4294 13523
4295 13522
4296 13521
4297 13520
4298 13519
4299 13518
4300 13517
4301 13516
4302 13515
4303 13514
4304 13513
4305 13512
4306 13511
4307 13510
4308 12288
4309 12287
4310 12286
4311 12285
4312 12284
4315 12293
4316 12292
4317 12291
4318 12290
4319 12289
4320 13509
4321 13508
4322 13507
4323 13506
4324 13505
4325 13504
4326 13503
4327 13502
4328 12340
4329 12339
4330 12338
4331 12337
4332 12336
4333 12335
4334 12334
4335 12333
4336 17355
4337 17354
4338 17353
4339 17352
4340 17351
4341 17350
4342 17349
4343 17348
4344 17347
4345 17346
4346 17345
4347 17344
4348 17343
4349 17342
4350 17341
4351 17340
4352 17339
4353 13292
4354 13291
4355 13290
4356 13289
4357 13288
4358 13287
4359 13286
4360 13285
4361 13284
4362 13283
4363 13282
4364 13281
4365 17198
4366 17197
4367 17196
4368 17195
4369 17194
4370 17193
4371 17192
4372 17191
4373 17190
4374 17189
4375 17188
4376 17187
4377 17186
4378 17185
4379 17184
4380 17183
4381 17182
4382 17181
4383 17180
4384 17179
4385 17178
4386 17177
4387 17176
4388 17175
4389 12874
4390 12873
4391 12872
4392 12871
4393 12870
4394 12869
4395 12868
4396 12867
4397 12866
4398 12865
4399 12864
4400 12863
4401 12862
4402 12861
4403 12860
4404 12859
4405 12858
4406 12857
4407 12856
4408 12855
4409 13722
4410 13721
4411 13720
4412 13719
4413 13718
4414 13717
4415 13716
4416 12198
4417 12197
4418 12196
4419 12195
4420 12194
4421 12193
4422 12192
4423 12191
4424 12190
4425 12189
4426 12188
4427 12187
4428 12186
4429 12185
4430 12184
4431 12183
4432 12182
4433 12181
4434 12180
4435 12179
4436 12178
4437 13925
4438 13924
4439 13923
4440 13922
4441 13921
4442 13920
4443 13919
4444 12755
4445 12754
4446 12753
4447 12752
4448 12751
4449 12750
4450 12749
4451 12748
4452 15636
4453 15635
4454 15634
4455 15633
4456 15632
4457 15631
4458 15630
4459 15629
4460 15628
4461 12795
4462 12794
4463 12793
4464 12792
4465 12791
4466 12790
4467 12789
4468 12788
4469 12787
4470 12786
4471 12785
4472 15697
4473 15696
4474 15695
4475 15694
4476 15693
4477 15692
4478 15691
4479 15690
4480 15445
4481 15444
4482 15443
4483 15442
4484 15441
4485 15440
4486 15439
4487 15438
4488 15437
4489 15436
4490 15435
4491 15434
4492 15433
4493 15432
4494 15431
4495 15430
4496 15429
4497 15428
4498 15427
4499 15426
4500 15425
4501 15424
4502 15423
4503 15422
4504 15421
4505 15420
4506 15419
4507 15418
4508 15417
4509 15416
4510 15415
4511 15414
4512 15413
4513 15412
4514 15411
4515 15410
4516 15409
4517 15408
4518 15407
4519 15406
4520 15405
4521 15404
4522 15403
4523 15402
4524 15401
4525 15400
4526 15399
4527 15398
4528 15397
4529 15396
4530 15395
4531 15394
4532 15393
4533 15392
4534 15391
4535 15390
4536 15389
4537 15388
4538 15387
4539 15386
4540 15385
4541 15384
4542 15383
4543 15382
4544 15381
4545 15380
4546 15379
4547 15378
4548 15377
4549 15376
4550 15375
4551 15374
4552 15373
4553 14162
4554 14161
4555 14160
4556 14159
4557 14158
4558 14157
4559 14156
4560 11741
4561 11740
4562 11739
4563 11738
4564 11737
4565 11736
4566 11735
4567 11734
4568 11733
4569 11732
4570 11731
4571 11730
4572 11729
4573 11728
4574 11727
4575 11726
4576 11725
4577 11724
4578 11723
4579 11722
4580 11721
4581 11720
4582 11719
4583 11718
4584 14335
4585 14334
4586 14333
4587 14332
4588 14331
4589 14330
4590 14329
4591 14328
4592 16041
4593 16040
4594 16039
4595 16038
4596 16037
4597 16036
4598 16035
4599 16034
4600 14848
4601 14847
4602 14846
4603 14845
4604 14844
4605 14843
4606 14842
4607 14841
4608 14840
4609 14839
4610 14838
4611 14837
4612 16171
4613 16170
4614 16169
4615 16168
4616 16167
4617 16166
4618 16165
4619 14400
4620 14399
4621 14398
4622 14397
4623 14396
4624 14395
4625 14394
4626 14885
4627 14884
4628 14883
4629 14882
4630 14881
4631 14880
4632 14879
4633 14878
4634 14609
4635 14608
4636 14607
4637 14606
4638 14605
4639 14604
4640 14603
4641 14602
4642 14601
4643 14600
4644 14599
4645 14598
4646 14597
4647 14596
4648 14595
4649 14594
4650 14593
4651 14592
4652 14591
4653 14590
4654 14589
4655 14588
4656 14587
4657 14586
4658 14585
4659 14584
4660 14583
4661 9726
4662 9725
4663 9724
4664 9723
4665 9722
4666 9721
4667 9720
4668 9719
4669 9718
4670 9717
4671 9716
4672 9715
4673 9714
4674 9713
4675 9712
4676 9711
4677 9710
4678 9709
4679 9708
4680 9707
4681 9706
4682 9705
4683 9704
4684 9703
4685 10335
4686 10334
4687 10333
4688 10332
4689 10331
4690 10330
4691 10329
4692 10328
4693 10327
4694 10326
4695 10325
4696 10324
4697 10323
4698 10322
4699 10321
4700 10320
4701 10319
4702 10318
4703 10317
4704 10316
4705 10315
4706 10314
4707 10313
4708 10312
4709 10311
4710 10310
4711 10309
4712 10308
4713 10307
4714 10306
4715 10305
4716 10304
4717 10303
4718 10302
4719 11373
4720 11372
4721 11371
4722 11370
4723 11369
4724 11368
4725 11367
4726 9478
4727 9477
4728 9476
4729 9475
4730 9474
4731 9473
4732 9472
4733 9471
4734 9470
4735 9469
4736 9468
4737 9467
4738 9466
4739 9465
4740 9464
4741 9463
4742 9462
4743 9461
4744 9460
4745 9459
4746 9458
4747 9457
4748 9456
4749 9455
4750 9454
4751 9453
4752 9452
4753 10737
4754 10736
4755 10735
4756 10734
4757 10733
4758 10732
4759 10731
4760 10568
4761 10567
4762 10566
4763 10565
4764 10564
4765 10563
4766 10562
4767 10561
4768 8958
4769 8957
4770 8956
4771 8955
4772 8954
4773 8953
4774 8952
4775 8951
4776 8950
4777 8949
4778 8948
4779 8947
4780 10698
4781 10697
4782 10696
4783 10695
4784 10694
4785 10693
4786 10692
4787 10803
4788 10802
4789 10801
4790 10800
4791 10799
4792 10798
4793 10797
4794 9040
4795 9039
4796 9038
4797 9037
4798 9036
4799 9035
4800 9034
4801 9033
4802 11276
4803 11275
4804 11274
4805 11273
4806 11272
4807 11271
4808 11270
4809 11269
4810 11268
4811 11267
4812 11266
4813 11265
4814 11264
4815 11263
4816 11262
4817 11261
4818 11260
4819 11259
4820 11258
4821 11257
4822 11256
4823 11255
4824 11254
4825 11253
4826 11252
4827 11251
4828 11250
4829 11007
4830 11006
4831 11005
4832 11004
4833 11003
4834 11002
4835 11001
4836 11000
4837 9291
4838 9290
4839 9289
4840 9288
4841 9287
4842 9286
4843 9285
4844 9284
4845 9283
4846 9282
4847 9281
4848 9280
4849 9279
4850 9278
4851 9277
4852 9276
4853 9275
4854 9274
4855 9273
4858 11097
4859 11096
4860 11095
4861 11094
4862 11093
4863 11092
4864 11091
4865 11090
4866 11089
4867 11088
4868 11087
4869 11086
4870 11085
4871 11084
4872 11083
4873 11082
4874 9299
4875 9298
4876 9297
4877 9296
4878 9295
4879 9294
4880 9293
4881 9292
4882 10999
4883 10998
4884 10997
4885 10996
4886 10995
4887 10994
4888 10993
4889 10992
4890 10991
4891 10990
4892 10989
4893 11243
4894 11242
4895 11241
4896 11240
4897 11239
4898 11238
4899 11237
4900 11236
4901 11235
4902 11284
4903 11283
4904 11282
4905 11281
4906 11280
4907 11279
4908 11278
4909 11277
4910 9032
4911 9031
4912 9030
4913 9029
4914 9028
4915 9027
4916 9026
4917 9025
4918 9024
4919 9023
4920 9022
4921 9021
4922 9020
4923 9019
4924 9018
4925 9017
4926 9016
4927 9015
4928 9014
4929 9013
4930 8967
4931 8966
4932 8965
4933 8964
4934 8963
4935 8962
4936 8961
4937 8960
4938 8959
4939 10560
4940 10559
4941 10558
4942 10557
4943 10556
4944 10555
4945 10554
4946 10553
4947 10552
4948 10551
4949 10550
4950 10549
4951 10548
4952 10547
4953 10546
4954 10545
4955 10481
4956 10480
4957 10479
4958 10478
4959 10477
4960 10476
4961 10475
4962 10474
4963 10473
4964 10472
4965 10471
4966 10470
4967 10520
4968 10519
4969 10518
4970 10517
4971 10516
4972 10515
4973 10514
4974 10513
4975 10512
4976 10511
4977 10510
4978 10509
4979 10508
4980 10507
4981 10506
4982 10505
4983 10504
4984 9574
4985 9573
4986 9572
4987 9571
4988 9570
4989 9569
4990 9568
4991 9567
4992 9907
4993 9906
4994 9905
4995 9904
4996 9903
4997 9902
4998 9901
4999 9900
5000 9899
5001 9898
5002 9897
5003 9896
5004 9895
5005 9894
5006 9893
5007 9892
5008 9891
5009 9890
5010 9889
5011 9888
5012 9887
5013 9886
5014 9885
5015 9884
5016 9883
5017 9882
5018 9881
5019 9880
5020 9879
5021 15062
5022 15061
5023 15060
5024 15059
5025 15058
5026 15057
5027 15056
5028 15055
5029 15054
5030 15053
5031 15052
5032 15051
5033 15050
5034 15049
5035 15048
5036 15047
5037 15046
5038 15045
5039 15044
5040 9967
5041 9966
5042 9965
5043 9964
5044 9963
5045 9962
5046 9961
5047 9960
5048 9959
5049 14617
5050 14616
5051 14615
5052 14614
5053 14613
5054 14612
5055 14611
5056 14610
5057 14877
5058 14876
5059 14875
5060 14874
5061 14873
5062 14872
5063 14871
5064 14870
5065 14869
5066 14868
5067 14867
5068 14866
5069 14865
5070 14864
5071 14863
5072 14862
5073 14861
5074 14860
5075 14859
5076 14858
5077 14857
5078 14856
5079 14855
5080 14854
5081 14853
5082 14852
5083 14851
5084 14850
5085 14849
5086 16033
5087 16032
5088 16031
5089 16030
5090 16029
5091 16028
5092 16027
5093 16026
5094 16025
5095 16024
5096 16023
5097 16022
5098 16021
5099 16020
5100 16019
5101 11765
5102 11764
5103 11763
5104 11762
5105 11761
5106 11760
5107 11759
5108 11758
5109 11757
5110 11756
5111 11755
5112 11754
5113 11753
5114 11752
5115 15989
5116 15988
5117 15987
5118 15986
5119 15985
5120 15984
5121 15983
5122 15982
5123 15981
5124 15980
5125 15979
5126 15978
5127 15977
5128 15976
5129 15975
5130 15974
5131 15973
5132 15972
5133 16307
5134 16306
5135 16305
5136 16304
5137 16303
5138 16302
5139 16301
5140 16300
5141 15850
5142 15849
5143 15848
5144 15847
5145 15846
5146 15845
5147 15844
5148 15843
5149 15842
5150 15841
5151 15840
5152 15839
5153 15838
5154 15837
5155 15836
5156 15835
5157 15834
5158 15833
5159 15832
5160 15831
5161 15830
5162 15829
5163 15828
5164 15827
5165 15826
5166 15825
5167 15824
5168 16448
5169 16447
5170 16446
5171 16445
5172 16444
5173 16443
5174 16442
5175 16441
5176 12039
5177 12038
5178 12037
5179 12036
5180 12035
5181 12034
5182 12033
5183 12032
5184 12031
5185 12030
5186 12029
5187 12028
5188 12027
5189 12026
5190 12025
5191 12024
5192 12023
5193 12022
5194 12021
5195 12020
5196 12019
5197 12018
5198 12017
5199 12016
5200 12015
5201 12014
5202 12013
5203 12012
5204 12011
5205 12010
5206 12009
5207 12008
5208 12007
5209 12006
5210 12005
5211 15453
5212 15452
5213 15451
5214 15450
5215 15449
5216 15448
5217 15447
5218 15446
5219 15689
5220 15688
5221 15687
5222 15686
5223 15685
5224 15684
5225 15683
5226 15682
5227 15681
5228 15680
5229 15679
5230 15678
5231 15677
5232 15676
5233 15675
5234 15674
5235 16851
5236 16850
5237 16849
5238 16848
5239 16847
5240 16846
5241 16845
5242 15648
5243 15647
5244 15646
5245 15645
5246 15644
5247 15643
5248 15642
5249 15641
5250 15640
5251 15639
5252 15638
5253 15637
5254 12747
5255 12746
5256 12745
5257 12744
5258 12743
5259 12742
5260 12741
5261 12740
5262 12739
5263 12738
5264 12737
5265 12736
5266 12735
5267 12734
5268 12733
5269 12732
5270 13764
5271 13763
5272 13762
5273 13761
5274 13760
5275 13759
5276 13758
5277 13757
5278 12641
5279 12640
5280 12639
5281 12638
5282 12637
5283 12636
5284 12635
5285 12634
5286 12633
5287 12632
5288 12631
5289 12630
5290 12629
5291 12628
5292 12627
5293 12626
5294 12625
5295 12624
5296 12623
5297 12622
5298 12621
5299 12620
5300 12619
5301 12618
5302 12617
5303 12616
5304 12615
5305 17148
5306 17147
5307 17146
5308 17145
5309 17144
5310 17143
5311 17142
5312 17141
5313 12493
5314 12492
5315 12491
5316 12490
5317 12489
5318 12488
5319 12487
5320 12486
5321 12485
5322 12484
5323 12483
5324 12482
5325 12481
5326 12480
5327 12479
5328 12478
5329 12477
5330 12476
5331 12475
5332 12474
5333 12473
5334 12472
5335 12471
5336 12470
5337 12469
5338 12468
5339 12467
5340 13034
5341 13033
5342 13032
5343 13031
5344 13030
5345 13029
5346 13028
5347 13027
5348 17206
5349 17205
5350 17204
5351 17203
5352 17202
5353 17201
5354 17200
5355 17199
5356 13280
5357 13279
5358 13278
5359 13277
5360 13276
5361 13275
5362 13274
5363 13273
5364 13272
5365 13271
5366 13270
5367 13269
5368 13268
5369 13267
5370 13266
5371 13316
5372 13315
5373 13314
5374 13313
5375 13312
5376 13311
5377 13310
5378 13309
5379 13308
5380 13307
5381 13306
5382 13305
5383 17363
5384 17362
5385 17361
5386 17360
5387 17359
5388 17358
5389 17357
5390 17356
5391 12332
5392 12331
5393 12330
5394 12329
5395 12328
5396 12327
5397 12326
5398 12325
5399 12324
5400 12323
5401 12322
5402 12321
5403 12320
5404 12319
5405 12318
5406 13446
5407 13445
5408 13444
5409 13443
5410 13442
5413 13451
5414 13450
5415 13449
5416 13448
5417 13447
5418 12317
5419 12316
5420 12315
5421 12314
5422 12313
5423 12312
5424 12311
5425 12310
5426 13367
5427 13366
5428 13365
5429 13364
5430 13363
5431 13362
5432 13361
5433 13360
5434 13359
5435 13358
5436 13357
5437 13356
5438 13355
5439 13354
5440 13353
5441 13352
5442 13351
5443 13350
5444 13349
5445 13348
5446 13347
5447 13346
5448 13345
5449 13344
5450 13343
5451 13342
5452 13341
5453 13340
5454 13339
5455 13338
5456 13337
5457 13336
5458 13335
5459 13334
5460 13333
5461 13332
5462 13331
5463 13330
5464 13329
5465 13328
5466 13327
5467 13058
5468 13057
5469 13056
5470 13055
5471 13054
5472 13053
5473 13052
5474 13051
5475 13050
5476 13049
5477 13048
5478 13047
5479 13046
5480 13045
5481 13044
5482 13043
5483 13042
5484 13041
5485 13040
5486 13039
5487 13038
5488 13037
5489 13036
5490 13035
5491 12466
5492 12465
5493 12464
5494 12463
5495 12462
5496 12461
5497 12460
5498 12276
5499 12275
5500 12274
5501 12273
5502 12272
5503 12271
5504 12270
5505 17174
5506 17173
5507 17172
5508 17171
5509 17170
5510 17169
5511 17168
5512 17167
5513 17166
5514 17165
5515 17164
5516 17163
5517 17162
5518 17161
5519 17160
5520 17159
5521 17158
5522 17157
5523 17156
5524 17155
5525 17154
5526 17153
5527 17152
5528 17151
5529 17150
5530 17149
5531 12614
5532 12613
5533 12612
5534 12611
5535 12610
5536 12609
5537 12608
5538 13797
5539 13796
5540 13795
5541 13794
5542 13793
5543 13792
5544 13791
5545 13790
5546 13789
5547 13788
5548 13787
5549 13786
5550 13785
5551 13784
5552 13783
5553 13782
5554 13781
5555 13780
5556 13779
5557 13778
5558 13777
5559 13776
5560 13775
5561 13774
5562 13773
5563 13772
5564 13771
5565 13770
5566 13769
5567 13768
5568 13767
5569 13766
5570 13765
5571 12731
5572 12730
5573 12729
5574 12728
5575 12727
5576 12726
5577 12725
5578 16884
5579 16883
5580 16882
5581 16881
5582 16880
5583 16879
5584 16878
5585 16877
5586 16876
5587 16875
5588 16874
5589 16873
5590 16872
5591 16871
5592 16870
5593 16869
5594 16868
5595 16867
5596 16866
5597 16865
5598 16864
5599 16863
5600 16862
5601 16861
5602 16860
5603 16859
5604 16858
5605 16857
5606 16856
5607 16855
5608 16854
5609 16853
5610 16852
5611 15673
5612 15672
5613 15671
5614 15670
5615 15669
5616 15668
5617 15667
5618 16526
5619 16525
5620 16524
5621 16523
5622 16522
5623 16521
5624 16520
5625 16519
5626 16518
5627 16517
5628 16516
5629 16515
5630 16514
5631 16513
5632 16512
5633 16511
5634 16510
5635 16509
5636 16508
5637 16507
5638 16506
5639 16505
5640 16504
5641 16503
5642 16502
5643 16501
5644 16500
5645 16499
5646 16498
5647 16497
5648 16496
5649 11992
5650 11991
5651 11990
5652 11989
5653 11988
5654 11987
5655 11986
5656 11985
5657 11984
5658 11983
5659 16472
5660 16471
5661 16470
5662 16469
5663 16468
5664 16467
5665 16466
5666 16465
5667 16464
5668 16463
5669 16462
5670 16461
5671 16460
5672 16459
5673 16458
5674 16457
5675 16456
5676 16455
5677 16454
5678 16453
5679 16452
5680 16451
5681 16450
5682 16449
5683 15823
5684 15822
5685 15821
5686 15820
5687 15819
5688 15818
5689 15817
5690 16340
5691 16339
5692 16338
5693 16337
5694 16336
5695 16335
5696 16334
5697 16333
5698 16332
5699 16331
5700 16330
5701 16329
5702 16328
5703 16327
5704 16326
5705 16325
5706 16324
5707 16323
5708 16322
5709 16321
5710 16320
5711 16319
5712 16318
5713 16317
5714 16316
5715 16315
5716 16314
5717 16313
5718 16312
5719 16311
5720 16310
5721 16309
5722 16308
5723 15971
5724 15970
5725 15969
5726 15968
5727 15967
5728 15966
5729 15965
5730 11789
5731 11788
5732 11787
5733 11786
5734 11785
5735 11784
5736 11783
5737 11782
5738 11781
5739 11780
5740 11779
5741 11778
5742 11777
5743 11776
5744 11775
5745 11774
5746 11773
5747 11772
5748 11771
5749 11770
5750 11769
5751 11768
5752 11767
5753 11766
5754 16018
5755 16017
5756 16016
5757 16015
5758 16014
5759 16013
5760 16012
5761 16011
5762 11689
5763 11688
5764 11687
5765 11686
5766 11685
5767 11684
5768 11683
5769 11682
5770 11681
5771 11680
5772 11679
5773 11678
5774 11677
5775 11676
5776 11675
5777 11674
5778 11673
5779 11672
5780 11671
5781 11670
5782 11669
5783 11668
5784 14682
5785 14681
5786 14680
5787 14679
5788 14678
5789 14677
5790 14676
5791 14675
5792 14674
5793 14673
5794 14672
5795 14671
5796 14670
5797 14669
5798 14668
5799 14667
5800 14666
5801 14665
5802 14664
5803 14663
5804 14662
5805 14661
5806 9949
5807 9948
5808 9947
5809 9946
5810 9945
5811 9944
5812 9943
5813 9942
5814 9941
5815 9940
5816 9939
5817 9938
5818 9937
5819 9936
5820 9935
5821 9934
5822 9933
5823 9932
5824 9931
5825 9930
5826 9929
5827 9928
5828 9927
5829 9926
5830 9925
5831 9924
5832 9923
5833 9922
5834 9921
5835 9920
5836 9591
5837 9590
5838 9589
5839 9588
5840 9587
5841 9586
5842 9585
5843 9584
5844 9583
5845 9582
5846 9581
5847 9580
5848 9579
5849 9578
5850 9577
5851 9576
5852 9575
5853 10503
5854 10502
5855 10501
5856 10500
5857 10499
5858 10498
5859 10497
5860 10496
5861 10495
5862 10494
5863 10493
5864 10492
5865 10491
5866 10490
5867 10489
5868 10488
5869 10487
5870 10486
5871 10485
5872 10484
5873 10483
5874 10482
5875 10544
5876 10543
5877 10542
5878 10541
5879 10540
5880 10539
5881 10538
5882 8998
5883 8997
5884 8996
5885 8995
5886 8994
5887 8993
5888 8992
5889 8991
5890 8990
5891 8989
5892 8988
5893 8987
5894 8986
5895 8985
5896 8984
5897 8983
5898 8982
5899 8981
5900 8980
5901 8979
5902 8978
5903 8977
5904 8806
5905 8805
5906 8804
5907 8803
5908 8802
5909 8801
5910 8800
5911 8799
5912 8798
5913 8797
5914 8796
5915 8795
5916 8794
5917 8793
5918 8792
5919 8791
5920 8790
5921 8789
5922 8788
5923 8787
5924 8786
5925 8785
5926 8784
5927 8783
5928 8782
5929 8781
5930 8780
5931 8779
5932 8778
5933 8777
5934 8776
5935 8775
5936 8774
5937 8773
5938 8772
5939 8771
5940 8770
5941 8769
5942 8768
5943 8767
5944 8766
5945 8765
5946 8764
5947 8763
5948 8762
5949 8761
5950 8760
5951 8759
5952 8758
5953 8757
5956 11204
5957 11203
5958 11202
5959 11201
5960 11200
5961 11199
5962 11198
5963 11197
5964 11196
5965 11195
5966 11194
5967 9315
5968 9314
5969 9313
5970 9312
5971 9311
5972 9310
5973 9309
5974 9308
5975 11213
5976 11212
5977 11211
5978 11210
5979 11209
5980 11208
5981 11207
5982 11206
5983 11205
5984 11306
5985 11305
5986 11304
5987 11303
5988 11302
5989 11301
5990 11300
5991 11299
5992 11298
5993 11297
5994 11296
5995 11295
5996 11294
5997 11293
5998 8814
5999 8813
6000 8812
6001 8811
6002 8810
6003 8809
6004 8808
6005 8807
6006 8976
6007 8975
6008 8974
6009 8973
6010 8972
6011 8971
6012 8970
6013 8969
6014 8968
6015 9012
6016 9011
6017 9010
6018 9009
6019 9008
6020 9007
6021 9006
6022 9005
6023 9004
6024 9003
6025 9002
6026 9001
6027 9000
6028 8999
6029 10537
6030 10536
6031 10535
6032 10534
6033 10533
6034 10532
6035 10531
6036 10530
6037 10529
6038 10528
6039 10527
6040 10526
6041 10525
6042 10524
6043 10523
6044 10522
6045 10521
6046 10469
6047 10468
6048 10467
6049 10466
6050 10465
6051 10464
6052 10463
6053 10462
6054 10461
6055 10460
6056 10459
6057 10458
6058 10457
6059 10456
6060 10455
6061 10454
6062 10453
6063 10452
6064 10451
6065 10450
6066 10449
6067 10448
6068 11547
6069 11546
6070 11545
6071 11544
6072 11543
6073 11542
6074 11541
6075 11540
6076 11539
6077 11627
6078 11626
6079 11625
6080 11624
6081 11623
6082 11622
6083 11621
6084 11620
6085 11619
6086 11618
6087 11617
6088 11616
6089 11615
6090 11614
6091 15078
6092 15077
6093 15076
6094 15075
6095 15074
6096 15073
6097 15072
6098 15071
6099 14648
6100 14647
6101 14646
6102 14645
6103 14644
6104 14643
6105 14642
6106 14641
6107 14640
6108 14639
6109 14638
6110 14637
6111 14636
6112 14635
6113 14634
6114 14633
6115 14632
6116 14631
6117 14630
6118 14629
6119 14628
6120 14627
6121 14626
6122 14690
6123 14689
6124 14688
6125 14687
6126 14686
6127 14685
6128 14684
6129 14683
6130 11667
6131 11666
6132 11665
6133 11664
6134 11663
6135 11662
6136 11661
6137 11660
6138 11659
6139 11703
6140 11702
6141 11701
6142 11700
6143 11699
6144 11698
6145 11697
6146 11696
6147 11695
6148 11694
6149 11693
6150 11692
6151 11691
6152 11690
6153 16010
6154 16009
6155 16008
6156 16007
6157 16006
6158 16005
6159 16004
6160 16003
6161 16002
6162 16001
6163 16000
6164 15999
6165 15998
6166 15997
6167 15996
6168 15995
6169 15994
6170 15993
6171 15992
6172 15991
6173 15990
6174 11799
6175 11798
6176 11797
6177 11796
6178 11795
6179 11794
6180 11793
6181 11792
6182 11791
6183 11790
6184 15964
6185 15963
6186 15962
6187 15961
6188 15960
6189 15959
6190 15958
6191 15957
6192 15956
6193 15955
6194 15954
6195 15953
6196 15952
6197 15951
6198 15950
6199 15949
6200 15866
6201 15865
6202 15864
6203 15863
6204 15862
6205 15861
6206 15860
6207 15859
6208 16357
6209 16356
6210 16355
6211 16354
6212 16353
6213 16352
6214 16351
6215 16350
6216 16349
6217 16348
6218 16347
6219 16346
6220 16345
6221 16344
6222 16343
6223 16342
6224 16341
6225 15816
6226 15815
6227 15814
6228 15813
6229 15812
6230 15811
6231 15810
6232 15809
6233 15808
6234 15807
6235 15806
6236 15805
6237 15804
6238 15803
6239 15802
6240 15801
6241 12055
6242 12054
6243 12053
6244 12052
6245 12051
6246 12050
6247 12049
6248 12048
6249 16480
6250 16479
6251 16478
6252 16477
6253 16476
6254 16475
6255 16474
6256 16473
6257 11982
6258 11981
6259 11980
6260 11979
6261 11978
6262 11977
6263 11976
6264 11975
6265 11974
6266 11973
6267 12168
6268 12167
6269 12166
6270 12165
6271 12164
6272 12163
6273 12162
6274 12161
6275 12160
6276 12159
6277 12158
6278 12157
6279 12156
6280 12155
6281 12154
6282 15469
6283 15468
6284 15467
6285 15466
6286 15465
6287 15464
6288 15463
6289 15462
6290 16534
6291 16533
6292 16532
6293 16531
6294 16530
6295 16529
6296 16528
6297 16527
6298 15666
6299 15665
6300 15664
6301 15663
6302 15662
6303 15661
6304 15660
6305 15659
6306 15658
6307 15657
6308 15656
6309 15655
6310 15654
6311 15653
6312 15652
6313 15651
6314 15650
6315 15649
6316 16844
6317 16843
6318 16842
6319 16841
6320 16840
6321 16839
6322 16838
6323 15534
6324 15533
6325 15532
6326 15531
6327 15530
6328 15529
6329 15528
6330 15527
6331 16892
6332 16891
6333 16890
6334 16889
6335 16888
6336 16887
6337 16886
6338 16885
6339 12724
6340 12723
6341 12722
6342 12721
6343 12720
6344 12719
6345 12718
6346 12717
6347 12716
6348 12715
6349 12714
6350 12713
6351 12712
6352 12711
6353 12710
6354 12709
6355 13822
6356 13821
6357 13820
6358 13819
6359 13818
6360 13817
6361 13816
6362 13815
6363 13814
6364 13813
6365 13812
6366 13811
6367 13810
6368 13809
6369 13808
6370 13807
6371 13806
6372 13805
6373 13804
6374 13803
6375 13802
6376 13801
6377 13800
6378 13799
6379 13798
6380 12607
6381 12606
6382 12605
6383 12604
6384 12603
6385 12602
6386 12601
6387 12600
6388 12599
6389 12598
6390 12597
6391 12596
6392 12595
6393 12594
6394 12593
6395 12592
6396 12509
6397 12508
6398 12507
6399 12506
6400 12505
6401 12504
6402 12503
6403 12502
6404 12262
6405 12261
6406 12260
6407 12259
6408 12258
6409 12257
6410 12256
6411 12255
6412 12254
6413 12253
6414 12283
6415 12282
6416 12281
6417 12280
6418 12279
6419 12278
6420 12277
6421 12459
6422 12458
6423 12457
6424 12456
6425 12455
6426 12454
6427 12453
6428 12452
6429 12451
6430 12450
6431 12449
6432 12448
6433 12447
6434 12446
6435 12445
6436 12444
6437 17222
6438 17221
6439 17220
6440 17219
6441 17218
6442 17217
6443 17216
6444 17215
6445 13066
6446 13065
6447 13064
6448 13063
6449 13062
6450 13061
6451 13060
6452 13059
6453 13326
6454 13325
6455 13324
6456 13323
6457 13322
6458 13321
6459 13320
6460 13319
6461 13318
6462 13317
6463 13265
6464 13264
6465 13263
6466 13262
6467 13261
6468 13260
6469 13259
6470 13258
6471 13257
6472 13256
6473 13255
6474 13254
6475 13253
6476 13252
6477 13251
6478 17379
6479 17378
6480 17377
6481 17376
6482 17375
6483 17374
6484 17373
6485 17372
6486 13375
6487 13374
6488 13373
6489 13372
6490 13371
6491 13370
6492 13369
6493 13368
6494 12309
6495 12308
6496 12307
6497 12306
6498 12305
6499 12304
6500 12303
6503 13481
6504 13480
6505 13479
6506 13478
6507 13477
6508 13476
6509 13475
6510 13474
6511 13383
6512 13382
6513 13381
6514 13380
6515 13379
6516 13378
6517 13377
6518 13376
6519 17371
6520 17370
6521 17369
6522 17368
6523 17367
6524 17366
6525 17365
6526 17364
6527 13304
6528 13303
6529 13302
6530 13301
6531 13300
6532 13299
6533 13298
6534 13297
6535 13296
6536 13295
6537 13294
6538 13293
6539 17299
6540 17298
6541 17297
6542 17296
6543 17295
6544 17294
6545 17293
6546 13074
6547 13073
6548 13072
6549 13071
6550 13070
6551 13069
6552 13068
6553 13067
6554 17214
6555 17213
6556 17212
6557 17211
6558 17210
6559 17209
6560 17208
6561 17207
6562 13026
6563 13025
6564 13024
6565 13023
6566 13022
6567 13021
6568 13020
6569 13019
6570 12885
6571 12884
6572 12883
6573 12882
6574 12881
6575 12880
6576 12879
6577 12878
6578 12877
6579 12876
6580 12875
6581 12269
6582 12268
6583 12267
6584 12266
6585 12265
6586 12264
6587 12263
6588 12501
6589 12500
6590 12499
6591 12498
6592 12497
6593 12496
6594 12495
6595 12494
6596 17140
6597 17139
6598 17138
6599 17137
6600 17136
6601 17135
6602 17134
6603 17133
6604 13707
6605 13706
6606 13705
6607 13704
6608 13703
6609 13702
6610 13701
6611 12660
6612 12659
6613 12658
6614 12657
6615 12656
6616 12655
6617 12654
6618 12653
6619 12652
6620 12651
6621 12650
6622 12649
6623 12648
6624 12647
6625 12646
6626 12645
6627 12644
6628 12643
6629 12642
6630 13756
6631 13755
6632 13754
6633 13753
6634 13752
6635 13751
6636 13750
6637 13749
6638 13910
6639 13909
6640 13908
6641 13907
6642 13906
6643 13905
6644 13904
6645 16900
6646 16899
6647 16898
6648 16897
6649 16896
6650 16895
6651 16894
6652 16893
6653 15526
6654 15525
6655 15524
6656 15523
6657 15522
6658 15521
6659 15520
6660 15519
6661 15518
6662 15517
6663 15516
6664 15515
6665 15514
6666 15513
6667 15512
6668 15511
6669 15510
6670 15509
6671 15508
6672 15507
6673 15506
6674 15505
6675 15504
6676 15503
6677 15502
6678 15501
6679 16542
6680 16541
6681 16540
6682 16539
6683 16538
6684 16537
6685 16536
6686 16535
6687 15461
6688 15460
6689 15459
6690 15458
6691 15457
6692 15456
6693 15455
6694 15454
6695 12004
6696 12003
6697 12002
6698 12001
6699 12000
6700 11999
6701 11998
6702 11997
6703 11996
6704 11995
6705 11994
6706 11993
6707 16495
6708 16494
6709 16493
6710 16492
6711 16491
6712 16490
6713 16489
6714 16488
6715 16487
6716 16486
6717 16485
6718 16484
6719 16483
6720 16482
6721 16481
6722 12047
6723 12046
6724 12045
6725 12044
6726 12043
6727 12042
6728 12041
6729 12040
6730 16440
6731 16439
6732 16438
6733 16437
6734 16436
6735 16435
6736 16434
6737 16433
6738 16375
6739 16374
6740 16373
6741 16372
6742 16371
6743 16370
6744 16369
6745 16368
6746 16367
6747 16366
6748 16365
6749 16364
6750 16363
6751 16362
6752 16361
6753 16360
6754 16359
6755 16358
6756 15858
6757 15857
6758 15856
6759 15855
6760 15854
6761 15853
6762 15852
6763 15851
6764 16299
6765 16298
6766 16297
6767 16296
6768 16295
6769 16294
6770 16293
6771 16292
6772 14147
6773 14146
6774 14145
6775 14144
6776 14143
6777 14142
6778 14141
6779 14218
6780 14217
6781 14216
6782 14215
6783 14214
6784 14213
6785 14212
6786 14211
6787 14210
6788 14209
6789 14208
6790 14207
6791 14206
6792 14205
6793 14204
6794 14203
6795 14202
6796 14201
6797 14200
6798 14199
6799 14198
6800 14197
6801 14196
6802 14195
6803 14320
6804 14319
6805 14318
6806 14317
6807 14316
6808 14315
6809 14314
6810 14313
6811 16188
6812 16187
6813 16186
6814 16185
6815 16184
6816 16183
6817 16182
6818 16181
6819 16180
6820 16179
6821 16178
6822 16177
6823 16176
6824 16175
6825 16174
6826 16173
6827 16172
6828 14836
6829 14835
6830 14834
6831 14833
6832 14832
6833 14831
6834 14830
6835 14829
6836 14828
6837 14827
6838 14826
6839 14698
6840 14697
6841 14696
6842 14695
6843 14694
6844 14693
6845 14692
6846 14691
6847 14625
6848 14624
6849 14623
6850 14622
6851 14621
6852 14620
6853 14619
6854 14618
6855 9958
6856 9957
6857 9956
6858 9955
6859 9954
6860 9953
6861 9952
6862 9951
6863 9950
6864 14660
6865 14659
6866 14658
6867 14657
6868 14656
6869 14655
6870 14654
6871 14653
6872 14652
6873 14651
6874 14650
6875 14649
6876 15070
6877 15069
6878 15068
6879 15067
6880 15066
6881 15065
6882 15064
6883 15063
6884 9878
6885 9877
6886 9876
6887 9875
6888 9874
6889 9873
6890 9872
6891 9871
6892 9599
6893 9598
6894 9597
6895 9596
6896 9595
6897 9594
6898 9593
6899 9592
6900 9919
6901 9918
6902 9917
6903 9916
6904 9915
6905 9914
6906 9913
6907 9912
6908 9911
6909 9910
6910 9909
6911 9908
6912 9566
6913 9565
6914 9564
6915 9563
6916 9562
6917 9561
6918 9560
6919 9559
6920 11358
6921 11357
6922 11356
6923 11355
6924 11354
6925 11353
6926 11352
6927 10209
6928 10208
6929 10207
6930 10206
6931 10205
6932 10204
6933 10203
6934 10202
6935 10201
6936 10200
6937 10199
6938 10198
6939 10197
6940 10196
6941 10195
6942 10194
6943 10193
6944 10192
6945 10191
6946 10190
6947 10189
6948 10722
6949 10721
6950 10720
6951 10719
6952 10718
6953 10717
6954 10716
6955 10715
6956 10714
6957 10713
6958 10712
6959 10711
6960 10710
6961 10709
6962 10708
6963 10707
6964 10706
6965 10705
6966 10704
6967 10703
6968 10702
6969 10701
6970 10700
6971 10699
6972 8946
6973 8945
6974 8944
6975 8943
6976 8942
6977 8941
6978 8940
6979 8939
6980 8938
6981 8937
6982 8936
6983 8822
6984 8821
6985 8820
6986 8819
6987 8818
6988 8817
6989 8816
6990 8815
6991 11292
6992 11291
6993 11290
6994 11289
6995 11288
6996 11287
6997 11286
6998 11285
6999 11234
7000 11233
7001 11232
7002 11231
7003 11230
7004 11229
7005 11228
7006 11227
7007 11226
7008 11225
7009 11224
7010 11223
7011 11222
7012 11221
7013 11220
7014 11219
7015 11218
7016 11217
7017 11216
7018 11215
7019 11214
7020 9307
7021 9306
7022 9305
7023 9304
7024 9303
7025 9302
7026 9301
7027 9300
7028 11081
7029 11080
7030 11079
7031 11078
7032 11077
7033 11076
7034 11075
7035 11074
7036 11073
7037 11072
7038 11071
7039 11070
7040 11069
7041 11068
7042 11067
7045 11128
7046 11127
7047 11126
7048 11125
7049 11124
7050 11123
7051 11122
7052 11121
7053 11120
7054 11119
7055 11118
7056 11117
7057 11116
7058 11115
7059 11114
7060 11113
7061 11155
7062 11154
7063 11153
7064 11152
7065 11151
7066 11150
7067 11149
7068 11148
7069 10931
7070 10930
7071 10929
7072 10928
7073 10927
7074 10926
7075 10925
7076 10924
7077 10923
7078 10922
7079 10921
7080 10920
7081 10919
7082 10918
7083 10917
7084 10916
7085 10915
7086 10914
7087 10913
7088 10912
7089 10859
7090 10858
7091 10857
7092 10856
7093 10855
7094 10854
7095 10853
7096 10852
7097 8830
7098 8829
7099 8828
7100 8827
7101 8826
7102 8825
7103 8824
7104 8823
7105 8935
7106 8934
7107 8933
7108 8932
7109 8931
7110 8930
7111 8929
7112 8928
7113 8927
7114 8926
7115 8925
7116 8924
7117 8923
7118 8922
7119 8921
7120 8920
7121 8919
7122 8918
7123 8917
7124 8916
7125 8915
7126 10125
7127 10124
7128 10123
7129 10122
7130 10121
7131 10120
7132 10119
7133 10118
7134 10117
7135 10116
7136 10115
7137 10114
7138 10113
7139 10112
7140 10111
7141 10110
7142 10230
7143 10229
7144 10228
7145 10227
7146 10226
7147 10225
7148 10224
7149 10223
7150 10222
7151 10221
7152 10220
7153 10219
7154 10218
7155 10217
7156 10216
7157 10215
7158 10214
7159 10213
7160 10212
7161 10211
7162 10210
7163 11538
7164 11537
7165 11536
7166 11535
7167 11534
7168 11533
7169 11532
7170 11531
7171 10439
7172 10438
7173 10437
7174 10436
7175 10435
7176 10434
7177 10433
7178 10432
7179 11588
7180 11587
7181 11586
7182 11585
7183 11584
7184 11583
7185 11582
7186 11581
7187 11580
7188 11579
7189 11578
7190 11577
7191 9807
7192 9806
7193 9805
7194 9804
7195 9803
7196 9802
7197 9801
7198 9800
7199 9799
7200 9798
7201 9797
7202 9796
7203 9795
7204 9794
7205 9793
7206 9792
7207 9791
7208 10024
7209 10023
7210 10022
7211 10021
7212 10020
7213 10019
7214 10018
7215 10017
7216 14986
7217 14985
7218 14984
7219 14983
7220 14982
7221 14981
7222 14980
7223 14979
7224 14978
7225 14977
7226 14976
7227 14975
7228 14974
7229 14973
7230 14972
7231 14971
7232 14970
7233 14969
7234 14968
7235 14967
7236 14456
7237 14455
7238 14454
7239 14453
7240 14452
7241 14451
7242 14450
7243 14449
7244 14706
7245 14705
7246 14704
7247 14703
7248 14702
7249 14701
7250 14700
7251 14699
7252 14825
7253 14824
7254 14823
7255 14822
7256 14821
7257 14820
7258 14819
7259 14818
7260 14817
7261 14816
7262 14815
7263 14814
7264 14768
7265 14767
7266 14766
7267 14765
7268 14764
7269 14763
7270 14762
7271 14761
7272 14760
7273 16196
7274 16195
7275 16194
7276 16193
7277 16192
7278 16191
7279 16190
7280 16189
7281 14312
7282 14311
7283 14310
7284 14309
7285 14308
7286 14307
7287 14306
7288 14242
7289 14241
7290 14240
7291 14239
7292 14238
7293 14237
7294 14236
7295 14235
7296 14234
7297 14233
7298 14232
7299 14231
7300 14230
7301 14229
7302 14228
7303 14227
7304 14226
7305 14225
7306 14224
7307 14223
7308 14222
7309 14221
7310 14220
7311 14219
7312 14140
7313 14139
7314 14138
7315 14137
7316 14136
7317 14135
7318 14134
7319 14133
7320 15940
7321 15939
7322 15938
7323 15937
7324 15936
7325 15935
7326 15934
7327 15933
7328 14093
7329 14092
7330 14091
7331 14090
7332 14089
7333 14088
7334 14087
7335 14086
7336 14085
7337 14084
7338 14083
7339 14082
7340 14081
7341 14080
7342 14079
7343 14078
7344 14077
7345 14076
7346 14075
7347 14074
7348 14073
7349 14072
7350 14071
7351 14070
7352 14069
7353 14068
7354 14067
7355 15792
7356 15791
7357 15790
7358 15789
7359 15788
7360 15787
7361 15786
7362 15785
7363 14027
7364 14026
7365 14025
7366 14024
7367 14023
7368 14022
7369 14021
7370 14020
7371 16667
7372 16666
7373 16665
7374 16664
7375 16663
7376 16662
7377 16661
7378 16660
7379 16659
7380 16658
7381 16657
7382 16656
7383 16655
7384 16654
7385 16653
7386 12118
7387 12117
7388 12116
7389 12115
7390 12114
7391 12113
7392 12112
7393 12111
7394 12110
7395 12109
7396 12108
7397 12107
7398 16756
7399 16755
7400 16754
7401 16753
7402 16752
7403 16751
7404 16750
7405 16749
7406 16550
7407 16549
7408 16548
7409 16547
7410 16546
7411 16545
7412 16544
7413 16543
7414 15500
7415 15499
7416 15498
7417 15497
7418 15496
7419 15495
7420 15494
7421 15493
7422 16820
7423 16819
7424 16818
7425 16817
7426 16816
7427 16815
7428 16814
7429 16603
7430 16602
7431 16601
7432 16600
7433 16599
7434 16598
7435 16597
7436 16596
7437 16595
7438 16594
7439 16593
7440 16592
7441 16908
7442 16907
7443 16906
7444 16905
7445 16904
7446 16903
7447 16902
7448 16901
7449 13903
7450 13902
7451 13901
7452 13900
7453 13899
7454 13898
7455 13897
7456 13896
7457 12700
7458 12699
7459 12698
7460 12697
7461 12696
7462 12695
7463 12694
7464 12693
7465 17011
7466 17010
7467 17009
7468 17008
7469 17007
7470 17006
7471 17005
7472 12672
7473 12671
7474 12670
7475 12669
7476 12668
7477 12667
7478 12666
7479 12665
7480 12664
7481 12663
7482 12662
7483 12661
7484 13700
7485 13699
7486 13698
7487 13697
7488 13696
7489 13695
7490 13694
7491 13693
7492 12583
7493 12582
7494 12581
7495 12580
7496 12579
7497 12578
7498 12577
7499 12576
7500 13653
7501 13652
7502 13651
7503 13650
7504 13649
7505 13648
7506 13647
7507 13646
7508 13645
7509 13644
7510 13643
7511 13642
7512 13641
7513 13640
7514 13639
7515 13638
7516 13637
7517 13636
7518 13635
7519 13634
7520 13633
7521 13632
7522 13631
7523 13630
7524 13629
7525 13628
7526 13627
7527 12435
7528 12434
7529 12433
7530 12432
7531 12431
7532 12430
7533 12429
7534 12428
7535 13587
7536 13586
7537 13585
7538 13584
7539 13583
7540 13582
7541 13581
7542 13580
7543 13082
7544 13081
7545 13080
7546 13079
7547 13078
7548 13077
7549 13076
7550 13075
7551 17292
7552 17291
7553 17290
7554 17289
7555 17288
7556 17287
7557 17286
7558 17285
7559 17284
7560 17283
7561 17282
7562 17281
7563 17280
7564 17279
7565 17278
7566 17277
7567 17276
7568 17275
7569 17274
7570 13184
7571 13183
7572 13182
7573 13181
7574 13180
7575 13179
7576 13178
7577 13177
7578 13391
7579 13390
7580 13389
7581 13388
7582 13387
7583 13386
7584 13385
7585 13384
7586 13473
7587 13472
7588 13471
7589 13470
7590 13469
7591 13468
7592 13467
7593 13486
7594 13485
7595 13484
7596 13483
7597 13482
7600 13491
7601 13490
7602 13489
7603 13488
7604 13487
7605 13466
7606 13465
7607 13464
7608 13463
7609 13462
7610 13461
7611 13460
7612 13459
7613 17395
7614 17394
7615 17393
7616 17392
7617 17391
7618 17390
7619 17389
7620 17388
7621 17387
7622 17386
7623 17385
7624 17384
7625 17383
7626 17382
7627 17381
7628 17380
7629 13250
7630 13249
7631 13248
7632 13247
7633 13246
7634 13245
7635 13244
7636 13243
7637 13242
7638 13241
7639 13240
7640 13239
7641 13238
7642 13237
7643 13236
7644 13235
7645 13234
7646 13233
7647 13232
7648 13231
7649 13230
7650 13229
7651 13228
7652 13227
7653 13226
7654 17238
7655 17237
7656 17236
7657 17235
7658 17234
7659 17233
7660 17232
7661 17231
7662 17230
7663 17229
7664 17228
7665 17227
7666 17226
7667 17225
7668 17224
7669 17223
7670 12443
7671 12442
7672 12441
7673 12440
7674 12439
7675 12438
7676 12437
7677 12436
7678 13626
7679 13625
7680 13624
7681 13623
7682 13622
7683 13621
7684 13620
7685 12970
7686 12969
7687 12968
7688 12967
7689 12966
7690 12965
7691 12964
7692 12527
7693 12526
7694 12525
7695 12524
7696 12523
7697 12522
7698 12521
7699 12520
7700 12519
7701 12518
7702 12517
7703 12516
7704 12515
7705 12514
7706 12513
7707 12512
7708 12511
7709 12510
7710 12591
7711 12590
7712 12589
7713 12588
7714 12587
7715 12586
7716 12585
7717 12584
7718 13692
7719 13691
7720 13690
7721 13689
7722 13688
7723 13687
7724 13686
7725 13847
7726 13846
7727 13845
7728 13844
7729 13843
7730 13842
7731 13841
7732 13840
7733 13839
7734 13838
7735 13837
7736 13836
7737 13835
7738 13834
7739 13833
7740 13832
7741 13831
7742 13830
7743 13829
7744 13828
7745 13827
7746 13826
7747 13825
7748 13824
7749 13823
7750 12708
7751 12707
7752 12706
7753 12705
7754 12704
7755 12703
7756 12702
7757 12701
7758 13895
7759 13894
7760 13893
7761 13892
7762 13891
7763 13890
7764 13889
7765 15550
7766 15549
7767 15548
7768 15547
7769 15546
7770 15545
7771 15544
7772 15543
7773 15542
7774 15541
7775 15540
7776 15539
7777 15538
7778 15537
7779 15536
7780 15535
7781 16837
7782 16836
7783 16835
7784 16834
7785 16833
7786 16832
7787 16831
7788 16830
7789 16829
7790 16828
7791 16827
7792 16826
7793 16825
7794 16824
7795 16823
7796 16822
7797 16821
7798 15492
7799 15491
7800 15490
7801 15489
7802 15488
7803 15487
7804 15486
7805 15485
7806 15484
7807 15483
7808 15482
7809 15481
7810 15480
7811 15479
7812 15478
7813 15477
7814 15476
7815 15475
7816 15474
7817 15473
7818 15472
7819 15471
7820 15470
7821 12153
7822 12152
7823 12151
7824 12150
7825 12149
7826 12148
7827 12147
7828 12146
7829 12145
7830 12144
7831 12143
7832 12142
7833 12141
7834 12140
7835 12139
7836 12138
7837 12137
7838 12136
7839 12135
7840 12134
7841 12133
7842 12132
7843 12131
7844 12130
7845 12129
7846 12071
7847 12070
7848 12069
7849 12068
7850 12067
7851 12066
7852 12065
7853 12064
7854 12063
7855 12062
7856 12061
7857 12060
7858 12059
7859 12058
7860 12057
7861 12056
7862 15800
7863 15799
7864 15798
7865 15797
7866 15796
7867 15795
7868 15794
7869 15793
7870 14066
7871 14065
7872 14064
7873 14063
7874 14062
7875 14061
7876 14060
7877 11913
7878 11912
7879 11911
7880 11910
7881 11909
7882 11908
7883 11907
7884 15884
7885 15883
7886 15882
7887 15881
7888 15880
7889 15879
7890 15878
7891 15877
7892 15876
7893 15875
7894 15874
7895 15873
7896 15872
7897 15871
7898 15870
7899 15869
7900 15868
7901 15867
7902 15948
7903 15947
7904 15946
7905 15945
7906 15944
7907 15943
7908 15942
7909 15941
7910 14132
7911 14131
7912 14130
7913 14129
7914 14128
7915 14127
7916 14126
7917 14266
7918 14265
7919 14264
7920 14263
7921 14262
7922 14261
7923 14260
7924 14259
7925 14258
7926 14257
7927 14256
7928 14255
7929 14254
7930 14253
7931 14252
7932 14251
7933 14250
7934 14249
7935 14248
7936 14247
7937 14246
7938 14245
7939 14244
7940 14243
7941 14305
7942 14304
7943 14303
7944 14302
7945 14301
7946 14300
7947 14299
7948 14298
7949 14799
7950 14798
7951 14797
7952 14796
7953 14795
7954 14794
7955 14793
7956 14792
7957 14791
7958 14790
7959 14789
7960 14788
7961 14787
7962 14786
7963 14785
7964 14784
7965 14783
7966 14782
7967 14781
7968 14780
7969 14779
7970 14778
7971 15117
7972 15116
7973 15115
7974 15114
7975 15113
7976 15112
7977 15111
7978 15110
7979 15109
7980 15108
7981 15107
7982 15106
7983 15105
7984 15104
7985 15103
7986 15102
7987 15101
7988 15100
7989 15099
7990 15098
7991 15097
7992 15096
7993 15095
7994 15094
7995 15093
7996 15092
7997 15091
7998 15090
7999 15089
8000 15088
8001 15087
8002 15086
8003 15085
8004 15084
8005 15083
8006 15082
8007 15081
8008 15080
8009 15079
8010 11613
8011 11612
8012 11611
8013 11610
8014 11609
8015 11608
8016 11607
8017 11606
8018 11605
8019 11604
8020 11603
8021 11602
8022 11601
8023 11556
8024 11555
8025 11554
8026 11553
8027 11552
8028 11551
8029 11550
8030 11549
8031 11548
8032 10447
8033 10446
8034 10445
8035 10444
8036 10443
8037 10442
8038 10441
8039 10440
8040 11530
8041 11529
8042 11528
8043 11527
8044 11526
8045 11525
8046 11524
8047 11523
8048 11522
8049 11521
8050 11520
8051 11519
8052 11518
8053 10239
8054 10238
8055 10237
8056 10236
8057 10235
8058 10234
8059 10233
8060 10232
8061 10231
8062 10109
8063 10108
8064 10107
8065 10106
8066 10105
8067 10104
8068 10103
8069 11337
8070 11336
8071 11335
8072 11334
8073 11333
8074 11332
8075 11331
8076 11330
8077 11329
8078 11328
8079 11327
8080 11326
8081 11325
8082 11324
8083 11323
8084 11322
8085 11321
8086 11320
8087 11319
8088 11318
8089 11317
8090 11316
8091 9354
8092 9353
8093 9352
8094 9351
8095 9350
8096 9349
8097 9348
8098 9347
8099 9346
8100 9345
8101 9344
8102 9343
8103 9342
8104 9341
8105 9340
8106 9339
8107 9338
8108 9337
8109 9336
8110 9335
8111 9334
8112 9333
8113 9332
8114 9331
8115 9330
8116 9329
8117 9328
8118 9327
8119 9326
8120 9325
8121 9324
8122 9323
8123 9322
8124 9321
8125 9320
8126 9319
8127 9318
8128 9317
8129 9316
8130 11193
8131 11192
8132 11191
8133 11190
8134 11189
8135 11188
8136 11187
8137 11186
8138 11185
8139 11184
8140 11183
8143 11182
8144 11181
8145 11180
8146 11179
8147 11178
8148 11177
8149 11176
8150 11175
8151 11174
8152 11173
8153 11172
8154 11171
8155 11170
8156 11169
8157 11168
8158 11167
8159 11166
8160 11165
8161 11164
8162 10890
8163 10889
8164 10888
8165 10887
8166 10886
8167 10885
8168 10884
8169 10883
8170 10882
8171 10881
8172 10880
8173 10879
8174 10878
8175 10877
8176 10876
8177 10875
8178 10874
8179 10873
8180 10872
8181 10871
8182 10870
8183 10869
8184 10868
8185 9362
8186 9361
8187 9360
8188 9359
8189 9358
8190 9357
8191 9356
8192 9355
8193 11315
8194 11314
8195 11313
8196 11312
8197 11311
8198 11310
8199 11309
8200 11308
8201 11307
8202 11351
8203 11350
8204 11349
8205 11348
8206 11347
8207 11346
8208 11345
8209 11344
8210 11343
8211 11342
8212 11341
8213 11340
8214 11339
8215 11338
8216 10102
8217 10101
8218 10100
8219 10099
8220 10098
8221 10097
8222 10096
8223 10095
8224 10094
8225 10093
8226 10092
8227 10091
8228 10090
8229 10089
8230 10088
8231 10087
8232 10086
8233 10085
8234 10084
8235 10083
8236 10082
8237 10081
8238 10080
8239 10079
8240 10078
8241 10077
8242 10076
8243 10075
8244 10074
8245 10073
8246 10072
8247 10071
8248 10070
8249 10069
8250 10068
8251 10067
8252 10066
8253 10065
8254 10064
8255 10063
8256 10062
8257 10061
8258 10060
8259 10059
8260 10058
8261 10057
8262 10056
8263 10055
8264 10054
8265 10053
8266 10052
8267 10051
8268 10050
8269 10049
8270 10048
8271 10047
8272 10046
8273 10045
8274 10044
8275 10043
8276 10042
8277 10041
8278 10040
8279 10039
8280 10038
8281 10037
8282 10036
8283 10035
8284 10034
8285 10033
8286 14487
8287 14486
8288 14485
8289 14484
8290 14483
8291 14482
8292 14481
8293 14480
8294 14479
8295 14478
8296 14477
8297 14476
8298 14475
8299 14474
8300 14473
8301 14472
8302 14471
8303 14470
8304 14469
8305 14468
8306 14467
8307 14466
8308 14465
8309 15125
8310 15124
8311 15123
8312 15122
8313 15121
8314 15120
8315 15119
8316 15118
8317 14777
8318 14776
8319 14775
8320 14774
8321 14773
8322 14772
8323 14771
8324 14770
8325 14769
8326 14813
8327 14812
8328 14811
8329 14810
8330 14809
8331 14808
8332 14807
8333 14806
8334 14805
8335 14804
8336 14803
8337 14802
8338 14801
8339 14800
8340 14297
8341 14296
8342 14295
8343 14294
8344 14293
8345 14292
8346 14291
8347 14290
8348 14289
8349 14288
8350 14287
8351 14286
8352 14285
8353 14284
8354 14283
8355 14282
8356 14281
8357 14280
8358 14279
8359 14278
8360 14277
8361 14276
8362 14275
8363 14274
8364 14273
8365 14272
8366 14271
8367 14270
8368 14269
8369 14268
8370 14267
8371 14125
8372 14124
8373 14123
8374 14122
8375 14121
8376 14120
8377 14119
8378 14118
8379 14117
8380 14116
8381 14115
8382 14114
8383 14113
8384 14112
8385 14111
8386 14110
8387 14109
8388 14108
8389 14107
8390 14106
8391 14105
8392 14104
8393 14103
8394 14102
8395 11899
8396 11898
8397 11897
8398 11896
8399 11895
8400 11894
8401 11893
8402 11892
8403 11891
8404 11890
8405 11920
8406 11919
8407 11918
8408 11917
8409 11916
8410 11915
8411 11914
8412 14059
8413 14058
8414 14057
8415 14056
8416 14055
8417 14054
8418 14053
8419 14052
8420 14051
8421 14050
8422 14049
8423 14048
8424 14047
8425 14046
8426 14045
8427 14044
8428 14043
8429 14042
8430 14041
8431 14040
8432 14039
8433 14038
8434 14037
8435 14036
8436 12079
8437 12078
8438 12077
8439 12076
8440 12075
8441 12074
8442 12073
8443 12072
8444 12128
8445 12127
8446 12126
8447 12125
8448 12124
8449 12123
8450 12122
8451 12121
8452 12120
8453 12119
8454 16652
8455 16651
8456 16650
8457 16649
8458 16648
8459 16647
8460 16646
8461 16645
8462 16644
8463 16643
8464 16642
8465 16641
8466 16640
8467 16639
8468 16638
8469 16637
8470 16636
8471 16635
8472 16634
8473 16633
8474 16632
8475 16631
8476 16630
8477 16629
8478 16628
8479 16627
8480 16626
8481 16625
8482 16624
8483 16623
8484 16622
8485 16621
8486 16620
8487 16619
8488 16618
8489 16617
8490 16616
8491 16615
8492 16614
8493 16613
8494 16612
8495 16611
8496 16610
8497 16609
8498 16608
8499 16607
8500 16606
8501 16605
8502 16604
8503 16813
8504 16812
8505 16811
8506 16810
8507 16809
8508 16808
8509 16807
8510 16806
8511 16805
8512 16804
8513 16803
8514 16802
8515 16801
8516 16800
8517 16799
8518 15558
8519 15557
8520 15556
8521 15555
8522 15554
8523 15553
8524 15552
8525 15551
8526 13888
8527 13887
8528 13886
8529 13885
8530 13884
8531 13883
8532 13882
8533 13881
8534 13880
8535 13879
8536 13878
8537 13877
8538 13876
8539 13875
8540 13874
8541 13873
8542 13872
8543 13871
8544 13870
8545 13869
8546 13868
8547 13867
8548 13866
8549 13865
8550 13864
8551 13863
8552 13862
8553 13861
8554 13860
8555 13859
8556 13858
8557 13857
8558 13856
8559 13855
8560 13854
8561 13853
8562 13852
8563 13851
8564 13850
8565 13849
8566 13848
8567 13685
8568 13684
8569 13683
8570 13682
8571 13681
8572 13680
8573 13679
8574 13678
8575 13677
8576 13676
8577 13675
8578 13674
8579 13673
8580 13672
8581 13671
8582 13670
8583 13669
8584 13668
8585 13667
8586 13666
8587 13665
8588 13664
8589 13663
8590 13662
8591 12987
8592 12986
8593 12985
8594 12984
8595 12983
8596 12982
8597 12981
8598 12980
8599 12979
8600 12978
8601 12977
8602 12976
8603 12975
8604 12974
8605 12973
8606 12972
8607 12971
8608 13619
8609 13618
8610 13617
8611 13616
8612 13615
8613 13614
8614 13613
8615 13612
8616 13611
8617 13610
8618 13609
8619 13608
8620 13607
8621 13606
8622 13605
8623 13604
8624 13603
8625 13602
8626 13601
8627 13600
8628 13599
8629 13598
8630 13597
8631 13596
8632 17246
8633 17245
8634 17244
8635 17243
8636 17242
8637 17241
8638 17240
8639 17239
8640 13225
8641 13224
8642 13223
8643 13222
8644 13221
8645 13220
8646 13219
8647 13218
8648 13217
8649 13216
8650 13215
8651 13214
8652 13213
8653 13212
8654 13211
8655 13210
8656 13209
8657 13208
8658 13207
8659 13206
8660 13205
8661 13204
8662 13203
8663 13202
8664 13201
8665 13200
8666 13199
8667 13198
8668 13197
8669 13196
8670 13195
8671 13194
8672 13193
8673 17403
8674 17402
8675 17401
8676 17400
8677 17399
8678 17398
8679 17397
8680 17396
8681 13458
8682 13457
8683 13456
8684 13455
8685 13454
8686 13453
8687 13452
8690 17419
8691 17418
8692 17417
8693 17416
8694 17415
8695 17414
8696 17413
8697 17412
8698 17411
8699 17410
8700 17409
8701 17408
8702 17407
8703 17406
8704 17405
8705 17404
8706 13192
8707 13191
8708 13190
8709 13189
8710 13188
8711 13187
8712 13186
8713 13185
8714 17273
8715 17272
8716 17271
8717 17270
8718 17269
8719 17268
8720 17267
8721 17266
8722 17265
8723 17264
8724 17263
8725 17262
1590 9272
4857 11097
5411 13442
6501 12303
6502 13481
