0 7101
1 7100
2 7099
3 7098
4 7097
5 7096
6 7095
7 7094
8 7093
9 7092
10 7091
11 7090
12 7089
13 7088
14 7087
15 7086
16 7085
17 7084
18 7083
19 7082
20 7081
21 7080
22 7079
23 7078
24 7077
25 7076
26 7075
27 7074
28 7073
29 7072
30 7071
31 7070
32 7069
33 7068
34 7067
35 7066
36 7065
37 7064
38 7063
39 7062
40 7061
41 7060
42 7059
43 7058
44 7057
45 7056
46 7055
47 7054
48 7053
49 7052
50 7051
51 7050
52 7049
53 7048
54 7047
55 7046
56 7045
57 7044
58 7043
59 7728
60 7727
61 7726
62 7725
63 7724
64 7723
65 7722
66 7721
67 8043
68 8042
69 8041
70 8040
71 8039
72 8038
73 8037
74 8036
75 8035
76 8034
77 8033
78 8032
79 8031
80 8030
81 8029
82 8028
83 8027
84 8026
85 8025
86 8024
87 8023
88 8022
89 8021
90 7753
91 7752
92 7751
93 7750
94 7749
95 7748
96 7747
97 7746
98 7745
99 8689
100 8688
101 8687
102 8686
103 8685
104 8684
105 8683
106 8682
107 8681
108 8680
109 8679
110 8678
111 8677
112 8676
113 8675
114 8674
115 8673
116 8672
117 8671
118 8670
119 8669
120 8668
121 8667
122 8666
123 8916
124 8915
125 8914
126 8913
127 8912
128 8911
129 8910
130 8909
131 9737
132 9736
133 9735
134 9734
135 9733
136 9732
137 9731
138 9730
139 9729
140 9728
141 9727
142 9726
143 9725
144 9724
145 9723
146 9722
147 9721
148 9720
149 9719
150 9718
151 9717
152 9716
153 9715
154 9714
155 9713
156 9712
157 9792
158 9791
159 9790
160 9789
161 9788
162 9787
163 9786
164 9785
165 9640
166 9639
167 9638
168 9637
169 9636
170 9635
171 9634
172 9633
173 9632
174 9631
175 9630
176 9629
177 9628
178 9627
179 9626
180 9625
181 9624
182 9623
183 9622
184 9621
185 9620
186 9619
187 9618
188 9617
189 9616
190 9615
191 9614
192 9613
193 9612
194 9611
195 10390
196 10389
197 10388
198 10387
199 10386
200 10385
201 10384
202 10383
203 10382
204 10381
205 10380
206 10379
207 10378
208 10377
209 10376
210 10375
211 10374
212 10373
213 10372
214 10371
215 10370
216 10369
217 10368
218 10367
219 10366
220 10365
221 10930
222 10929
223 10928
224 10927
225 10926
226 10925
227 10924
228 10923
229 11031
230 11030
231 11029
232 11028
233 11027
234 11026
235 11025
236 11024
237 11023
238 11022
239 11021
240 11020
241 11019
242 11018
243 10973
244 10972
245 10971
246 10970
247 10969
248 10968
249 10967
250 10966
251 10965
252 10964
253 10963
254 10962
255 11072
256 11071
257 11070
258 11069
259 11068
260 11067
261 11066
262 11065
263 11804
264 11803
265 11802
266 11801
267 11800
268 11799
269 11798
270 11797
271 11796
272 11795
273 11794
274 11793
275 11792
276 11791
277 11790
278 11789
279 11788
280 11787
281 11786
282 11785
283 11784
284 11783
285 11782
286 11781
287 11780
288 11779
289 11778
290 11777
291 12091
292 12090
293 12089
294 12088
295 12087
296 12086
297 12085
298 12084
299 12083
300 12082
301 12081
302 12080
303 12079
304 12078
305 12077
306 12076
307 12075
308 12074
309 12073
310 12072
311 12071
312 12070
313 12069
314 12068
315 12067
316 12066
317 12065
318 12064
319 12947
320 12946
321 12945
322 12944
323 12943
324 12942
325 12941
326 12940
327 12645
328 12644
329 12643
330 12642
331 12641
332 12640
333 12639
334 12638
335 12637
336 12636
337 12635
338 12634
339 12683
340 12682
341 12681
342 12680
343 12679
344 12678
345 12677
346 12676
347 12675
348 12674
349 12673
350 12672
351 12671
352 12670
353 13091
354 13090
355 13089
356 13088
357 13087
358 13086
359 13085
360 13084
361 12133
362 12132
363 12131
364 12130
365 12129
366 12128
367 12127
368 12126
369 12125
370 12124
371 12123
372 12122
373 12121
374 12120
375 12119
376 12118
377 12117
378 12116
379 12115
380 12114
381 12113
382 12112
383 12111
384 12110
385 12109
386 12108
387 12107
388 12106
389 12105
392 12494
393 12493
394 12492
395 12491
396 12490
397 12242
398 12241
399 12240
400 12239
401 12238
402 12237
403 12236
404 12235
405 12141
406 12140
407 12139
408 12138
409 12137
410 12136
411 12135
412 12134
413 13083
414 13082
415 13081
416 13080
417 13079
418 13078
419 13077
420 13076
421 13075
422 13074
423 13073
424 13072
425 13071
426 13070
427 13069
428 13068
429 13067
430 13066
431 13065
432 13064
433 13063
434 13062
435 12656
436 12655
437 12654
438 12653
439 12652
440 12651
441 12650
442 12649
443 12648
444 12647
445 12646
446 12939
447 12938
448 12937
449 12936
450 12935
451 12934
452 12933
453 12932
454 12931
455 12930
456 12929
457 12928
458 12927
459 12926
460 12925
461 12924
462 11418
463 11417
464 11416
465 11415
466 11414
467 11413
468 11412
469 11411
470 11391
471 11390
472 11389
473 11388
474 11387
475 11386
476 11385
477 11384
478 11383
479 11382
480 11381
481 11380
482 11379
483 11464
484 11463
485 11462
486 11461
487 11460
488 11459
489 11458
490 11457
491 11456
492 11455
493 11454
494 11453
495 11452
496 11573
497 11572
498 11571
499 11570
500 11569
501 11568
502 11567
503 11566
504 11812
505 11811
506 11810
507 11809
508 11808
509 11807
510 11806
511 11805
512 11064
513 11063
514 11062
515 11061
516 11060
517 11059
518 11058
519 11057
520 11056
521 11055
522 11054
523 11053
524 11052
525 11051
526 11050
527 11049
528 11048
529 11047
530 11046
531 11045
532 11044
533 11043
534 11042
535 11041
536 11040
537 11039
538 11038
539 11037
540 11036
541 11035
542 11034
543 11033
544 11032
545 10922
546 10921
547 10920
548 10919
549 10918
550 10917
551 10916
552 10915
553 10914
554 10913
555 10912
556 10911
557 10910
558 10909
559 10908
560 10907
561 9155
562 9154
563 9153
564 9152
565 9151
566 9150
567 9149
568 9148
569 9130
570 9129
571 9128
572 9127
573 9126
574 9125
575 9124
576 9123
577 9122
578 9121
579 9120
580 9203
581 9202
582 9201
583 9200
584 9199
585 9198
586 9197
587 9196
588 9195
589 9194
590 9193
591 9192
592 9191
593 9190
594 9189
595 9407
596 9406
597 9405
598 9404
599 9403
600 9402
601 9401
602 9400
603 9648
604 9647
605 9646
606 9645
607 9644
608 9643
609 9642
610 9641
611 9784
612 9783
613 9782
614 9781
615 9780
616 9779
617 9778
618 9777
619 9776
620 9775
621 9774
622 9773
623 9772
624 9771
625 9770
626 9769
627 9768
628 9767
629 9702
630 9701
631 9700
632 9699
633 9698
634 9697
635 9696
636 9695
637 9744
638 9743
639 9742
640 9741
641 9740
642 9739
643 9738
644 8908
645 8907
646 8906
647 8905
648 8904
649 8903
650 8902
651 8901
652 8900
653 8899
654 8898
655 8897
656 8896
657 8895
658 8894
659 8893
660 8310
661 8309
662 8308
663 8307
664 8306
665 8305
666 8304
667 8303
668 7770
669 7769
670 7768
671 7767
672 7766
673 7765
674 7764
675 7763
676 7762
677 8451
678 8450
679 8449
680 8448
681 8447
682 8446
683 8445
684 8444
685 8443
686 8442
687 8441
688 8440
689 8439
690 8438
691 8437
692 8436
693 8435
694 7824
695 7823
696 7822
697 7821
698 7820
699 7819
700 7818
701 7817
702 8051
703 8050
704 8049
705 8048
706 8047
707 8046
708 8045
709 8044
710 7720
711 7719
712 7718
713 7717
714 7716
715 7715
716 7714
717 7713
718 7712
719 7711
720 7710
721 7709
722 7708
723 7707
724 7706
725 7705
726 7131
727 7130
728 7129
729 7128
730 7127
731 7126
732 7125
733 7124
734 7123
735 7122
736 7621
737 7620
738 7619
739 7618
740 7617
741 7616
742 7615
743 7614
744 7613
745 7612
746 7611
747 7610
748 7609
749 7608
750 7607
751 7606
752 7605
753 7604
754 7603
755 7602
756 7601
757 7600
758 7599
759 7598
760 6667
761 6666
762 6665
763 6664
764 6663
767 6672
768 6671
769 6670
770 6669
771 6668
772 7597
773 7596
774 7595
775 7594
776 7593
777 7592
778 7591
779 7590
780 6754
781 6753
782 6752
783 6751
784 6750
785 6749
786 6748
787 6747
788 7393
789 7392
790 7391
791 7390
792 7389
793 7388
794 7387
795 7386
796 7385
797 7384
798 7383
799 7382
800 7381
801 7380
802 7379
803 7378
804 7377
805 7376
806 7375
807 7374
808 7373
809 7372
810 7371
811 7370
812 7369
813 7155
814 7154
815 7153
816 7152
817 7151
818 7150
819 7149
820 7148
821 7839
822 7838
823 7837
824 7836
825 7835
826 7834
827 7833
828 7832
829 7831
830 7830
831 7829
832 7828
833 7827
834 7826
835 7825
836 8434
837 8433
838 8432
839 8431
840 8430
841 8429
842 8428
843 8427
844 7959
845 7958
846 7957
847 7956
848 7955
849 7954
850 7953
851 7952
852 7951
853 8326
854 8325
855 8324
856 8323
857 8322
858 8321
859 8320
860 8319
861 8318
862 8317
863 8316
864 8315
865 8314
866 8313
867 8312
868 8311
869 8892
870 8891
871 8890
872 8889
873 8888
874 8887
875 8886
876 8885
877 8238
878 8237
879 8236
880 8235
881 8234
882 8233
883 8232
884 8231
885 8749
886 8748
887 8747
888 8746
889 8745
890 8744
891 8743
892 8742
893 8741
894 8740
895 8739
896 8738
897 8737
898 8736
899 8735
900 8734
901 10052
902 10051
903 10050
904 10049
905 10048
906 10047
907 10046
908 10045
909 10044
910 10043
911 10093
912 10092
913 10091
914 10090
915 10089
916 10088
917 10087
918 10086
919 9422
920 9421
921 9420
922 9419
923 9418
924 9417
925 9416
926 9415
927 9414
928 9413
929 9412
930 9411
931 9410
932 9409
933 9408
934 9188
935 9187
936 9186
937 9185
938 9184
939 9183
940 9182
941 9181
942 9180
943 9179
944 9178
945 9177
946 9176
947 9175
948 9174
949 9173
950 9172
951 9171
952 9170
953 9169
954 9168
955 9167
956 9166
957 9165
958 9164
959 9163
960 9162
961 9161
962 9160
963 9159
964 9158
965 9157
966 9156
967 10906
968 10905
969 10904
970 10903
971 10902
972 10901
973 10900
974 10899
975 9554
976 9553
977 9552
978 9551
979 9550
980 9549
981 9548
982 9547
983 10589
984 10588
985 10587
986 10586
987 10585
988 10584
989 10583
990 10582
991 10581
992 10580
993 10579
994 10578
995 10577
996 10576
997 10625
998 10624
999 10623
1000 10622
1001 10621
1002 10620
1003 10619
1004 10618
1005 10617
1006 10616
1007 10615
1008 10614
1009 10678
1010 10677
1011 10676
1012 10675
1013 10674
1014 10673
1015 10672
1016 10671
1017 11588
1018 11587
1019 11586
1020 11585
1021 11584
1022 11583
1023 11582
1024 11581
1025 11580
1026 11579
1027 11578
1028 11577
1029 11576
1030 11575
1031 11574
1032 11451
1033 11450
1034 11449
1035 11448
1036 11447
1037 11446
1038 11445
1039 11444
1040 11443
1041 11442
1042 11441
1043 11440
1044 11439
1045 11438
1046 11437
1047 11436
1048 11435
1049 11434
1050 11433
1051 11432
1052 11431
1053 11430
1054 11429
1055 11428
1056 11427
1057 11426
1058 11425
1059 11424
1060 11423
1061 11422
1062 11421
1063 11420
1064 11419
1065 12923
1066 12922
1067 12921
1068 12920
1069 12919
1070 12918
1071 12917
1072 12916
1073 11720
1074 11719
1075 11718
1076 11717
1077 11716
1078 11715
1079 11714
1080 11713
1081 13050
1082 13049
1083 13048
1084 13047
1085 13046
1086 13045
1087 13044
1088 13043
1089 13042
1090 13041
1091 13040
1092 13039
1093 13038
1094 13037
1095 13036
1096 13035
1097 13034
1098 13033
1099 13032
1100 13031
1101 13030
1102 13029
1103 13028
1104 13027
1105 13026
1106 13025
1107 12589
1108 12588
1109 12587
1110 12586
1111 12585
1112 12584
1113 12583
1114 12582
1115 12257
1116 12256
1117 12255
1118 12254
1119 12253
1120 12252
1121 12251
1122 12250
1123 12249
1124 12248
1125 12247
1126 12246
1127 12245
1128 12244
1129 12243
1130 12489
1131 12488
1132 12487
1133 12486
1134 12485
1137 12341
1138 12340
1139 12339
1140 12338
1141 12337
1142 12738
1143 12737
1144 12736
1145 12735
1146 12734
1147 12733
1148 12732
1149 12731
1150 12265
1151 12264
1152 12263
1153 12262
1154 12261
1155 12260
1156 12259
1157 12258
1158 12581
1159 12580
1160 12579
1161 12578
1162 12577
1163 12576
1164 12575
1165 12574
1166 12573
1167 12572
1168 12571
1169 12570
1170 12569
1171 12568
1172 12567
1173 12566
1174 12565
1175 12564
1176 12563
1177 12562
1178 12561
1179 12560
1180 13061
1181 13060
1182 13059
1183 13058
1184 13057
1185 13056
1186 13055
1187 13054
1188 13053
1189 13052
1190 13051
1191 11712
1192 11711
1193 11710
1194 11709
1195 11708
1196 11707
1197 11706
1198 11705
1199 11704
1200 11703
1201 11702
1202 11701
1203 11700
1204 11699
1205 11698
1206 11697
1207 11233
1208 11232
1209 11231
1210 11230
1211 11229
1212 11228
1213 11227
1214 11226
1215 11292
1216 11291
1217 11290
1218 11289
1219 11288
1220 11287
1221 11286
1222 11285
1223 11284
1224 11283
1225 11282
1226 11281
1227 11280
1228 11279
1229 11278
1230 11277
1231 11276
1232 11275
1233 11274
1234 11273
1235 11272
1236 11271
1237 11270
1238 11269
1239 11268
1240 11267
1241 11143
1242 11142
1243 11141
1244 11140
1245 11139
1246 11138
1247 11137
1248 11136
1249 11596
1250 11595
1251 11594
1252 11593
1253 11592
1254 11591
1255 11590
1256 11589
1257 10670
1258 10669
1259 10668
1260 10667
1261 10666
1262 10665
1263 10664
1264 10663
1265 10662
1266 10661
1267 10660
1268 10659
1269 10658
1270 10657
1271 10656
1272 10655
1273 10654
1274 10653
1275 10652
1276 10651
1277 10602
1278 10601
1279 10600
1280 10599
1281 10598
1282 10597
1283 10596
1284 10595
1285 10594
1286 10593
1287 10592
1288 10591
1289 10590
1290 9546
1291 9545
1292 9544
1293 9543
1294 9542
1295 9541
1296 9540
1297 9539
1298 9538
1299 9537
1300 9536
1301 9535
1302 9534
1303 9533
1304 9532
1305 9531
1306 9252
1307 9251
1308 9250
1309 9249
1310 9248
1311 9247
1312 9246
1313 9245
1314 10190
1315 10189
1316 10188
1317 10187
1318 10186
1319 10185
1320 10184
1321 10183
1322 10182
1323 10181
1324 10180
1325 9300
1326 9299
1327 9298
1328 9297
1329 9296
1330 9295
1331 9294
1332 9293
1333 9292
1334 9291
1335 9290
1336 9289
1337 9288
1338 9287
1339 9286
1340 9863
1341 9862
1342 9861
1343 9860
1344 9859
1345 9858
1346 9857
1347 9856
1348 9430
1349 9429
1350 9428
1351 9427
1352 9426
1353 9425
1354 9424
1355 9423
1356 10085
1357 10084
1358 10083
1359 10082
1360 10081
1361 10080
1362 10079
1363 10078
1364 10077
1365 10076
1366 10075
1367 10074
1368 10073
1369 10072
1370 10071
1371 10070
1372 10069
1373 10068
1374 10067
1375 10066
1376 10065
1377 10064
1378 10063
1379 10062
1380 10061
1381 10060
1382 8756
1383 8755
1384 8754
1385 8753
1386 8752
1387 8751
1388 8750
1389 8230
1390 8229
1391 8228
1392 8227
1393 8226
1394 8225
1395 8224
1396 8223
1397 8222
1398 8221
1399 8220
1400 8219
1401 8218
1402 8217
1403 8216
1404 8215
1405 8527
1406 8526
1407 8525
1408 8524
1409 8523
1410 8522
1411 8521
1412 8520
1413 7943
1414 7942
1415 7941
1416 7940
1417 7939
1418 7938
1419 7937
1420 7936
1421 7935
1422 7934
1423 7933
1424 7932
1425 7931
1426 7930
1427 7929
1428 7928
1429 7927
1430 7926
1431 7925
1432 7924
1433 7923
1434 7922
1435 7921
1436 7920
1437 7919
1438 7918
1439 7233
1440 7232
1441 7231
1442 7230
1443 7229
1444 7228
1445 7227
1446 7226
1447 7847
1448 7846
1449 7845
1450 7844
1451 7843
1452 7842
1453 7841
1454 7840
1455 7147
1456 7146
1457 7145
1458 7144
1459 7143
1460 7142
1461 7141
1462 7140
1463 7139
1464 7138
1465 7137
1466 7136
1467 7135
1468 7134
1469 7133
1470 7132
1471 7361
1472 7360
1473 7359
1474 7358
1475 7357
1476 7356
1477 7355
1478 7354
1479 7353
1480 7352
1481 7401
1482 7400
1483 7399
1484 7398
1485 7397
1486 7396
1487 7395
1488 7394
1489 6746
1490 6745
1491 6744
1492 6743
1493 6742
1494 6741
1495 6740
1496 6739
1497 6738
1498 6737
1499 6736
1500 6735
1501 6734
1502 6733
1503 6732
1504 6731
1505 6628
1506 6627
1507 6626
1508 6625
1509 6624
1510 6623
1511 6622
1512 6621
1513 6648
1514 6647
1515 6646
1516 6645
1517 6644
1518 6643
1519 6642
1520 6641
1521 6640
1524 6657
1525 6656
1526 6655
1527 6654
1528 6653
1529 6652
1530 6651
1531 6650
1532 6649
1533 6620
1534 6619
1535 6618
1536 6617
1537 6616
1538 6615
1539 6614
1540 6613
1541 7581
1542 7580
1543 7579
1544 7578
1545 7577
1546 7576
1547 7575
1548 7574
1549 6903
1550 6902
1551 6901
1552 6900
1553 6899
1554 6898
1555 6897
1556 6896
1557 7408
1558 7407
1559 7406
1560 7405
1561 7404
1562 7403
1563 7402
1564 7351
1565 7350
1566 7349
1567 7348
1568 7347
1569 7346
1570 7345
1571 7344
1572 7343
1573 7342
1574 7341
1575 7340
1576 7339
1577 7338
1578 7337
1579 7336
1580 7335
1581 7334
1582 7333
1583 7332
1584 7331
1585 7330
1586 7329
1587 7328
1588 7854
1589 7853
1590 7852
1591 7851
1592 7850
1593 7849
1594 7848
1595 7225
1596 7224
1597 7223
1598 7222
1599 7221
1600 7220
1601 7219
1602 7218
1603 8418
1604 8417
1605 8416
1606 8415
1607 8414
1608 8413
1609 8412
1610 8411
1611 8334
1612 8333
1613 8332
1614 8331
1615 8330
1616 8329
1617 8328
1618 8327
1619 7950
1620 7949
1621 7948
1622 7947
1623 7946
1624 7945
1625 7944
1626 8519
1627 8518
1628 8517
1629 8516
1630 8515
1631 8514
1632 8513
1633 8512
1634 8876
1635 8875
1636 8874
1637 8873
1638 8872
1639 8871
1640 8870
1641 8869
1642 8617
1643 8616
1644 8615
1645 8614
1646 8613
1647 8612
1648 8611
1649 8610
1650 8764
1651 8763
1652 8762
1653 8761
1654 8760
1655 8759
1656 8758
1657 8757
1658 10059
1659 10058
1660 10057
1661 10056
1662 10055
1663 10054
1664 10053
1665 8955
1666 8954
1667 8953
1668 8952
1669 8951
1670 8950
1671 8949
1672 8948
1673 8947
1674 9982
1675 9981
1676 9980
1677 9979
1678 9978
1679 9977
1680 9976
1681 9975
1682 9437
1683 9436
1684 9435
1685 9434
1686 9433
1687 9432
1688 9431
1689 9855
1690 9854
1691 9853
1692 9852
1693 9851
1694 9850
1695 9849
1696 9848
1697 10213
1698 10212
1699 10211
1700 10210
1701 10209
1702 10208
1703 10207
1704 10206
1705 10205
1706 10204
1707 10203
1708 10202
1709 10201
1710 10200
1711 10199
1712 10198
1713 10197
1714 10196
1715 10195
1716 10194
1717 10193
1718 10192
1719 10191
1720 9244
1721 9243
1722 9242
1723 9241
1724 9240
1725 9239
1726 9238
1727 9237
1728 10890
1729 10889
1730 10888
1731 10887
1732 10886
1733 10885
1734 10884
1735 10883
1736 10316
1737 10315
1738 10314
1739 10313
1740 10312
1741 10311
1742 10310
1743 10309
1744 10794
1745 10793
1746 10792
1747 10791
1748 10790
1749 10789
1750 10788
1751 10787
1752 10786
1753 10785
1754 10784
1755 10783
1756 10782
1757 10478
1758 10477
1759 10476
1760 10475
1761 10474
1762 10473
1763 10472
1764 10471
1765 10470
1766 10469
1767 10468
1768 10549
1769 10548
1770 10547
1771 10546
1772 10545
1773 10544
1774 10543
1775 10542
1776 11603
1777 11602
1778 11601
1779 11600
1780 11599
1781 11598
1782 11597
1783 11135
1784 11134
1785 11133
1786 11132
1787 11131
1788 11130
1789 11129
1790 11128
1791 11315
1792 11314
1793 11313
1794 11312
1795 11311
1796 11310
1797 11309
1798 11308
1799 11307
1800 11306
1801 11305
1802 11304
1803 11303
1804 11302
1805 11301
1806 11300
1807 11299
1808 11298
1809 11297
1810 11296
1811 11295
1812 11294
1813 11293
1814 11225
1815 11224
1816 11223
1817 11222
1818 11221
1819 11220
1820 11219
1821 11218
1822 12907
1823 12906
1824 12905
1825 12904
1826 12903
1827 12902
1828 12901
1829 12900
1830 12015
1831 12014
1832 12013
1833 12012
1834 12011
1835 12010
1836 12009
1837 12008
1838 12549
1839 12548
1840 12547
1841 12546
1842 12545
1843 12544
1844 12543
1845 12542
1846 12541
1847 12540
1848 12539
1849 12538
1850 12537
1851 12536
1852 12535
1853 12534
1854 12533
1855 12532
1856 12531
1857 12530
1858 12529
1859 12528
1860 12527
1861 12526
1862 12456
1863 12455
1864 12454
1865 12453
1866 12452
1867 12451
1868 12450
1869 12449
1870 12272
1871 12271
1872 12270
1873 12269
1874 12268
1875 12267
1876 12266
1877 12730
1878 12729
1879 12728
1880 12727
1881 12726
1882 12725
1883 12724
1884 12723
1887 12722
1888 12721
1889 12720
1890 12719
1891 12718
1892 12717
1893 12716
1894 12715
1895 12156
1896 12155
1897 12154
1898 12153
1899 12152
1900 12151
1901 12150
1902 12149
1903 12597
1904 12596
1905 12595
1906 12594
1907 12593
1908 12592
1909 12591
1910 12590
1911 13024
1912 13023
1913 13022
1914 13021
1915 13020
1916 13019
1917 13018
1918 13017
1919 13016
1920 13015
1921 13014
1922 13013
1923 13012
1924 13011
1925 13010
1926 13009
1927 13008
1928 13007
1929 13006
1930 13005
1931 13004
1932 13003
1933 13002
1934 11728
1935 11727
1936 11726
1937 11725
1938 11724
1939 11723
1940 11722
1941 11721
1942 12915
1943 12914
1944 12913
1945 12912
1946 12911
1947 12910
1948 12909
1949 12908
1950 11217
1951 11216
1952 11215
1953 11214
1954 11213
1955 11212
1956 11211
1957 11210
1958 11476
1959 11475
1960 11474
1961 11473
1962 11472
1963 11471
1964 11470
1965 11469
1966 11468
1967 11467
1968 11466
1969 11465
1970 11327
1971 11326
1972 11325
1973 11324
1974 11323
1975 11322
1976 11321
1977 11320
1978 11319
1979 11318
1980 11317
1981 11316
1982 11127
1983 11126
1984 11125
1985 11124
1986 11123
1987 11122
1988 11121
1989 11120
1990 11827
1991 11826
1992 11825
1993 11824
1994 11823
1995 11822
1996 11821
1997 11820
1998 10686
1999 10685
2000 10684
2001 10683
2002 10682
2003 10681
2004 10680
2005 10679
2006 10613
2007 10612
2008 10611
2009 10610
2010 10609
2011 10608
2012 10607
2013 10606
2014 10605
2015 10604
2016 10603
2017 10650
2018 10649
2019 10648
2020 10647
2021 10646
2022 10645
2023 10644
2024 10643
2025 10642
2026 10641
2027 10640
2028 10639
2029 9562
2030 9561
2031 9560
2032 9559
2033 9558
2034 9557
2035 9556
2036 9555
2037 10898
2038 10897
2039 10896
2040 10895
2041 10894
2042 10893
2043 10892
2044 10891
2045 9236
2046 9235
2047 9234
2048 9233
2049 9232
2050 9231
2051 9230
2052 9229
2053 9310
2054 9309
2055 9308
2056 9307
2057 9306
2058 9305
2059 9304
2060 9303
2061 9302
2062 9301
2063 10227
2064 10226
2065 10225
2066 10224
2067 10223
2068 10222
2069 10221
2070 10220
2071 10219
2072 10218
2073 10217
2074 10216
2075 10215
2076 10214
2077 9847
2078 9846
2079 9845
2080 9844
2081 9843
2082 9842
2083 9841
2084 9840
2085 10109
2086 10108
2087 10107
2088 10106
2089 10105
2090 10104
2091 10103
2092 10102
2093 10101
2094 10100
2095 10099
2096 10098
2097 10097
2098 10096
2099 10095
2100 10094
2101 10042
2102 10041
2103 10040
2104 10039
2105 10038
2106 10037
2107 10036
2108 10035
2109 10034
2110 9766
2111 9765
2112 9764
2113 9763
2114 9762
2115 9761
2116 9760
2117 9759
2118 9758
2119 9757
2120 9756
2121 9755
2122 9754
2123 9753
2124 8246
2125 8245
2126 8244
2127 8243
2128 8242
2129 8241
2130 8240
2131 8239
2132 8884
2133 8883
2134 8882
2135 8881
2136 8880
2137 8879
2138 8878
2139 8877
2140 8511
2141 8510
2142 8509
2143 8508
2144 8507
2145 8506
2146 8505
2147 8504
2148 7975
2149 7974
2150 7973
2151 7972
2152 7971
2153 7970
2154 7969
2155 7968
2156 7967
2157 7966
2158 7965
2159 7964
2160 7963
2161 7962
2162 7961
2163 7960
2164 8426
2165 8425
2166 8424
2167 8423
2168 8422
2169 8421
2170 8420
2171 8419
2172 7217
2173 7216
2174 7215
2175 7214
2176 7213
2177 7212
2178 7211
2179 7210
2180 8066
2181 8065
2182 8064
2183 8063
2184 8062
2185 8061
2186 8060
2187 8059
2188 7163
2189 7162
2190 7161
2191 7160
2192 7159
2193 7158
2194 7157
2195 7156
2196 7368
2197 7367
2198 7366
2199 7365
2200 7364
2201 7363
2202 7362
2203 7704
2204 7703
2205 7702
2206 7701
2207 7700
2208 7699
2209 7698
2210 7697
2211 7696
2212 7636
2213 7635
2214 7634
2215 7633
2216 7632
2217 7631
2218 7630
2219 7629
2220 6762
2221 6761
2222 6760
2223 6759
2224 6758
2225 6757
2226 6756
2227 6755
2228 7589
2229 7588
2230 7587
2231 7586
2232 7585
2233 7584
2234 7583
2235 7582
2236 6612
2237 6611
2238 6610
2239 6609
2240 6608
2241 6607
2242 6606
2243 6605
2244 6659
2245 6658
2248 6821
2249 6820
2250 6819
2251 6818
2252 6817
2253 6816
2254 6815
2255 6814
2256 6813
2257 6812
2258 6811
2259 6943
2260 6942
2261 6941
2262 6940
2263 6939
2264 6938
2265 6937
2266 6936
2267 6770
2268 6769
2269 6768
2270 6767
2271 6766
2272 6765
2273 6764
2274 6763
2275 7628
2276 7627
2277 7626
2278 7625
2279 7624
2280 7623
2281 7622
2282 7121
2283 7120
2284 7119
2285 7118
2286 7117
2287 7116
2288 7115
2289 7114
2290 7113
2291 7178
2292 7177
2293 7176
2294 7175
2295 7174
2296 7173
2297 7172
2298 7171
2299 7170
2300 7169
2301 7168
2302 7167
2303 7166
2304 7165
2305 7164
2306 8058
2307 8057
2308 8056
2309 8055
2310 8054
2311 8053
2312 8052
2313 7816
2314 7815
2315 7814
2316 7813
2317 7812
2318 7811
2319 7810
2320 7809
2321 8012
2322 8011
2323 8010
2324 8009
2325 8008
2326 8007
2327 8006
2328 8005
2329 8473
2330 8472
2331 8471
2332 8470
2333 8469
2334 8468
2335 8467
2336 8466
2337 7777
2338 7776
2339 7775
2340 7774
2341 7773
2342 7772
2343 7771
2344 8302
2345 8301
2346 8300
2347 8299
2348 8298
2349 8297
2350 8296
2351 8295
2352 8657
2353 8656
2354 8655
2355 8654
2356 8653
2357 8652
2358 8651
2359 8650
2360 8254
2361 8253
2362 8252
2363 8251
2364 8250
2365 8249
2366 8248
2367 8247
2368 9752
2369 9751
2370 9750
2371 9749
2372 9748
2373 9747
2374 9746
2375 9745
2376 9694
2377 9693
2378 9692
2379 9691
2380 9690
2381 9689
2382 9688
2383 8999
2384 8998
2385 8997
2386 8996
2387 8995
2388 8994
2389 8993
2390 8992
2391 8991
2392 9663
2393 9662
2394 9661
2395 9660
2396 9659
2397 9658
2398 9657
2399 9656
2400 9655
2401 9654
2402 9653
2403 9652
2404 9651
2405 9650
2406 9649
2407 9399
2408 9398
2409 9397
2410 9396
2411 9395
2412 9394
2413 9393
2414 9392
2415 9105
2416 9104
2417 9103
2418 9102
2419 9101
2420 9100
2421 9099
2422 9098
2423 9097
2424 9096
2425 9095
2426 9094
2427 9093
2428 9092
2429 9139
2430 9138
2431 9137
2432 9136
2433 9135
2434 9134
2435 9133
2436 9132
2437 9131
2438 9147
2439 9146
2440 9145
2441 9144
2442 9143
2443 9142
2444 9141
2445 9140
2446 10356
2447 10355
2448 10354
2449 10353
2450 10352
2451 10351
2452 10350
2453 10349
2454 9570
2455 9569
2456 9568
2457 9567
2458 9566
2459 9565
2460 9564
2461 9563
2462 10638
2463 10637
2464 10636
2465 10635
2466 10634
2467 10633
2468 10632
2469 10631
2470 10630
2471 10629
2472 10628
2473 10627
2474 10626
2475 11017
2476 11016
2477 11015
2478 11014
2479 11013
2480 11012
2481 11011
2482 11010
2483 11009
2484 11008
2485 11007
2486 10694
2487 10693
2488 10692
2489 10691
2490 10690
2491 10689
2492 10688
2493 10687
2494 11819
2495 11818
2496 11817
2497 11816
2498 11815
2499 11814
2500 11813
2501 11565
2502 11564
2503 11563
2504 11562
2505 11561
2506 11560
2507 11559
2508 11558
2509 11366
2510 11365
2511 11364
2512 11363
2513 11362
2514 11361
2515 11360
2516 11359
2517 11358
2518 11357
2519 11356
2520 11355
2521 11402
2522 11401
2523 11400
2524 11399
2525 11398
2526 11397
2527 11396
2528 11395
2529 11394
2530 11393
2531 11392
2532 11410
2533 11409
2534 11408
2535 11407
2536 11406
2537 11405
2538 11404
2539 11403
2540 12055
2541 12054
2542 12053
2543 12052
2544 12051
2545 12050
2546 12049
2547 12048
2548 11736
2549 11735
2550 11734
2551 11733
2552 11732
2553 11731
2554 11730
2555 11729
2556 13001
2557 13000
2558 12999
2559 12998
2560 12997
2561 12996
2562 12995
2563 12994
2564 12993
2565 12992
2566 12991
2567 12990
2568 12989
2569 12988
2570 12987
2571 12986
2572 12985
2573 12984
2574 12983
2575 12982
2576 12981
2577 12980
2578 12979
2579 12978
2580 12605
2581 12604
2582 12603
2583 12602
2584 12601
2585 12600
2586 12599
2587 12598
2588 12148
2589 12147
2590 12146
2591 12145
2592 12144
2593 12143
2594 12142
2595 12234
2596 12233
2597 12232
2598 12231
2599 12230
2600 12229
2601 12228
2602 12227
2605 12104
2606 12103
2607 12102
2608 12101
2609 12100
2610 12099
2611 12098
2612 12097
2613 12096
2614 12095
2615 12094
2616 12093
2617 12092
2618 12226
2619 12225
2620 12224
2621 12223
2622 12222
2623 12221
2624 12220
2625 12219
2626 13107
2627 13106
2628 13105
2629 13104
2630 13103
2631 13102
2632 13101
2633 13100
2634 13099
2635 13098
2636 13097
2637 13096
2638 13095
2639 13094
2640 13093
2641 13092
2642 12669
2643 12668
2644 12667
2645 12666
2646 12665
2647 12664
2648 12663
2649 12662
2650 12661
2651 12660
2652 12659
2653 12658
2654 12657
2655 12965
2656 12964
2657 12963
2658 12962
2659 12961
2660 12960
2661 12959
2662 12958
2663 12957
2664 12956
2665 12955
2666 12954
2667 12953
2668 12952
2669 12951
2670 12950
2671 12949
2672 12948
2673 12063
2674 12062
2675 12061
2676 12060
2677 12059
2678 12058
2679 12057
2680 12056
2681 11776
2682 11775
2683 11774
2684 11773
2685 11772
2686 11771
2687 11770
2688 11769
2689 11520
2690 11519
2691 11518
2692 11517
2693 11516
2694 11515
2695 11514
2696 11513
2697 11512
2698 11511
2699 11510
2700 11509
2701 11378
2702 11377
2703 11376
2704 11375
2705 11374
2706 11373
2707 11372
2708 11371
2709 11370
2710 11369
2711 11368
2712 11367
2713 11557
2714 11556
2715 11555
2716 11554
2717 11553
2718 11552
2719 11551
2720 11550
2721 11088
2722 11087
2723 11086
2724 11085
2725 11084
2726 11083
2727 11082
2728 11081
2729 11080
2730 11079
2731 11078
2732 11077
2733 11076
2734 11075
2735 11074
2736 11073
2737 10961
2738 10960
2739 10959
2740 10958
2741 10957
2742 10956
2743 10955
2744 10954
2745 10953
2746 10952
2747 10951
2748 10950
2749 10949
2750 10948
2751 10947
2752 10946
2753 10945
2754 10944
2755 10943
2756 10942
2757 10941
2758 10940
2759 10939
2760 10938
2761 10937
2762 10936
2763 10935
2764 10934
2765 10933
2766 10932
2767 10931
2768 10364
2769 10363
2770 10362
2771 10361
2772 10360
2773 10359
2774 10358
2775 10357
2776 9610
2777 9609
2778 9608
2779 9607
2780 9606
2781 9605
2782 9604
2783 9603
2784 9354
2785 9353
2786 9352
2787 9351
2788 9350
2789 9349
2790 9348
2791 9347
2792 9346
2793 9345
2794 9119
2795 9118
2796 9117
2797 9116
2798 9115
2799 9114
2800 9113
2801 9112
2802 9111
2803 9110
2804 9109
2805 9108
2806 9107
2807 9106
2808 9391
2809 9390
2810 9389
2811 9388
2812 9387
2813 9386
2814 9385
2815 9384
2816 9808
2817 9807
2818 9806
2819 9805
2820 9804
2821 9803
2822 9802
2823 9801
2824 9800
2825 9799
2826 9798
2827 9797
2828 9796
2829 9795
2830 9794
2831 9793
2832 9711
2833 9710
2834 9709
2835 9708
2836 9707
2837 9706
2838 9705
2839 9704
2840 9703
2841 8938
2842 8937
2843 8936
2844 8935
2845 8934
2846 8933
2847 8932
2848 8931
2849 8930
2850 8929
2851 8928
2852 8927
2853 8926
2854 8925
2855 8924
2856 8923
2857 8922
2858 8921
2859 8920
2860 8919
2861 8918
2862 8917
2863 8665
2864 8664
2865 8663
2866 8662
2867 8661
2868 8660
2869 8659
2870 8658
2871 8294
2872 8293
2873 8292
2874 8291
2875 8290
2876 8289
2877 8288
2878 8287
2879 8459
2880 8458
2881 8457
2882 8456
2883 8455
2884 8454
2885 8453
2886 8452
2887 7761
2888 7760
2889 7759
2890 7758
2891 7757
2892 7756
2893 7755
2894 7754
2895 8020
2896 8019
2897 8018
2898 8017
2899 8016
2900 8015
2901 8014
2902 8013
2903 7808
2904 7807
2905 7806
2906 7805
2907 7804
2908 7803
2909 7802
2910 7801
2911 7744
2912 7743
2913 7742
2914 7741
2915 7740
2916 7739
2917 7738
2918 7737
2919 7736
2920 7735
2921 7734
2922 7733
2923 7732
2924 7731
2925 7730
2926 7729
2927 7042
2928 7041
2929 7040
2930 7039
2931 7038
2932 7037
2933 7036
2934 7035
2935 7034
2936 7033
2937 7032
2938 7031
2939 7030
2940 7029
2941 7028
2942 7027
2943 6967
2944 6966
2945 6965
2946 6964
2947 6963
2948 6962
2949 6961
2950 6960
2951 6959
2952 6958
2953 6957
2954 6956
2955 6955
2956 6954
2957 6953
2958 6952
2959 6951
2960 6950
2961 6949
2962 6948
2963 6947
2964 6946
2965 6945
2966 6944
2967 6810
2968 6809
2969 6808
2970 6807
2971 6806
2972 6805
2973 6804
2974 6803
2975 7109
2976 7108
2977 7107
2978 7106
2979 7105
2980 7104
2981 7103
2982 7102
2985 7112
2986 7111
2987 7110
2988 6802
2989 6801
2990 6800
2991 6799
2992 6798
2993 6797
2994 6796
2995 6795
2996 6794
2997 6793
2998 6792
2999 6791
3000 6790
3001 6789
3002 6788
3003 6787
3004 6786
3005 6785
3006 6784
3007 6783
3008 6782
3009 6781
3010 6780
3011 6779
3012 6974
3013 6973
3014 6972
3015 6971
3016 6970
3017 6969
3018 6968
3019 7026
3020 7025
3021 7024
3022 7023
3023 7022
3024 7021
3025 7020
3026 7019
3027 7018
3028 7017
3029 7016
3030 7015
3031 7014
3032 7013
3033 7012
3034 7011
3035 7010
3036 7009
3037 7008
3038 7007
3039 7006
3040 7005
3041 7185
3042 7184
3043 7183
3044 7182
3045 7181
3046 7180
3047 7179
3048 7800
3049 7799
3050 7798
3051 7797
3052 7796
3053 7795
3054 7794
3055 7793
3056 7792
3057 7791
3058 7790
3059 7789
3060 7788
3061 7787
3062 7786
3063 7785
3064 7784
3065 7783
3066 7782
3067 7781
3068 7780
3069 7779
3070 7778
3071 8465
3072 8464
3073 8463
3074 8462
3075 8461
3076 8460
3077 8286
3078 8285
3079 8284
3080 8283
3081 8282
3082 8281
3083 8280
3084 8279
3085 8278
3086 8277
3087 8276
3088 8275
3089 8274
3090 8273
3091 8272
3092 8271
3093 8270
3094 8269
3095 8268
3096 8267
3097 8266
3098 8265
3099 8264
3100 8263
3101 8969
3102 8968
3103 8967
3104 8966
3105 8965
3106 8964
3107 8963
3108 8962
3109 8961
3110 8960
3111 8959
3112 8958
3113 8957
3114 8956
3115 9687
3116 9686
3117 9685
3118 9684
3119 9683
3120 9682
3121 9681
3122 9680
3123 9679
3124 9678
3125 9677
3126 9676
3127 9675
3128 9674
3129 9673
3130 9672
3131 9815
3132 9814
3133 9813
3134 9812
3135 9811
3136 9810
3137 9809
3138 9383
3139 9382
3140 9381
3141 9380
3142 9379
3143 9378
3144 9377
3145 9376
3146 9375
3147 9374
3148 9373
3149 9372
3150 9371
3151 9370
3152 9369
3153 9368
3154 9367
3155 9366
3156 9365
3157 9364
3158 9363
3159 9362
3160 9361
3161 9360
3162 9359
3163 9358
3164 9357
3165 9356
3166 9355
3167 9602
3168 9601
3169 9600
3170 9599
3171 9598
3172 9597
3173 9596
3174 9595
3175 9594
3176 9593
3177 9592
3178 9591
3179 9590
3180 9589
3181 9588
3182 9587
3183 9586
3184 9585
3185 9584
3186 9583
3187 9582
3188 9581
3189 9580
3190 9579
3191 10985
3192 10984
3193 10983
3194 10982
3195 10981
3196 10980
3197 10979
3198 10978
3199 10977
3200 10976
3201 10975
3202 10974
3203 10720
3204 10719
3205 10718
3206 10717
3207 10716
3208 10715
3209 10714
3210 10713
3211 10712
3212 10711
3213 10710
3214 10709
3215 10708
3216 10707
3217 10706
3218 10705
3219 10704
3220 10703
3221 11095
3222 11094
3223 11093
3224 11092
3225 11091
3226 11090
3227 11089
3228 11549
3229 11548
3230 11547
3231 11546
3232 11545
3233 11544
3234 11543
3235 11542
3236 11541
3237 11540
3238 11539
3239 11538
3240 11537
3241 11536
3242 11535
3243 11534
3244 11533
3245 11532
3246 11531
3247 11530
3248 11529
3249 11528
3250 11527
3251 11526
3252 11525
3253 11524
3254 11523
3255 11522
3256 11521
3257 11768
3258 11767
3259 11766
3260 11765
3261 11764
3262 11763
3263 11762
3264 11761
3265 11760
3266 11759
3267 11758
3268 11757
3269 11756
3270 11755
3271 11754
3272 11753
3273 11752
3274 11751
3275 11750
3276 11749
3277 11748
3278 11747
3279 11746
3280 11745
3281 12504
3282 12503
3283 12502
3284 12501
3285 12500
3286 12499
3287 12498
3288 12497
3289 12496
3290 12495
3291 12633
3292 12632
3293 12631
3294 12630
3295 12629
3296 12628
3297 12627
3298 12626
3299 12625
3300 12624
3301 12623
3302 12622
3303 12621
3304 12620
3305 12619
3306 12618
3307 12617
3308 12616
3309 12615
3310 12614
3311 12690
3312 12689
3313 12688
3314 12687
3315 12686
3316 12685
3317 12684
3318 12218
3319 12217
3320 12216
3321 12215
3322 12214
3323 12213
3324 12212
3325 12211
3328 12706
3329 12705
3330 12704
3331 12703
3332 12702
3333 12701
3334 12700
3335 12699
3336 12698
3337 12697
3338 12696
3339 12695
3340 12694
3341 12693
3342 12692
3343 12691
3344 12613
3345 12612
3346 12611
3347 12610
3348 12609
3349 12608
3350 12607
3351 12606
3352 12977
3353 12976
3354 12975
3355 12974
3356 12973
3357 12972
3358 12971
3359 12970
3360 12969
3361 12968
3362 12967
3363 12966
3364 12513
3365 12512
3366 12511
3367 12510
3368 12509
3369 12508
3370 12507
3371 12506
3372 12505
3373 11744
3374 11743
3375 11742
3376 11741
3377 11740
3378 11739
3379 11738
3380 11737
3381 12047
3382 12046
3383 12045
3384 12044
3385 12043
3386 12042
3387 12041
3388 12040
3389 11346
3390 11345
3391 11344
3392 11343
3393 11342
3394 11341
3395 11340
3396 11339
3397 11338
3398 11337
3399 11336
3400 11335
3401 11334
3402 11333
3403 11332
3404 11331
3405 11330
3406 11329
3407 11328
3408 11508
3409 11507
3410 11506
3411 11505
3412 11504
3413 11503
3414 11502
3415 11501
3416 11500
3417 11499
3418 11498
3419 11111
3420 11110
3421 11109
3422 11108
3423 11107
3424 11106
3425 11105
3426 11104
3427 11103
3428 11102
3429 11101
3430 11100
3431 11099
3432 11098
3433 11097
3434 11096
3435 10702
3436 10701
3437 10700
3438 10699
3439 10698
3440 10697
3441 10696
3442 10695
3443 11006
3444 11005
3445 11004
3446 11003
3447 11002
3448 11001
3449 11000
3450 10999
3451 10998
3452 10997
3453 10996
3454 10995
3455 10994
3456 10993
3457 10992
3458 10991
3459 10990
3460 10989
3461 10988
3462 10987
3463 10986
3464 9578
3465 9577
3466 9576
3467 9575
3468 9574
3469 9573
3470 9572
3471 9571
3472 10348
3473 10347
3474 10346
3475 10345
3476 10344
3477 10343
3478 10342
3479 10341
3480 9220
3481 9219
3482 9218
3483 9217
3484 9216
3485 9215
3486 9214
3487 9213
3488 9212
3489 9211
3490 9210
3491 9209
3492 9208
3493 9207
3494 9206
3495 9205
3496 9204
3497 9344
3498 9343
3499 9342
3500 9341
3501 9340
3502 9339
3503 9338
3504 9337
3505 9336
3506 9335
3507 9334
3508 9333
3509 9332
3510 9831
3511 9830
3512 9829
3513 9828
3514 9827
3515 9826
3516 9825
3517 9824
3518 9823
3519 9822
3520 9821
3521 9820
3522 9819
3523 9818
3524 9817
3525 9816
3526 9671
3527 9670
3528 9669
3529 9668
3530 9667
3531 9666
3532 9665
3533 9664
3534 8990
3535 8989
3536 8988
3537 8987
3538 8986
3539 8985
3540 8984
3541 8983
3542 8982
3543 8981
3544 8980
3545 8979
3546 8978
3547 8977
3548 8976
3549 8975
3550 8974
3551 8973
3552 8972
3553 8971
3554 8970
3555 8262
3556 8261
3557 8260
3558 8259
3559 8258
3560 8257
3561 8256
3562 8255
3563 8649
3564 8648
3565 8647
3566 8646
3567 8645
3568 8644
3569 8643
3570 8642
3571 8495
3572 8494
3573 8493
3574 8492
3575 8491
3576 8490
3577 8489
3578 8488
3579 8487
3580 8486
3581 8485
3582 8484
3583 8483
3584 8482
3585 8481
3586 8480
3587 8479
3588 8478
3589 8477
3590 8476
3591 8475
3592 8474
3593 8004
3594 8003
3595 8002
3596 8001
3597 8000
3598 7999
3599 7998
3600 7997
3601 7201
3602 7200
3603 7199
3604 7198
3605 7197
3606 7196
3607 7195
3608 7194
3609 7193
3610 7192
3611 7191
3612 7190
3613 7189
3614 7188
3615 7187
3616 7186
3617 7004
3618 7003
3619 7002
3620 7001
3621 7000
3622 6999
3623 6998
3624 6997
3625 6996
3626 6995
3627 6994
3628 6993
3629 6992
3630 6991
3631 6990
3632 6989
3633 6988
3634 6987
3635 6986
3636 6985
3637 6984
3638 6983
3639 6982
3640 6981
3641 6980
3642 6979
3643 6978
3644 6977
3645 6976
3646 6975
3647 6778
3648 6777
3649 6776
3650 6775
3651 6774
3652 6773
3653 6772
3654 6771
3655 6935
3656 6934
3657 6933
3658 6932
3659 6931
3660 6930
3661 6929
3662 6928
3663 6596
3664 6595
3665 6594
3666 6593
3667 6592
3668 6591
3669 6590
3670 6589
3671 6588
3672 6587
3675 6662
3676 6661
3677 6660
3678 6604
3679 6603
3680 6602
3681 6601
3682 6600
3683 6599
3684 6598
3685 6597
3686 6927
3687 6926
3688 6925
3689 6924
3690 6923
3691 6922
3692 6921
3693 6920
3694 6919
3695 6918
3696 6917
3697 6916
3698 6915
3699 6914
3700 6913
3701 6912
3702 7643
3703 7642
3704 7641
3705 7640
3706 7639
3707 7638
3708 7637
3709 7695
3710 7694
3711 7693
3712 7692
3713 7691
3714 7690
3715 7689
3716 7688
3717 7687
3718 7686
3719 7685
3720 7684
3721 7683
3722 7682
3723 7681
3724 7680
3725 7679
3726 7678
3727 7677
3728 7676
3729 7675
3730 7674
3731 8073
3732 8072
3733 8071
3734 8070
3735 8069
3736 8068
3737 8067
3738 7209
3739 7208
3740 7207
3741 7206
3742 7205
3743 7204
3744 7203
3745 7202
3746 7996
3747 7995
3748 7994
3749 7993
3750 7992
3751 7991
3752 7990
3753 7989
3754 7988
3755 7987
3756 7986
3757 7985
3758 7984
3759 7983
3760 7982
3761 7981
3762 7980
3763 7979
3764 7978
3765 7977
3766 7976
3767 8503
3768 8502
3769 8501
3770 8500
3771 8499
3772 8498
3773 8497
3774 8496
3775 8641
3776 8640
3777 8639
3778 8638
3779 8637
3780 8636
3781 8635
3782 8634
3783 8633
3784 8632
3785 8631
3786 8630
3787 8629
3788 8628
3789 8627
3790 8626
3791 10020
3792 10019
3793 10018
3794 10017
3795 10016
3796 10015
3797 10014
3798 10013
3799 10012
3800 10011
3801 10010
3802 10009
3803 10008
3804 10007
3805 10006
3806 10005
3807 10004
3808 10003
3809 10002
3810 10001
3811 10000
3812 9999
3813 9998
3814 9997
3815 9996
3816 9995
3817 9994
3818 9993
3819 9992
3820 9991
3821 10116
3822 10115
3823 10114
3824 10113
3825 10112
3826 10111
3827 10110
3828 9839
3829 9838
3830 9837
3831 9836
3832 9835
3833 9834
3834 9833
3835 9832
3836 9331
3837 9330
3838 9329
3839 9328
3840 9327
3841 9326
3842 9325
3843 9324
3844 9323
3845 9322
3846 9321
3847 9320
3848 9319
3849 9318
3850 9317
3851 9316
3852 9315
3853 9314
3854 9313
3855 9312
3856 9311
3857 9228
3858 9227
3859 9226
3860 9225
3861 9224
3862 9223
3863 9222
3864 9221
3865 10340
3866 10339
3867 10338
3868 10337
3869 10336
3870 10335
3871 10334
3872 10333
3873 10332
3874 10331
3875 10330
3876 10329
3877 10328
3878 10327
3879 10326
3880 10325
3881 10446
3882 10445
3883 10444
3884 10443
3885 10442
3886 10441
3887 10440
3888 10439
3889 10438
3890 10437
3891 10436
3892 10435
3893 10575
3894 10574
3895 10573
3896 10572
3897 10571
3898 10570
3899 10569
3900 10568
3901 10567
3902 10566
3903 10565
3904 10564
3905 10563
3906 10562
3907 10561
3908 10560
3909 10559
3910 10558
3911 11834
3912 11833
3913 11832
3914 11831
3915 11830
3916 11829
3917 11828
3918 11119
3919 11118
3920 11117
3921 11116
3922 11115
3923 11114
3924 11113
3925 11112
3926 11497
3927 11496
3928 11495
3929 11494
3930 11493
3931 11492
3932 11491
3933 11490
3934 11489
3935 11488
3936 11487
3937 11486
3938 11485
3939 11484
3940 11483
3941 11482
3942 11481
3943 11480
3944 11479
3945 11478
3946 11477
3947 11354
3948 11353
3949 11352
3950 11351
3951 11350
3952 11349
3953 11348
3954 11347
3955 12039
3956 12038
3957 12037
3958 12036
3959 12035
3960 12034
3961 12033
3962 12032
3963 12031
3964 12030
3965 12029
3966 12028
3967 12027
3968 12026
3969 12025
3970 12024
3971 12351
3972 12350
3973 12349
3974 12348
3975 12347
3976 12346
3977 12345
3978 12344
3979 12343
3980 12342
3981 12484
3982 12483
3983 12482
3984 12481
3985 12480
3986 12479
3987 12478
3988 12477
3989 12476
3990 12475
3991 12474
3992 12473
3993 12472
3994 12471
3995 12470
3996 12469
3997 12468
3998 12467
3999 12466
4000 12465
4001 12163
4002 12162
4003 12161
4004 12160
4005 12159
4006 12158
4007 12157
4008 12714
4009 12713
4010 12712
4011 12711
4012 12710
4013 12709
4014 12708
4015 12707
4018 12179
4019 12178
4020 12177
4021 12176
4022 12175
4023 12174
4024 12173
4025 12172
4026 12171
4027 12170
4028 12169
4029 12168
4030 12167
4031 12166
4032 12165
4033 12164
4034 12464
4035 12463
4036 12462
4037 12461
4038 12460
4039 12459
4040 12458
4041 12457
4042 12525
4043 12524
4044 12523
4045 12522
4046 12521
4047 12520
4048 12519
4049 12518
4050 12517
4051 12516
4052 12515
4053 12514
4054 12360
4055 12359
4056 12358
4057 12357
4058 12356
4059 12355
4060 12354
4061 12353
4062 12352
4063 12023
4064 12022
4065 12021
4066 12020
4067 12019
4068 12018
4069 12017
4070 12016
4071 12899
4072 12898
4073 12897
4074 12896
4075 12895
4076 12894
4077 12893
4078 12892
4079 11943
4080 11942
4081 11941
4082 11940
4083 11939
4084 11938
4085 11937
4086 11936
4087 11935
4088 11934
4089 11933
4090 11932
4091 11931
4092 11930
4093 11929
4094 11928
4095 11927
4096 11926
4097 11925
4098 11924
4099 11923
4100 11922
4101 11921
4102 11920
4103 11919
4104 11918
4105 11917
4106 11916
4107 11915
4108 11914
4109 11850
4110 11849
4111 11848
4112 11847
4113 11846
4114 11845
4115 11844
4116 11843
4117 11842
4118 11841
4119 11840
4120 11839
4121 11838
4122 11837
4123 11836
4124 11835
4125 10557
4126 10556
4127 10555
4128 10554
4129 10553
4130 10552
4131 10551
4132 10550
4133 10467
4134 10466
4135 10465
4136 10464
4137 10463
4138 10462
4139 10461
4140 10460
4141 10459
4142 10458
4143 10457
4144 10456
4145 10455
4146 10454
4147 10453
4148 10452
4149 10451
4150 10450
4151 10449
4152 10448
4153 10447
4154 10324
4155 10323
4156 10322
4157 10321
4158 10320
4159 10319
4160 10318
4161 10317
4162 10882
4163 10881
4164 10880
4165 10879
4166 10878
4167 10877
4168 10876
4169 10875
4170 10244
4171 10243
4172 10242
4173 10241
4174 10240
4175 10239
4176 10238
4177 10237
4178 10236
4179 10235
4180 10234
4181 10233
4182 10232
4183 10231
4184 10230
4185 10229
4186 10228
4187 9073
4188 9072
4189 9071
4190 9070
4191 9069
4192 9068
4193 9067
4194 9066
4195 9065
4196 9064
4197 9063
4198 9062
4199 9061
4200 10132
4201 10131
4202 10130
4203 10129
4204 10128
4205 10127
4206 10126
4207 10125
4208 10124
4209 10123
4210 10122
4211 10121
4212 10120
4213 10119
4214 10118
4215 10117
4216 9990
4217 9989
4218 9988
4219 9987
4220 9986
4221 9985
4222 9984
4223 9983
4224 8946
4225 8945
4226 8944
4227 8943
4228 8942
4229 8941
4230 8940
4231 8939
4232 10033
4233 10032
4234 10031
4235 10030
4236 10029
4237 10028
4238 10027
4239 10026
4240 10025
4241 10024
4242 10023
4243 10022
4244 10021
4245 8625
4246 8624
4247 8623
4248 8622
4249 8621
4250 8620
4251 8619
4252 8618
4253 8868
4254 8867
4255 8866
4256 8865
4257 8864
4258 8863
4259 8862
4260 8861
4261 8356
4262 8355
4263 8354
4264 8353
4265 8352
4266 8351
4267 8350
4268 8349
4269 8348
4270 8347
4271 8346
4272 8345
4273 8344
4274 8343
4275 8342
4276 8341
4277 8340
4278 8339
4279 8338
4280 8337
4281 8336
4282 8335
4283 8410
4284 8409
4285 8408
4286 8407
4287 8406
4288 8405
4289 8404
4290 8403
4291 8089
4292 8088
4293 8087
4294 8086
4295 8085
4296 8084
4297 8083
4298 8082
4299 8081
4300 8080
4301 8079
4302 8078
4303 8077
4304 8076
4305 8075
4306 8074
4307 7673
4308 7672
4309 7671
4310 7670
4311 7669
4312 7668
4313 7667
4314 7666
4315 7665
4316 7664
4317 7663
4318 7662
4319 7661
4320 7660
4321 7659
4322 7658
4323 7657
4324 7656
4325 7655
4326 7654
4327 7653
4328 7652
4329 7651
4330 7650
4331 7649
4332 7648
4333 7647
4334 7646
4335 7645
4336 7644
4337 6911
4338 6910
4339 6909
4340 6908
4341 6907
4342 6906
4343 6905
4344 6904
4345 7573
4346 7572
4347 7571
4348 7570
4349 7569
4350 7568
4351 7567
4352 7566
4353 6831
4354 6830
4355 6829
4356 6828
4357 6827
4358 6826
4359 6825
4360 6824
4361 6823
4362 6822
4365 6586
4366 6585
4367 6584
4368 6583
4369 6582
4370 6581
4371 6580
4372 6579
4373 6839
4374 6838
4375 6837
4376 6836
4377 6835
4378 6834
4379 6833
4380 6832
4381 7565
4382 7564
4383 7563
4384 7562
4385 7561
4386 7560
4387 7559
4388 7558
4389 7557
4390 7556
4391 7555
4392 7554
4393 7553
4394 7552
4395 7551
4396 7550
4397 7423
4398 7422
4399 7421
4400 7420
4401 7419
4402 7418
4403 7417
4404 7286
4405 7285
4406 7284
4407 7283
4408 7282
4409 7281
4410 7280
4411 7279
4412 7467
4413 7466
4414 7465
4415 7464
4416 7463
4417 7462
4418 7461
4419 7460
4420 7459
4421 7458
4422 7457
4423 7456
4424 7455
4425 7454
4426 7869
4427 7868
4428 7867
4429 7866
4430 7865
4431 7864
4432 7863
4433 8097
4434 8096
4435 8095
4436 8094
4437 8093
4438 8092
4439 8091
4440 8090
4441 8402
4442 8401
4443 8400
4444 8399
4445 8398
4446 8397
4447 8396
4448 8395
4449 8394
4450 8393
4451 8392
4452 8391
4453 8390
4454 8389
4455 8388
4456 8152
4457 8151
4458 8150
4459 8149
4460 8148
4461 8147
4462 8364
4463 8363
4464 8362
4465 8361
4466 8360
4467 8359
4468 8358
4469 8357
4470 8860
4471 8859
4472 8858
4473 8857
4474 8856
4475 8855
4476 8854
4477 8853
4478 8852
4479 8851
4480 8850
4481 8849
4482 8848
4483 8847
4484 8846
4485 8845
4486 8703
4487 8702
4488 8701
4489 8700
4490 8699
4491 8698
4492 8697
4493 8696
4494 8695
4495 8694
4496 8693
4497 8692
4498 8691
4499 8690
4500 9925
4501 9924
4502 9923
4503 9922
4504 9921
4505 9920
4506 9919
4507 9918
4508 9917
4509 9916
4510 9915
4511 9914
4512 9913
4513 9912
4514 9911
4515 9910
4516 9452
4517 9451
4518 9450
4519 9449
4520 9448
4521 9447
4522 9446
4523 10140
4524 10139
4525 10138
4526 10137
4527 10136
4528 10135
4529 10134
4530 10133
4531 9060
4532 9059
4533 9058
4534 9057
4535 9056
4536 9055
4537 9054
4538 9053
4539 9052
4540 9051
4541 9050
4542 9049
4543 9048
4544 9091
4545 9090
4546 9089
4547 9088
4548 9087
4549 9086
4550 9085
4551 9084
4552 10252
4553 10251
4554 10250
4555 10249
4556 10248
4557 10247
4558 10246
4559 10245
4560 10874
4561 10873
4562 10872
4563 10871
4564 10870
4565 10869
4566 10868
4567 10867
4568 10866
4569 10865
4570 10864
4571 10863
4572 10862
4573 10861
4574 10860
4575 10859
4576 10402
4577 10401
4578 10400
4579 10399
4580 10398
4581 10397
4582 10396
4583 10395
4584 10394
4585 10393
4586 10392
4587 10391
4588 10781
4589 10780
4590 10779
4591 10778
4592 10777
4593 10776
4594 10775
4595 10774
4596 10773
4597 10772
4598 10771
4599 10770
4600 10769
4601 10768
4602 10767
4603 10766
4604 10765
4605 10764
4606 11618
4607 11617
4608 11616
4609 11615
4610 11614
4611 11613
4612 11612
4613 11858
4614 11857
4615 11856
4616 11855
4617 11854
4618 11853
4619 11852
4620 11851
4621 11913
4622 11912
4623 11911
4624 11910
4625 11909
4626 11908
4627 11907
4628 11906
4629 11905
4630 11904
4631 11903
4632 11209
4633 11208
4634 11207
4635 11206
4636 11205
4637 11204
4638 11203
4639 11202
4640 11201
4641 11200
4642 11951
4643 11950
4644 11949
4645 11948
4646 11947
4647 11946
4648 11945
4649 11944
4650 12891
4651 12890
4652 12889
4653 12888
4654 12887
4655 12886
4656 12885
4657 12884
4658 12883
4659 12882
4660 12881
4661 12880
4662 12879
4663 12878
4664 12877
4665 12876
4666 12814
4667 12813
4668 12812
4669 12811
4670 12810
4671 12809
4672 12808
4673 12807
4674 12806
4675 12805
4676 12804
4677 12803
4678 12802
4679 12801
4680 12800
4681 12799
4682 12798
4683 12797
4684 12796
4685 12795
4686 12794
4687 12793
4688 12792
4689 12791
4690 12790
4691 12789
4692 12788
4693 12787
4694 12786
4695 12785
4696 12194
4697 12193
4698 12192
4699 12191
4700 12190
4701 12189
4702 12188
4703 12187
4704 12186
4705 12185
4706 12184
4707 12183
4708 12182
4709 12181
4710 12180
4713 12210
4714 12209
4715 12208
4716 12207
4717 12206
4718 12205
4719 12204
4720 12203
4721 12202
4722 12201
4723 12200
4724 12199
4725 12198
4726 12197
4727 12196
4728 12195
4729 12784
4730 12783
4731 12782
4732 12781
4733 12780
4734 12779
4735 12778
4736 12777
4737 12835
4738 12834
4739 12833
4740 12832
4741 12831
4742 12830
4743 12829
4744 12828
4745 12827
4746 12826
4747 12825
4748 12824
4749 12823
4750 12822
4751 12821
4752 12820
4753 12819
4754 12818
4755 12817
4756 12816
4757 12815
4758 12875
4759 12874
4760 12873
4761 12872
4762 12871
4763 12870
4764 12869
4765 12868
4766 11672
4767 11671
4768 11670
4769 11669
4770 11668
4771 11667
4772 11666
4773 11665
4774 11664
4775 11663
4776 11662
4777 11661
4778 11660
4779 11659
4780 11658
4781 11657
4782 11656
4783 11655
4784 11654
4785 11653
4786 11652
4787 11651
4788 11650
4789 11649
4790 11648
4791 11647
4792 11646
4793 11645
4794 11644
4795 11643
4796 11642
4797 11641
4798 11640
4799 11639
4800 11638
4801 11637
4802 11636
4803 11635
4804 11634
4805 11633
4806 11632
4807 11631
4808 11630
4809 11629
4810 11628
4811 11627
4812 11626
4813 11625
4814 11624
4815 11623
4816 11622
4817 11621
4818 11620
4819 11619
4820 10763
4821 10762
4822 10761
4823 10760
4824 10759
4825 10758
4826 10757
4827 10756
4828 10423
4829 10422
4830 10421
4831 10420
4832 10419
4833 10418
4834 10417
4835 10416
4836 10415
4837 10414
4838 10413
4839 10412
4840 10411
4841 10410
4842 10409
4843 10408
4844 10407
4845 10406
4846 10405
4847 10404
4848 10403
4849 10858
4850 10857
4851 10856
4852 10855
4853 10854
4854 10853
4855 10852
4856 10851
4857 9506
4858 9505
4859 9504
4860 9503
4861 9502
4862 9501
4863 9500
4864 9499
4865 9498
4866 9497
4867 9496
4868 9495
4869 9494
4870 9493
4871 9492
4872 9491
4873 9490
4874 9489
4875 9488
4876 9487
4877 9486
4878 9485
4879 9484
4880 9483
4881 9482
4882 9481
4883 9480
4884 9479
4885 9478
4886 9477
4887 9476
4888 9475
4889 9474
4890 9473
4891 9472
4892 9471
4893 9470
4894 9469
4895 9468
4896 9467
4897 9466
4898 9465
4899 9464
4900 9463
4901 9462
4902 9461
4903 9460
4904 9459
4905 9458
4906 9457
4907 9456
4908 9455
4909 9454
4910 9453
4911 9909
4912 9908
4913 9907
4914 9906
4915 9905
4916 9904
4917 9903
4918 9902
4919 8724
4920 8723
4921 8722
4922 8721
4923 8720
4924 8719
4925 8718
4926 8717
4927 8716
4928 8715
4929 8714
4930 8713
4931 8712
4932 8711
4933 8710
4934 8709
4935 8708
4936 8707
4937 8706
4938 8705
4939 8704
4940 8844
4941 8843
4942 8842
4943 8841
4944 8840
4945 8839
4946 8838
4947 8837
4948 8190
4949 8189
4950 8188
4951 8187
4952 8186
4953 8185
4954 8184
4955 8183
4956 8182
4957 8181
4958 8180
4959 8179
4960 8178
4961 8177
4962 8176
4963 8175
4964 8174
4965 8173
4966 8172
4967 8171
4968 8170
4969 8169
4970 8168
4971 8167
4972 8166
4973 8165
4974 8164
4975 8163
4976 8162
4977 8161
4978 7893
4979 7892
4980 7891
4981 7890
4982 7889
4983 7888
4984 7887
4985 7886
4986 7885
4987 7884
4988 7883
4989 7882
4990 7881
4991 7880
4992 7879
4993 7878
4994 7877
4995 7876
4996 7875
4997 7874
4998 7873
4999 7872
5000 7871
5001 7870
5002 7453
5003 7452
5004 7451
5005 7450
5006 7449
5007 7448
5008 7447
5009 7446
5010 7445
5011 7444
5012 7443
5013 7442
5014 7441
5015 7440
5016 7439
5017 7438
5018 7437
5019 7436
5020 7435
5021 7434
5022 7433
5023 7432
5024 7431
5025 7430
5026 7429
5027 7428
5028 7427
5029 7426
5030 7425
5031 7424
5032 7549
5033 7548
5034 7547
5035 7546
5036 7545
5037 7544
5038 7543
5039 7542
5040 6706
5041 6705
5042 6704
5043 6703
5044 6702
5045 6701
5046 6700
5047 6699
5048 6698
5049 6697
5050 6696
5051 6695
5052 6694
5053 6693
5054 6692
5055 6691
5056 6690
5057 6689
5058 6688
5059 6687
5060 6686
5061 6685
5062 6684
5065 6683
5066 6682
5067 6681
5068 6680
5069 6679
5070 6678
5071 6677
5072 6676
5073 6675
5074 6855
5075 6854
5076 6853
5077 6852
5078 6851
5079 6850
5080 6849
5081 6848
5082 6714
5083 6713
5084 6712
5085 6711
5086 6710
5087 6709
5088 6708
5089 6707
5090 7541
5091 7540
5092 7539
5093 7538
5094 7537
5095 7536
5096 7535
5097 7534
5098 7533
5099 7532
5100 7531
5101 7530
5102 7529
5103 7528
5104 7527
5105 7476
5106 7475
5107 7474
5108 7473
5109 7472
5110 7471
5111 7470
5112 7469
5113 7468
5114 7278
5115 7277
5116 7276
5117 7275
5118 7274
5119 7273
5120 7272
5121 7271
5122 7270
5123 7269
5124 7268
5125 7267
5126 7266
5127 7265
5128 7264
5129 7263
5130 7262
5131 7261
5132 7260
5133 7259
5134 7258
5135 7257
5136 8113
5137 8112
5138 8111
5139 8110
5140 8109
5141 8108
5142 8107
5143 8106
5144 7901
5145 7900
5146 7899
5147 7898
5148 7897
5149 7896
5150 7895
5151 7894
5152 8160
5153 8159
5154 8158
5155 8157
5156 8156
5157 8155
5158 8154
5159 8153
5160 8387
5161 8386
5162 8385
5163 8384
5164 8383
5165 8382
5166 8381
5167 8380
5168 8379
5169 8378
5170 8377
5171 8376
5172 8375
5173 8374
5174 8373
5175 8198
5176 8197
5177 8196
5178 8195
5179 8194
5180 8193
5181 8192
5182 8191
5183 8836
5184 8835
5185 8834
5186 8833
5187 8832
5188 8831
5189 8830
5190 8829
5191 8828
5192 8827
5193 8826
5194 8825
5195 8824
5196 8823
5197 8822
5198 8821
5199 9932
5200 9931
5201 9930
5202 9929
5203 9928
5204 9927
5205 9926
5206 8733
5207 8732
5208 8731
5209 8730
5210 8729
5211 8728
5212 8727
5213 8726
5214 8725
5215 9901
5216 9900
5217 9899
5218 9898
5219 9897
5220 9896
5221 9895
5222 9894
5223 9893
5224 9892
5225 9891
5226 9890
5227 9889
5228 9888
5229 9887
5230 10156
5231 10155
5232 10154
5233 10153
5234 10152
5235 10151
5236 10150
5237 10149
5238 9013
5239 9012
5240 9011
5241 9010
5242 9009
5243 9008
5244 9007
5245 9006
5246 9005
5247 9004
5248 9003
5249 9002
5250 9001
5251 9000
5252 9047
5253 9046
5254 9045
5255 9044
5256 9043
5257 9042
5258 9041
5259 9040
5260 9039
5261 10268
5262 10267
5263 10266
5264 10265
5265 10264
5266 10263
5267 10262
5268 10261
5269 9514
5270 9513
5271 9512
5272 9511
5273 9510
5274 9509
5275 9508
5276 9507
5277 10850
5278 10849
5279 10848
5280 10847
5281 10846
5282 10845
5283 10844
5284 10843
5285 10842
5286 10841
5287 10840
5288 10839
5289 10838
5290 10837
5291 10836
5292 10835
5293 10834
5294 10833
5295 10832
5296 10831
5297 10830
5298 10434
5299 10433
5300 10432
5301 10431
5302 10430
5303 10429
5304 10428
5305 10427
5306 10426
5307 10425
5308 10424
5309 10755
5310 10754
5311 10753
5312 10752
5313 10751
5314 10750
5315 10749
5316 10748
5317 10747
5318 10746
5319 10745
5320 10744
5321 10743
5322 10742
5323 10741
5324 10740
5325 10739
5326 10738
5327 10737
5328 10736
5329 10735
5330 10734
5331 10733
5332 10732
5333 10731
5334 10730
5335 10729
5336 10728
5337 10727
5338 10726
5339 10725
5340 10724
5341 10723
5342 10722
5343 10721
5344 11902
5345 11901
5346 11900
5347 11899
5348 11898
5349 11897
5350 11896
5351 11895
5352 11894
5353 11893
5354 11892
5355 11967
5356 11966
5357 11965
5358 11964
5359 11963
5360 11962
5361 11961
5362 11960
5363 11680
5364 11679
5365 11678
5366 11677
5367 11676
5368 11675
5369 11674
5370 11673
5371 12867
5372 12866
5373 12865
5374 12864
5375 12863
5376 12862
5377 12861
5378 12860
5379 12859
5380 12858
5381 12857
5382 12856
5383 12855
5384 12854
5385 12853
5386 12852
5387 12851
5388 12850
5389 12849
5390 12848
5391 12847
5392 12846
5393 12845
5394 12844
5395 12843
5396 12842
5397 12841
5398 12840
5399 12839
5400 12838
5401 12837
5402 12836
5403 12776
5404 12775
5405 12774
5406 12773
5407 12772
5408 12771
5409 12770
5410 12769
5411 12768
5412 12767
5413 12766
5414 12765
5415 12764
5416 12763
5417 12762
5418 12296
5419 12295
5420 12294
5421 12293
5422 12292
5423 12291
5424 12290
5425 12289
5426 12331
5427 12330
5428 12329
5429 12328
5430 12327
5431 12326
5432 12325
5433 12324
5434 12323
5435 12322
5436 12321
5437 12320
5438 12319
5441 12288
5442 12287
5443 12286
5444 12285
5445 12284
5446 12283
5447 12282
5448 12281
5449 12280
5450 12279
5451 12278
5452 12277
5453 12276
5454 12275
5455 12274
5456 12273
5457 12448
5458 12447
5459 12446
5460 12445
5461 12444
5462 12443
5463 12442
5464 12441
5465 12373
5466 12372
5467 12371
5468 12370
5469 12369
5470 12368
5471 12367
5472 12366
5473 12365
5474 12364
5475 12363
5476 12362
5477 12361
5478 12559
5479 12558
5480 12557
5481 12556
5482 12555
5483 12554
5484 12553
5485 12552
5486 12551
5487 12550
5488 12007
5489 12006
5490 12005
5491 12004
5492 12003
5493 12002
5494 12001
5495 12000
5496 11688
5497 11687
5498 11686
5499 11685
5500 11684
5501 11683
5502 11682
5503 11681
5504 11959
5505 11958
5506 11957
5507 11956
5508 11955
5509 11954
5510 11953
5511 11952
5512 11199
5513 11198
5514 11197
5515 11196
5516 11195
5517 11194
5518 11193
5519 11192
5520 11191
5521 11190
5522 11189
5523 11188
5524 11878
5525 11877
5526 11876
5527 11875
5528 11874
5529 11873
5530 11872
5531 11871
5532 11870
5533 11869
5534 11868
5535 11867
5536 11866
5537 11865
5538 11864
5539 11863
5540 11862
5541 11861
5542 11860
5543 11859
5544 11611
5545 11610
5546 11609
5547 11608
5548 11607
5549 11606
5550 11605
5551 11604
5552 10541
5553 10540
5554 10539
5555 10538
5556 10537
5557 10536
5558 10535
5559 10534
5560 10817
5561 10816
5562 10815
5563 10814
5564 10813
5565 10812
5566 10811
5567 10810
5568 10809
5569 10808
5570 10807
5571 10806
5572 10805
5573 10804
5574 10803
5575 10802
5576 10801
5577 10800
5578 10799
5579 10798
5580 10797
5581 10796
5582 10795
5583 10308
5584 10307
5585 10306
5586 10305
5587 10304
5588 10303
5589 10302
5590 10301
5591 9522
5592 9521
5593 9520
5594 9519
5595 9518
5596 9517
5597 9516
5598 9515
5599 10260
5600 10259
5601 10258
5602 10257
5603 10256
5604 10255
5605 10254
5606 10253
5607 9083
5608 9082
5609 9081
5610 9080
5611 9079
5612 9078
5613 9077
5614 9076
5615 9075
5616 9074
5617 9027
5618 9026
5619 9025
5620 9024
5621 9023
5622 9022
5623 9021
5624 9020
5625 9019
5626 9018
5627 9017
5628 9016
5629 9015
5630 9014
5631 10148
5632 10147
5633 10146
5634 10145
5635 10144
5636 10143
5637 10142
5638 10141
5639 9445
5640 9444
5641 9443
5642 9442
5643 9441
5644 9440
5645 9439
5646 9438
5647 9974
5648 9973
5649 9972
5650 9971
5651 9970
5652 9969
5653 9968
5654 9967
5655 8787
5656 8786
5657 8785
5658 8784
5659 8783
5660 8782
5661 8781
5662 8780
5663 8779
5664 8778
5665 8777
5666 8776
5667 8775
5668 8774
5669 8773
5670 8772
5671 8771
5672 8770
5673 8769
5674 8768
5675 8767
5676 8766
5677 8765
5678 8609
5679 8608
5680 8607
5681 8606
5682 8605
5683 8604
5684 8603
5685 8602
5686 8206
5687 8205
5688 8204
5689 8203
5690 8202
5691 8201
5692 8200
5693 8199
5694 8372
5695 8371
5696 8370
5697 8369
5698 8368
5699 8367
5700 8366
5701 8365
5702 8146
5703 8145
5704 8144
5705 8143
5706 8142
5707 8141
5708 8140
5709 8139
5710 8560
5711 8559
5712 8558
5713 8557
5714 8556
5715 8555
5716 8554
5717 8553
5718 7909
5719 7908
5720 7907
5721 7906
5722 7905
5723 7904
5724 7903
5725 7902
5726 8105
5727 8104
5728 8103
5729 8102
5730 8101
5731 8100
5732 8099
5733 8098
5734 7862
5735 7861
5736 7860
5737 7859
5738 7858
5739 7857
5740 7856
5741 7855
5742 7327
5743 7326
5744 7325
5745 7324
5746 7323
5747 7322
5748 7321
5749 7320
5750 7493
5751 7492
5752 7491
5753 7490
5754 7489
5755 7488
5756 7487
5757 7295
5758 7294
5759 7293
5760 7292
5761 7291
5762 7290
5763 7289
5764 7288
5765 7287
5766 7416
5767 7415
5768 7414
5769 7413
5770 7412
5771 7411
5772 7410
5773 7409
5774 6895
5775 6894
5776 6893
5777 6892
5778 6891
5779 6890
5780 6889
5781 6888
5782 6722
5783 6721
5784 6720
5785 6719
5786 6718
5787 6717
5788 6716
5789 6715
5790 6847
5791 6846
5792 6845
5793 6844
5794 6843
5795 6842
5796 6841
5797 6840
5798 6578
5799 6577
5800 6576
5801 6575
5802 6574
5803 6573
5804 6572
5805 6571
5808 6639
5809 6638
5810 6637
5811 6636
5812 6635
5813 6634
5814 6633
5815 6632
5816 6631
5817 6630
5818 6629
5819 6730
5820 6729
5821 6728
5822 6727
5823 6726
5824 6725
5825 6724
5826 6723
5827 6887
5828 6886
5829 6885
5830 6884
5831 6883
5832 6882
5833 6881
5834 6880
5835 7518
5836 7517
5837 7516
5838 7515
5839 7514
5840 7513
5841 7512
5842 7511
5843 7510
5844 7509
5845 7508
5846 7507
5847 7506
5848 7505
5849 7504
5850 7503
5851 7502
5852 7501
5853 7500
5854 7499
5855 7498
5856 7497
5857 7496
5858 7495
5859 7494
5860 7319
5861 7318
5862 7317
5863 7316
5864 7315
5865 7314
5866 7313
5867 7312
5868 7248
5869 7247
5870 7246
5871 7245
5872 7244
5873 7243
5874 7242
5875 7241
5876 7240
5877 7239
5878 7238
5879 7237
5880 7236
5881 7235
5882 7234
5883 7917
5884 7916
5885 7915
5886 7914
5887 7913
5888 7912
5889 7911
5890 7910
5891 8552
5892 8551
5893 8550
5894 8549
5895 8548
5896 8547
5897 8546
5898 8545
5899 8544
5900 8543
5901 8542
5902 8541
5903 8540
5904 8539
5905 8538
5906 8537
5907 8536
5908 8535
5909 8534
5910 8533
5911 8532
5912 8531
5913 8530
5914 8529
5915 8528
5916 8214
5917 8213
5918 8212
5919 8211
5920 8210
5921 8209
5922 8208
5923 8207
5924 8601
5925 8600
5926 8599
5927 8598
5928 8597
5929 8596
5930 8595
5931 8594
5932 8813
5933 8812
5934 8811
5935 8810
5936 8809
5937 8808
5938 8807
5939 8806
5940 8805
5941 8804
5942 8803
5943 8802
5944 8801
5945 8800
5946 8799
5947 8798
5948 8797
5949 8796
5950 8795
5951 8794
5952 8793
5953 8792
5954 8791
5955 8790
5956 8789
5957 8788
5958 9966
5959 9965
5960 9964
5961 9963
5962 9962
5963 9961
5964 9960
5965 9959
5966 9878
5967 9877
5968 9876
5969 9875
5970 9874
5971 9873
5972 9872
5973 9871
5974 9870
5975 9869
5976 9868
5977 9867
5978 9866
5979 9865
5980 9864
5981 9285
5982 9284
5983 9283
5984 9282
5985 9281
5986 9280
5987 9279
5988 9278
5989 9277
5990 9276
5991 9275
5992 9274
5993 9273
5994 9272
5995 9271
5996 9270
5997 9269
5998 9268
5999 9267
6000 9266
6001 9265
6002 9264
6003 9263
6004 9262
6005 9261
6006 9260
6007 9259
6008 9258
6009 9257
6010 9256
6011 9255
6012 9254
6013 9253
6014 9530
6015 9529
6016 9528
6017 9527
6018 9526
6019 9525
6020 9524
6021 9523
6022 10300
6023 10299
6024 10298
6025 10297
6026 10296
6027 10295
6028 10294
6029 10293
6030 10492
6031 10491
6032 10490
6033 10489
6034 10488
6035 10487
6036 10486
6037 10485
6038 10484
6039 10483
6040 10482
6041 10481
6042 10480
6043 10479
6044 10829
6045 10828
6046 10827
6047 10826
6048 10825
6049 10824
6050 10823
6051 10822
6052 10821
6053 10820
6054 10819
6055 10818
6056 10533
6057 10532
6058 10531
6059 10530
6060 10529
6061 10528
6062 10527
6063 10526
6064 11158
6065 11157
6066 11156
6067 11155
6068 11154
6069 11153
6070 11152
6071 11151
6072 11150
6073 11149
6074 11148
6075 11147
6076 11146
6077 11145
6078 11144
6079 11266
6080 11265
6081 11264
6082 11263
6083 11262
6084 11261
6085 11260
6086 11259
6087 11258
6088 11257
6089 11256
6090 11255
6091 11254
6092 11253
6093 11252
6094 11251
6095 11250
6096 11249
6097 11248
6098 11247
6099 11246
6100 11245
6101 11244
6102 11243
6103 11242
6104 11241
6105 11240
6106 11239
6107 11238
6108 11237
6109 11236
6110 11235
6111 11234
6112 11696
6113 11695
6114 11694
6115 11693
6116 11692
6117 11691
6118 11690
6119 11689
6120 11999
6121 11998
6122 11997
6123 11996
6124 11995
6125 11994
6126 11993
6127 11992
6128 12399
6129 12398
6130 12397
6131 12396
6132 12395
6133 12394
6134 12393
6135 12392
6136 12391
6137 12390
6138 12389
6139 12388
6140 12387
6141 12386
6142 12385
6143 12384
6144 12383
6145 12382
6146 12381
6147 12380
6148 12379
6149 12378
6150 12377
6151 12376
6152 12375
6153 12374
6154 12440
6155 12439
6156 12438
6157 12437
6158 12436
6159 12435
6160 12434
6161 12433
6162 12753
6163 12752
6164 12751
6165 12750
6166 12749
6167 12748
6168 12747
6169 12746
6170 12745
6171 12744
6172 12743
6173 12742
6174 12741
6175 12740
6176 12739
6177 12336
6178 12335
6179 12334
6180 12333
6181 12332
6184 12318
6185 12317
6186 12316
6187 12315
6188 12314
6189 12313
6190 12312
6191 12311
6192 12310
6193 12309
6194 12308
6195 12307
6196 12306
6197 12305
6198 12304
6199 12303
6200 12302
6201 12301
6202 12300
6203 12299
6204 12298
6205 12297
6206 12761
6207 12760
6208 12759
6209 12758
6210 12757
6211 12756
6212 12755
6213 12754
6214 12432
6215 12431
6216 12430
6217 12429
6218 12428
6219 12427
6220 12426
6221 12425
6222 12424
6223 12423
6224 12422
6225 12421
6226 12420
6227 12419
6228 12418
6229 12417
6230 12416
6231 12415
6232 12414
6233 12413
6234 12412
6235 12411
6236 12410
6237 12409
6238 12408
6239 12407
6240 12406
6241 12405
6242 12404
6243 12403
6244 12402
6245 12401
6246 12400
6247 11991
6248 11990
6249 11989
6250 11988
6251 11987
6252 11986
6253 11985
6254 11984
6255 11983
6256 11982
6257 11981
6258 11980
6259 11979
6260 11978
6261 11977
6262 11976
6263 11975
6264 11974
6265 11973
6266 11972
6267 11971
6268 11970
6269 11969
6270 11968
6271 11891
6272 11890
6273 11889
6274 11888
6275 11887
6276 11886
6277 11885
6278 11884
6279 11883
6280 11882
6281 11881
6282 11880
6283 11879
6284 11187
6285 11186
6286 11185
6287 11184
6288 11183
6289 11182
6290 11181
6291 11180
6292 11179
6293 11178
6294 11177
6295 11176
6296 11175
6297 11174
6298 11173
6299 11172
6300 11171
6301 11170
6302 11169
6303 11168
6304 11167
6305 11166
6306 11165
6307 11164
6308 11163
6309 11162
6310 11161
6311 11160
6312 11159
6313 10525
6314 10524
6315 10523
6316 10522
6317 10521
6318 10520
6319 10519
6320 10518
6321 10517
6322 10516
6323 10515
6324 10514
6325 10513
6326 10512
6327 10511
6328 10510
6329 10509
6330 10508
6331 10507
6332 10506
6333 10505
6334 10504
6335 10503
6336 10502
6337 10501
6338 10500
6339 10499
6340 10498
6341 10497
6342 10496
6343 10495
6344 10494
6345 10493
6346 10292
6347 10291
6348 10290
6349 10289
6350 10288
6351 10287
6352 10286
6353 10285
6354 10284
6355 10283
6356 10282
6357 10281
6358 10280
6359 10279
6360 10278
6361 10277
6362 10276
6363 10275
6364 10274
6365 10273
6366 10272
6367 10271
6368 10270
6369 10269
6370 9038
6371 9037
6372 9036
6373 9035
6374 9034
6375 9033
6376 9032
6377 9031
6378 9030
6379 9029
6380 9028
6381 10179
6382 10178
6383 10177
6384 10176
6385 10175
6386 10174
6387 10173
6388 10172
6389 10171
6390 10170
6391 10169
6392 10168
6393 10167
6394 10166
6395 10165
6396 10164
6397 10163
6398 10162
6399 10161
6400 10160
6401 10159
6402 10158
6403 10157
6404 9886
6405 9885
6406 9884
6407 9883
6408 9882
6409 9881
6410 9880
6411 9879
6412 9958
6413 9957
6414 9956
6415 9955
6416 9954
6417 9953
6418 9952
6419 9951
6420 9950
6421 9949
6422 9948
6423 9947
6424 9946
6425 9945
6426 9944
6427 9943
6428 9942
6429 9941
6430 9940
6431 9939
6432 9938
6433 9937
6434 9936
6435 9935
6436 9934
6437 9933
6438 8820
6439 8819
6440 8818
6441 8817
6442 8816
6443 8815
6444 8814
6445 8593
6446 8592
6447 8591
6448 8590
6449 8589
6450 8588
6451 8587
6452 8586
6453 8585
6454 8584
6455 8583
6456 8582
6457 8581
6458 8580
6459 8579
6460 8578
6461 8577
6462 8576
6463 8575
6464 8574
6465 8573
6466 8572
6467 8571
6468 8570
6469 8569
6470 8568
6471 8567
6472 8566
6473 8565
6474 8564
6475 8563
6476 8562
6477 8561
6478 8138
6479 8137
6480 8136
6481 8135
6482 8134
6483 8133
6484 8132
6485 8131
6486 8130
6487 8129
6488 8128
6489 8127
6490 8126
6491 8125
6492 8124
6493 8123
6494 8122
6495 8121
6496 8120
6497 8119
6498 8118
6499 8117
6500 8116
6501 8115
6502 8114
6503 7256
6504 7255
6505 7254
6506 7253
6507 7252
6508 7251
6509 7250
6510 7249
6511 7311
6512 7310
6513 7309
6514 7308
6515 7307
6516 7306
6517 7305
6518 7304
6519 7303
6520 7302
6521 7301
6522 7300
6523 7299
6524 7298
6525 7297
6526 7296
6527 7486
6528 7485
6529 7484
6530 7483
6531 7482
6532 7481
6533 7480
6534 7479
6535 7478
6536 7477
6537 7526
6538 7525
6539 7524
6540 7523
6541 7522
6542 7521
6543 7520
6544 7519
6545 6879
6546 6878
6547 6877
6548 6876
6549 6875
6550 6874
6551 6873
6552 6872
6553 6871
6554 6870
6555 6869
6556 6868
6557 6867
6558 6866
6559 6865
6560 6864
6561 6863
6562 6862
6563 6861
6564 6860
6565 6859
6566 6858
6567 6857
6568 6856
6569 6674
6570 6673
1522 6640
1523 6657
2247 6821
3326 12211
3674 6662
4712 12210
5063 6684
5440 12288
6183 12318
