0 7605
1 7604
2 7603
3 7602
4 7601
5 7600
6 7599
7 7598
8 7597
9 7596
10 7595
11 7594
12 7593
13 7592
14 7591
15 7590
16 7589
17 7588
18 7587
19 7586
20 7585
21 7584
22 7583
23 7582
24 7581
25 7580
26 7579
27 7578
28 7577
29 7576
30 7575
31 7574
32 7573
33 7572
34 7571
35 6962
36 6961
37 6960
38 6959
39 6958
40 6957
41 6956
42 6955
43 6954
44 6953
45 6952
46 6951
47 6950
48 6949
49 6948
50 6947
51 6946
52 6945
53 6944
54 6943
55 6942
56 6941
57 6940
58 6939
59 6938
60 6937
61 6936
62 7116
63 7115
64 7114
65 7113
66 7112
67 7111
68 7110
69 7109
70 8142
71 8141
72 8140
73 8139
74 8138
75 8137
76 8136
77 8135
78 8134
79 8133
80 8132
81 8131
82 8130
83 8129
84 8128
85 8127
86 8126
87 8125
88 8124
89 8123
90 8122
91 8121
92 8120
93 7993
94 7992
95 7991
96 7990
97 7989
98 7988
99 7987
100 7986
101 7985
102 7984
103 8629
104 8628
105 8627
106 8626
107 8625
108 8624
109 8623
110 8622
111 8621
112 8620
113 8619
114 8618
115 8617
116 8616
117 8615
118 8614
119 8613
120 8612
121 8611
122 8610
123 8609
124 8608
125 8607
126 8606
127 8605
128 9284
129 9283
130 9282
131 9281
132 9280
133 9279
134 9278
135 9277
136 8687
137 8686
138 8685
139 8684
140 8683
141 8682
142 8681
143 8680
144 8679
145 8678
146 8677
147 8676
148 8675
149 8674
150 8673
151 8672
152 8671
153 9326
154 9325
155 9324
156 9323
157 9322
158 9321
159 9320
160 9319
161 9318
162 9317
163 9316
164 9369
165 9368
166 9367
167 9366
168 9365
169 9364
170 9363
171 9362
172 9794
173 9793
174 9792
175 9791
176 9790
177 9789
178 9788
179 9787
180 9786
181 9785
182 9784
183 9783
184 9782
185 9781
186 9780
187 9779
188 9778
189 9777
190 9776
191 9775
192 9774
193 9773
194 9772
195 9771
196 9770
197 9769
198 9768
199 9767
200 9766
201 9765
202 9764
203 10330
204 10329
205 10328
206 10327
207 10326
208 10325
209 10324
210 10323
211 10322
212 10321
213 10320
214 10319
215 10318
216 10317
217 10316
218 10315
219 10314
220 10313
221 10312
222 10311
223 10310
224 10309
225 10308
226 10307
227 10306
228 10305
229 10304
230 10919
231 10918
232 10917
233 10916
234 10915
235 10914
236 10913
237 10912
238 11027
239 11026
240 11025
241 11024
242 11023
243 11022
244 11021
245 11020
246 11019
247 11018
248 11017
249 11016
250 11015
251 11014
252 11013
253 10963
254 10962
255 10961
256 10960
257 10959
258 10958
259 10957
260 10956
261 10955
262 10954
263 10953
264 10952
265 10951
266 11070
267 11069
268 11068
269 11067
270 11066
271 11065
272 11064
273 11063
274 11304
275 11303
276 11302
277 11301
278 11300
279 11299
280 11298
281 11297
282 11296
283 11295
284 11294
285 11293
286 11292
287 11291
288 11290
289 11289
290 11288
291 11287
292 11286
293 11285
294 11284
295 11283
296 11282
297 11281
298 11280
299 11279
300 11278
301 11277
302 11276
303 12031
304 12030
305 12029
306 12028
307 12027
308 12026
309 12025
310 12024
311 12023
312 12022
313 12021
314 12020
315 12019
316 12018
317 12017
318 12016
319 12015
320 12014
321 12013
322 12012
323 12011
324 12010
325 12009
326 12008
327 12007
328 12006
329 12005
330 12004
331 12003
332 12728
333 12727
334 12726
335 12725
336 12724
337 12723
338 12722
339 12721
340 12787
341 12786
342 12785
343 12784
344 12783
345 12782
346 12781
347 12780
348 12779
349 12778
350 12777
351 12776
352 12775
353 12774
354 12773
355 12772
356 12771
357 12770
358 12769
359 12768
360 12767
361 12766
362 12765
363 12764
364 12763
365 12762
366 12761
367 12760
368 13033
369 13032
370 13031
371 13030
372 13029
373 13028
374 13027
375 13026
376 12167
377 12166
378 12165
379 12164
380 12163
381 12162
382 12161
383 12160
384 12159
385 12158
386 12157
387 12156
388 12155
389 12154
390 12153
391 12152
392 12151
393 12150
394 12149
395 12148
396 12147
397 12146
398 12145
399 12144
400 12143
401 12142
402 12141
403 12140
404 12139
405 12138
408 12468
409 12467
410 12466
411 12465
412 12464
413 12063
414 12062
415 12061
416 12060
417 12059
418 12058
419 12057
420 12056
421 12175
422 12174
423 12173
424 12172
425 12171
426 12170
427 12169
428 12168
429 13025
430 13024
431 13023
432 13022
433 13021
434 13020
435 13019
436 13018
437 13017
438 13016
439 13015
440 13014
441 13013
442 13012
443 13011
444 13010
445 12806
446 12805
447 12804
448 12803
449 12802
450 12801
451 12800
452 12799
453 12798
454 12797
455 12796
456 12795
457 12794
458 12793
459 12792
460 12791
461 12790
462 12789
463 12788
464 12720
465 12719
466 12718
467 12717
468 12716
469 12715
470 12714
471 12713
472 12712
473 12711
474 12710
475 12709
476 12708
477 12707
478 12706
479 12705
480 11537
481 11536
482 11535
483 11534
484 11533
485 11532
486 11531
487 11530
488 11600
489 11599
490 11598
491 11597
492 11596
493 11595
494 11594
495 11593
496 11592
497 11591
498 11590
499 11589
500 11588
501 11587
502 11586
503 11585
504 11584
505 11583
506 11582
507 11581
508 11580
509 11579
510 11578
511 11577
512 11576
513 11575
514 11574
515 11573
516 11320
517 11319
518 11318
519 11317
520 11316
521 11315
522 11314
523 11313
524 11312
525 11311
526 11310
527 11309
528 11308
529 11307
530 11306
531 11305
532 11062
533 11061
534 11060
535 11059
536 11058
537 11057
538 11056
539 11055
540 11054
541 11053
542 11052
543 11051
544 11050
545 11049
546 11048
547 11047
548 11046
549 11045
550 11044
551 11043
552 11042
553 11041
554 11040
555 11039
556 11038
557 11037
558 11036
559 11035
560 11034
561 11033
562 11032
563 11031
564 11030
565 11029
566 11028
567 10911
568 10910
569 10909
570 10908
571 10907
572 10906
573 10905
574 10904
575 10903
576 10902
577 10901
578 10900
579 10899
580 10898
581 10897
582 10896
583 9401
584 9400
585 9399
586 9398
587 9397
588 9396
589 9395
590 9394
591 9464
592 9463
593 9462
594 9461
595 9460
596 9459
597 9458
598 9457
599 9456
600 9455
601 9454
602 9453
603 9452
604 9451
605 9450
606 9449
607 9448
608 9447
609 9446
610 9445
611 9444
612 9443
613 9442
614 9441
615 9440
616 9439
617 9438
618 9437
619 9562
620 9561
621 9560
622 9559
623 9558
624 9557
625 9556
626 9555
627 9802
628 9801
629 9800
630 9799
631 9798
632 9797
633 9796
634 9795
635 9361
636 9360
637 9359
638 9358
639 9357
640 9356
641 9355
642 9354
643 9353
644 9352
645 9351
646 9350
647 9349
648 9348
649 9347
650 9346
651 9345
652 9344
653 9343
654 9342
655 9341
656 9340
657 9339
658 9338
659 9337
660 9336
661 9335
662 9334
663 8694
664 8693
665 8692
666 8691
667 8690
668 8689
669 8688
670 9276
671 9275
672 9274
673 9273
674 9272
675 9271
676 9270
677 9269
678 9268
679 9267
680 9266
681 9265
682 9264
683 9263
684 9262
685 9261
686 8382
687 8381
688 8380
689 8379
690 8378
691 8377
692 8376
693 8375
694 8088
695 8087
696 8086
697 8085
698 8084
699 8083
700 8082
701 8081
702 8080
703 8079
704 8078
705 8077
706 8076
707 8075
708 8074
709 8073
710 8072
711 8071
712 8070
713 8069
714 8068
715 8067
716 8066
717 8065
718 8064
719 8063
720 8062
721 8061
722 7785
723 7784
724 7783
725 7782
726 7781
727 7780
728 7779
729 7778
730 8150
731 8149
732 8148
733 8147
734 8146
735 8145
736 8144
737 8143
738 7108
739 7107
740 7106
741 7105
742 7104
743 7103
744 7102
745 7101
746 7100
747 7099
748 7098
749 7097
750 7096
751 7095
752 7094
753 7093
754 7092
755 7636
756 7635
757 7634
758 7633
759 7632
760 7631
761 7630
762 7629
763 7628
764 7627
765 7626
766 6970
767 6969
768 6968
769 6967
770 6966
771 6965
772 6964
773 6963
774 7570
775 7569
776 7568
777 7567
778 7566
779 7565
780 7564
781 7563
782 7562
783 7561
784 7560
785 7559
786 7558
787 7557
788 7556
789 7555
790 6654
791 6653
792 6652
793 6651
794 6650
797 6659
798 6658
799 6657
800 6656
801 6655
802 7554
803 7553
804 7552
805 7551
806 7550
807 7549
808 7548
809 7547
810 6725
811 6724
812 6723
813 6722
814 6721
815 6720
816 6719
817 6718
818 7354
819 7353
820 7352
821 7351
822 7350
823 7349
824 7348
825 7347
826 7346
827 7345
828 7344
829 7343
830 7342
831 7341
832 7340
833 7339
834 7338
835 7337
836 7336
837 7335
838 7334
839 7333
840 7332
841 7331
842 7330
843 7329
844 7328
845 7661
846 7660
847 7659
848 7658
849 7657
850 7656
851 7655
852 7654
853 7800
854 7799
855 7798
856 7797
857 7796
858 7795
859 7794
860 7793
861 7792
862 7791
863 7790
864 7789
865 7788
866 7787
867 7786
868 8060
869 8059
870 8058
871 8057
872 8056
873 8055
874 8054
875 8053
876 8409
877 8408
878 8407
879 8406
880 8405
881 8404
882 8403
883 8402
884 8401
885 8400
886 8399
887 8398
888 8397
889 8396
890 8395
891 8394
892 8393
893 8392
894 8391
895 8390
896 8389
897 8388
898 8387
899 8386
900 8385
901 8384
902 8383
903 9260
904 9259
905 9258
906 9257
907 9256
908 9255
909 9254
910 9253
911 7930
912 7929
913 7928
914 7927
915 7926
916 7925
917 7924
918 7923
919 8753
920 8752
921 8751
922 8750
923 8749
924 8748
925 8747
926 8746
927 8745
928 8744
929 8743
930 8742
931 8741
932 8740
933 8739
934 8738
935 8737
936 8736
937 8735
938 8734
939 8733
940 8732
941 8731
942 8730
943 8729
944 8728
945 8727
946 8726
947 8968
948 8967
949 8966
950 8965
951 8964
952 8963
953 8962
954 8961
955 9577
956 9576
957 9575
958 9574
959 9573
960 9572
961 9571
962 9570
963 9569
964 9568
965 9567
966 9566
967 9565
968 9564
969 9563
970 9436
971 9435
972 9434
973 9433
974 9432
975 9431
976 9430
977 9429
978 9428
979 9427
980 9426
981 9425
982 9424
983 9423
984 9422
985 9421
986 9420
987 9419
988 9418
989 9417
990 9416
991 9415
992 9414
993 9413
994 9412
995 9411
996 9410
997 9409
998 9408
999 9407
1000 9406
1001 9405
1002 9404
1003 9403
1004 9402
1005 10895
1006 10894
1007 10893
1008 10892
1009 10891
1010 10890
1011 10889
1012 10888
1013 9707
1014 9706
1015 9705
1016 9704
1017 9703
1018 9702
1019 9701
1020 9700
1021 10575
1022 10574
1023 10573
1024 10572
1025 10571
1026 10570
1027 10569
1028 10568
1029 10567
1030 10566
1031 10565
1032 10564
1033 10563
1034 10562
1035 10561
1036 11012
1037 11011
1038 11010
1039 11009
1040 11008
1041 11007
1042 11006
1043 11005
1044 11004
1045 11003
1046 11002
1047 11001
1048 11000
1049 10618
1050 10617
1051 10616
1052 10615
1053 10614
1054 10613
1055 10612
1056 10611
1057 11335
1058 11334
1059 11333
1060 11332
1061 11331
1062 11330
1063 11329
1064 11328
1065 11327
1066 11326
1067 11325
1068 11324
1069 11323
1070 11322
1071 11321
1072 11572
1073 11571
1074 11570
1075 11569
1076 11568
1077 11567
1078 11566
1079 11565
1080 11564
1081 11563
1082 11562
1083 11561
1084 11560
1085 11559
1086 11558
1087 11557
1088 11556
1089 11555
1090 11554
1091 11553
1092 11552
1093 11551
1094 11550
1095 11549
1096 11548
1097 11547
1098 11546
1099 11545
1100 11544
1101 11543
1102 11542
1103 11541
1104 11540
1105 11539
1106 11538
1107 12704
1108 12703
1109 12702
1110 12701
1111 12700
1112 12699
1113 12698
1114 12697
1115 11465
1116 11464
1117 11463
1118 11462
1119 11461
1120 11460
1121 11459
1122 11458
1123 12826
1124 12825
1125 12824
1126 12823
1127 12822
1128 12821
1129 12820
1130 12819
1131 12818
1132 12817
1133 12816
1134 12815
1135 12814
1136 12813
1137 12812
1138 12811
1139 12810
1140 12809
1141 12808
1142 12807
1143 13009
1144 13008
1145 13007
1146 13006
1147 13005
1148 13004
1149 13003
1150 13002
1151 12883
1152 12882
1153 12881
1154 12880
1155 12879
1156 12878
1157 12877
1158 12876
1159 12078
1160 12077
1161 12076
1162 12075
1163 12074
1164 12073
1165 12072
1166 12071
1167 12070
1168 12069
1169 12068
1170 12067
1171 12066
1172 12065
1173 12064
1174 12463
1175 12462
1176 12461
1177 12460
1178 12459
1181 12283
1182 12282
1183 12281
1184 12280
1185 12279
1186 12523
1187 12522
1188 12521
1189 12520
1190 12519
1191 12518
1192 12517
1193 12516
1194 12086
1195 12085
1196 12084
1197 12083
1198 12082
1199 12081
1200 12080
1201 12079
1202 12875
1203 12874
1204 12873
1205 12872
1206 12871
1207 12870
1208 12869
1209 12868
1210 12867
1211 12866
1212 12865
1213 12864
1214 12863
1215 12862
1216 12861
1217 12860
1218 12352
1219 12351
1220 12350
1221 12349
1222 12348
1223 12347
1224 12346
1225 12838
1226 12837
1227 12836
1228 12835
1229 12834
1230 12833
1231 12832
1232 12831
1233 12830
1234 12829
1235 12828
1236 12827
1237 11457
1238 11456
1239 11455
1240 11454
1241 11453
1242 11452
1243 11451
1244 11450
1245 11449
1246 11448
1247 11447
1248 11446
1249 11445
1250 11444
1251 11443
1252 11442
1253 11110
1254 11109
1255 11108
1256 11107
1257 11106
1258 11105
1259 11104
1260 11103
1261 11173
1262 11172
1263 11171
1264 11170
1265 11169
1266 11168
1267 11167
1268 11166
1269 11165
1270 11164
1271 11163
1272 11162
1273 11161
1274 11160
1275 11159
1276 11158
1277 11157
1278 11156
1279 11155
1280 11154
1281 11153
1282 11152
1283 11151
1284 11150
1285 11149
1286 11148
1287 11147
1288 11146
1289 10714
1290 10713
1291 10712
1292 10711
1293 10710
1294 10709
1295 10708
1296 10707
1297 11343
1298 11342
1299 11341
1300 11340
1301 11339
1302 11338
1303 11337
1304 11336
1305 10610
1306 10609
1307 10608
1308 10607
1309 10606
1310 10605
1311 10604
1312 10603
1313 10602
1314 10601
1315 10600
1316 10599
1317 10598
1318 10597
1319 10596
1320 10595
1321 10594
1322 10593
1323 10592
1324 10591
1325 10590
1326 10589
1327 10588
1328 10587
1329 10586
1330 10585
1331 10584
1332 10583
1333 10582
1334 10581
1335 10580
1336 10579
1337 10578
1338 10577
1339 10576
1340 9699
1341 9698
1342 9697
1343 9696
1344 9695
1345 9694
1346 9693
1347 9692
1348 9691
1349 9690
1350 9689
1351 9688
1352 9687
1353 9686
1354 9685
1355 9684
1356 10067
1357 10066
1358 10065
1359 10064
1360 10063
1361 10062
1362 10061
1363 10060
1364 10130
1365 10129
1366 10128
1367 10127
1368 10126
1369 10125
1370 10124
1371 10123
1372 10122
1373 10121
1374 10120
1375 10119
1376 10118
1377 10117
1378 10116
1379 10115
1380 10114
1381 10113
1382 10112
1383 10111
1384 10110
1385 10109
1386 10108
1387 10107
1388 10106
1389 10105
1390 10104
1391 10103
1392 9062
1393 9061
1394 9060
1395 9059
1396 9058
1397 9057
1398 9056
1399 9055
1400 9585
1401 9584
1402 9583
1403 9582
1404 9581
1405 9580
1406 9579
1407 9578
1408 8960
1409 8959
1410 8958
1411 8957
1412 8956
1413 8955
1414 8954
1415 8953
1416 8952
1417 8951
1418 8950
1419 8949
1420 8948
1421 8947
1422 8946
1423 8945
1424 8944
1425 8943
1426 8942
1427 8941
1428 8940
1429 8939
1430 8938
1431 8937
1432 8936
1433 8935
1434 8934
1435 8933
1436 8760
1437 8759
1438 8758
1439 8757
1440 8756
1441 8755
1442 8754
1443 7922
1444 7921
1445 7920
1446 7919
1447 7918
1448 7917
1449 7916
1450 7915
1451 7914
1452 7913
1453 7912
1454 7911
1455 7910
1456 7909
1457 7908
1458 7907
1459 8449
1460 8448
1461 8447
1462 8446
1463 8445
1464 8444
1465 8443
1466 8442
1467 8315
1468 8314
1469 8313
1470 8312
1471 8311
1472 8310
1473 8309
1474 8308
1475 8307
1476 8306
1477 8305
1478 8304
1479 8303
1480 8302
1481 8301
1482 8300
1483 8299
1484 8298
1485 8297
1486 8296
1487 8295
1488 8294
1489 8293
1490 8292
1491 8291
1492 8290
1493 8289
1494 8288
1495 7187
1496 7186
1497 7185
1498 7184
1499 7183
1500 7182
1501 7181
1502 7180
1503 7808
1504 7807
1505 7806
1506 7805
1507 7804
1508 7803
1509 7802
1510 7801
1511 7653
1512 7652
1513 7651
1514 7650
1515 7649
1516 7648
1517 7647
1518 7646
1519 7645
1520 7644
1521 7643
1522 7642
1523 7641
1524 7640
1525 7639
1526 7638
1527 7637
1528 7320
1529 7319
1530 7318
1531 7317
1532 7316
1533 7315
1534 7314
1535 7313
1536 7312
1537 7311
1538 7310
1539 7362
1540 7361
1541 7360
1542 7359
1543 7358
1544 7357
1545 7356
1546 7355
1547 6717
1548 6716
1549 6715
1550 6714
1551 6713
1552 6712
1553 6711
1554 6710
1555 6709
1556 6708
1557 6707
1558 6706
1559 6705
1560 6704
1561 6703
1562 6702
1563 6701
1564 6700
1565 6699
1566 6698
1567 6697
1568 6696
1569 6695
1570 6694
1571 6635
1572 6634
1573 6633
1574 6632
1575 6631
1576 6630
1577 6629
1578 6628
1579 6627
1580 6626
1583 6644
1584 6643
1585 6642
1586 6641
1587 6640
1588 6639
1589 6638
1590 6637
1591 6636
1592 6693
1593 6692
1594 6691
1595 6690
1596 6689
1597 6688
1598 6687
1599 6686
1600 7538
1601 7537
1602 7536
1603 7535
1604 7534
1605 7533
1606 7532
1607 7531
1608 6842
1609 6841
1610 6840
1611 6839
1612 6838
1613 6837
1614 6836
1615 6835
1616 7369
1617 7368
1618 7367
1619 7366
1620 7365
1621 7364
1622 7363
1623 7309
1624 7308
1625 7307
1626 7306
1627 7305
1628 7304
1629 7303
1630 7302
1631 7301
1632 7300
1633 7299
1634 7298
1635 7297
1636 7296
1637 7295
1638 7294
1639 7293
1640 7292
1641 7291
1642 7290
1643 7289
1644 7288
1645 7287
1646 7286
1647 7815
1648 7814
1649 7813
1650 7812
1651 7811
1652 7810
1653 7809
1654 7179
1655 7178
1656 7177
1657 7176
1658 7175
1659 7174
1660 7173
1661 7172
1662 8044
1663 8043
1664 8042
1665 8041
1666 8040
1667 8039
1668 8038
1669 8037
1670 8036
1671 8035
1672 8034
1673 8033
1674 8032
1675 8031
1676 8030
1677 8029
1678 8322
1679 8321
1680 8320
1681 8319
1682 8318
1683 8317
1684 8316
1685 8441
1686 8440
1687 8439
1688 8438
1689 8437
1690 8436
1691 8435
1692 8434
1693 9244
1694 9243
1695 9242
1696 9241
1697 9240
1698 9239
1699 9238
1700 9237
1701 8556
1702 8555
1703 8554
1704 8553
1705 8552
1706 8551
1707 8550
1708 8549
1709 8768
1710 8767
1711 8766
1712 8765
1713 8764
1714 8763
1715 8762
1716 8761
1717 8932
1718 8931
1719 8930
1720 8929
1721 8928
1722 8927
1723 8926
1724 8925
1725 8924
1726 8923
1727 8922
1728 8921
1729 8920
1730 8919
1731 8918
1732 8917
1733 8861
1734 8860
1735 8859
1736 8858
1737 8857
1738 8856
1739 8855
1740 8854
1741 9592
1742 9591
1743 9590
1744 9589
1745 9588
1746 9587
1747 9586
1748 9054
1749 9053
1750 9052
1751 9051
1752 9050
1753 9049
1754 9048
1755 9047
1756 10153
1757 10152
1758 10151
1759 10150
1760 10149
1761 10148
1762 10147
1763 10146
1764 10145
1765 10144
1766 10143
1767 10142
1768 10141
1769 10140
1770 10139
1771 10138
1772 10137
1773 10136
1774 10135
1775 10134
1776 10133
1777 10132
1778 10131
1779 10059
1780 10058
1781 10057
1782 10056
1783 10055
1784 10054
1785 10053
1786 10052
1787 10879
1788 10878
1789 10877
1790 10876
1791 10875
1792 10874
1793 10873
1794 10872
1795 10255
1796 10254
1797 10253
1798 10252
1799 10251
1800 10250
1801 10249
1802 10248
1803 10384
1804 10383
1805 10382
1806 10381
1807 10380
1808 10379
1809 10378
1810 10377
1811 10376
1812 10375
1813 10374
1814 10373
1815 10372
1816 10560
1817 10559
1818 10558
1819 10557
1820 10556
1821 10555
1822 10554
1823 10553
1824 10552
1825 10551
1826 10550
1827 10494
1828 10493
1829 10492
1830 10491
1831 10490
1832 10489
1833 10488
1834 10487
1835 11350
1836 11349
1837 11348
1838 11347
1839 11346
1840 11345
1841 11344
1842 10706
1843 10705
1844 10704
1845 10703
1846 10702
1847 10701
1848 10700
1849 10699
1850 11196
1851 11195
1852 11194
1853 11193
1854 11192
1855 11191
1856 11190
1857 11189
1858 11188
1859 11187
1860 11186
1861 11185
1862 11184
1863 11183
1864 11182
1865 11181
1866 11180
1867 11179
1868 11178
1869 11177
1870 11176
1871 11175
1872 11174
1873 11102
1874 11101
1875 11100
1876 11099
1877 11098
1878 11097
1879 11096
1880 11095
1881 12688
1882 12687
1883 12686
1884 12685
1885 12684
1886 12683
1887 12682
1888 12681
1889 11954
1890 11953
1891 11952
1892 11951
1893 11950
1894 11949
1895 11948
1896 11947
1897 12335
1898 12334
1899 12333
1900 12332
1901 12331
1902 12330
1903 12329
1904 12328
1905 12327
1906 12326
1907 12325
1908 12324
1909 12323
1910 12322
1911 12321
1912 12320
1913 12319
1914 12318
1915 12317
1916 12316
1917 12315
1918 12314
1919 12313
1920 12312
1921 12431
1922 12430
1923 12429
1924 12428
1925 12427
1926 12426
1927 12425
1928 12424
1929 12093
1930 12092
1931 12091
1932 12090
1933 12089
1934 12088
1935 12087
1936 12515
1937 12514
1938 12513
1939 12512
1940 12511
1941 12510
1942 12509
1943 12508
1946 12507
1947 12506
1948 12505
1949 12504
1950 12503
1951 12502
1952 12501
1953 12500
1954 12190
1955 12189
1956 12188
1957 12187
1958 12186
1959 12185
1960 12184
1961 12183
1962 12891
1963 12890
1964 12889
1965 12888
1966 12887
1967 12886
1968 12885
1969 12884
1970 13001
1971 13000
1972 12999
1973 12998
1974 12997
1975 12996
1976 12995
1977 12994
1978 12993
1979 12992
1980 12991
1981 12990
1982 12989
1983 12988
1984 12987
1985 12986
1986 12985
1987 12984
1988 12983
1989 12982
1990 12981
1991 12980
1992 12979
1993 11473
1994 11472
1995 11471
1996 11470
1997 11469
1998 11468
1999 11467
2000 11466
2001 12696
2002 12695
2003 12694
2004 12693
2005 12692
2006 12691
2007 12690
2008 12689
2009 11094
2010 11093
2011 11092
2012 11091
2013 11090
2014 11089
2015 11088
2016 11087
2017 11220
2018 11219
2019 11218
2020 11217
2021 11216
2022 11215
2023 11214
2024 11213
2025 11212
2026 11211
2027 11210
2028 11209
2029 11208
2030 11207
2031 11206
2032 11205
2033 11204
2034 11203
2035 11202
2036 11201
2037 11200
2038 11199
2039 11198
2040 11197
2041 10698
2042 10697
2043 10696
2044 10695
2045 10694
2046 10693
2047 10692
2048 10691
2049 11705
2050 11704
2051 11703
2052 11702
2053 11701
2054 11700
2055 11699
2056 11698
2057 10626
2058 10625
2059 10624
2060 10623
2061 10622
2062 10621
2063 10620
2064 10619
2065 10999
2066 10998
2067 10997
2068 10996
2069 10995
2070 10994
2071 10993
2072 10992
2073 10991
2074 10990
2075 10989
2076 10988
2077 10987
2078 10986
2079 10985
2080 10984
2081 10983
2082 10982
2083 10981
2084 10980
2085 10979
2086 10978
2087 10977
2088 9715
2089 9714
2090 9713
2091 9712
2092 9711
2093 9710
2094 9709
2095 9708
2096 10887
2097 10886
2098 10885
2099 10884
2100 10883
2101 10882
2102 10881
2103 10880
2104 10051
2105 10050
2106 10049
2107 10048
2108 10047
2109 10046
2110 10045
2111 10044
2112 9988
2113 9987
2114 9986
2115 9985
2116 9984
2117 9983
2118 9982
2119 9981
2120 9980
2121 9979
2122 10167
2123 10166
2124 10165
2125 10164
2126 10163
2127 10162
2128 10161
2129 10160
2130 10159
2131 10158
2132 10157
2133 10156
2134 10155
2135 10154
2136 9046
2137 9045
2138 9044
2139 9043
2140 9042
2141 9041
2142 9040
2143 9039
2144 9817
2145 9816
2146 9815
2147 9814
2148 9813
2149 9812
2150 9811
2151 9810
2152 8976
2153 8975
2154 8974
2155 8973
2156 8972
2157 8971
2158 8970
2159 8969
2160 8725
2161 8724
2162 8723
2163 8722
2164 8721
2165 8720
2166 8719
2167 8718
2168 8717
2169 8716
2170 8715
2171 8714
2172 8713
2173 8712
2174 8711
2175 8710
2176 8709
2177 8708
2178 8707
2179 8706
2180 8705
2181 8704
2182 8703
2183 7938
2184 7937
2185 7936
2186 7935
2187 7934
2188 7933
2189 7932
2190 7931
2191 9252
2192 9251
2193 9250
2194 9249
2195 9248
2196 9247
2197 9246
2198 9245
2199 8433
2200 8432
2201 8431
2202 8430
2203 8429
2204 8428
2205 8427
2206 8426
2207 8425
2208 8424
2209 8423
2210 8422
2211 8421
2212 8420
2213 8419
2214 8418
2215 8417
2216 8416
2217 8415
2218 8414
2219 8413
2220 8412
2221 8411
2222 8410
2223 8052
2224 8051
2225 8050
2226 8049
2227 8048
2228 8047
2229 8046
2230 8045
2231 7171
2232 7170
2233 7169
2234 7168
2235 7167
2236 7166
2237 7165
2238 7164
2239 8165
2240 8164
2241 8163
2242 8162
2243 8161
2244 8160
2245 8159
2246 8158
2247 7669
2248 7668
2249 7667
2250 7666
2251 7665
2252 7664
2253 7663
2254 7662
2255 7327
2256 7326
2257 7325
2258 7324
2259 7323
2260 7322
2261 7321
2262 7049
2263 7048
2264 7047
2265 7046
2266 7045
2267 7044
2268 7043
2269 7042
2270 7041
2271 6985
2272 6984
2273 6983
2274 6982
2275 6981
2276 6980
2277 6979
2278 6978
2279 6733
2280 6732
2281 6731
2282 6730
2283 6729
2284 6728
2285 6727
2286 6726
2287 7546
2288 7545
2289 7544
2290 7543
2291 7542
2292 7541
2293 7540
2294 7539
2295 6685
2296 6684
2297 6683
2298 6682
2299 6681
2300 6680
2301 6679
2302 6678
2303 6646
2304 6645
2307 6792
2308 6791
2309 6790
2310 6789
2311 6788
2312 6787
2313 6786
2314 6785
2315 6784
2316 6783
2317 6782
2318 6882
2319 6881
2320 6880
2321 6879
2322 6878
2323 6877
2324 6876
2325 6875
2326 6741
2327 6740
2328 6739
2329 6738
2330 6737
2331 6736
2332 6735
2333 6734
2334 6977
2335 6976
2336 6975
2337 6974
2338 6973
2339 6972
2340 6971
2341 7625
2342 7624
2343 7623
2344 7622
2345 7621
2346 7620
2347 7619
2348 7618
2349 7617
2350 7684
2351 7683
2352 7682
2353 7681
2354 7680
2355 7679
2356 7678
2357 7677
2358 7676
2359 7675
2360 7674
2361 7673
2362 7672
2363 7671
2364 7670
2365 8157
2366 8156
2367 8155
2368 8154
2369 8153
2370 8152
2371 8151
2372 7777
2373 7776
2374 7775
2375 7774
2376 7773
2377 7772
2378 7771
2379 7770
2380 8111
2381 8110
2382 8109
2383 8108
2384 8107
2385 8106
2386 8105
2387 8104
2388 8103
2389 8102
2390 8101
2391 8100
2392 8099
2393 8098
2394 8097
2395 8096
2396 8095
2397 8094
2398 8093
2399 8092
2400 8091
2401 8090
2402 8089
2403 8374
2404 8373
2405 8372
2406 8371
2407 8370
2408 8369
2409 8368
2410 8367
2411 8596
2412 8595
2413 8594
2414 8593
2415 8592
2416 8591
2417 8590
2418 8589
2419 7946
2420 7945
2421 7944
2422 7943
2423 7942
2424 7941
2425 7940
2426 7939
2427 8702
2428 8701
2429 8700
2430 8699
2431 8698
2432 8697
2433 8696
2434 8695
2435 9333
2436 9332
2437 9331
2438 9330
2439 9329
2440 9328
2441 9327
2442 8670
2443 8669
2444 8668
2445 8667
2446 8666
2447 8665
2448 8664
2449 8663
2450 8662
2451 8984
2452 8983
2453 8982
2454 8981
2455 8980
2456 8979
2457 8978
2458 8977
2459 9809
2460 9808
2461 9807
2462 9806
2463 9805
2464 9804
2465 9803
2466 9554
2467 9553
2468 9552
2469 9551
2470 9550
2471 9549
2472 9548
2473 9547
2474 9487
2475 9486
2476 9485
2477 9484
2478 9483
2479 9482
2480 9481
2481 9480
2482 9479
2483 9478
2484 9477
2485 9476
2486 9475
2487 9474
2488 9473
2489 9472
2490 9471
2491 9470
2492 9469
2493 9468
2494 9467
2495 9466
2496 9465
2497 9393
2498 9392
2499 9391
2500 9390
2501 9389
2502 9388
2503 9387
2504 9386
2505 10295
2506 10294
2507 10293
2508 10292
2509 10291
2510 10290
2511 10289
2512 10288
2513 9723
2514 9722
2515 9721
2516 9720
2517 9719
2518 9718
2519 9717
2520 9716
2521 10976
2522 10975
2523 10974
2524 10973
2525 10972
2526 10971
2527 10970
2528 10969
2529 10968
2530 10967
2531 10966
2532 10965
2533 10964
2534 10371
2535 10370
2536 10369
2537 10368
2538 10367
2539 10366
2540 10365
2541 10364
2542 10363
2543 10362
2544 10361
2545 10634
2546 10633
2547 10632
2548 10631
2549 10630
2550 10629
2551 10628
2552 10627
2553 11697
2554 11696
2555 11695
2556 11694
2557 11693
2558 11692
2559 11691
2560 11690
2561 11689
2562 11688
2563 11687
2564 11686
2565 11685
2566 11684
2567 11683
2568 11623
2569 11622
2570 11621
2571 11620
2572 11619
2573 11618
2574 11617
2575 11616
2576 11615
2577 11614
2578 11613
2579 11612
2580 11611
2581 11610
2582 11609
2583 11608
2584 11607
2585 11606
2586 11605
2587 11604
2588 11603
2589 11602
2590 11601
2591 11529
2592 11528
2593 11527
2594 11526
2595 11525
2596 11524
2597 11523
2598 11522
2599 11994
2600 11993
2601 11992
2602 11991
2603 11990
2604 11989
2605 11988
2606 11987
2607 11481
2608 11480
2609 11479
2610 11478
2611 11477
2612 11476
2613 11475
2614 11474
2615 12978
2616 12977
2617 12976
2618 12975
2619 12974
2620 12973
2621 12972
2622 12971
2623 12970
2624 12969
2625 12968
2626 12967
2627 12966
2628 12965
2629 12964
2630 12963
2631 12962
2632 12961
2633 12960
2634 12959
2635 12958
2636 12957
2637 12956
2638 12955
2639 12899
2640 12898
2641 12897
2642 12896
2643 12895
2644 12894
2645 12893
2646 12892
2647 12182
2648 12181
2649 12180
2650 12179
2651 12178
2652 12177
2653 12176
2654 12055
2655 12054
2656 12053
2657 12052
2658 12051
2659 12050
2660 12049
2661 12048
2664 12137
2665 12136
2666 12135
2667 12134
2668 12133
2669 12132
2670 12131
2671 12130
2672 12129
2673 12128
2674 12127
2675 12126
2676 12125
2677 12047
2678 12046
2679 12045
2680 12044
2681 12043
2682 12042
2683 12041
2684 12040
2685 13049
2686 13048
2687 13047
2688 13046
2689 13045
2690 13044
2691 13043
2692 13042
2693 13041
2694 13040
2695 13039
2696 13038
2697 13037
2698 13036
2699 13035
2700 13034
2701 12759
2702 12758
2703 12757
2704 12756
2705 12755
2706 12754
2707 12753
2708 12752
2709 12751
2710 12750
2711 12749
2712 12748
2713 12747
2714 12746
2715 12745
2716 12744
2717 12743
2718 12742
2719 12741
2720 12740
2721 12739
2722 12738
2723 12737
2724 12736
2725 12735
2726 12734
2727 12733
2728 12732
2729 12731
2730 12730
2731 12729
2732 12002
2733 12001
2734 12000
2735 11999
2736 11998
2737 11997
2738 11996
2739 11995
2740 11521
2741 11520
2742 11519
2743 11518
2744 11517
2745 11516
2746 11515
2747 11514
2748 11647
2749 11646
2750 11645
2751 11644
2752 11643
2753 11642
2754 11641
2755 11640
2756 11639
2757 11638
2758 11637
2759 11636
2760 11635
2761 11634
2762 11633
2763 11632
2764 11631
2765 11630
2766 11629
2767 11628
2768 11627
2769 11626
2770 11625
2771 11624
2772 11682
2773 11681
2774 11680
2775 11679
2776 11678
2777 11677
2778 11676
2779 11675
2780 11086
2781 11085
2782 11084
2783 11083
2784 11082
2785 11081
2786 11080
2787 11079
2788 11078
2789 11077
2790 11076
2791 11075
2792 11074
2793 11073
2794 11072
2795 11071
2796 10950
2797 10949
2798 10948
2799 10947
2800 10946
2801 10945
2802 10944
2803 10943
2804 10942
2805 10941
2806 10940
2807 10939
2808 10938
2809 10937
2810 10936
2811 10935
2812 10934
2813 10933
2814 10932
2815 10931
2816 10930
2817 10929
2818 10928
2819 10927
2820 10926
2821 10925
2822 10924
2823 10923
2824 10922
2825 10921
2826 10920
2827 10303
2828 10302
2829 10301
2830 10300
2831 10299
2832 10298
2833 10297
2834 10296
2835 9763
2836 9762
2837 9761
2838 9760
2839 9759
2840 9758
2841 9757
2842 9756
2843 9511
2844 9510
2845 9509
2846 9508
2847 9507
2848 9506
2849 9505
2850 9504
2851 9503
2852 9502
2853 9501
2854 9500
2855 9499
2856 9498
2857 9497
2858 9496
2859 9495
2860 9494
2861 9493
2862 9492
2863 9491
2864 9490
2865 9489
2866 9488
2867 9546
2868 9545
2869 9544
2870 9543
2871 9542
2872 9541
2873 9540
2874 9539
2875 9385
2876 9384
2877 9383
2878 9382
2879 9381
2880 9380
2881 9379
2882 9378
2883 9377
2884 9376
2885 9375
2886 9374
2887 9373
2888 9372
2889 9371
2890 9370
2891 9315
2892 9314
2893 9313
2894 9312
2895 9311
2896 9310
2897 9309
2898 9308
2899 9307
2900 9306
2901 9305
2902 9304
2903 9303
2904 9302
2905 9301
2906 9300
2907 9299
2908 9298
2909 9297
2910 9296
2911 9295
2912 9294
2913 9293
2914 9292
2915 9291
2916 9290
2917 9289
2918 9288
2919 9287
2920 9286
2921 9285
2922 8604
2923 8603
2924 8602
2925 8601
2926 8600
2927 8599
2928 8598
2929 8597
2930 8366
2931 8365
2932 8364
2933 8363
2934 8362
2935 8361
2936 8360
2937 8359
2938 8358
2939 8357
2940 8356
2941 8355
2942 8354
2943 8353
2944 8352
2945 8351
2946 8001
2947 8000
2948 7999
2949 7998
2950 7997
2951 7996
2952 7995
2953 7994
2954 8119
2955 8118
2956 8117
2957 8116
2958 8115
2959 8114
2960 8113
2961 8112
2962 7769
2963 7768
2964 7767
2965 7766
2966 7765
2967 7764
2968 7763
2969 7762
2970 7132
2971 7131
2972 7130
2973 7129
2974 7128
2975 7127
2976 7126
2977 7125
2978 7124
2979 7123
2980 7122
2981 7121
2982 7120
2983 7119
2984 7118
2985 7117
2986 6935
2987 6934
2988 6933
2989 6932
2990 6931
2991 6930
2992 6929
2993 7091
2994 7090
2995 7089
2996 7088
2997 7087
2998 7086
2999 7085
3000 7084
3001 7083
3002 6906
3003 6905
3004 6904
3005 6903
3006 6902
3007 6901
3008 6900
3009 6899
3010 6898
3011 6897
3012 6896
3013 6895
3014 6894
3015 6893
3016 6892
3017 6891
3018 6890
3019 6889
3020 6888
3021 6887
3022 6886
3023 6885
3024 6884
3025 6883
3026 6781
3027 6780
3028 6779
3029 6778
3030 6777
3031 6776
3032 6775
3033 6774
3034 7613
3035 7612
3036 7611
3037 7610
3038 7609
3039 7608
3040 7607
3041 7606
3044 7616
3045 7615
3046 7614
3047 6773
3048 6772
3049 6771
3050 6770
3051 6769
3052 6768
3053 6767
3054 6766
3055 6765
3056 6764
3057 6763
3058 6762
3059 6761
3060 6760
3061 6759
3062 6758
3063 6757
3064 6756
3065 6755
3066 6754
3067 6753
3068 6752
3069 6751
3070 6750
3071 6913
3072 6912
3073 6911
3074 6910
3075 6909
3076 6908
3077 6907
3078 7082
3079 7081
3080 7080
3081 7079
3082 7078
3083 7077
3084 7076
3085 7075
3086 7074
3087 7073
3088 7072
3089 7071
3090 7070
3091 7069
3092 7068
3093 7067
3094 7066
3095 7065
3096 7064
3097 7063
3098 7139
3099 7138
3100 7137
3101 7136
3102 7135
3103 7134
3104 7133
3105 7761
3106 7760
3107 7759
3108 7758
3109 7757
3110 7756
3111 7755
3112 7754
3113 7753
3114 7752
3115 7751
3116 7750
3117 7749
3118 7748
3119 7747
3120 7746
3121 7745
3122 7744
3123 7743
3124 7742
3125 7741
3126 7740
3127 7983
3128 7982
3129 7981
3130 7980
3131 7979
3132 7978
3133 7977
3134 7976
3135 7975
3136 7974
3137 7973
3138 7972
3139 7971
3140 7970
3141 7969
3142 7968
3143 7967
3144 7966
3145 7965
3146 7964
3147 7963
3148 7962
3149 7961
3150 7960
3151 7959
3152 7958
3153 7957
3154 7956
3155 7955
3156 8642
3157 8641
3158 8640
3159 8639
3160 8638
3161 8637
3162 8636
3163 8635
3164 8634
3165 8633
3166 8632
3167 8631
3168 8630
3169 9007
3170 9006
3171 9005
3172 9004
3173 9003
3174 9002
3175 9001
3176 9000
3177 8999
3178 8998
3179 8997
3180 8996
3181 8995
3182 8994
3183 8993
3184 9014
3185 9013
3186 9012
3187 9011
3188 9010
3189 9009
3190 9008
3191 9538
3192 9537
3193 9536
3194 9535
3195 9534
3196 9533
3197 9532
3198 9531
3199 9530
3200 9529
3201 9528
3202 9527
3203 9526
3204 9525
3205 9524
3206 9523
3207 9522
3208 9521
3209 9520
3210 9519
3211 9518
3212 9517
3213 9516
3214 9515
3215 9514
3216 9513
3217 9512
3218 9755
3219 9754
3220 9753
3221 9752
3222 9751
3223 9750
3224 9749
3225 9748
3226 9747
3227 9746
3228 9745
3229 9744
3230 9743
3231 9742
3232 9741
3233 9740
3234 9739
3235 9738
3236 9737
3237 9736
3238 9735
3239 9734
3240 9733
3241 9732
3242 10341
3243 10340
3244 10339
3245 10338
3246 10337
3247 10336
3248 10335
3249 10334
3250 10333
3251 10332
3252 10331
3253 10659
3254 10658
3255 10657
3256 10656
3257 10655
3258 10654
3259 10653
3260 10652
3261 10651
3262 10650
3263 10649
3264 10648
3265 10647
3266 10646
3267 10645
3268 10644
3269 10643
3270 10666
3271 10665
3272 10664
3273 10663
3274 10662
3275 10661
3276 10660
3277 11674
3278 11673
3279 11672
3280 11671
3281 11670
3282 11669
3283 11668
3284 11667
3285 11666
3286 11665
3287 11664
3288 11663
3289 11662
3290 11661
3291 11660
3292 11659
3293 11658
3294 11657
3295 11656
3296 11655
3297 11654
3298 11653
3299 11652
3300 11651
3301 11650
3302 11649
3303 11648
3304 11513
3305 11512
3306 11511
3307 11510
3308 11509
3309 11508
3310 11507
3311 11506
3312 11505
3313 11504
3314 11503
3315 11502
3316 11501
3317 11500
3318 11499
3319 11498
3320 11497
3321 11496
3322 11495
3323 11494
3324 11493
3325 11492
3326 11491
3327 11490
3328 12935
3329 12934
3330 12933
3331 12932
3332 12931
3333 12930
3334 12929
3335 12928
3336 12927
3337 12926
3338 12925
3339 12924
3340 12923
3341 12922
3342 12921
3343 12920
3344 12919
3345 12918
3346 12917
3347 12916
3348 12915
3349 12914
3350 12913
3351 12912
3352 12911
3353 12910
3354 12909
3355 12908
3356 12475
3357 12474
3358 12473
3359 12472
3360 12471
3361 12470
3362 12469
3363 12039
3364 12038
3365 12037
3366 12036
3367 12035
3368 12034
3369 12033
3370 12032
3373 12491
3374 12490
3375 12489
3376 12488
3377 12487
3378 12486
3379 12485
3380 12484
3381 12483
3382 12482
3383 12481
3384 12480
3385 12479
3386 12478
3387 12477
3388 12476
3389 12907
3390 12906
3391 12905
3392 12904
3393 12903
3394 12902
3395 12901
3396 12900
3397 12954
3398 12953
3399 12952
3400 12951
3401 12950
3402 12949
3403 12948
3404 12947
3405 12946
3406 12945
3407 12944
3408 12943
3409 12942
3410 12941
3411 12940
3412 12939
3413 12938
3414 12937
3415 12936
3416 11489
3417 11488
3418 11487
3419 11486
3420 11485
3421 11484
3422 11483
3423 11482
3424 11986
3425 11985
3426 11984
3427 11983
3428 11982
3429 11981
3430 11980
3431 11979
3432 11267
3433 11266
3434 11265
3435 11264
3436 11263
3437 11262
3438 11261
3439 11260
3440 11259
3441 11258
3442 11257
3443 11256
3444 11255
3445 11254
3446 11253
3447 11252
3448 11251
3449 11250
3450 11249
3451 11248
3452 11247
3453 11246
3454 11245
3455 11244
3456 11243
3457 11242
3458 11241
3459 11240
3460 10682
3461 10681
3462 10680
3463 10679
3464 10678
3465 10677
3466 10676
3467 10675
3468 10674
3469 10673
3470 10672
3471 10671
3472 10670
3473 10669
3474 10668
3475 10667
3476 10642
3477 10641
3478 10640
3479 10639
3480 10638
3481 10637
3482 10636
3483 10635
3484 10360
3485 10359
3486 10358
3487 10357
3488 10356
3489 10355
3490 10354
3491 10353
3492 10352
3493 10351
3494 10350
3495 10349
3496 10348
3497 10347
3498 10346
3499 10345
3500 10344
3501 10343
3502 10342
3503 9731
3504 9730
3505 9729
3506 9728
3507 9727
3508 9726
3509 9725
3510 9724
3511 10287
3512 10286
3513 10285
3514 10284
3515 10283
3516 10282
3517 10281
3518 10280
3519 10035
3520 10034
3521 10033
3522 10032
3523 10031
3524 10030
3525 10029
3526 10028
3527 10027
3528 10026
3529 10025
3530 10024
3531 10023
3532 10022
3533 10021
3534 10020
3535 10019
3536 10018
3537 10017
3538 10016
3539 10015
3540 10014
3541 10013
3542 10012
3543 10011
3544 10010
3545 10009
3546 10008
3547 9030
3548 9029
3549 9028
3550 9027
3551 9026
3552 9025
3553 9024
3554 9023
3555 9022
3556 9021
3557 9020
3558 9019
3559 9018
3560 9017
3561 9016
3562 9015
3563 8992
3564 8991
3565 8990
3566 8989
3567 8988
3568 8987
3569 8986
3570 8985
3571 8661
3572 8660
3573 8659
3574 8658
3575 8657
3576 8656
3577 8655
3578 8654
3579 8653
3580 8652
3581 8651
3582 8650
3583 8649
3584 8648
3585 8647
3586 8646
3587 8645
3588 8644
3589 8643
3590 7954
3591 7953
3592 7952
3593 7951
3594 7950
3595 7949
3596 7948
3597 7947
3598 8588
3599 8587
3600 8586
3601 8585
3602 8584
3603 8583
3604 8582
3605 8581
3606 8015
3607 8014
3608 8013
3609 8012
3610 8011
3611 8010
3612 8009
3613 8008
3614 8007
3615 8006
3616 8005
3617 8004
3618 8003
3619 8002
3620 8350
3621 8349
3622 8348
3623 8347
3624 8346
3625 8345
3626 8344
3627 8343
3628 8342
3629 8341
3630 8340
3631 8339
3632 8338
3633 8337
3634 7155
3635 7154
3636 7153
3637 7152
3638 7151
3639 7150
3640 7149
3641 7148
3642 7147
3643 7146
3644 7145
3645 7144
3646 7143
3647 7142
3648 7141
3649 7140
3650 7062
3651 7061
3652 7060
3653 7059
3654 7058
3655 7057
3656 7056
3657 7055
3658 7054
3659 7053
3660 7052
3661 7051
3662 7050
3663 6928
3664 6927
3665 6926
3666 6925
3667 6924
3668 6923
3669 6922
3670 6921
3671 6920
3672 6919
3673 6918
3674 6917
3675 6916
3676 6915
3677 6914
3678 6749
3679 6748
3680 6747
3681 6746
3682 6745
3683 6744
3684 6743
3685 6742
3686 6874
3687 6873
3688 6872
3689 6871
3690 6870
3691 6869
3692 6868
3693 6867
3694 6669
3695 6668
3696 6667
3697 6666
3698 6665
3699 6664
3700 6663
3701 6662
3702 6661
3703 6660
3706 6649
3707 6648
3708 6647
3709 6677
3710 6676
3711 6675
3712 6674
3713 6673
3714 6672
3715 6671
3716 6670
3717 6866
3718 6865
3719 6864
3720 6863
3721 6862
3722 6861
3723 6860
3724 6859
3725 6858
3726 6857
3727 6856
3728 6855
3729 6854
3730 6853
3731 6852
3732 6851
3733 6992
3734 6991
3735 6990
3736 6989
3737 6988
3738 6987
3739 6986
3740 7040
3741 7039
3742 7038
3743 7037
3744 7036
3745 7035
3746 7034
3747 7033
3748 7032
3749 7031
3750 7030
3751 7029
3752 7028
3753 7027
3754 7026
3755 7025
3756 7024
3757 7023
3758 7022
3759 7021
3760 8172
3761 8171
3762 8170
3763 8169
3764 8168
3765 8167
3766 8166
3767 7163
3768 7162
3769 7161
3770 7160
3771 7159
3772 7158
3773 7157
3774 7156
3775 8336
3776 8335
3777 8334
3778 8333
3779 8332
3780 8331
3781 8330
3782 8329
3783 8328
3784 8327
3785 8326
3786 8325
3787 8324
3788 8323
3789 8028
3790 8027
3791 8026
3792 8025
3793 8024
3794 8023
3795 8022
3796 8021
3797 8020
3798 8019
3799 8018
3800 8017
3801 8016
3802 8580
3803 8579
3804 8578
3805 8577
3806 8576
3807 8575
3808 8574
3809 8573
3810 8572
3811 8571
3812 8570
3813 8569
3814 8568
3815 8567
3816 8566
3817 8565
3818 8897
3819 8896
3820 8895
3821 8894
3822 8893
3823 8892
3824 8891
3825 8890
3826 8889
3827 8888
3828 8887
3829 8886
3830 8885
3831 8884
3832 8883
3833 8882
3834 8881
3835 8880
3836 8879
3837 8878
3838 8877
3839 8876
3840 8875
3841 8874
3842 8873
3843 8872
3844 8871
3845 8870
3846 9824
3847 9823
3848 9822
3849 9821
3850 9820
3851 9819
3852 9818
3853 9038
3854 9037
3855 9036
3856 9035
3857 9034
3858 9033
3859 9032
3860 9031
3861 10007
3862 10006
3863 10005
3864 10004
3865 10003
3866 10002
3867 10001
3868 10000
3869 9999
3870 9998
3871 9997
3872 9996
3873 9995
3874 9994
3875 9993
3876 9992
3877 9991
3878 9990
3879 9989
3880 10043
3881 10042
3882 10041
3883 10040
3884 10039
3885 10038
3886 10037
3887 10036
3888 10279
3889 10278
3890 10277
3891 10276
3892 10275
3893 10274
3894 10273
3895 10272
3896 10271
3897 10270
3898 10269
3899 10268
3900 10267
3901 10266
3902 10265
3903 10264
3904 10530
3905 10529
3906 10528
3907 10527
3908 10526
3909 10525
3910 10524
3911 10523
3912 10522
3913 10521
3914 10520
3915 10519
3916 10518
3917 10517
3918 10516
3919 10515
3920 10514
3921 10513
3922 10512
3923 10511
3924 10510
3925 10509
3926 10508
3927 10507
3928 10506
3929 10505
3930 10504
3931 10503
3932 11712
3933 11711
3934 11710
3935 11709
3936 11708
3937 11707
3938 11706
3939 10690
3940 10689
3941 10688
3942 10687
3943 10686
3944 10685
3945 10684
3946 10683
3947 11239
3948 11238
3949 11237
3950 11236
3951 11235
3952 11234
3953 11233
3954 11232
3955 11231
3956 11230
3957 11229
3958 11228
3959 11227
3960 11226
3961 11225
3962 11224
3963 11223
3964 11222
3965 11221
3966 11275
3967 11274
3968 11273
3969 11272
3970 11271
3971 11270
3972 11269
3973 11268
3974 11978
3975 11977
3976 11976
3977 11975
3978 11974
3979 11973
3980 11972
3981 11971
3982 11970
3983 11969
3984 11968
3985 11967
3986 11966
3987 11965
3988 11964
3989 11963
3990 12292
3991 12291
3992 12290
3993 12289
3994 12288
3995 12287
3996 12286
3997 12285
3998 12284
3999 12458
4000 12457
4001 12456
4002 12455
4003 12454
4004 12453
4005 12452
4006 12451
4007 12450
4008 12449
4009 12448
4010 12447
4011 12446
4012 12445
4013 12444
4014 12443
4015 12442
4016 12441
4017 12440
4018 12197
4019 12196
4020 12195
4021 12194
4022 12193
4023 12192
4024 12191
4025 12499
4026 12498
4027 12497
4028 12496
4029 12495
4030 12494
4031 12493
4032 12492
4035 12213
4036 12212
4037 12211
4038 12210
4039 12209
4040 12208
4041 12207
4042 12206
4043 12205
4044 12204
4045 12203
4046 12202
4047 12201
4048 12200
4049 12199
4050 12198
4051 12439
4052 12438
4053 12437
4054 12436
4055 12435
4056 12434
4057 12433
4058 12432
4059 12311
4060 12310
4061 12309
4062 12308
4063 12307
4064 12306
4065 12305
4066 12304
4067 12303
4068 12302
4069 12301
4070 12300
4071 12299
4072 12298
4073 12297
4074 12296
4075 12295
4076 12294
4077 12293
4078 11962
4079 11961
4080 11960
4081 11959
4082 11958
4083 11957
4084 11956
4085 11955
4086 12680
4087 12679
4088 12678
4089 12677
4090 12676
4091 12675
4092 12674
4093 12673
4094 11882
4095 11881
4096 11880
4097 11879
4098 11878
4099 11877
4100 11876
4101 11875
4102 11874
4103 11873
4104 11872
4105 11871
4106 11870
4107 11869
4108 11868
4109 11867
4110 11866
4111 11865
4112 11864
4113 11863
4114 11862
4115 11861
4116 11860
4117 11859
4118 11858
4119 11857
4120 11856
4121 11855
4122 11728
4123 11727
4124 11726
4125 11725
4126 11724
4127 11723
4128 11722
4129 11721
4130 11720
4131 11719
4132 11718
4133 11717
4134 11716
4135 11715
4136 11714
4137 11713
4138 10502
4139 10501
4140 10500
4141 10499
4142 10498
4143 10497
4144 10496
4145 10495
4146 10549
4147 10548
4148 10547
4149 10546
4150 10545
4151 10544
4152 10543
4153 10542
4154 10541
4155 10540
4156 10539
4157 10538
4158 10537
4159 10536
4160 10535
4161 10534
4162 10533
4163 10532
4164 10531
4165 10263
4166 10262
4167 10261
4168 10260
4169 10259
4170 10258
4171 10257
4172 10256
4173 10871
4174 10870
4175 10869
4176 10868
4177 10867
4178 10866
4179 10865
4180 10864
4181 10183
4182 10182
4183 10181
4184 10180
4185 10179
4186 10178
4187 10177
4188 10176
4189 10175
4190 10174
4191 10173
4192 10172
4193 10171
4194 10170
4195 10169
4196 10168
4197 9978
4198 9977
4199 9976
4200 9975
4201 9974
4202 9973
4203 9972
4204 9971
4205 9970
4206 9969
4207 9968
4208 9967
4209 9840
4210 9839
4211 9838
4212 9837
4213 9836
4214 9835
4215 9834
4216 9833
4217 9832
4218 9831
4219 9830
4220 9829
4221 9828
4222 9827
4223 9826
4224 9825
4225 8869
4226 8868
4227 8867
4228 8866
4229 8865
4230 8864
4231 8863
4232 8862
4233 8916
4234 8915
4235 8914
4236 8913
4237 8912
4238 8911
4239 8910
4240 8909
4241 8908
4242 8907
4243 8906
4244 8905
4245 8904
4246 8903
4247 8902
4248 8901
4249 8900
4250 8899
4251 8898
4252 8564
4253 8563
4254 8562
4255 8561
4256 8560
4257 8559
4258 8558
4259 8557
4260 9236
4261 9235
4262 9234
4263 9233
4264 9232
4265 9231
4266 9230
4267 9229
4268 7726
4269 7725
4270 7724
4271 7723
4272 7722
4273 7721
4274 7720
4275 7719
4276 7718
4277 7717
4278 7716
4279 7715
4280 7714
4281 7713
4282 7712
4283 7711
4284 7710
4285 7709
4286 7708
4287 7707
4288 7706
4289 7705
4290 7704
4291 7703
4292 7702
4293 7701
4294 7700
4295 7699
4296 8188
4297 8187
4298 8186
4299 8185
4300 8184
4301 8183
4302 8182
4303 8181
4304 8180
4305 8179
4306 8178
4307 8177
4308 8176
4309 8175
4310 8174
4311 8173
4312 7020
4313 7019
4314 7018
4315 7017
4316 7016
4317 7015
4318 7014
4319 7013
4320 7012
4321 7011
4322 7010
4323 7009
4324 7008
4325 7007
4326 7006
4327 7005
4328 7004
4329 7003
4330 7002
4331 7001
4332 7000
4333 6999
4334 6998
4335 6997
4336 6996
4337 6995
4338 6994
4339 6993
4340 6850
4341 6849
4342 6848
4343 6847
4344 6846
4345 6845
4346 6844
4347 6843
4348 7530
4349 7529
4350 7528
4351 7527
4352 7526
4353 7525
4354 7524
4355 7523
4356 6561
4357 6560
4358 6559
4359 6558
4360 6557
4361 6556
4362 6555
4363 6554
4364 6553
4365 6552
4368 6572
4369 6571
4370 6570
4371 6569
4372 6568
4373 6567
4374 6566
4375 6565
4376 6564
4377 6563
4378 6562
4379 7522
4380 7521
4381 7520
4382 7519
4383 7518
4384 7517
4385 7516
4386 7515
4387 7514
4388 7513
4389 7512
4390 7511
4391 7510
4392 7509
4393 7508
4394 7507
4395 7384
4396 7383
4397 7382
4398 7381
4399 7380
4400 7379
4401 7378
4402 7432
4403 7431
4404 7430
4405 7429
4406 7428
4407 7427
4408 7426
4409 7425
4410 7424
4411 7423
4412 7422
4413 7421
4414 7420
4415 7419
4416 7418
4417 7417
4418 7416
4419 7415
4420 7414
4421 7413
4422 7830
4423 7829
4424 7828
4425 7827
4426 7826
4427 7825
4428 7824
4429 8196
4430 8195
4431 8194
4432 8193
4433 8192
4434 8191
4435 8190
4436 8189
4437 7698
4438 7697
4439 7696
4440 7695
4441 7694
4442 7693
4443 7692
4444 7691
4445 7690
4446 7689
4447 7688
4448 7687
4449 7686
4450 7685
4451 7739
4452 7738
4453 7737
4454 7736
4455 7735
4456 7734
4457 7733
4458 7732
4459 7731
4460 7730
4461 7729
4462 7728
4463 7727
4464 9228
4465 9227
4466 9226
4467 9225
4468 9224
4469 9223
4470 9222
4471 9221
4472 9220
4473 9219
4474 9218
4475 9217
4476 9216
4477 9215
4478 9214
4479 9213
4480 9136
4481 9135
4482 9134
4483 9133
4484 9132
4485 9131
4486 9130
4487 9129
4488 9128
4489 9127
4490 9126
4491 9125
4492 9124
4493 9123
4494 9122
4495 9121
4496 9120
4497 9119
4498 9118
4499 9117
4500 9116
4501 9115
4502 9114
4503 9113
4504 9112
4505 9111
4506 9110
4507 9109
4508 9607
4509 9606
4510 9605
4511 9604
4512 9603
4513 9602
4514 9601
4515 9848
4516 9847
4517 9846
4518 9845
4519 9844
4520 9843
4521 9842
4522 9841
4523 9966
4524 9965
4525 9964
4526 9963
4527 9962
4528 9961
4529 9960
4530 9959
4531 9958
4532 9957
4533 9956
4534 9955
4535 9905
4536 9904
4537 9903
4538 9902
4539 9901
4540 9900
4541 9899
4542 10191
4543 10190
4544 10189
4545 10188
4546 10187
4547 10186
4548 10185
4549 10184
4550 10863
4551 10862
4552 10861
4553 10860
4554 10859
4555 10858
4556 10857
4557 10856
4558 10855
4559 10854
4560 10853
4561 10852
4562 10851
4563 10850
4564 10849
4565 10848
4566 10788
4567 10787
4568 10786
4569 10785
4570 10784
4571 10783
4572 10782
4573 10781
4574 10780
4575 10779
4576 10778
4577 10777
4578 10776
4579 10775
4580 10774
4581 10773
4582 10772
4583 10771
4584 10770
4585 10769
4586 10768
4587 10767
4588 10766
4589 10765
4590 10764
4591 10763
4592 10762
4593 10761
4594 11365
4595 11364
4596 11363
4597 11362
4598 11361
4599 11360
4600 11359
4601 11736
4602 11735
4603 11734
4604 11733
4605 11732
4606 11731
4607 11730
4608 11729
4609 11854
4610 11853
4611 11852
4612 11851
4613 11850
4614 11849
4615 11848
4616 11847
4617 11846
4618 11845
4619 11795
4620 11794
4621 11793
4622 11792
4623 11791
4624 11790
4625 11789
4626 11788
4627 11787
4628 11890
4629 11889
4630 11888
4631 11887
4632 11886
4633 11885
4634 11884
4635 11883
4636 12672
4637 12671
4638 12670
4639 12669
4640 12668
4641 12667
4642 12666
4643 12665
4644 12664
4645 12663
4646 12662
4647 12661
4648 12660
4649 12659
4650 12658
4651 12657
4652 12597
4653 12596
4654 12595
4655 12594
4656 12593
4657 12592
4658 12591
4659 12590
4660 12589
4661 12588
4662 12587
4663 12586
4664 12585
4665 12584
4666 12583
4667 12582
4668 12581
4669 12580
4670 12579
4671 12578
4672 12577
4673 12576
4674 12575
4675 12574
4676 12573
4677 12572
4678 12571
4679 12570
4680 12108
4681 12107
4682 12106
4683 12105
4684 12104
4685 12103
4686 12102
4687 12221
4688 12220
4689 12219
4690 12218
4691 12217
4692 12216
4693 12215
4694 12214
4697 12124
4698 12123
4699 12122
4700 12121
4701 12120
4702 12119
4703 12118
4704 12117
4705 12116
4706 12115
4707 12114
4708 12113
4709 12112
4710 12111
4711 12110
4712 12109
4713 12569
4714 12568
4715 12567
4716 12566
4717 12565
4718 12564
4719 12563
4720 12562
4721 12616
4722 12615
4723 12614
4724 12613
4725 12612
4726 12611
4727 12610
4728 12609
4729 12608
4730 12607
4731 12606
4732 12605
4733 12604
4734 12603
4735 12602
4736 12601
4737 12600
4738 12599
4739 12598
4740 12656
4741 12655
4742 12654
4743 12653
4744 12652
4745 12651
4746 12650
4747 12649
4748 11417
4749 11416
4750 11415
4751 11414
4752 11413
4753 11412
4754 11411
4755 11410
4756 11409
4757 11408
4758 11407
4759 11406
4760 11405
4761 11404
4762 11403
4763 11402
4764 11401
4765 11400
4766 11399
4767 11398
4768 11397
4769 11396
4770 11395
4771 11394
4772 11393
4773 11392
4774 11391
4775 11390
4776 11389
4777 11388
4778 11387
4779 11386
4780 11385
4781 11384
4782 11383
4783 11382
4784 11381
4785 11380
4786 11379
4787 11378
4788 11377
4789 11376
4790 11375
4791 11374
4792 11373
4793 11372
4794 11371
4795 11370
4796 11369
4797 11368
4798 11367
4799 11366
4800 10760
4801 10759
4802 10758
4803 10757
4804 10756
4805 10755
4806 10754
4807 10753
4808 10807
4809 10806
4810 10805
4811 10804
4812 10803
4813 10802
4814 10801
4815 10800
4816 10799
4817 10798
4818 10797
4819 10796
4820 10795
4821 10794
4822 10793
4823 10792
4824 10791
4825 10790
4826 10789
4827 10847
4828 10846
4829 10845
4830 10844
4831 10843
4832 10842
4833 10841
4834 10840
4835 9659
4836 9658
4837 9657
4838 9656
4839 9655
4840 9654
4841 9653
4842 9652
4843 9651
4844 9650
4845 9649
4846 9648
4847 9647
4848 9646
4849 9645
4850 9644
4851 9643
4852 9642
4853 9641
4854 9640
4855 9639
4856 9638
4857 9637
4858 9636
4859 9635
4860 9634
4861 9633
4862 9632
4863 9631
4864 9630
4865 9629
4866 9628
4867 9627
4868 9626
4869 9625
4870 9624
4871 9623
4872 9622
4873 9621
4874 9620
4875 9619
4876 9618
4877 9617
4878 9616
4879 9615
4880 9614
4881 9613
4882 9612
4883 9611
4884 9610
4885 9609
4886 9608
4887 9108
4888 9107
4889 9106
4890 9105
4891 9104
4892 9103
4893 9102
4894 9101
4895 9155
4896 9154
4897 9153
4898 9152
4899 9151
4900 9150
4901 9149
4902 9148
4903 9147
4904 9146
4905 9145
4906 9144
4907 9143
4908 9142
4909 9141
4910 9140
4911 9139
4912 9138
4913 9137
4914 9212
4915 9211
4916 9210
4917 9209
4918 9208
4919 9207
4920 9206
4921 9205
4922 7882
4923 7881
4924 7880
4925 7879
4926 7878
4927 7877
4928 7876
4929 7875
4930 7874
4931 7873
4932 7872
4933 7871
4934 7870
4935 7869
4936 7868
4937 7867
4938 7866
4939 7865
4940 7864
4941 7863
4942 7862
4943 7861
4944 7860
4945 7859
4946 7858
4947 7857
4948 7856
4949 7855
4950 7854
4951 7853
4952 7852
4953 7851
4954 7850
4955 7849
4956 7848
4957 7847
4958 7846
4959 7845
4960 7844
4961 7843
4962 7842
4963 7841
4964 7840
4965 7839
4966 7838
4967 7837
4968 7836
4969 7835
4970 7834
4971 7833
4972 7832
4973 7831
4974 7412
4975 7411
4976 7410
4977 7409
4978 7408
4979 7407
4980 7406
4981 7405
4982 7404
4983 7403
4984 7402
4985 7401
4986 7400
4987 7399
4988 7398
4989 7397
4990 7396
4991 7395
4992 7394
4993 7393
4994 7392
4995 7391
4996 7390
4997 7389
4998 7388
4999 7387
5000 7386
5001 7385
5002 7506
5003 7505
5004 7504
5005 7503
5006 7502
5007 7501
5008 7500
5009 7499
5010 6590
5011 6589
5012 6588
5013 6587
5014 6586
5015 6585
5016 6584
5017 6583
5018 6582
5019 6581
5020 6580
5021 6579
5022 6578
5023 6577
5024 6576
5025 6575
5026 6574
5027 6573
5030 6551
5031 6550
5032 6549
5033 6548
5034 6547
5035 6598
5036 6597
5037 6596
5038 6595
5039 6594
5040 6593
5041 6592
5042 6591
5043 7498
5044 7497
5045 7496
5046 7495
5047 7494
5048 7493
5049 7492
5050 7491
5051 7490
5052 7489
5053 7488
5054 7487
5055 7486
5056 7485
5057 7484
5058 7241
5059 7240
5060 7239
5061 7238
5062 7237
5063 7236
5064 7235
5065 7234
5066 7233
5067 7232
5068 7231
5069 7230
5070 7229
5071 7228
5072 7227
5073 7226
5074 7225
5075 7224
5076 7223
5077 7222
5078 7221
5079 7220
5080 7219
5081 7218
5082 7217
5083 7216
5084 7215
5085 7214
5086 7213
5087 7212
5088 7211
5089 8212
5090 8211
5091 8210
5092 8209
5093 8208
5094 8207
5095 8206
5096 8205
5097 8271
5098 8270
5099 8269
5100 8268
5101 8267
5102 8266
5103 8265
5104 8264
5105 8263
5106 8262
5107 8261
5108 8260
5109 8259
5110 8258
5111 8257
5112 8256
5113 8255
5114 8254
5115 8253
5116 8252
5117 8251
5118 8250
5119 8249
5120 8508
5121 8507
5122 8506
5123 8505
5124 8504
5125 8503
5126 8502
5127 8501
5128 7890
5129 7889
5130 7888
5131 7887
5132 7886
5133 7885
5134 7884
5135 7883
5136 9204
5137 9203
5138 9202
5139 9201
5140 9200
5141 9199
5142 9198
5143 9197
5144 9196
5145 9195
5146 9194
5147 9193
5148 9192
5149 9191
5150 9190
5151 9189
5152 8809
5153 8808
5154 8807
5155 8806
5156 8805
5157 8804
5158 8803
5159 9164
5160 9163
5161 9162
5162 9161
5163 9160
5164 9159
5165 9158
5166 9157
5167 9156
5168 9100
5169 9099
5170 9098
5171 9097
5172 9096
5173 9095
5174 9094
5175 9093
5176 9092
5177 9091
5178 9090
5179 9089
5180 9088
5181 9087
5182 9086
5183 9864
5184 9863
5185 9862
5186 9861
5187 9860
5188 9859
5189 9858
5190 9857
5191 9919
5192 9918
5193 9917
5194 9916
5195 9915
5196 9914
5197 9913
5198 9912
5199 9911
5200 9910
5201 9909
5202 9908
5203 9907
5204 9906
5205 9954
5206 9953
5207 9952
5208 9951
5209 9950
5210 9949
5211 9948
5212 9947
5213 9946
5214 10207
5215 10206
5216 10205
5217 10204
5218 10203
5219 10202
5220 10201
5221 10200
5222 9667
5223 9666
5224 9665
5225 9664
5226 9663
5227 9662
5228 9661
5229 9660
5230 10839
5231 10838
5232 10837
5233 10836
5234 10835
5235 10834
5236 10833
5237 10832
5238 10831
5239 10830
5240 10829
5241 10828
5242 10827
5243 10826
5244 10825
5245 10824
5246 10823
5247 10822
5248 10821
5249 10820
5250 10819
5251 10818
5252 10817
5253 10816
5254 10815
5255 10814
5256 10813
5257 10812
5258 10811
5259 10810
5260 10809
5261 10808
5262 10752
5263 10751
5264 10750
5265 10749
5266 10748
5267 10747
5268 10746
5269 10745
5270 10744
5271 10743
5272 10742
5273 10741
5274 10740
5275 10739
5276 10738
5277 11752
5278 11751
5279 11750
5280 11749
5281 11748
5282 11747
5283 11746
5284 11745
5285 11807
5286 11806
5287 11805
5288 11804
5289 11803
5290 11802
5291 11801
5292 11800
5293 11799
5294 11798
5295 11797
5296 11796
5297 11844
5298 11843
5299 11842
5300 11841
5301 11840
5302 11839
5303 11838
5304 11837
5305 11836
5306 11835
5307 11834
5308 11906
5309 11905
5310 11904
5311 11903
5312 11902
5313 11901
5314 11900
5315 11899
5316 11425
5317 11424
5318 11423
5319 11422
5320 11421
5321 11420
5322 11419
5323 11418
5324 12648
5325 12647
5326 12646
5327 12645
5328 12644
5329 12643
5330 12642
5331 12641
5332 12640
5333 12639
5334 12638
5335 12637
5336 12636
5337 12635
5338 12634
5339 12633
5340 12632
5341 12631
5342 12630
5343 12629
5344 12628
5345 12627
5346 12626
5347 12625
5348 12624
5349 12623
5350 12622
5351 12621
5352 12620
5353 12619
5354 12618
5355 12617
5356 12561
5357 12560
5358 12559
5359 12558
5360 12557
5361 12556
5362 12555
5363 12554
5364 12553
5365 12552
5366 12551
5367 12550
5368 12549
5369 12548
5370 12547
5371 12237
5372 12236
5373 12235
5374 12234
5375 12233
5376 12232
5377 12231
5378 12230
5379 12273
5380 12272
5381 12271
5382 12270
5383 12269
5384 12268
5385 12267
5386 12266
5387 12265
5388 12264
5389 12263
5390 12262
5391 12261
5394 12229
5395 12228
5396 12227
5397 12226
5398 12225
5399 12224
5400 12223
5401 12222
5402 12101
5403 12100
5404 12099
5405 12098
5406 12097
5407 12096
5408 12095
5409 12094
5410 12423
5411 12422
5412 12421
5413 12420
5414 12419
5415 12418
5416 12417
5417 12416
5418 12851
5419 12850
5420 12849
5421 12848
5422 12847
5423 12846
5424 12845
5425 12844
5426 12843
5427 12842
5428 12841
5429 12840
5430 12839
5431 12345
5432 12344
5433 12343
5434 12342
5435 12341
5436 12340
5437 12339
5438 12338
5439 12337
5440 12336
5441 11946
5442 11945
5443 11944
5444 11943
5445 11942
5446 11941
5447 11940
5448 11939
5449 11433
5450 11432
5451 11431
5452 11430
5453 11429
5454 11428
5455 11427
5456 11426
5457 11898
5458 11897
5459 11896
5460 11895
5461 11894
5462 11893
5463 11892
5464 11891
5465 11786
5466 11785
5467 11784
5468 11783
5469 11782
5470 11781
5471 11780
5472 11779
5473 11778
5474 11777
5475 11776
5476 11775
5477 11819
5478 11818
5479 11817
5480 11816
5481 11815
5482 11814
5483 11813
5484 11812
5485 11811
5486 11810
5487 11809
5488 11808
5489 11744
5490 11743
5491 11742
5492 11741
5493 11740
5494 11739
5495 11738
5496 11737
5497 11358
5498 11357
5499 11356
5500 11355
5501 11354
5502 11353
5503 11352
5504 11351
5505 10486
5506 10485
5507 10484
5508 10483
5509 10482
5510 10481
5511 10480
5512 10479
5513 10407
5514 10406
5515 10405
5516 10404
5517 10403
5518 10402
5519 10401
5520 10400
5521 10399
5522 10398
5523 10397
5524 10396
5525 10395
5526 10394
5527 10393
5528 10392
5529 10391
5530 10390
5531 10389
5532 10388
5533 10387
5534 10386
5535 10385
5536 10247
5537 10246
5538 10245
5539 10244
5540 10243
5541 10242
5542 10241
5543 10240
5544 9675
5545 9674
5546 9673
5547 9672
5548 9671
5549 9670
5550 9669
5551 9668
5552 10199
5553 10198
5554 10197
5555 10196
5556 10195
5557 10194
5558 10193
5559 10192
5560 9898
5561 9897
5562 9896
5563 9895
5564 9894
5565 9893
5566 9892
5567 9891
5568 9890
5569 9889
5570 9933
5571 9932
5572 9931
5573 9930
5574 9929
5575 9928
5576 9927
5577 9926
5578 9925
5579 9924
5580 9923
5581 9922
5582 9921
5583 9920
5584 9856
5585 9855
5586 9854
5587 9853
5588 9852
5589 9851
5590 9850
5591 9849
5592 9600
5593 9599
5594 9598
5595 9597
5596 9596
5597 9595
5598 9594
5599 9593
5600 8853
5601 8852
5602 8851
5603 8850
5604 8849
5605 8848
5606 8847
5607 8846
5608 8791
5609 8790
5610 8789
5611 8788
5612 8787
5613 8786
5614 8785
5615 8784
5616 8783
5617 8782
5618 8781
5619 8780
5620 8779
5621 8778
5622 8777
5623 8776
5624 8775
5625 8774
5626 8773
5627 8772
5628 8771
5629 8770
5630 8769
5631 8548
5632 8547
5633 8546
5634 8545
5635 8544
5636 8543
5637 8542
5638 8541
5639 7898
5640 7897
5641 7896
5642 7895
5643 7894
5644 7893
5645 7892
5646 7891
5647 8500
5648 8499
5649 8498
5650 8497
5651 8496
5652 8495
5653 8494
5654 8493
5655 8492
5656 8491
5657 8490
5658 8489
5659 8488
5660 8487
5661 8486
5662 8485
5663 8484
5664 8483
5665 8482
5666 8481
5667 8480
5668 8479
5669 8478
5670 8477
5671 8279
5672 8278
5673 8277
5674 8276
5675 8275
5676 8274
5677 8273
5678 8272
5679 8204
5680 8203
5681 8202
5682 8201
5683 8200
5684 8199
5685 8198
5686 8197
5687 7823
5688 7822
5689 7821
5690 7820
5691 7819
5692 7818
5693 7817
5694 7816
5695 7285
5696 7284
5697 7283
5698 7282
5699 7281
5700 7280
5701 7279
5702 7278
5703 7448
5704 7447
5705 7446
5706 7445
5707 7444
5708 7443
5709 7442
5710 7441
5711 7440
5712 7439
5713 7438
5714 7437
5715 7436
5716 7435
5717 7434
5718 7433
5719 7377
5720 7376
5721 7375
5722 7374
5723 7373
5724 7372
5725 7371
5726 7370
5727 6834
5728 6833
5729 6832
5730 6831
5731 6830
5732 6829
5733 6828
5734 6827
5735 6606
5736 6605
5737 6604
5738 6603
5739 6602
5740 6601
5741 6600
5742 6599
5743 6546
5744 6545
5745 6544
5746 6543
5747 6542
5750 6625
5751 6624
5752 6623
5753 6622
5754 6621
5755 6620
5756 6619
5757 6618
5758 6617
5759 6616
5760 6615
5761 6614
5762 6613
5763 6612
5764 6611
5765 6610
5766 6609
5767 6608
5768 6607
5769 6826
5770 6825
5771 6824
5772 6823
5773 6822
5774 6821
5775 6820
5776 6819
5777 7475
5778 7474
5779 7473
5780 7472
5781 7471
5782 7470
5783 7469
5784 7468
5785 7467
5786 7466
5787 7465
5788 7464
5789 7463
5790 7462
5791 7461
5792 7460
5793 7459
5794 7458
5795 7457
5796 7456
5797 7455
5798 7454
5799 7453
5800 7452
5801 7451
5802 7450
5803 7449
5804 7277
5805 7276
5806 7275
5807 7274
5808 7273
5809 7272
5810 7271
5811 7270
5812 7202
5813 7201
5814 7200
5815 7199
5816 7198
5817 7197
5818 7196
5819 7195
5820 7194
5821 7193
5822 7192
5823 7191
5824 7190
5825 7189
5826 7188
5827 8287
5828 8286
5829 8285
5830 8284
5831 8283
5832 8282
5833 8281
5834 8280
5835 8476
5836 8475
5837 8474
5838 8473
5839 8472
5840 8471
5841 8470
5842 8469
5843 8468
5844 8467
5845 8466
5846 8465
5847 8464
5848 8463
5849 8462
5850 8461
5851 8460
5852 8459
5853 8458
5854 8457
5855 8456
5856 8455
5857 8454
5858 8453
5859 8452
5860 8451
5861 8450
5862 7906
5863 7905
5864 7904
5865 7903
5866 7902
5867 7901
5868 7900
5869 7899
5870 8540
5871 8539
5872 8538
5873 8537
5874 8536
5875 8535
5876 8534
5877 8533
5878 9181
5879 9180
5880 9179
5881 9178
5882 9177
5883 9176
5884 9175
5885 9174
5886 9173
5887 9172
5888 9171
5889 9170
5890 9169
5891 9168
5892 9167
5893 9166
5894 9165
5895 8802
5896 8801
5897 8800
5898 8799
5899 8798
5900 8797
5901 8796
5902 8795
5903 8794
5904 8793
5905 8792
5906 8845
5907 8844
5908 8843
5909 8842
5910 8841
5911 8840
5912 8839
5913 8838
5914 9077
5915 9076
5916 9075
5917 9074
5918 9073
5919 9072
5920 9071
5921 9070
5922 9069
5923 9068
5924 9067
5925 9066
5926 9065
5927 9064
5928 9063
5929 10102
5930 10101
5931 10100
5932 10099
5933 10098
5934 10097
5935 10096
5936 10095
5937 10094
5938 10093
5939 10092
5940 10091
5941 10090
5942 10089
5943 10088
5944 10087
5945 10086
5946 10085
5947 10084
5948 10083
5949 10082
5950 10081
5951 10080
5952 10079
5953 10078
5954 10077
5955 10076
5956 10075
5957 10074
5958 10073
5959 10072
5960 10071
5961 10070
5962 10069
5963 10068
5964 9683
5965 9682
5966 9681
5967 9680
5968 9679
5969 9678
5970 9677
5971 9676
5972 10239
5973 10238
5974 10237
5975 10236
5976 10235
5977 10234
5978 10233
5979 10232
5980 10435
5981 10434
5982 10433
5983 10432
5984 10431
5985 10430
5986 10429
5987 10428
5988 10427
5989 10426
5990 10425
5991 10424
5992 10423
5993 10422
5994 10421
5995 10420
5996 10419
5997 10418
5998 10417
5999 10416
6000 10415
6001 10414
6002 10413
6003 10412
6004 10411
6005 10410
6006 10409
6007 10408
6008 10478
6009 10477
6010 10476
6011 10475
6012 10474
6013 10473
6014 10472
6015 10471
6016 10729
6017 10728
6018 10727
6019 10726
6020 10725
6021 10724
6022 10723
6023 10722
6024 10721
6025 10720
6026 10719
6027 10718
6028 10717
6029 10716
6030 10715
6031 11145
6032 11144
6033 11143
6034 11142
6035 11141
6036 11140
6037 11139
6038 11138
6039 11137
6040 11136
6041 11135
6042 11134
6043 11133
6044 11132
6045 11131
6046 11130
6047 11129
6048 11128
6049 11127
6050 11126
6051 11125
6052 11124
6053 11123
6054 11122
6055 11121
6056 11120
6057 11119
6058 11118
6059 11117
6060 11116
6061 11115
6062 11114
6063 11113
6064 11112
6065 11111
6066 11441
6067 11440
6068 11439
6069 11438
6070 11437
6071 11436
6072 11435
6073 11434
6074 11938
6075 11937
6076 11936
6077 11935
6078 11934
6079 11933
6080 11932
6081 11931
6082 12372
6083 12371
6084 12370
6085 12369
6086 12368
6087 12367
6088 12366
6089 12365
6090 12364
6091 12363
6092 12362
6093 12361
6094 12360
6095 12359
6096 12358
6097 12357
6098 12356
6099 12355
6100 12354
6101 12353
6102 12859
6103 12858
6104 12857
6105 12856
6106 12855
6107 12854
6108 12853
6109 12852
6110 12415
6111 12414
6112 12413
6113 12412
6114 12411
6115 12410
6116 12409
6117 12408
6118 12538
6119 12537
6120 12536
6121 12535
6122 12534
6123 12533
6124 12532
6125 12531
6126 12530
6127 12529
6128 12528
6129 12527
6130 12526
6131 12525
6132 12524
6133 12278
6134 12277
6135 12276
6136 12275
6137 12274
6140 12260
6141 12259
6142 12258
6143 12257
6144 12256
6145 12255
6146 12254
6147 12253
6148 12252
6149 12251
6150 12250
6151 12249
6152 12248
6153 12247
6154 12246
6155 12245
6156 12244
6157 12243
6158 12242
6159 12241
6160 12240
6161 12239
6162 12238
6163 12546
6164 12545
6165 12544
6166 12543
6167 12542
6168 12541
6169 12540
6170 12539
6171 12407
6172 12406
6173 12405
6174 12404
6175 12403
6176 12402
6177 12401
6178 12400
6179 12399
6180 12398
6181 12397
6182 12396
6183 12395
6184 12394
6185 12393
6186 12392
6187 12391
6188 12390
6189 12389
6190 12388
6191 12387
6192 12386
6193 12385
6194 12384
6195 12383
6196 12382
6197 12381
6198 12380
6199 12379
6200 12378
6201 12377
6202 12376
6203 12375
6204 12374
6205 12373
6206 11930
6207 11929
6208 11928
6209 11927
6210 11926
6211 11925
6212 11924
6213 11923
6214 11922
6215 11921
6216 11920
6217 11919
6218 11918
6219 11917
6220 11916
6221 11915
6222 11914
6223 11913
6224 11912
6225 11911
6226 11910
6227 11909
6228 11908
6229 11907
6230 11833
6231 11832
6232 11831
6233 11830
6234 11829
6235 11828
6236 11827
6237 11826
6238 11825
6239 11824
6240 11823
6241 11822
6242 11821
6243 11820
6244 11774
6245 11773
6246 11772
6247 11771
6248 11770
6249 11769
6250 11768
6251 11767
6252 11766
6253 11765
6254 11764
6255 11763
6256 11762
6257 11761
6258 11760
6259 11759
6260 11758
6261 11757
6262 11756
6263 11755
6264 11754
6265 11753
6266 10737
6267 10736
6268 10735
6269 10734
6270 10733
6271 10732
6272 10731
6273 10730
6274 10470
6275 10469
6276 10468
6277 10467
6278 10466
6279 10465
6280 10464
6281 10463
6282 10462
6283 10461
6284 10460
6285 10459
6286 10458
6287 10457
6288 10456
6289 10455
6290 10454
6291 10453
6292 10452
6293 10451
6294 10450
6295 10449
6296 10448
6297 10447
6298 10446
6299 10445
6300 10444
6301 10443
6302 10442
6303 10441
6304 10440
6305 10439
6306 10438
6307 10437
6308 10436
6309 10231
6310 10230
6311 10229
6312 10228
6313 10227
6314 10226
6315 10225
6316 10224
6317 10223
6318 10222
6319 10221
6320 10220
6321 10219
6322 10218
6323 10217
6324 10216
6325 10215
6326 10214
6327 10213
6328 10212
6329 10211
6330 10210
6331 10209
6332 10208
6333 9945
6334 9944
6335 9943
6336 9942
6337 9941
6338 9940
6339 9939
6340 9938
6341 9937
6342 9936
6343 9935
6344 9934
6345 9888
6346 9887
6347 9886
6348 9885
6349 9884
6350 9883
6351 9882
6352 9881
6353 9880
6354 9879
6355 9878
6356 9877
6357 9876
6358 9875
6359 9874
6360 9873
6361 9872
6362 9871
6363 9870
6364 9869
6365 9868
6366 9867
6367 9866
6368 9865
6369 9085
6370 9084
6371 9083
6372 9082
6373 9081
6374 9080
6375 9079
6376 9078
6377 8837
6378 8836
6379 8835
6380 8834
6381 8833
6382 8832
6383 8831
6384 8830
6385 8829
6386 8828
6387 8827
6388 8826
6389 8825
6390 8824
6391 8823
6392 8822
6393 8821
6394 8820
6395 8819
6396 8818
6397 8817
6398 8816
6399 8815
6400 8814
6401 8813
6402 8812
6403 8811
6404 8810
6405 9188
6406 9187
6407 9186
6408 9185
6409 9184
6410 9183
6411 9182
6412 8532
6413 8531
6414 8530
6415 8529
6416 8528
6417 8527
6418 8526
6419 8525
6420 8524
6421 8523
6422 8522
6423 8521
6424 8520
6425 8519
6426 8518
6427 8517
6428 8516
6429 8515
6430 8514
6431 8513
6432 8512
6433 8511
6434 8510
6435 8509
6436 8248
6437 8247
6438 8246
6439 8245
6440 8244
6441 8243
6442 8242
6443 8241
6444 8240
6445 8239
6446 8238
6447 8237
6448 8236
6449 8235
6450 8234
6451 8233
6452 8232
6453 8231
6454 8230
6455 8229
6456 8228
6457 8227
6458 8226
6459 8225
6460 8224
6461 8223
6462 8222
6463 8221
6464 8220
6465 8219
6466 8218
6467 8217
6468 8216
6469 8215
6470 8214
6471 8213
6472 7210
6473 7209
6474 7208
6475 7207
6476 7206
6477 7205
6478 7204
6479 7203
6480 7269
6481 7268
6482 7267
6483 7266
6484 7265
6485 7264
6486 7263
6487 7262
6488 7261
6489 7260
6490 7259
6491 7258
6492 7257
6493 7256
6494 7255
6495 7254
6496 7253
6497 7252
6498 7251
6499 7250
6500 7249
6501 7248
6502 7247
6503 7246
6504 7245
6505 7244
6506 7243
6507 7242
6508 7483
6509 7482
6510 7481
6511 7480
6512 7479
6513 7478
6514 7477
6515 7476
6516 6818
6517 6817
6518 6816
6519 6815
6520 6814
6521 6813
6522 6812
6523 6811
6524 6810
6525 6809
6526 6808
6527 6807
6528 6806
6529 6805
6530 6804
6531 6803
6532 6802
6533 6801
6534 6800
6535 6799
6536 6798
6537 6797
6538 6796
6539 6795
6540 6794
6541 6793
2306 6792
3372 12491
3705 6649
4034 12213
4696 12124
5749 6625
