0 7513
1 7512
2 7511
3 7510
4 7509
5 7508
6 7507
7 7506
8 7505
9 7504
10 7503
11 7502
12 7501
13 7500
14 7499
15 7498
16 7497
17 7496
18 7495
19 7494
20 7493
21 7492
22 7491
23 7490
24 7489
25 7488
26 7487
27 7486
28 6725
29 6724
30 6723
31 6722
32 6721
33 6720
34 6719
35 6718
36 7744
37 7743
38 7742
39 7741
40 7740
41 7739
42 7738
43 7737
44 7736
45 7735
46 7734
47 7733
48 7732
49 7731
50 7730
51 7729
52 7728
53 7727
54 7726
55 8103
56 8102
57 8101
58 8100
59 8099
60 8098
61 8097
62 8096
63 8095
64 8094
65 6776
66 6775
67 6774
68 6773
69 6772
70 6771
71 6770
72 6769
73 8694
74 8693
75 8692
76 8691
77 8690
78 8689
79 8688
80 8687
81 8686
82 8685
83 8684
84 8683
85 8682
86 8681
87 8680
88 8679
89 8678
90 8677
91 8676
92 8675
93 8674
94 8673
95 8672
96 8568
97 8567
98 8566
99 8565
100 8564
101 8563
102 8562
103 8561
104 8560
105 8559
106 8558
107 8557
108 8556
109 8555
110 8554
111 8553
112 8552
113 8551
114 8550
115 8549
116 8548
117 8547
118 8546
119 8545
120 8544
121 8543
122 8542
123 8541
124 8540
125 8539
126 8538
127 8537
128 8536
129 8535
130 8534
131 8533
132 8532
133 8531
134 9811
135 9810
136 9809
137 9808
138 9807
139 9806
140 9805
141 9804
142 8224
143 8223
144 8222
145 8221
146 8220
147 8219
148 8218
149 8217
150 8216
151 8215
152 8214
153 8213
154 8212
155 8211
156 8210
157 8209
158 8208
159 8207
160 8998
161 8997
162 8996
163 8995
164 8994
165 8993
166 8992
167 8991
168 8990
169 8989
170 8988
171 8987
172 9861
173 9860
174 9859
175 9858
176 9857
177 9856
178 9855
179 9854
180 10132
181 10131
182 10130
183 10129
184 10128
185 10127
186 10126
187 10125
188 10124
189 10123
190 10122
191 10121
192 10120
193 10119
194 10118
195 10117
196 10116
197 10115
198 10114
199 10113
200 10112
201 10111
202 10110
203 10109
204 10108
205 10107
206 10106
207 10105
208 10104
209 10103
210 10102
211 10101
212 10478
213 10477
214 10476
215 10475
216 10474
217 10473
218 10472
219 10471
220 10470
221 10469
222 10468
223 10467
224 10466
225 10465
226 10464
227 10463
228 10462
229 10461
230 10460
231 10459
232 10458
233 10457
234 10456
235 10455
236 10454
237 10453
238 10452
239 10451
240 11112
241 11111
242 11110
243 11109
244 11108
245 11107
246 11106
247 11105
248 11173
249 11172
250 11171
251 11170
252 11169
253 11168
254 11167
255 11166
256 11165
257 11164
258 11163
259 11162
260 11161
261 11160
262 11159
263 11158
264 11157
265 11156
266 11155
267 11154
268 11153
269 11152
270 11151
271 11150
272 11149
273 11148
274 11147
275 11146
276 11145
277 11144
278 11218
279 11217
280 11216
281 11215
282 11214
283 11213
284 11212
285 11211
286 11749
287 11748
288 11747
289 11746
290 11745
291 11744
292 11743
293 11742
294 11741
295 11740
296 11739
297 11738
298 11737
299 11736
300 11735
301 11734
302 11733
303 11732
304 11731
305 11730
306 11729
307 11728
308 11727
309 11726
310 11725
311 11724
312 11723
313 11722
314 11721
315 11720
316 11719
317 11718
318 11717
319 11716
320 11715
321 11714
322 11713
323 12179
324 12178
325 12177
326 12176
327 12175
328 12174
329 12173
330 12172
331 12171
332 12170
333 12169
334 12168
335 12167
336 12166
337 12165
338 12164
339 12163
340 12162
341 12161
342 12160
343 12159
344 12158
345 12157
346 12753
347 12752
348 12751
349 12750
350 12749
351 12748
352 12747
353 12746
354 12618
355 12617
356 12616
357 12615
358 12614
359 12613
360 12612
361 12611
362 12610
363 12609
364 12608
365 12607
366 12606
367 12605
368 12604
369 12603
370 12602
371 12601
372 12600
373 12599
374 12598
375 12597
376 12596
377 12595
378 12594
379 12593
380 12592
381 12591
382 12590
383 12589
384 13237
385 13236
386 13235
387 13234
388 13233
389 13232
390 13231
391 13230
392 12382
393 12381
394 12380
395 12379
396 12378
397 12377
398 12376
399 12375
400 12374
401 12373
402 12372
403 12371
404 12370
405 12369
406 12368
407 12367
408 12366
409 12365
410 12364
411 12363
412 12362
413 12361
414 12360
415 12359
416 12358
417 12357
420 12535
421 12534
422 12533
423 12532
424 12531
425 12530
426 12529
427 12528
428 12527
429 12526
430 12525
431 12272
432 12271
433 12270
434 12269
435 12268
436 12267
437 12266
438 12265
439 12390
440 12389
441 12388
442 12387
443 12386
444 12385
445 12384
446 12383
447 13229
448 13228
449 13227
450 13226
451 13225
452 13224
453 13223
454 13222
455 13221
456 13220
457 13219
458 13218
459 13217
460 13216
461 13215
462 13214
463 12779
464 12778
465 12777
466 12776
467 12775
468 12774
469 12773
470 12772
471 12631
472 12630
473 12629
474 12628
475 12627
476 12626
477 12625
478 12624
479 12623
480 12622
481 12621
482 12620
483 12619
484 12745
485 12744
486 12743
487 12742
488 12741
489 12740
490 12739
491 12738
492 12737
493 12736
494 12735
495 12734
496 12733
497 12732
498 12731
499 12730
500 11597
501 11596
502 11595
503 11594
504 11593
505 11592
506 11591
507 11590
508 11286
509 11285
510 11284
511 11283
512 11282
513 11281
514 11280
515 11279
516 11712
517 11711
518 11710
519 11709
520 11708
521 11707
522 11706
523 11661
524 11660
525 11659
526 11658
527 11657
528 11656
529 11655
530 11654
531 11653
532 11652
533 11651
534 11650
535 11649
536 11648
537 11647
538 11382
539 11381
540 11380
541 11379
542 11378
543 11377
544 11376
545 11375
546 11757
547 11756
548 11755
549 11754
550 11753
551 11752
552 11751
553 11750
554 11210
555 11209
556 11208
557 11207
558 11206
559 11205
560 11204
561 11203
562 11202
563 11201
564 11200
565 11199
566 11198
567 11197
568 11196
569 11195
570 11194
571 11193
572 11192
573 11191
574 11190
575 11189
576 11188
577 11187
578 11186
579 11185
580 11184
581 11183
582 11182
583 11181
584 11180
585 11179
586 11178
587 11177
588 11176
589 11175
590 11174
591 11104
592 11103
593 11102
594 11101
595 11100
596 11099
597 11098
598 11097
599 11096
600 11095
601 11094
602 11093
603 11092
604 11091
605 11090
606 11089
607 9253
608 9252
609 9251
610 9250
611 9249
612 9248
613 9247
614 9246
615 9228
616 9227
617 9226
618 9225
619 9224
620 9223
621 9222
622 9221
623 9220
624 9219
625 9218
626 9217
627 9216
628 9307
629 9306
630 9305
631 9304
632 9303
633 9302
634 9301
635 9300
636 9299
637 9298
638 9297
639 9296
640 9295
641 9294
642 9293
643 9292
644 9291
645 9366
646 9365
647 9364
648 9363
649 9362
650 9361
651 9360
652 9359
653 10140
654 10139
655 10138
656 10137
657 10136
658 10135
659 10134
660 10133
661 9853
662 9852
663 9851
664 9850
665 9849
666 9848
667 9847
668 9846
669 9845
670 9844
671 9843
672 9842
673 9841
674 9840
675 9839
676 9838
677 9837
678 9836
679 9835
680 9834
681 9601
682 9600
683 9599
684 9598
685 9597
686 9596
687 9595
688 9594
689 9593
690 9592
691 8231
692 8230
693 8229
694 8228
695 8227
696 8226
697 8225
698 9803
699 9802
700 9801
701 9800
702 9799
703 9798
704 9797
705 9796
706 9795
707 9794
708 9793
709 9792
710 9791
711 9790
712 9789
713 9788
714 6968
715 6967
716 6966
717 6965
718 6964
719 6963
720 6962
721 6961
722 8639
723 8638
724 8637
725 8636
726 8635
727 8634
728 8633
729 8632
730 8631
731 8630
732 8629
733 6936
734 6935
735 6934
736 6933
737 6932
738 6931
739 6930
740 6929
741 6928
742 6927
743 6926
744 6925
745 6924
746 6923
747 6922
748 6921
749 6920
750 6919
751 6918
752 8710
753 8709
754 8708
755 8707
756 8706
757 8705
758 8704
759 8703
760 8702
761 8701
762 8700
763 8699
764 8698
765 8697
766 8696
767 8695
768 6768
769 6767
770 6766
771 6765
772 6764
773 6763
774 6762
775 6761
776 6760
777 6759
778 6758
779 6757
780 6756
781 6755
782 6754
783 6753
784 6752
785 6751
786 8035
787 8034
788 8033
789 8032
790 8031
791 8030
792 8029
793 8028
794 8027
795 8026
796 8025
797 8024
798 7752
799 7751
800 7750
801 7749
802 7748
803 7747
804 7746
805 7745
806 6717
807 6716
808 6715
809 6714
810 6713
811 6712
812 6711
813 6710
814 6709
815 6708
816 6707
817 6706
818 6705
819 6704
820 6703
821 6702
822 7546
823 7545
824 7544
825 7543
826 7542
827 7541
828 7540
829 7539
830 7665
831 7664
832 7663
833 7662
834 7661
835 7660
836 7659
837 7658
838 7657
839 7656
840 7655
841 7654
844 7557
845 7556
846 7555
847 7554
848 7553
849 7552
850 7551
851 7550
852 7549
853 7548
854 7547
855 6701
856 6700
857 6699
858 6698
859 6697
860 6696
861 6695
862 6694
863 7613
864 7612
865 7611
866 7610
867 7609
868 7608
869 7607
870 7606
871 7812
872 7811
873 7810
874 7809
875 7808
876 7807
877 7806
878 7805
879 7804
880 7803
881 7802
882 7801
883 7800
884 7799
885 7798
886 7797
887 7796
888 7795
889 7794
890 7793
891 7792
892 7791
893 7790
894 7789
895 7788
896 7787
897 7786
898 7785
899 7784
900 7991
901 7990
902 7989
903 7988
904 7987
905 7986
906 7985
907 7984
908 8725
909 8724
910 8723
911 8722
912 8721
913 8720
914 8719
915 8718
916 8717
917 8716
918 8715
919 8714
920 8713
921 8712
922 8711
923 6917
924 6916
925 6915
926 6914
927 6913
928 6912
929 6911
930 6910
931 6998
932 6997
933 6996
934 6995
935 6994
936 6993
937 6992
938 6991
939 6990
940 6989
941 6988
942 6987
943 6986
944 6985
945 6984
946 6983
947 6982
948 6981
949 6980
950 6979
951 6978
952 6977
953 6976
954 6975
955 6974
956 6973
957 6972
958 6971
959 6970
960 6969
961 9787
962 9786
963 9785
964 9784
965 9783
966 9782
967 9781
968 9780
969 8853
970 8852
971 8851
972 8850
973 8849
974 8848
975 8847
976 8846
977 9640
978 9639
979 9638
980 9637
981 9636
982 9635
983 9634
984 9633
985 9632
986 9631
987 9630
988 9629
989 9628
990 9627
991 9626
992 9625
993 9624
994 9623
995 9622
996 9621
997 9620
998 9619
999 9618
1000 9617
1001 9616
1002 9615
1003 9614
1004 9613
1005 9612
1006 9611
1007 9559
1008 9558
1009 9557
1010 9556
1011 9555
1012 9554
1013 9553
1014 9552
1015 9381
1016 9380
1017 9379
1018 9378
1019 9377
1020 9376
1021 9375
1022 9374
1023 9373
1024 9372
1025 9371
1026 9370
1027 9369
1028 9368
1029 9367
1030 9290
1031 9289
1032 9288
1033 9287
1034 9286
1035 9285
1036 9284
1037 9283
1038 9282
1039 9281
1040 9280
1041 9279
1042 9278
1043 9277
1044 9276
1045 9275
1046 9274
1047 9273
1048 9272
1049 9271
1050 9270
1051 9269
1052 9268
1053 9267
1054 9266
1055 9265
1056 9264
1057 9263
1058 9262
1059 9261
1060 9260
1061 9259
1062 9258
1063 9257
1064 9256
1065 9255
1066 9254
1067 11088
1068 11087
1069 11086
1070 11085
1071 11084
1072 11083
1073 11082
1074 11081
1075 10044
1076 10043
1077 10042
1078 10041
1079 10040
1080 10039
1081 10038
1082 10037
1083 10771
1084 10770
1085 10769
1086 10768
1087 10767
1088 10766
1089 10765
1090 10764
1091 10763
1092 10762
1093 10761
1094 10760
1095 10759
1096 10758
1097 10757
1098 10756
1099 10604
1100 10603
1101 10602
1102 10601
1103 10600
1104 10599
1105 10598
1106 10597
1107 10596
1108 10595
1109 10594
1110 10593
1111 10592
1112 10591
1113 10816
1114 10815
1115 10814
1116 10813
1117 10812
1118 10811
1119 10810
1120 10809
1121 11397
1122 11396
1123 11395
1124 11394
1125 11393
1126 11392
1127 11391
1128 11390
1129 11389
1130 11388
1131 11387
1132 11386
1133 11385
1134 11384
1135 11383
1136 11646
1137 11645
1138 11644
1139 11643
1140 11642
1141 11641
1142 11640
1143 11639
1144 11638
1145 11637
1146 11636
1147 11635
1148 11634
1149 11633
1150 11632
1151 11900
1152 11899
1153 11898
1154 11897
1155 11896
1156 11895
1157 11894
1158 11612
1159 11611
1160 11610
1161 11609
1162 11608
1163 11607
1164 11606
1165 11605
1166 11604
1167 11603
1168 11602
1169 11601
1170 11600
1171 11599
1172 11598
1173 12729
1174 12728
1175 12727
1176 12726
1177 12725
1178 12724
1179 12723
1180 12722
1181 11525
1182 11524
1183 11523
1184 11522
1185 11521
1186 11520
1187 11519
1188 11518
1189 13003
1190 13002
1191 13001
1192 13000
1193 12999
1194 12998
1195 12997
1196 12996
1197 12995
1198 12994
1199 12993
1200 12992
1201 12991
1202 12990
1203 12787
1204 12786
1205 12785
1206 12784
1207 12783
1208 12782
1209 12781
1210 12780
1211 13213
1212 13212
1213 13211
1214 13210
1215 13209
1216 13208
1217 13207
1218 13206
1219 12853
1220 12852
1221 12851
1222 12850
1223 12849
1224 12848
1225 12847
1226 12846
1227 12287
1228 12286
1229 12285
1230 12284
1231 12283
1232 12282
1233 12281
1234 12280
1235 12279
1236 12278
1237 12277
1238 12276
1239 12275
1240 12274
1241 12273
1242 12524
1243 12523
1244 12522
1245 12521
1246 12520
1247 12519
1248 12518
1249 12517
1250 12516
1251 12515
1252 12514
1255 12503
1256 12502
1257 12501
1258 12500
1259 12499
1260 12498
1261 12497
1262 12496
1263 12495
1264 12494
1265 12493
1266 12925
1267 12924
1268 12923
1269 12922
1270 12921
1271 12920
1272 12919
1273 12918
1274 12295
1275 12294
1276 12293
1277 12292
1278 12291
1279 12290
1280 12289
1281 12288
1282 12845
1283 12844
1284 12843
1285 12842
1286 12841
1287 12840
1288 12839
1289 12838
1290 12837
1291 12836
1292 12835
1293 12834
1294 12833
1295 12832
1296 12831
1297 12830
1298 13024
1299 13023
1300 13022
1301 13021
1302 13020
1303 13019
1304 13018
1305 13017
1306 13016
1307 13015
1308 13014
1309 13013
1310 13012
1311 13011
1312 13010
1313 13009
1314 13008
1315 13007
1316 13006
1317 13005
1318 13004
1319 11517
1320 11516
1321 11515
1322 11514
1323 11513
1324 11512
1325 11511
1326 11510
1327 11509
1328 11508
1329 11507
1330 11506
1331 11505
1332 11504
1333 11503
1334 11502
1335 11967
1336 11966
1337 11965
1338 11964
1339 11963
1340 11962
1341 11961
1342 11960
1343 11620
1344 11619
1345 11618
1346 11617
1347 11616
1348 11615
1349 11614
1350 11613
1351 11893
1352 11892
1353 11891
1354 11890
1355 11889
1356 11888
1357 11887
1358 11886
1359 11885
1360 11884
1361 11883
1362 11882
1363 11881
1364 11880
1365 11879
1366 11878
1367 11877
1368 11876
1369 11875
1370 11874
1371 11873
1372 11872
1373 10911
1374 10910
1375 10909
1376 10908
1377 10907
1378 10906
1379 10905
1380 10904
1381 11405
1382 11404
1383 11403
1384 11402
1385 11401
1386 11400
1387 11399
1388 11398
1389 10808
1390 10807
1391 10806
1392 10805
1393 10804
1394 10803
1395 10802
1396 10801
1397 10800
1398 10799
1399 10798
1400 10797
1401 10796
1402 10795
1403 10794
1404 10793
1405 10792
1406 10791
1407 10790
1408 10789
1409 10788
1410 10787
1411 10786
1412 10785
1413 10784
1414 10783
1415 10782
1416 10781
1417 10780
1418 10779
1419 10778
1420 10777
1421 10776
1422 10775
1423 10774
1424 10773
1425 10772
1426 10036
1427 10035
1428 10034
1429 10033
1430 10032
1431 10031
1432 10030
1433 10029
1434 10028
1435 10027
1436 10026
1437 10025
1438 10024
1439 10023
1440 10022
1441 10021
1442 9117
1443 9116
1444 9115
1445 9114
1446 9113
1447 9112
1448 9111
1449 9110
1450 9033
1451 9032
1452 9031
1453 9030
1454 9029
1455 9028
1456 9027
1457 9026
1458 9025
1459 9024
1460 9023
1461 9022
1462 9021
1463 9171
1464 9170
1465 9169
1466 9168
1467 9167
1468 9166
1469 9165
1470 9164
1471 9163
1472 9162
1473 9161
1474 9160
1475 9159
1476 9158
1477 9157
1478 9156
1479 9155
1480 9397
1481 9396
1482 9395
1483 9394
1484 9393
1485 9392
1486 9391
1487 9390
1488 9389
1489 9388
1490 9387
1491 9386
1492 9385
1493 9384
1494 9383
1495 9382
1496 9551
1497 9550
1498 9549
1499 9548
1500 9547
1501 9546
1502 9545
1503 9544
1504 9543
1505 9542
1506 9541
1507 9540
1508 9539
1509 9538
1510 9537
1511 9536
1512 9535
1513 9534
1514 9533
1515 9532
1516 9531
1517 9530
1518 9529
1519 9528
1520 9527
1521 9526
1522 9525
1523 9524
1524 9523
1525 9522
1526 9647
1527 9646
1528 9645
1529 9644
1530 9643
1531 9642
1532 9641
1533 8845
1534 8844
1535 8843
1536 8842
1537 8841
1538 8840
1539 8839
1540 8838
1541 8837
1542 8836
1543 8835
1544 8834
1545 8833
1546 8832
1547 8831
1548 8830
1549 7038
1550 7037
1551 7036
1552 7035
1553 7034
1554 7033
1555 7032
1556 7031
1557 6877
1558 6876
1559 6875
1560 6874
1561 6873
1562 6872
1563 6871
1564 6870
1565 6869
1566 6868
1567 6867
1568 6866
1569 6865
1570 6864
1571 6863
1572 6862
1573 6861
1574 6860
1575 6859
1576 6858
1577 6857
1578 6856
1579 6855
1580 6854
1581 6853
1582 6852
1583 6851
1584 6850
1585 6849
1586 6848
1587 6847
1588 6846
1589 6845
1590 6844
1591 6843
1592 6842
1593 6841
1594 6840
1595 8733
1596 8732
1597 8731
1598 8730
1599 8729
1600 8728
1601 8727
1602 8726
1603 7983
1604 7982
1605 7981
1606 7980
1607 7979
1608 7978
1609 7977
1610 7976
1611 7975
1612 7974
1613 7973
1614 7972
1615 7971
1616 7970
1617 7969
1618 7968
1619 7967
1620 7966
1621 7965
1622 7964
1623 7963
1624 7962
1625 7961
1626 7960
1627 7959
1628 7958
1629 7957
1630 7956
1631 7955
1632 7954
1633 7820
1634 7819
1635 7818
1636 7817
1637 7816
1638 7815
1639 7814
1640 7813
1641 7605
1642 7604
1643 7603
1644 7602
1645 7601
1646 7600
1647 7599
1648 7598
1649 7597
1650 7596
1651 7595
1652 7594
1653 7593
1654 7592
1655 7591
1656 7590
1657 7324
1658 7323
1659 7322
1660 7321
1661 7320
1662 7319
1663 7318
1664 7317
1665 6646
1666 6645
1667 6644
1670 6655
1671 6654
1672 6653
1673 6652
1674 6651
1675 6650
1676 6649
1677 6648
1678 6647
1679 7316
1680 7315
1681 7314
1682 7313
1683 7312
1684 7311
1685 7310
1686 7309
1687 6685
1688 6684
1689 6683
1690 6682
1691 6681
1692 6680
1693 6679
1694 6678
1695 7253
1696 7252
1697 7251
1698 7250
1699 7249
1700 7248
1701 7247
1702 7246
1703 7827
1704 7826
1705 7825
1706 7824
1707 7823
1708 7822
1709 7821
1710 7953
1711 7952
1712 7951
1713 7950
1714 7949
1715 7948
1716 7947
1717 7946
1718 7945
1719 7893
1720 7892
1721 7891
1722 7890
1723 7889
1724 7888
1725 7887
1726 7886
1727 7885
1728 7884
1729 7883
1730 7882
1731 7881
1732 7880
1733 7879
1734 8740
1735 8739
1736 8738
1737 8737
1738 8736
1739 8735
1740 8734
1741 6839
1742 6838
1743 6837
1744 6836
1745 6835
1746 6834
1747 6833
1748 6832
1749 6901
1750 6900
1751 6899
1752 6898
1753 6897
1754 6896
1755 6895
1756 6894
1757 6893
1758 6892
1759 6891
1760 6890
1761 6889
1762 6888
1763 6887
1764 6886
1765 6885
1766 6884
1767 6883
1768 6882
1769 6881
1770 6880
1771 6879
1772 6878
1773 7030
1774 7029
1775 7028
1776 7027
1777 7026
1778 7025
1779 7024
1780 7023
1781 9771
1782 9770
1783 9769
1784 9768
1785 9767
1786 9766
1787 9765
1788 9764
1789 8482
1790 8481
1791 8480
1792 8479
1793 8478
1794 8477
1795 8476
1796 8475
1797 9655
1798 9654
1799 9653
1800 9652
1801 9651
1802 9650
1803 9649
1804 9648
1805 9521
1806 9520
1807 9519
1808 9518
1809 9517
1810 9516
1811 9515
1812 9514
1813 9513
1814 9512
1815 9511
1816 9510
1817 9509
1818 9508
1819 9507
1820 9506
1821 9505
1822 9504
1823 9503
1824 9502
1825 9501
1826 9500
1827 9499
1828 9498
1829 9931
1830 9930
1831 9929
1832 9928
1833 9927
1834 9926
1835 9925
1836 9924
1837 9923
1838 9922
1839 9921
1840 9920
1841 9919
1842 9918
1843 9917
1844 9201
1845 9200
1846 9199
1847 9198
1848 9197
1849 9196
1850 9195
1851 9194
1852 9193
1853 9192
1854 9191
1855 9190
1856 9189
1857 9188
1858 9042
1859 9041
1860 9040
1861 9039
1862 9038
1863 9037
1864 9036
1865 9035
1866 9034
1867 9109
1868 9108
1869 9107
1870 9106
1871 9105
1872 9104
1873 9103
1874 9102
1875 11072
1876 11071
1877 11070
1878 11069
1879 11068
1880 11067
1881 11066
1882 11065
1883 10402
1884 10401
1885 10400
1886 10399
1887 10398
1888 10397
1889 10396
1890 10395
1891 10617
1892 10616
1893 10615
1894 10614
1895 10613
1896 10612
1897 10611
1898 10610
1899 10609
1900 10608
1901 10607
1902 10606
1903 10605
1904 10516
1905 10515
1906 10514
1907 10513
1908 10512
1909 10511
1910 10510
1911 10509
1912 10508
1913 10507
1914 10506
1915 10731
1916 10730
1917 10729
1918 10728
1919 10727
1920 10726
1921 10725
1922 10724
1923 11412
1924 11411
1925 11410
1926 11409
1927 11408
1928 11407
1929 11406
1930 10903
1931 10902
1932 10901
1933 10900
1934 10899
1935 10898
1936 10897
1937 10896
1938 11693
1939 11692
1940 11691
1941 11690
1942 11689
1943 11688
1944 11687
1945 11686
1946 11685
1947 11684
1948 11683
1949 11682
1950 11631
1951 11630
1952 11629
1953 11628
1954 11627
1955 11626
1956 11625
1957 11624
1958 11623
1959 11622
1960 11621
1961 11959
1962 11958
1963 11957
1964 11956
1965 11955
1966 11954
1967 11953
1968 11952
1969 12713
1970 12712
1971 12711
1972 12710
1973 12709
1974 12708
1975 12707
1976 12706
1977 12108
1978 12107
1979 12106
1980 12105
1981 12104
1982 12103
1983 12102
1984 12101
1985 12798
1986 12797
1987 12796
1988 12795
1989 12794
1990 12793
1991 12792
1992 12791
1993 12790
1994 12789
1995 12788
1996 12654
1997 12653
1998 12652
1999 12651
2000 12650
2001 12649
2002 12648
2003 12647
2004 12646
2005 12645
2006 12644
2007 12643
2008 12642
2009 13107
2010 13106
2011 13105
2012 13104
2013 13103
2014 13102
2015 13101
2016 13100
2017 12302
2018 12301
2019 12300
2020 12299
2021 12298
2022 12297
2023 12296
2024 12917
2025 12916
2026 12915
2027 12914
2028 12913
2029 12912
2030 12911
2031 12910
2034 12909
2035 12908
2036 12907
2037 12906
2038 12905
2039 12904
2040 12903
2041 12902
2042 12405
2043 12404
2044 12403
2045 12402
2046 12401
2047 12400
2048 12399
2049 12398
2050 12861
2051 12860
2052 12859
2053 12858
2054 12857
2055 12856
2056 12855
2057 12854
2058 13205
2059 13204
2060 13203
2061 13202
2062 13201
2063 13200
2064 13199
2065 13198
2066 13197
2067 13196
2068 13195
2069 13194
2070 13193
2071 13192
2072 13191
2073 13190
2074 13189
2075 13188
2076 13187
2077 13186
2078 13185
2079 13184
2080 13183
2081 11533
2082 11532
2083 11531
2084 11530
2085 11529
2086 11528
2087 11527
2088 11526
2089 12721
2090 12720
2091 12719
2092 12718
2093 12717
2094 12716
2095 12715
2096 12714
2097 11951
2098 11950
2099 11949
2100 11948
2101 11947
2102 11946
2103 11945
2104 11944
2105 11673
2106 11672
2107 11671
2108 11670
2109 11669
2110 11668
2111 11667
2112 11666
2113 11665
2114 11664
2115 11663
2116 11662
2117 11705
2118 11704
2119 11703
2120 11702
2121 11701
2122 11700
2123 11699
2124 11698
2125 11697
2126 11696
2127 11695
2128 11694
2129 10895
2130 10894
2131 10893
2132 10892
2133 10891
2134 10890
2135 10889
2136 10888
2137 11772
2138 11771
2139 11770
2140 11769
2141 11768
2142 11767
2143 11766
2144 11765
2145 10824
2146 10823
2147 10822
2148 10821
2149 10820
2150 10819
2151 10818
2152 10817
2153 10590
2154 10589
2155 10588
2156 10587
2157 10586
2158 10585
2159 10584
2160 10583
2161 10582
2162 10581
2163 10580
2164 10579
2165 10578
2166 10577
2167 10576
2168 10575
2169 10574
2170 10573
2171 10572
2172 10571
2173 10570
2174 10569
2175 10568
2176 10052
2177 10051
2178 10050
2179 10049
2180 10048
2181 10047
2182 10046
2183 10045
2184 11080
2185 11079
2186 11078
2187 11077
2188 11076
2189 11075
2190 11074
2191 11073
2192 9101
2193 9100
2194 9099
2195 9098
2196 9097
2197 9096
2198 9095
2199 9094
2200 9181
2201 9180
2202 9179
2203 9178
2204 9177
2205 9176
2206 9175
2207 9174
2208 9173
2209 9172
2210 9215
2211 9214
2212 9213
2213 9212
2214 9211
2215 9210
2216 9209
2217 9208
2218 9207
2219 9206
2220 9205
2221 9204
2222 9203
2223 9202
2224 9916
2225 9915
2226 9914
2227 9913
2228 9912
2229 9911
2230 9910
2231 9909
2232 10155
2233 10154
2234 10153
2235 10152
2236 10151
2237 10150
2238 10149
2239 10148
2240 9567
2241 9566
2242 9565
2243 9564
2244 9563
2245 9562
2246 9561
2247 9560
2248 9610
2249 9609
2250 9608
2251 9607
2252 9606
2253 9605
2254 9604
2255 9603
2256 9602
2257 8875
2258 8874
2259 8873
2260 8872
2261 8871
2262 8870
2263 8869
2264 8868
2265 8867
2266 8866
2267 8865
2268 8864
2269 8863
2270 8862
2271 8861
2272 8860
2273 8859
2274 8858
2275 8857
2276 8856
2277 8855
2278 8854
2279 9779
2280 9778
2281 9777
2282 9776
2283 9775
2284 9774
2285 9773
2286 9772
2287 7022
2288 7021
2289 7020
2290 7019
2291 7018
2292 7017
2293 7016
2294 7015
2295 7014
2296 7013
2297 7012
2298 7011
2299 7010
2300 7009
2301 7008
2302 7007
2303 7006
2304 7005
2305 7004
2306 7003
2307 7002
2308 7001
2309 7000
2310 6999
2311 6909
2312 6908
2313 6907
2314 6906
2315 6905
2316 6904
2317 6903
2318 6902
2319 6831
2320 6830
2321 6829
2322 6828
2323 6827
2324 6826
2325 6825
2326 6824
2327 8336
2328 8335
2329 8334
2330 8333
2331 8332
2332 8331
2333 8330
2334 8329
2335 7999
2336 7998
2337 7997
2338 7996
2339 7995
2340 7994
2341 7993
2342 7992
2343 7783
2344 7782
2345 7781
2346 7780
2347 7779
2348 7778
2349 7777
2350 7776
2351 7775
2352 7774
2353 7773
2354 7772
2355 7771
2356 7770
2357 7769
2358 7768
2359 7767
2360 7766
2361 7765
2362 7764
2363 7763
2364 7762
2365 7761
2366 7760
2367 7621
2368 7620
2369 7619
2370 7618
2371 7617
2372 7616
2373 7615
2374 7614
2375 6693
2376 6692
2377 6691
2378 6690
2379 6689
2380 6688
2381 6687
2382 6686
2383 7308
2384 7307
2385 7306
2386 7305
2387 7304
2388 7303
2389 7302
2390 7301
2391 7300
2392 7299
2393 7298
2394 7297
2395 7296
2396 7295
2397 7294
2398 7293
2399 7292
2402 7674
2403 7673
2404 7672
2405 7671
2406 7670
2407 7669
2408 7668
2409 7667
2410 7666
2411 7538
2412 7537
2413 7536
2414 7535
2415 7534
2416 7533
2417 7532
2418 7531
2419 7477
2420 7476
2421 7475
2422 7474
2423 7473
2424 7472
2425 7471
2426 7470
2427 7629
2428 7628
2429 7627
2430 7626
2431 7625
2432 7624
2433 7623
2434 7622
2435 7759
2436 7758
2437 7757
2438 7756
2439 7755
2440 7754
2441 7753
2442 8023
2443 8022
2444 8021
2445 8020
2446 8019
2447 8018
2448 8017
2449 8016
2450 8015
2451 8014
2452 8013
2453 8012
2454 8011
2455 8010
2456 8009
2457 8008
2458 8007
2459 8006
2460 8005
2461 8004
2462 8003
2463 8002
2464 8001
2465 8000
2466 8328
2467 8327
2468 8326
2469 8325
2470 8324
2471 8323
2472 8322
2473 8321
2474 8320
2475 8319
2476 8318
2477 8317
2478 8316
2479 8315
2480 8314
2481 8663
2482 8662
2483 8661
2484 8660
2485 8659
2486 8658
2487 8657
2488 8656
2489 8655
2490 8654
2491 8653
2492 8652
2493 8651
2494 8650
2495 8649
2496 8648
2497 8647
2498 8646
2499 8645
2500 8644
2501 8643
2502 8642
2503 8641
2504 8640
2505 6960
2506 6959
2507 6958
2508 6957
2509 6956
2510 6955
2511 6954
2512 6953
2513 8522
2514 8521
2515 8520
2516 8519
2517 8518
2518 8517
2519 8516
2520 8515
2521 8247
2522 8246
2523 8245
2524 8244
2525 8243
2526 8242
2527 8241
2528 8240
2529 8239
2530 8238
2531 8237
2532 8236
2533 8235
2534 8234
2535 8233
2536 8232
2537 9591
2538 9590
2539 9589
2540 9588
2541 9587
2542 9586
2543 9585
2544 9584
2545 9583
2546 9582
2547 9581
2548 9580
2549 9579
2550 9578
2551 9577
2552 9576
2553 9575
2554 9574
2555 9573
2556 9572
2557 9571
2558 9570
2559 9569
2560 9568
2561 10147
2562 10146
2563 10145
2564 10144
2565 10143
2566 10142
2567 10141
2568 9358
2569 9357
2570 9356
2571 9355
2572 9354
2573 9353
2574 9352
2575 9351
2576 9056
2577 9055
2578 9054
2579 9053
2580 9052
2581 9051
2582 9050
2583 9049
2584 9048
2585 9047
2586 9046
2587 9045
2588 9044
2589 9043
2590 9237
2591 9236
2592 9235
2593 9234
2594 9233
2595 9232
2596 9231
2597 9230
2598 9229
2599 9245
2600 9244
2601 9243
2602 9242
2603 9241
2604 9240
2605 9239
2606 9238
2607 10442
2608 10441
2609 10440
2610 10439
2611 10438
2612 10437
2613 10436
2614 10435
2615 10060
2616 10059
2617 10058
2618 10057
2619 10056
2620 10055
2621 10054
2622 10053
2623 10567
2624 10566
2625 10565
2626 10564
2627 10563
2628 10562
2629 10561
2630 10560
2631 10559
2632 10558
2633 10557
2634 10556
2635 10555
2636 10554
2637 10553
2638 10552
2639 10551
2640 10550
2641 10549
2642 10548
2643 10547
2644 10546
2645 10545
2646 10544
2647 10832
2648 10831
2649 10830
2650 10829
2651 10828
2652 10827
2653 10826
2654 10825
2655 11764
2656 11763
2657 11762
2658 11761
2659 11760
2660 11759
2661 11758
2662 11374
2663 11373
2664 11372
2665 11371
2666 11370
2667 11369
2668 11368
2669 11367
2670 11309
2671 11308
2672 11307
2673 11306
2674 11305
2675 11304
2676 11303
2677 11302
2678 11301
2679 11300
2680 11299
2681 11298
2682 11297
2683 11296
2684 11295
2685 11294
2686 11293
2687 11292
2688 11291
2689 11290
2690 11289
2691 11288
2692 11287
2693 11589
2694 11588
2695 11587
2696 11586
2697 11585
2698 11584
2699 11583
2700 11582
2701 12148
2702 12147
2703 12146
2704 12145
2705 12144
2706 12143
2707 12142
2708 12141
2709 11541
2710 11540
2711 11539
2712 11538
2713 11537
2714 11536
2715 11535
2716 11534
2717 13182
2718 13181
2719 13180
2720 13179
2721 13178
2722 13177
2723 13176
2724 13175
2725 13174
2726 13173
2727 13172
2728 13171
2729 13170
2730 13169
2731 13168
2732 13167
2733 13166
2734 13165
2735 13164
2736 13163
2737 13162
2738 13161
2739 13160
2740 13159
2741 12869
2742 12868
2743 12867
2744 12866
2745 12865
2746 12864
2747 12863
2748 12862
2749 12397
2750 12396
2751 12395
2752 12394
2753 12393
2754 12392
2755 12391
2756 12264
2757 12263
2758 12262
2759 12261
2760 12260
2761 12259
2762 12258
2763 12257
2766 12230
2767 12229
2768 12228
2769 12227
2770 12226
2771 12225
2772 12224
2773 12223
2774 12222
2775 12221
2776 12220
2777 12219
2778 12218
2779 12256
2780 12255
2781 12254
2782 12253
2783 12252
2784 12251
2785 12250
2786 12249
2787 13253
2788 13252
2789 13251
2790 13250
2791 13249
2792 13248
2793 13247
2794 13246
2795 13245
2796 13244
2797 13243
2798 13242
2799 13241
2800 13240
2801 13239
2802 13238
2803 12588
2804 12587
2805 12586
2806 12585
2807 12584
2808 12583
2809 12582
2810 12581
2811 12580
2812 12579
2813 12578
2814 12577
2815 12576
2816 12771
2817 12770
2818 12769
2819 12768
2820 12767
2821 12766
2822 12765
2823 12764
2824 12763
2825 12762
2826 12761
2827 12760
2828 12759
2829 12758
2830 12757
2831 12756
2832 12755
2833 12754
2834 12156
2835 12155
2836 12154
2837 12153
2838 12152
2839 12151
2840 12150
2841 12149
2842 11581
2843 11580
2844 11579
2845 11578
2846 11577
2847 11576
2848 11575
2849 11574
2850 11333
2851 11332
2852 11331
2853 11330
2854 11329
2855 11328
2856 11327
2857 11326
2858 11325
2859 11324
2860 11323
2861 11322
2862 11321
2863 11320
2864 11319
2865 11318
2866 11317
2867 11316
2868 11315
2869 11314
2870 11313
2871 11312
2872 11311
2873 11310
2874 11366
2875 11365
2876 11364
2877 11363
2878 11362
2879 11361
2880 11360
2881 11359
2882 11234
2883 11233
2884 11232
2885 11231
2886 11230
2887 11229
2888 11228
2889 11227
2890 11226
2891 11225
2892 11224
2893 11223
2894 11222
2895 11221
2896 11220
2897 11219
2898 11143
2899 11142
2900 11141
2901 11140
2902 11139
2903 11138
2904 11137
2905 11136
2906 11135
2907 11134
2908 11133
2909 11132
2910 11131
2911 11130
2912 11129
2913 11128
2914 11127
2915 11126
2916 11125
2917 11124
2918 11123
2919 11122
2920 11121
2921 11120
2922 11119
2923 11118
2924 11117
2925 11116
2926 11115
2927 11114
2928 11113
2929 10450
2930 10449
2931 10448
2932 10447
2933 10446
2934 10445
2935 10444
2936 10443
2937 10100
2938 10099
2939 10098
2940 10097
2941 10096
2942 10095
2943 10094
2944 10093
2945 9317
2946 9316
2947 9315
2948 9314
2949 9313
2950 9312
2951 9311
2952 9310
2953 9309
2954 9308
2955 9070
2956 9069
2957 9068
2958 9067
2959 9066
2960 9065
2961 9064
2962 9063
2963 9062
2964 9061
2965 9060
2966 9059
2967 9058
2968 9057
2969 9350
2970 9349
2971 9348
2972 9347
2973 9346
2974 9345
2975 9344
2976 9343
2977 9877
2978 9876
2979 9875
2980 9874
2981 9873
2982 9872
2983 9871
2984 9870
2985 9869
2986 9868
2987 9867
2988 9866
2989 9865
2990 9864
2991 9863
2992 9862
2993 8986
2994 8985
2995 8984
2996 8983
2997 8982
2998 8981
2999 8980
3000 8979
3001 8978
3002 9833
3003 9832
3004 9831
3005 9830
3006 9829
3007 9828
3008 9827
3009 9826
3010 9825
3011 9824
3012 9823
3013 9822
3014 9821
3015 9820
3016 9819
3017 9818
3018 9817
3019 9816
3020 9815
3021 9814
3022 9813
3023 9812
3024 8530
3025 8529
3026 8528
3027 8527
3028 8526
3029 8525
3030 8524
3031 8523
3032 6952
3033 6951
3034 6950
3035 6949
3036 6948
3037 6947
3038 6946
3039 6945
3040 6944
3041 6943
3042 6942
3043 6941
3044 6940
3045 6939
3046 6938
3047 6937
3048 8576
3049 8575
3050 8574
3051 8573
3052 8572
3053 8571
3054 8570
3055 8569
3056 8671
3057 8670
3058 8669
3059 8668
3060 8667
3061 8666
3062 8665
3063 8664
3064 8313
3065 8312
3066 8311
3067 8310
3068 8309
3069 8308
3070 8307
3071 8306
3072 6792
3073 6791
3074 6790
3075 6789
3076 6788
3077 6787
3078 6786
3079 6785
3080 6784
3081 6783
3082 6782
3083 6781
3084 6780
3085 6779
3086 6778
3087 6777
3088 8093
3089 8092
3090 8091
3091 8090
3092 8089
3093 8088
3094 8087
3095 6750
3096 6749
3097 6748
3098 6747
3099 6746
3100 6745
3101 6744
3102 6743
3103 6742
3104 6741
3105 6740
3106 6739
3107 6738
3108 6737
3109 6736
3110 6735
3111 6734
3112 6733
3113 6732
3114 6731
3115 6730
3116 6729
3117 6728
3118 6727
3119 6726
3120 7485
3121 7484
3122 7483
3123 7482
3124 7481
3125 7480
3126 7479
3127 7478
3128 7530
3129 7529
3130 7528
3131 7527
3132 7526
3133 7525
3134 7524
3135 7523
3136 7522
3137 7521
3138 7520
3139 7519
3140 7518
3141 7517
3142 7516
3143 7515
3144 7514
3147 7653
3148 7652
3149 7651
3150 7650
3151 7649
3152 7648
3153 7647
3154 7646
3155 7645
3156 7644
3157 7643
3158 7642
3159 7641
3160 7640
3161 7639
3162 7638
3163 8072
3164 8071
3165 8070
3166 8069
3167 8068
3168 8067
3169 8066
3170 8065
3171 8064
3172 8063
3173 8062
3174 8061
3175 8060
3176 8059
3177 8058
3178 8057
3179 8056
3180 8055
3181 8054
3182 8053
3183 8052
3184 8051
3185 8050
3186 8049
3187 8048
3188 6799
3189 6798
3190 6797
3191 6796
3192 6795
3193 6794
3194 6793
3195 8305
3196 8304
3197 8303
3198 8302
3199 8301
3200 8300
3201 8299
3202 8298
3203 8297
3204 8296
3205 8295
3206 8294
3207 8293
3208 8292
3209 8291
3210 8290
3211 8289
3212 8288
3213 8287
3214 8286
3215 8285
3216 8284
3217 8283
3218 8282
3219 8281
3220 8280
3221 8279
3222 8278
3223 8277
3224 8276
3225 8275
3226 8274
3227 8273
3228 8272
3229 8271
3230 8270
3231 8269
3232 8268
3233 8267
3234 8266
3235 8265
3236 8264
3237 8263
3238 8262
3239 8261
3240 8260
3241 8259
3242 8258
3243 8257
3244 8256
3245 8966
3246 8965
3247 8964
3248 8963
3249 8962
3250 8961
3251 8960
3252 8959
3253 8958
3254 8957
3255 8956
3256 8955
3257 8954
3258 8953
3259 8952
3260 8951
3261 8950
3262 8949
3263 8948
3264 8947
3265 8946
3266 8945
3267 8944
3268 8943
3269 8942
3270 8941
3271 9884
3272 9883
3273 9882
3274 9881
3275 9880
3276 9879
3277 9878
3278 9342
3279 9341
3280 9340
3281 9339
3282 9338
3283 9337
3284 9336
3285 9335
3286 9334
3287 9333
3288 9332
3289 9331
3290 9330
3291 9329
3292 9328
3293 9327
3294 9326
3295 9325
3296 9324
3297 9323
3298 9322
3299 9321
3300 9320
3301 9319
3302 9318
3303 10092
3304 10091
3305 10090
3306 10089
3307 10088
3308 10087
3309 10086
3310 10085
3311 10084
3312 10083
3313 10082
3314 10081
3315 10080
3316 10079
3317 10078
3318 10077
3319 10076
3320 10075
3321 10074
3322 10073
3323 10072
3324 10071
3325 10070
3326 10069
3327 10526
3328 10525
3329 10524
3330 10523
3331 10522
3332 10521
3333 10520
3334 10519
3335 10518
3336 10517
3337 10856
3338 10855
3339 10854
3340 10853
3341 10852
3342 10851
3343 10850
3344 10849
3345 10848
3346 10847
3347 10846
3348 10845
3349 10844
3350 10843
3351 10842
3352 10841
3353 10863
3354 10862
3355 10861
3356 10860
3357 10859
3358 10858
3359 10857
3360 11358
3361 11357
3362 11356
3363 11355
3364 11354
3365 11353
3366 11352
3367 11351
3368 11350
3369 11349
3370 11348
3371 11347
3372 11346
3373 11345
3374 11344
3375 11343
3376 11342
3377 11341
3378 11340
3379 11339
3380 11338
3381 11337
3382 11336
3383 11335
3384 11334
3385 11573
3386 11572
3387 11571
3388 11570
3389 11569
3390 11568
3391 11567
3392 11566
3393 11565
3394 11564
3395 11563
3396 11562
3397 11561
3398 11560
3399 11559
3400 11558
3401 11557
3402 11556
3403 11555
3404 11554
3405 11553
3406 11552
3407 11551
3408 11550
3409 12568
3410 12567
3411 12566
3412 12565
3413 12564
3414 12563
3415 12562
3416 12561
3417 12560
3418 12559
3419 12558
3420 12557
3421 12556
3422 12555
3423 12554
3424 12553
3425 12552
3426 12551
3427 12550
3428 12549
3429 12548
3430 12547
3431 12546
3432 12545
3433 12544
3434 12543
3435 12542
3436 12541
3437 12540
3438 12539
3439 12538
3440 12537
3441 12536
3442 12248
3443 12247
3444 12246
3445 12245
3446 12244
3447 12243
3448 12242
3449 12241
3450 12240
3451 12239
3452 12238
3453 12237
3454 12236
3455 12235
3456 12234
3457 12233
3458 12232
3459 12231
3462 12513
3463 12512
3464 12511
3465 12510
3466 12509
3467 12893
3468 12892
3469 12891
3470 12890
3471 12889
3472 12888
3473 12887
3474 12886
3475 12885
3476 12884
3477 12883
3478 12882
3479 12881
3480 12880
3481 12879
3482 12878
3483 12877
3484 12876
3485 12875
3486 12874
3487 12873
3488 12872
3489 12871
3490 12870
3491 13158
3492 13157
3493 13156
3494 13155
3495 13154
3496 13153
3497 13152
3498 13151
3499 13150
3500 13149
3501 12575
3502 12574
3503 12573
3504 12572
3505 12571
3506 12570
3507 12569
3508 11549
3509 11548
3510 11547
3511 11546
3512 11545
3513 11544
3514 11543
3515 11542
3516 12140
3517 12139
3518 12138
3519 12137
3520 12136
3521 12135
3522 12134
3523 12133
3524 11935
3525 11934
3526 11933
3527 11932
3528 11931
3529 11930
3530 11929
3531 11928
3532 11927
3533 11926
3534 11925
3535 11924
3536 11923
3537 11922
3538 11921
3539 11920
3540 11919
3541 11918
3542 11917
3543 11916
3544 11915
3545 11914
3546 11913
3547 11912
3548 11911
3549 11910
3550 10879
3551 10878
3552 10877
3553 10876
3554 10875
3555 10874
3556 10873
3557 10872
3558 10871
3559 10870
3560 10869
3561 10868
3562 10867
3563 10866
3564 10865
3565 10864
3566 10840
3567 10839
3568 10838
3569 10837
3570 10836
3571 10835
3572 10834
3573 10833
3574 10543
3575 10542
3576 10541
3577 10540
3578 10539
3579 10538
3580 10537
3581 10536
3582 10535
3583 10534
3584 10533
3585 10532
3586 10531
3587 10530
3588 10529
3589 10528
3590 10527
3591 10068
3592 10067
3593 10066
3594 10065
3595 10064
3596 10063
3597 10062
3598 10061
3599 10434
3600 10433
3601 10432
3602 10431
3603 10430
3604 10429
3605 10428
3606 10427
3607 9085
3608 9084
3609 9083
3610 9082
3611 9081
3612 9080
3613 9079
3614 9078
3615 9077
3616 9076
3617 9075
3618 9074
3619 9073
3620 9072
3621 9071
3622 9020
3623 9019
3624 9018
3625 9017
3626 9016
3627 9015
3628 9014
3629 9013
3630 9012
3631 9011
3632 9010
3633 9900
3634 9899
3635 9898
3636 9897
3637 9896
3638 9895
3639 9894
3640 9893
3641 9892
3642 9891
3643 9890
3644 9889
3645 9888
3646 9887
3647 9886
3648 9885
3649 8940
3650 8939
3651 8938
3652 8937
3653 8936
3654 8935
3655 8934
3656 8933
3657 8932
3658 8931
3659 8930
3660 8929
3661 8928
3662 8927
3663 8977
3664 8976
3665 8975
3666 8974
3667 8973
3668 8972
3669 8971
3670 8970
3671 8969
3672 8968
3673 8967
3674 8255
3675 8254
3676 8253
3677 8252
3678 8251
3679 8250
3680 8249
3681 8248
3682 8514
3683 8513
3684 8512
3685 8511
3686 8510
3687 8509
3688 8508
3689 8507
3690 8589
3691 8588
3692 8587
3693 8586
3694 8585
3695 8584
3696 8583
3697 8582
3698 8581
3699 8580
3700 8579
3701 8578
3702 8577
3703 8628
3704 8627
3705 8626
3706 8625
3707 8624
3708 8623
3709 8622
3710 8621
3711 8620
3712 8619
3713 8618
3714 8617
3715 8616
3716 6815
3717 6814
3718 6813
3719 6812
3720 6811
3721 6810
3722 6809
3723 6808
3724 6807
3725 6806
3726 6805
3727 6804
3728 6803
3729 6802
3730 6801
3731 6800
3732 8047
3733 8046
3734 8045
3735 8044
3736 8043
3737 8042
3738 8041
3739 8040
3740 8039
3741 8038
3742 8037
3743 8036
3744 8086
3745 8085
3746 8084
3747 8083
3748 8082
3749 8081
3750 8080
3751 8079
3752 8078
3753 8077
3754 8076
3755 8075
3756 8074
3757 8073
3758 7637
3759 7636
3760 7635
3761 7634
3762 7633
3763 7632
3764 7631
3765 7630
3766 7469
3767 7468
3768 7467
3769 7466
3770 7465
3771 7464
3772 7463
3773 7462
3776 7291
3777 7290
3778 7289
3779 7288
3780 7287
3781 7286
3782 7285
3783 7284
3784 7283
3785 7282
3786 7281
3787 7280
3788 7279
3789 7278
3790 7277
3791 7276
3792 7275
3793 7274
3794 7273
3795 7272
3796 7271
3797 7270
3798 7269
3799 7268
3800 7267
3801 7266
3802 7265
3803 7264
3804 7263
3805 7262
3806 7906
3807 7905
3808 7904
3809 7903
3810 7902
3811 7901
3812 7900
3813 7899
3814 7898
3815 7897
3816 7896
3817 7895
3818 7894
3819 7944
3820 7943
3821 7942
3822 7941
3823 7940
3824 7939
3825 7938
3826 7937
3827 7936
3828 7935
3829 7934
3830 7933
3831 8343
3832 8342
3833 8341
3834 8340
3835 8339
3836 8338
3837 8337
3838 6823
3839 6822
3840 6821
3841 6820
3842 6819
3843 6818
3844 6817
3845 6816
3846 8615
3847 8614
3848 8613
3849 8612
3850 8611
3851 8610
3852 8609
3853 8608
3854 8607
3855 8606
3856 8605
3857 8604
3858 8603
3859 8602
3860 8601
3861 8600
3862 8599
3863 8598
3864 8597
3865 8596
3866 8595
3867 8594
3868 8593
3869 8592
3870 8591
3871 8590
3872 8506
3873 8505
3874 8504
3875 8503
3876 8502
3877 8501
3878 8500
3879 8499
3880 8498
3881 8497
3882 8496
3883 8495
3884 8494
3885 8493
3886 8492
3887 8491
3888 8915
3889 8914
3890 8913
3891 8912
3892 8911
3893 8910
3894 8909
3895 8908
3896 8907
3897 8906
3898 8905
3899 8904
3900 8903
3901 8902
3902 8901
3903 8900
3904 8899
3905 8898
3906 8897
3907 8896
3908 8895
3909 8894
3910 8893
3911 8892
3912 8891
3913 8890
3914 10162
3915 10161
3916 10160
3917 10159
3918 10158
3919 10157
3920 10156
3921 9908
3922 9907
3923 9906
3924 9905
3925 9904
3926 9903
3927 9902
3928 9901
3929 9009
3930 9008
3931 9007
3932 9006
3933 9005
3934 9004
3935 9003
3936 9002
3937 9001
3938 9000
3939 8999
3940 9187
3941 9186
3942 9185
3943 9184
3944 9183
3945 9182
3946 9093
3947 9092
3948 9091
3949 9090
3950 9089
3951 9088
3952 9087
3953 9086
3954 10426
3955 10425
3956 10424
3957 10423
3958 10422
3959 10421
3960 10420
3961 10419
3962 10418
3963 10417
3964 10416
3965 10415
3966 10414
3967 10413
3968 10412
3969 10411
3970 10488
3971 10487
3972 10486
3973 10485
3974 10484
3975 10483
3976 10482
3977 10481
3978 10480
3979 10479
3980 10755
3981 10754
3982 10753
3983 10752
3984 10751
3985 10750
3986 10749
3987 10748
3988 10747
3989 10746
3990 10745
3991 10744
3992 10743
3993 10742
3994 10741
3995 10740
3996 11779
3997 11778
3998 11777
3999 11776
4000 11775
4001 11774
4002 11773
4003 10887
4004 10886
4005 10885
4006 10884
4007 10883
4008 10882
4009 10881
4010 10880
4011 11909
4012 11908
4013 11907
4014 11906
4015 11905
4016 11904
4017 11903
4018 11902
4019 11901
4020 11681
4021 11680
4022 11679
4023 11678
4024 11677
4025 11676
4026 11675
4027 11674
4028 11943
4029 11942
4030 11941
4031 11940
4032 11939
4033 11938
4034 11937
4035 11936
4036 12132
4037 12131
4038 12130
4039 12129
4040 12128
4041 12127
4042 12126
4043 12125
4044 12124
4045 12123
4046 12122
4047 12121
4048 12120
4049 12119
4050 12118
4051 12117
4052 13141
4053 13140
4054 13139
4055 13138
4056 13137
4057 13136
4058 13135
4059 13134
4060 13133
4061 13132
4062 13131
4063 13130
4064 13129
4065 13128
4066 13127
4067 13126
4068 13125
4069 13124
4070 13123
4071 13122
4072 13121
4073 13120
4074 13119
4075 13118
4076 13117
4077 13116
4078 12412
4079 12411
4080 12410
4081 12409
4082 12408
4083 12407
4084 12406
4085 12901
4086 12900
4087 12899
4088 12898
4089 12897
4090 12896
4091 12895
4092 12894
4093 12508
4094 12507
4095 12506
4096 12505
4097 12504
4100 12481
4101 12480
4102 12479
4103 12478
4104 12477
4105 12428
4106 12427
4107 12426
4108 12425
4109 12424
4110 12423
4111 12422
4112 12421
4113 12420
4114 12419
4115 12418
4116 12417
4117 12416
4118 12415
4119 12414
4120 12413
4121 13115
4122 13114
4123 13113
4124 13112
4125 13111
4126 13110
4127 13109
4128 13108
4129 12641
4130 12640
4131 12639
4132 12638
4133 12637
4134 12636
4135 12635
4136 12634
4137 12633
4138 12632
4139 13148
4140 13147
4141 13146
4142 13145
4143 13144
4144 13143
4145 13142
4146 12116
4147 12115
4148 12114
4149 12113
4150 12112
4151 12111
4152 12110
4153 12109
4154 12705
4155 12704
4156 12703
4157 12702
4158 12701
4159 12700
4160 12699
4161 12698
4162 12036
4163 12035
4164 12034
4165 12033
4166 12032
4167 12031
4168 12030
4169 12029
4170 12028
4171 12027
4172 12026
4173 12025
4174 12024
4175 12023
4176 12022
4177 12021
4178 12020
4179 12019
4180 12018
4181 12017
4182 12016
4183 12015
4184 12014
4185 12013
4186 12012
4187 12011
4188 11795
4189 11794
4190 11793
4191 11792
4192 11791
4193 11790
4194 11789
4195 11788
4196 11787
4197 11786
4198 11785
4199 11784
4200 11783
4201 11782
4202 11781
4203 11780
4204 10739
4205 10738
4206 10737
4207 10736
4208 10735
4209 10734
4210 10733
4211 10732
4212 10505
4213 10504
4214 10503
4215 10502
4216 10501
4217 10500
4218 10499
4219 10498
4220 10497
4221 10496
4222 10495
4223 10494
4224 10493
4225 10492
4226 10491
4227 10490
4228 10489
4229 10410
4230 10409
4231 10408
4232 10407
4233 10406
4234 10405
4235 10404
4236 10403
4237 11064
4238 11063
4239 11062
4240 11061
4241 11060
4242 11059
4243 11058
4244 11057
4245 10330
4246 10329
4247 10328
4248 10327
4249 10326
4250 10325
4251 10324
4252 10323
4253 10322
4254 10321
4255 10320
4256 10319
4257 10318
4258 10317
4259 10316
4260 10315
4261 10314
4262 10313
4263 10312
4264 10311
4265 10310
4266 10309
4267 10308
4268 10307
4269 10306
4270 10305
4271 10178
4272 10177
4273 10176
4274 10175
4275 10174
4276 10173
4277 10172
4278 10171
4279 10170
4280 10169
4281 10168
4282 10167
4283 10166
4284 10165
4285 10164
4286 10163
4287 8889
4288 8888
4289 8887
4290 8886
4291 8885
4292 8884
4293 8883
4294 8882
4295 8881
4296 8880
4297 8879
4298 8878
4299 8877
4300 8876
4301 8926
4302 8925
4303 8924
4304 8923
4305 8922
4306 8921
4307 8920
4308 8919
4309 8918
4310 8917
4311 8916
4312 8490
4313 8489
4314 8488
4315 8487
4316 8486
4317 8485
4318 8484
4319 8483
4320 9763
4321 9762
4322 9761
4323 9760
4324 9759
4325 9758
4326 9757
4327 9756
4328 8142
4329 8141
4330 8140
4331 8139
4332 8138
4333 8137
4334 8136
4335 8135
4336 8134
4337 8133
4338 8132
4339 8131
4340 8130
4341 8129
4342 8128
4343 8127
4344 8126
4345 8125
4346 8124
4347 8123
4348 8122
4349 8121
4350 8120
4351 8119
4352 8118
4353 8117
4354 8359
4355 8358
4356 8357
4357 8356
4358 8355
4359 8354
4360 8353
4361 8352
4362 8351
4363 8350
4364 8349
4365 8348
4366 8347
4367 8346
4368 8345
4369 8344
4370 7932
4371 7931
4372 7930
4373 7929
4374 7928
4375 7927
4376 7926
4377 7925
4378 7924
4379 7923
4380 7922
4381 7921
4382 7920
4383 7919
4384 7918
4385 7917
4386 7916
4387 7915
4388 7914
4389 7913
4390 7912
4391 7911
4392 7910
4393 7909
4394 7908
4395 7907
4396 7261
4397 7260
4398 7259
4399 7258
4400 7257
4401 7256
4402 7255
4403 7254
4404 6677
4405 6676
4406 6675
4407 6674
4408 6673
4409 6672
4410 6671
4411 6670
4412 6669
4413 6668
4414 6667
4415 6666
4416 6665
4417 6664
4418 6663
4419 6662
4420 6661
4421 6660
4422 6659
4423 6658
4424 6657
4425 6656
4428 7440
4429 7439
4430 7438
4431 7437
4432 7436
4433 7435
4434 7434
4435 7433
4436 7432
4437 7431
4438 7430
4439 7429
4440 7428
4441 7427
4442 7426
4443 7425
4444 7687
4445 7686
4446 7685
4447 7684
4448 7683
4449 7682
4450 7681
4451 7680
4452 7679
4453 7678
4454 7677
4455 7676
4456 7675
4457 7725
4458 7724
4459 7723
4460 7722
4461 7721
4462 7720
4463 7719
4464 7718
4465 7717
4466 7716
4467 7715
4468 7714
4469 8755
4470 8754
4471 8753
4472 8752
4473 8751
4474 8750
4475 8749
4476 8367
4477 8366
4478 8365
4479 8364
4480 8363
4481 8362
4482 8361
4483 8360
4484 8116
4485 8115
4486 8114
4487 8113
4488 8112
4489 8111
4490 8110
4491 8109
4492 8108
4493 8107
4494 8106
4495 8105
4496 8104
4497 8155
4498 8154
4499 8153
4500 8152
4501 8151
4502 8150
4503 8149
4504 8148
4505 8147
4506 8146
4507 8145
4508 8144
4509 8143
4510 9755
4511 9754
4512 9753
4513 9752
4514 9751
4515 9750
4516 9749
4517 9748
4518 9747
4519 9746
4520 9745
4521 9744
4522 9743
4523 9742
4524 9741
4525 9740
4526 8167
4527 8166
4528 8165
4529 8164
4530 8163
4531 8162
4532 8161
4533 8160
4534 8159
4535 8158
4536 8157
4537 8156
4538 8206
4539 8205
4540 8204
4541 8203
4542 8202
4543 8201
4544 8200
4545 8199
4546 8198
4547 8197
4548 8196
4549 8195
4550 8194
4551 8193
4552 9946
4553 9945
4554 9944
4555 9943
4556 9942
4557 9941
4558 9940
4559 10186
4560 10185
4561 10184
4562 10183
4563 10182
4564 10181
4565 10180
4566 10179
4567 10304
4568 10303
4569 10302
4570 10301
4571 10300
4572 10299
4573 10298
4574 10297
4575 10296
4576 10295
4577 10294
4578 10243
4579 10242
4580 10241
4581 10240
4582 10239
4583 10238
4584 10338
4585 10337
4586 10336
4587 10335
4588 10334
4589 10333
4590 10332
4591 10331
4592 11056
4593 11055
4594 11054
4595 11053
4596 11052
4597 11051
4598 11050
4599 11049
4600 11048
4601 11047
4602 11046
4603 11045
4604 11044
4605 11043
4606 11042
4607 11041
4608 10983
4609 10982
4610 10981
4611 10980
4612 10979
4613 10978
4614 10977
4615 10976
4616 10975
4617 10974
4618 10973
4619 10972
4620 10971
4621 10970
4622 10969
4623 10968
4624 10967
4625 10966
4626 10965
4627 10964
4628 10963
4629 10962
4630 10961
4631 10960
4632 10959
4633 10958
4634 11427
4635 11426
4636 11425
4637 11424
4638 11423
4639 11422
4640 11421
4641 11803
4642 11802
4643 11801
4644 11800
4645 11799
4646 11798
4647 11797
4648 11796
4649 12010
4650 12009
4651 12008
4652 12007
4653 12006
4654 12005
4655 12004
4656 12003
4657 12002
4658 11278
4659 11277
4660 11276
4661 11275
4662 11274
4663 11273
4664 11272
4665 11271
4666 12044
4667 12043
4668 12042
4669 12041
4670 12040
4671 12039
4672 12038
4673 12037
4674 12697
4675 12696
4676 12695
4677 12694
4678 12693
4679 12692
4680 12691
4681 12690
4682 12689
4683 12688
4684 12687
4685 12686
4686 12685
4687 12684
4688 12683
4689 12682
4690 12187
4691 12186
4692 12185
4693 12184
4694 12183
4695 12182
4696 12181
4697 12180
4698 12989
4699 12988
4700 12987
4701 12986
4702 12985
4703 12984
4704 12983
4705 12982
4706 12981
4707 12980
4708 12979
4709 12978
4710 12977
4711 12976
4712 12975
4713 12974
4714 12973
4715 12972
4716 12317
4717 12316
4718 12315
4719 12314
4720 12313
4721 12312
4722 12311
4723 12436
4724 12435
4725 12434
4726 12433
4727 12432
4728 12431
4729 12430
4730 12429
4731 12476
4732 12475
4733 12474
4734 12473
4735 12472
4738 12343
4739 12342
4740 12341
4741 12340
4742 12339
4743 12338
4744 12337
4745 12336
4746 12335
4747 12334
4748 12333
4749 12332
4750 12331
4751 12330
4752 12329
4753 12328
4754 12327
4755 12326
4756 12325
4757 12324
4758 12323
4759 12322
4760 12321
4761 12320
4762 12319
4763 12318
4764 12971
4765 12970
4766 12969
4767 12968
4768 12967
4769 12966
4770 12965
4771 12964
4772 12204
4773 12203
4774 12202
4775 12201
4776 12200
4777 12199
4778 12198
4779 12197
4780 12196
4781 12195
4782 12194
4783 12193
4784 12192
4785 12191
4786 12190
4787 12189
4788 12188
4789 12681
4790 12680
4791 12679
4792 12678
4793 12677
4794 12676
4795 12675
4796 12674
4797 11477
4798 11476
4799 11475
4800 11474
4801 11473
4802 11472
4803 11471
4804 11470
4805 11469
4806 11468
4807 11467
4808 11466
4809 11465
4810 11464
4811 11463
4812 11462
4813 11461
4814 11460
4815 11459
4816 11458
4817 11457
4818 11456
4819 11455
4820 11454
4821 11453
4822 11452
4823 11451
4824 11450
4825 11449
4826 11448
4827 11447
4828 11446
4829 11445
4830 11444
4831 11443
4832 11442
4833 11441
4834 11440
4835 11439
4836 11438
4837 11437
4838 11436
4839 11435
4840 11434
4841 11433
4842 11432
4843 11431
4844 11430
4845 11429
4846 11428
4847 10957
4848 10956
4849 10955
4850 10954
4851 10953
4852 10952
4853 10951
4854 10950
4855 11000
4856 10999
4857 10998
4858 10997
4859 10996
4860 10995
4861 10994
4862 10993
4863 10992
4864 10991
4865 10990
4866 10989
4867 10988
4868 10987
4869 10986
4870 10985
4871 10984
4872 11040
4873 11039
4874 11038
4875 11037
4876 11036
4877 11035
4878 11034
4879 11033
4880 9996
4881 9995
4882 9994
4883 9993
4884 9992
4885 9991
4886 9990
4887 9989
4888 9988
4889 9987
4890 9986
4891 9985
4892 9984
4893 9983
4894 9982
4895 9981
4896 9980
4897 9979
4898 9978
4899 9977
4900 9976
4901 9975
4902 9974
4903 9973
4904 9972
4905 9971
4906 9970
4907 9969
4908 9968
4909 9967
4910 9966
4911 9965
4912 9964
4913 9963
4914 9962
4915 9961
4916 9960
4917 9959
4918 9958
4919 9957
4920 9956
4921 9955
4922 9954
4923 9953
4924 9952
4925 9951
4926 9950
4927 9949
4928 9948
4929 9947
4930 8192
4931 8191
4932 8190
4933 8189
4934 8188
4935 8187
4936 8186
4937 8185
4938 8184
4939 8183
4940 8182
4941 8181
4942 8180
4943 8179
4944 8178
4945 8177
4946 8176
4947 8175
4948 8174
4949 8173
4950 8172
4951 8171
4952 8170
4953 8169
4954 8168
4955 9739
4956 9738
4957 9737
4958 9736
4959 9735
4960 9734
4961 9733
4962 9732
4963 8805
4964 8804
4965 8803
4966 8802
4967 8801
4968 8800
4969 8799
4970 8798
4971 8797
4972 8796
4973 8795
4974 8794
4975 8793
4976 8792
4977 8791
4978 8790
4979 8789
4980 8788
4981 8787
4982 8786
4983 8785
4984 8784
4985 8783
4986 8782
4987 8781
4988 8780
4989 8779
4990 8778
4991 8777
4992 8776
4993 8775
4994 8774
4995 8773
4996 8772
4997 8771
4998 8770
4999 8769
5000 8768
5001 8767
5002 8766
5003 8765
5004 8764
5005 8763
5006 8762
5007 8761
5008 8760
5009 8759
5010 8758
5011 8757
5012 8756
5013 7713
5014 7712
5015 7711
5016 7710
5017 7709
5018 7708
5019 7707
5020 7706
5021 7705
5022 7704
5023 7703
5024 7702
5025 7701
5026 7700
5027 7699
5028 7698
5029 7697
5030 7696
5031 7695
5032 7694
5033 7693
5034 7692
5035 7691
5036 7690
5037 7689
5038 7688
5039 7424
5040 7423
5041 7422
5042 7421
5043 7420
5044 7419
5045 7418
5046 7417
5047 7565
5048 7564
5049 7563
5050 7562
5051 7561
5052 7560
5053 7559
5054 7558
5057 7461
5058 7460
5059 7459
5060 7458
5061 7457
5062 7456
5063 7455
5064 7454
5065 7453
5066 7369
5067 7368
5068 7367
5069 7366
5070 7365
5071 7364
5072 7363
5073 7362
5074 7573
5075 7572
5076 7571
5077 7570
5078 7569
5079 7568
5080 7567
5081 7566
5082 7416
5083 7415
5084 7414
5085 7413
5086 7412
5087 7411
5088 7410
5089 7409
5090 7408
5091 7407
5092 7406
5093 7405
5094 7404
5095 7403
5096 7402
5097 7181
5098 7180
5099 7179
5100 7178
5101 7177
5102 7176
5103 7175
5104 7174
5105 7173
5106 7172
5107 7171
5108 7170
5109 7169
5110 7168
5111 7167
5112 7166
5113 7165
5114 7164
5115 7163
5116 7162
5117 7161
5118 7160
5119 7159
5120 7158
5121 7157
5122 7156
5123 7155
5124 7154
5125 7153
5126 7152
5127 7151
5128 8383
5129 8382
5130 8381
5131 8380
5132 8379
5133 8378
5134 8377
5135 8376
5136 7111
5137 7110
5138 7109
5139 7108
5140 7107
5141 7106
5142 7105
5143 7104
5144 7103
5145 7102
5146 7101
5147 7100
5148 7099
5149 7098
5150 7097
5151 7096
5152 7095
5153 7094
5154 7093
5155 7092
5156 7091
5157 7090
5158 7089
5159 7088
5160 8434
5161 8433
5162 8432
5163 8431
5164 8430
5165 8429
5166 8428
5167 8427
5168 8813
5169 8812
5170 8811
5171 8810
5172 8809
5173 8808
5174 8807
5175 8806
5176 9731
5177 9730
5178 9729
5179 9728
5180 9727
5181 9726
5182 9725
5183 9724
5184 9723
5185 9722
5186 9721
5187 9720
5188 9719
5189 9718
5190 9717
5191 9716
5192 9451
5193 9450
5194 9449
5195 9448
5196 9447
5197 9446
5198 9445
5199 9444
5200 9443
5201 9442
5202 9441
5203 9440
5204 9439
5205 9438
5206 9437
5207 9436
5208 9435
5209 9434
5210 9433
5211 9432
5212 9431
5213 9430
5214 9429
5215 9428
5216 9427
5217 9426
5218 9425
5219 9424
5220 9423
5221 9422
5222 9421
5223 10202
5224 10201
5225 10200
5226 10199
5227 10198
5228 10197
5229 10196
5230 10195
5231 10257
5232 10256
5233 10255
5234 10254
5235 10253
5236 10252
5237 10251
5238 10250
5239 10249
5240 10248
5241 10247
5242 10246
5243 10245
5244 10244
5245 10293
5246 10292
5247 10291
5248 10290
5249 10289
5250 10288
5251 10287
5252 10286
5253 10285
5254 10354
5255 10353
5256 10352
5257 10351
5258 10350
5259 10349
5260 10348
5261 10347
5262 10004
5263 10003
5264 10002
5265 10001
5266 10000
5267 9999
5268 9998
5269 9997
5270 11032
5271 11031
5272 11030
5273 11029
5274 11028
5275 11027
5276 11026
5277 11025
5278 11024
5279 11023
5280 11022
5281 11021
5282 11020
5283 11019
5284 11018
5285 11017
5286 11016
5287 11015
5288 11014
5289 11013
5290 11012
5291 11011
5292 11010
5293 11009
5294 11008
5295 11007
5296 11006
5297 11005
5298 11004
5299 11003
5300 11002
5301 11001
5302 10949
5303 10948
5304 10947
5305 10946
5306 10945
5307 10944
5308 10943
5309 10942
5310 10941
5311 10940
5312 10939
5313 10938
5314 10937
5315 10936
5316 10935
5317 11819
5318 11818
5319 11817
5320 11816
5321 11815
5322 11814
5323 11813
5324 11812
5325 11246
5326 11245
5327 11244
5328 11243
5329 11242
5330 11241
5331 11240
5332 11239
5333 11238
5334 11237
5335 11236
5336 11235
5337 12001
5338 12000
5339 11999
5340 11998
5341 11997
5342 11996
5343 11995
5344 11994
5345 11993
5346 11992
5347 11991
5348 12060
5349 12059
5350 12058
5351 12057
5352 12056
5353 12055
5354 12054
5355 12053
5356 11485
5357 11484
5358 11483
5359 11482
5360 11481
5361 11480
5362 11479
5363 11478
5364 12673
5365 12672
5366 12671
5367 12670
5368 12669
5369 12668
5370 12667
5371 12666
5372 12665
5373 12664
5374 12663
5375 12662
5376 12661
5377 12660
5378 12659
5379 12658
5380 12657
5381 12656
5382 12655
5383 12217
5384 12216
5385 12215
5386 12214
5387 12213
5388 12212
5389 12211
5390 12210
5391 12209
5392 12208
5393 12207
5394 12206
5395 12205
5396 12963
5397 12962
5398 12961
5399 12960
5400 12959
5401 12958
5402 12957
5403 12956
5404 12955
5405 12954
5406 12953
5407 12952
5408 12951
5409 12950
5410 12949
5411 12452
5412 12451
5413 12450
5414 12449
5415 12448
5416 12447
5417 12446
5418 12445
5419 12356
5420 12355
5421 12354
5422 12353
5423 12352
5424 12351
5425 12350
5426 12349
5427 12348
5428 12347
5429 12346
5430 12345
5431 12344
5434 12444
5435 12443
5436 12442
5437 12441
5438 12440
5439 12439
5440 12438
5441 12437
5442 12310
5443 12309
5444 12308
5445 12307
5446 12306
5447 12305
5448 12304
5449 12303
5450 13099
5451 13098
5452 13097
5453 13096
5454 13095
5455 13094
5456 13093
5457 13092
5458 12821
5459 12820
5460 12819
5461 12818
5462 12817
5463 12816
5464 12815
5465 12814
5466 12813
5467 12812
5468 12811
5469 12810
5470 12809
5471 12808
5472 12807
5473 12806
5474 12805
5475 12804
5476 12803
5477 12802
5478 12801
5479 12800
5480 12799
5481 12100
5482 12099
5483 12098
5484 12097
5485 12096
5486 12095
5487 12094
5488 12093
5489 11493
5490 11492
5491 11491
5492 11490
5493 11489
5494 11488
5495 11487
5496 11486
5497 12052
5498 12051
5499 12050
5500 12049
5501 12048
5502 12047
5503 12046
5504 12045
5505 11270
5506 11269
5507 11268
5508 11267
5509 11266
5510 11265
5511 11264
5512 11263
5513 11262
5514 11261
5515 11260
5516 11259
5517 11258
5518 11257
5519 11256
5520 11255
5521 11254
5522 11253
5523 11252
5524 11251
5525 11250
5526 11249
5527 11248
5528 11247
5529 11811
5530 11810
5531 11809
5532 11808
5533 11807
5534 11806
5535 11805
5536 11804
5537 11420
5538 11419
5539 11418
5540 11417
5541 11416
5542 11415
5543 11414
5544 11413
5545 10723
5546 10722
5547 10721
5548 10720
5549 10719
5550 10718
5551 10717
5552 10716
5553 10640
5554 10639
5555 10638
5556 10637
5557 10636
5558 10635
5559 10634
5560 10633
5561 10632
5562 10631
5563 10630
5564 10629
5565 10628
5566 10627
5567 10626
5568 10625
5569 10624
5570 10623
5571 10622
5572 10621
5573 10620
5574 10619
5575 10618
5576 10394
5577 10393
5578 10392
5579 10391
5580 10390
5581 10389
5582 10388
5583 10387
5584 10012
5585 10011
5586 10010
5587 10009
5588 10008
5589 10007
5590 10006
5591 10005
5592 10346
5593 10345
5594 10344
5595 10343
5596 10342
5597 10341
5598 10340
5599 10339
5600 10237
5601 10236
5602 10235
5603 10234
5604 10233
5605 10232
5606 10231
5607 10230
5608 10229
5609 10228
5610 10271
5611 10270
5612 10269
5613 10268
5614 10267
5615 10266
5616 10265
5617 10264
5618 10263
5619 10262
5620 10261
5621 10260
5622 10259
5623 10258
5624 10194
5625 10193
5626 10192
5627 10191
5628 10190
5629 10189
5630 10188
5631 10187
5632 9939
5633 9938
5634 9937
5635 9936
5636 9935
5637 9934
5638 9933
5639 9932
5640 9497
5641 9496
5642 9495
5643 9494
5644 9493
5645 9492
5646 9491
5647 9490
5648 9678
5649 9677
5650 9676
5651 9675
5652 9674
5653 9673
5654 9672
5655 9671
5656 9670
5657 9669
5658 9668
5659 9667
5660 9666
5661 9665
5662 9664
5663 9663
5664 9662
5665 9661
5666 9660
5667 9659
5668 9658
5669 9657
5670 9656
5671 8474
5672 8473
5673 8472
5674 8471
5675 8470
5676 8469
5677 8468
5678 8467
5679 8821
5680 8820
5681 8819
5682 8818
5683 8817
5684 8816
5685 8815
5686 8814
5687 8426
5688 8425
5689 8424
5690 8423
5691 8422
5692 8421
5693 8420
5694 8419
5695 8418
5696 8417
5697 8416
5698 8415
5699 8414
5700 8413
5701 8412
5702 8411
5703 7076
5704 7075
5705 7074
5706 7073
5707 7072
5708 7071
5709 7070
5710 7069
5711 7119
5712 7118
5713 7117
5714 7116
5715 7115
5716 7114
5717 7113
5718 7112
5719 8375
5720 8374
5721 8373
5722 8372
5723 8371
5724 8370
5725 8369
5726 8368
5727 8748
5728 8747
5729 8746
5730 8745
5731 8744
5732 8743
5733 8742
5734 8741
5735 7878
5736 7877
5737 7876
5738 7875
5739 7874
5740 7873
5741 7872
5742 7871
5743 7200
5744 7199
5745 7198
5746 7197
5747 7196
5748 7195
5749 7194
5750 7844
5751 7843
5752 7842
5753 7841
5754 7840
5755 7839
5756 7838
5757 7837
5758 7836
5759 7835
5760 7834
5761 7833
5762 7832
5763 7831
5764 7830
5765 7829
5766 7828
5767 7245
5768 7244
5769 7243
5770 7242
5771 7241
5772 7240
5773 7239
5774 7238
5775 7581
5776 7580
5777 7579
5778 7578
5779 7577
5780 7576
5781 7575
5782 7574
5783 7361
5784 7360
5785 7359
5786 7358
5787 7357
5788 7356
5789 7355
5790 7354
5791 7353
5792 7352
5793 7351
5794 7350
5795 7349
5796 7348
5797 7347
5798 7346
5799 7345
5802 7344
5803 7343
5804 7342
5805 7341
5806 7340
5807 7339
5808 7338
5809 7337
5810 7336
5811 7335
5812 7334
5813 7333
5814 7332
5815 7331
5816 7330
5817 7329
5818 7328
5819 7327
5820 7326
5821 7325
5822 7589
5823 7588
5824 7587
5825 7586
5826 7585
5827 7584
5828 7583
5829 7582
5830 7237
5831 7236
5832 7235
5833 7234
5834 7233
5835 7232
5836 7231
5837 7230
5838 7229
5839 7228
5840 7227
5841 7226
5842 7225
5843 7224
5844 7223
5845 7222
5846 7221
5847 7220
5848 7219
5849 7218
5850 7217
5851 7216
5852 7215
5853 7214
5854 7213
5855 7212
5856 7211
5857 7210
5858 7209
5859 7208
5860 7207
5861 7206
5862 7205
5863 7204
5864 7203
5865 7202
5866 7201
5867 7870
5868 7869
5869 7868
5870 7867
5871 7866
5872 7865
5873 7864
5874 7863
5875 7142
5876 7141
5877 7140
5878 7139
5879 7138
5880 7137
5881 7136
5882 7135
5883 7134
5884 7133
5885 7132
5886 7131
5887 7130
5888 7129
5889 7128
5890 7127
5891 7126
5892 7125
5893 7124
5894 7123
5895 7122
5896 7121
5897 7120
5898 7068
5899 7067
5900 7066
5901 7065
5902 7064
5903 7063
5904 7062
5905 7061
5906 7060
5907 7059
5908 7058
5909 7057
5910 7056
5911 7055
5912 7054
5913 7053
5914 7052
5915 7051
5916 7050
5917 7049
5918 7048
5919 7047
5920 7046
5921 7045
5922 7044
5923 7043
5924 7042
5925 7041
5926 7040
5927 7039
5928 8829
5929 8828
5930 8827
5931 8826
5932 8825
5933 8824
5934 8823
5935 8822
5936 8466
5937 8465
5938 8464
5939 8463
5940 8462
5941 8461
5942 8460
5943 8459
5944 9708
5945 9707
5946 9706
5947 9705
5948 9704
5949 9703
5950 9702
5951 9701
5952 9700
5953 9699
5954 9698
5955 9697
5956 9696
5957 9695
5958 9694
5959 9693
5960 9692
5961 9691
5962 9690
5963 9689
5964 9688
5965 9687
5966 9686
5967 9685
5968 9684
5969 9683
5970 9682
5971 9681
5972 9680
5973 9679
5974 9489
5975 9488
5976 9487
5977 9486
5978 9485
5979 9484
5980 9483
5981 9482
5982 9412
5983 9411
5984 9410
5985 9409
5986 9408
5987 9407
5988 9406
5989 9405
5990 9404
5991 9403
5992 9402
5993 9401
5994 9400
5995 9399
5996 9398
5997 9154
5998 9153
5999 9152
6000 9151
6001 9150
6002 9149
6003 9148
6004 9147
6005 9146
6006 9145
6007 9144
6008 9143
6009 9142
6010 9141
6011 9140
6012 9139
6013 9138
6014 9137
6015 9136
6016 9135
6017 9134
6018 9133
6019 9132
6020 9131
6021 9130
6022 9129
6023 9128
6024 9127
6025 9126
6026 9125
6027 9124
6028 9123
6029 9122
6030 9121
6031 9120
6032 9119
6033 9118
6034 10020
6035 10019
6036 10018
6037 10017
6038 10016
6039 10015
6040 10014
6041 10013
6042 10386
6043 10385
6044 10384
6045 10383
6046 10382
6047 10381
6048 10380
6049 10379
6050 10670
6051 10669
6052 10668
6053 10667
6054 10666
6055 10665
6056 10664
6057 10663
6058 10662
6059 10661
6060 10660
6061 10659
6062 10658
6063 10657
6064 10656
6065 10655
6066 10654
6067 10653
6068 10652
6069 10651
6070 10650
6071 10649
6072 10648
6073 10647
6074 10646
6075 10645
6076 10644
6077 10643
6078 10642
6079 10641
6080 10715
6081 10714
6082 10713
6083 10712
6084 10711
6085 10710
6086 10709
6087 10708
6088 10926
6089 10925
6090 10924
6091 10923
6092 10922
6093 10921
6094 10920
6095 10919
6096 10918
6097 10917
6098 10916
6099 10915
6100 10914
6101 10913
6102 10912
6103 11871
6104 11870
6105 11869
6106 11868
6107 11867
6108 11866
6109 11865
6110 11864
6111 11863
6112 11862
6113 11861
6114 11860
6115 11859
6116 11858
6117 11857
6118 11856
6119 11855
6120 11854
6121 11853
6122 11852
6123 11851
6124 11850
6125 11982
6126 11981
6127 11980
6128 11979
6129 11978
6130 11977
6131 11976
6132 11975
6133 11974
6134 11973
6135 11972
6136 11971
6137 11970
6138 11969
6139 11968
6140 11501
6141 11500
6142 11499
6143 11498
6144 11497
6145 11496
6146 11495
6147 11494
6148 12092
6149 12091
6150 12090
6151 12089
6152 12088
6153 12087
6154 12086
6155 12085
6156 13046
6157 13045
6158 13044
6159 13043
6160 13042
6161 13041
6162 13040
6163 13039
6164 13038
6165 13037
6166 13036
6167 13035
6168 13034
6169 13033
6170 13032
6171 13031
6172 13030
6173 13029
6174 13028
6175 13027
6176 13026
6177 13025
6178 12829
6179 12828
6180 12827
6181 12826
6182 12825
6183 12824
6184 12823
6185 12822
6186 13091
6187 13090
6188 13089
6189 13088
6190 13087
6191 13086
6192 13085
6193 13084
6194 12940
6195 12939
6196 12938
6197 12937
6198 12936
6199 12935
6200 12934
6201 12933
6202 12932
6203 12931
6204 12930
6205 12929
6206 12928
6207 12927
6208 12926
6209 12492
6210 12491
6211 12490
6212 12489
6213 12488
6214 12487
6215 12486
6216 12485
6217 12484
6218 12483
6219 12482
6222 12471
6223 12470
6224 12469
6225 12468
6226 12467
6227 12466
6228 12465
6229 12464
6230 12463
6231 12462
6232 12461
6233 12460
6234 12459
6235 12458
6236 12457
6237 12456
6238 12455
6239 12454
6240 12453
6241 12948
6242 12947
6243 12946
6244 12945
6245 12944
6246 12943
6247 12942
6248 12941
6249 13083
6250 13082
6251 13081
6252 13080
6253 13079
6254 13078
6255 13077
6256 13076
6257 13075
6258 13074
6259 13073
6260 13072
6261 13071
6262 13070
6263 13069
6264 13068
6265 13067
6266 13066
6267 13065
6268 13064
6269 13063
6270 13062
6271 13061
6272 13060
6273 13059
6274 13058
6275 13057
6276 13056
6277 13055
6278 13054
6279 13053
6280 13052
6281 13051
6282 13050
6283 13049
6284 13048
6285 13047
6286 12084
6287 12083
6288 12082
6289 12081
6290 12080
6291 12079
6292 12078
6293 12077
6294 12076
6295 12075
6296 12074
6297 12073
6298 12072
6299 12071
6300 12070
6301 12069
6302 12068
6303 12067
6304 12066
6305 12065
6306 12064
6307 12063
6308 12062
6309 12061
6310 11990
6311 11989
6312 11988
6313 11987
6314 11986
6315 11985
6316 11984
6317 11983
6318 11849
6319 11848
6320 11847
6321 11846
6322 11845
6323 11844
6324 11843
6325 11842
6326 11841
6327 11840
6328 11839
6329 11838
6330 11837
6331 11836
6332 11835
6333 11834
6334 11833
6335 11832
6336 11831
6337 11830
6338 11829
6339 11828
6340 11827
6341 11826
6342 11825
6343 11824
6344 11823
6345 11822
6346 11821
6347 11820
6348 10934
6349 10933
6350 10932
6351 10931
6352 10930
6353 10929
6354 10928
6355 10927
6356 10707
6357 10706
6358 10705
6359 10704
6360 10703
6361 10702
6362 10701
6363 10700
6364 10699
6365 10698
6366 10697
6367 10696
6368 10695
6369 10694
6370 10693
6371 10692
6372 10691
6373 10690
6374 10689
6375 10688
6376 10687
6377 10686
6378 10685
6379 10684
6380 10683
6381 10682
6382 10681
6383 10680
6384 10679
6385 10678
6386 10677
6387 10676
6388 10675
6389 10674
6390 10673
6391 10672
6392 10671
6393 10378
6394 10377
6395 10376
6396 10375
6397 10374
6398 10373
6399 10372
6400 10371
6401 10370
6402 10369
6403 10368
6404 10367
6405 10366
6406 10365
6407 10364
6408 10363
6409 10362
6410 10361
6411 10360
6412 10359
6413 10358
6414 10357
6415 10356
6416 10355
6417 10284
6418 10283
6419 10282
6420 10281
6421 10280
6422 10279
6423 10278
6424 10277
6425 10276
6426 10275
6427 10274
6428 10273
6429 10272
6430 10227
6431 10226
6432 10225
6433 10224
6434 10223
6435 10222
6436 10221
6437 10220
6438 10219
6439 10218
6440 10217
6441 10216
6442 10215
6443 10214
6444 10213
6445 10212
6446 10211
6447 10210
6448 10209
6449 10208
6450 10207
6451 10206
6452 10205
6453 10204
6454 10203
6455 9420
6456 9419
6457 9418
6458 9417
6459 9416
6460 9415
6461 9414
6462 9413
6463 9481
6464 9480
6465 9479
6466 9478
6467 9477
6468 9476
6469 9475
6470 9474
6471 9473
6472 9472
6473 9471
6474 9470
6475 9469
6476 9468
6477 9467
6478 9466
6479 9465
6480 9464
6481 9463
6482 9462
6483 9461
6484 9460
6485 9459
6486 9458
6487 9457
6488 9456
6489 9455
6490 9454
6491 9453
6492 9452
6493 9715
6494 9714
6495 9713
6496 9712
6497 9711
6498 9710
6499 9709
6500 8458
6501 8457
6502 8456
6503 8455
6504 8454
6505 8453
6506 8452
6507 8451
6508 8450
6509 8449
6510 8448
6511 8447
6512 8446
6513 8445
6514 8444
6515 8443
6516 8442
6517 8441
6518 8440
6519 8439
6520 8438
6521 8437
6522 8436
6523 8435
6524 7087
6525 7086
6526 7085
6527 7084
6528 7083
6529 7082
6530 7081
6531 7080
6532 7079
6533 7078
6534 7077
6535 8410
6536 8409
6537 8408
6538 8407
6539 8406
6540 8405
6541 8404
6542 8403
6543 8402
6544 8401
6545 8400
6546 8399
6547 8398
6548 8397
6549 8396
6550 8395
6551 8394
6552 8393
6553 8392
6554 8391
6555 8390
6556 8389
6557 8388
6558 8387
6559 8386
6560 8385
6561 8384
6562 7150
6563 7149
6564 7148
6565 7147
6566 7146
6567 7145
6568 7144
6569 7143
6570 7862
6571 7861
6572 7860
6573 7859
6574 7858
6575 7857
6576 7856
6577 7855
6578 7854
6579 7853
6580 7852
6581 7851
6582 7850
6583 7849
6584 7848
6585 7847
6586 7846
6587 7845
6588 7193
6589 7192
6590 7191
6591 7190
6592 7189
6593 7188
6594 7187
6595 7186
6596 7185
6597 7184
6598 7183
6599 7182
6600 7401
6601 7400
6602 7399
6603 7398
6604 7397
6605 7396
6606 7395
6607 7394
6608 7393
6609 7392
6610 7391
6611 7390
6612 7389
6613 7388
6614 7387
6615 7386
6616 7385
6617 7384
6618 7383
6619 7382
6620 7381
6621 7380
6622 7379
6623 7378
6624 7377
6625 7376
6626 7375
6627 7374
6628 7373
6629 7372
6630 7371
6631 7370
6632 7452
6633 7451
6634 7450
6635 7449
6636 7448
6637 7447
6638 7446
6639 7445
6640 7444
6641 7443
6642 7442
6643 7441
1254 12503
1669 6655
3145 7514
3460 12231
5800 7345
