0 7143
1 7142
2 7141
3 7140
4 7139
5 7138
6 7137
7 7136
8 7135
9 7134
10 7133
11 7132
12 7131
13 7130
14 7129
15 7128
16 7127
17 7126
18 7125
19 7124
20 7123
21 7122
22 7121
23 7120
24 7119
25 7118
26 7117
27 7116
28 7115
29 7831
30 7830
31 7829
32 7828
33 7827
34 7826
35 7825
36 7824
37 7588
38 7587
39 7586
40 7585
41 7584
42 7583
43 7582
44 7581
45 7580
46 7579
47 7578
48 7577
49 7576
50 7575
51 7574
52 7573
53 7572
54 7571
55 7570
56 7569
57 7568
58 7567
59 7566
60 7565
61 7564
62 7563
63 7562
64 7561
65 7560
66 7559
67 7558
68 7883
69 7882
70 7881
71 7880
72 7879
73 7878
74 7877
75 7876
76 8303
77 8302
78 8301
79 8300
80 8299
81 8298
82 8297
83 8296
84 8295
85 8294
86 8293
87 8292
88 8291
89 8290
90 8289
91 8288
92 8287
93 8286
94 8285
95 8284
96 8283
97 8282
98 8281
99 9098
100 9097
101 9096
102 9095
103 9094
104 9093
105 9092
106 9091
107 9090
108 9089
109 9088
110 9087
111 9086
112 9085
113 9084
114 9083
115 9082
116 9081
117 9080
118 9079
119 9078
120 9077
121 9076
122 9075
123 9074
124 9073
125 9072
126 9071
127 9070
128 9069
129 9068
130 9067
131 9066
132 9065
133 9064
134 9063
135 9062
136 9061
137 9060
138 9059
139 9400
140 9399
141 9398
142 9397
143 9396
144 9395
145 9394
146 9393
147 9535
148 9534
149 9533
150 9532
151 9531
152 9530
153 9529
154 9528
155 9527
156 9526
157 9525
158 9524
159 9523
160 9522
161 9521
162 9520
163 9519
164 9518
165 9517
166 9444
167 9443
168 9442
169 9441
170 9440
171 9439
172 9438
173 9437
174 9436
175 9435
176 9434
177 9433
178 9432
179 9593
180 9592
181 9591
182 9590
183 9589
184 9588
185 9587
186 9586
187 10586
188 10585
189 10584
190 10583
191 10582
192 10581
193 10580
194 10579
195 10578
196 10577
197 10576
198 10575
199 10574
200 10573
201 10572
202 10571
203 10570
204 10569
205 10568
206 10567
207 10566
208 10565
209 10564
210 10563
211 10562
212 10561
213 10560
214 10559
215 10558
216 10557
217 10556
218 10555
219 10554
220 11069
221 11068
222 11067
223 11066
224 11065
225 11064
226 11063
227 11062
228 11061
229 11060
230 11059
231 11058
232 11057
233 11056
234 11055
235 11054
236 11053
237 11052
238 11051
239 11050
240 11049
241 11048
242 11047
243 11046
244 11045
245 11044
246 11043
247 11042
248 11041
249 11264
250 11263
251 11262
252 11261
253 11260
254 11259
255 11258
256 11257
257 11086
258 11085
259 11084
260 11083
261 11082
262 11081
263 11080
264 11079
265 11078
266 11077
267 11076
268 11075
269 11074
270 11073
271 11072
272 11071
273 11070
274 11310
275 11309
276 11308
277 11307
278 11306
279 11305
280 11304
281 11303
282 11302
283 11301
284 11300
285 11299
286 11298
287 11297
288 11296
289 9979
290 9978
291 9977
292 9976
293 9975
294 9974
295 9973
296 9972
297 11976
298 11975
299 11974
300 11973
301 11972
302 11971
303 11970
304 11969
305 11968
306 11967
307 11966
308 11965
309 11964
310 11963
311 11962
312 11961
313 11960
314 11959
315 11958
316 11957
317 11956
318 11955
319 11954
320 11953
321 11952
322 11951
323 11950
324 11949
325 11948
326 11947
327 11946
328 11945
329 11944
330 11943
331 11942
332 11941
333 11940
334 11939
335 11938
336 12255
337 12254
338 12253
339 12252
340 12251
341 12250
342 12249
343 12248
344 12247
345 12246
346 12245
347 12244
348 12243
349 12242
350 12241
351 12240
352 12239
353 12238
354 12237
355 12236
356 12235
357 12234
358 12233
359 12874
360 12873
361 12872
362 12871
363 12870
364 12869
365 12868
366 12867
367 13144
368 13143
369 13142
370 13141
371 13140
372 13139
373 13138
374 13137
375 13136
376 13135
377 13134
378 13133
379 13132
380 13131
381 13130
382 13188
383 13187
384 13186
385 13185
386 13184
387 13183
388 13182
389 13181
390 13180
391 13179
392 13178
393 13177
394 13176
395 13175
396 13174
397 13173
398 13172
399 13373
400 13372
401 13371
402 13370
403 13369
404 13368
405 13367
406 13366
407 12548
408 12547
409 12546
410 12545
411 12544
412 12543
413 12542
414 12541
415 12540
416 12539
417 12538
418 12537
419 12536
420 12535
421 12534
422 12533
423 12532
424 12531
425 12530
426 12529
427 12528
428 12527
429 12526
430 12525
431 12524
432 12523
435 12932
436 12931
437 12930
438 12929
439 12928
440 12927
441 12926
442 12925
443 12924
444 12923
445 12922
446 12375
447 12374
448 12373
449 12372
450 12371
451 12370
452 12369
453 12368
454 12556
455 12555
456 12554
457 12553
458 12552
459 12551
460 12550
461 12549
462 13365
463 13364
464 13363
465 13362
466 13361
467 13360
468 13359
469 13358
470 13357
471 13356
472 13355
473 13354
474 13353
475 13352
476 13351
477 13350
478 12901
479 12900
480 12899
481 12898
482 12897
483 12896
484 12895
485 12894
486 12893
487 13158
488 13157
489 13156
490 13155
491 13154
492 13153
493 13152
494 13151
495 13150
496 13149
497 13148
498 13147
499 13146
500 13145
501 12866
502 12865
503 12864
504 12863
505 12862
506 12861
507 12860
508 12859
509 12858
510 12857
511 12856
512 12855
513 12854
514 12853
515 12852
516 12851
517 11326
518 11325
519 11324
520 11323
521 11322
522 11321
523 11320
524 11319
525 11622
526 11621
527 11620
528 11619
529 11618
530 11617
531 11616
532 11615
533 11937
534 11936
535 11935
536 11934
537 11933
538 11932
539 11931
540 11930
541 11392
542 11391
543 11390
544 11389
545 11388
546 11387
547 11386
548 11385
549 11384
550 11383
551 11382
552 11381
553 11380
554 11379
555 11378
556 11377
557 11716
558 11715
559 11714
560 11713
561 11712
562 11711
563 11710
564 11709
565 11984
566 11983
567 11982
568 11981
569 11980
570 11979
571 11978
572 11977
573 9971
574 9970
575 9969
576 9968
577 9967
578 9966
579 9965
580 9964
581 9963
582 9962
583 9961
584 9960
585 9959
586 9958
587 9957
588 9956
589 11109
590 11108
591 11107
592 11106
593 11105
594 11104
595 11103
596 11102
597 11101
598 11100
599 11099
600 11098
601 11097
602 11096
603 11095
604 11094
605 11093
606 11092
607 11091
608 11090
609 11089
610 11088
611 11087
612 11256
613 11255
614 11254
615 11253
616 11252
617 11251
618 11250
619 11249
620 11248
621 11247
622 11246
623 11245
624 11244
625 11243
626 11242
627 11241
628 10470
629 10469
630 10468
631 10467
632 10466
633 10465
634 10464
635 10463
636 10453
637 10452
638 10451
639 10450
640 10449
641 10448
642 10447
643 10446
644 10445
645 10444
646 10443
647 10442
648 10441
649 10440
650 10527
651 10526
652 10525
653 10524
654 10523
655 10522
656 10521
657 10520
658 10519
659 10518
660 10517
661 10516
662 10515
663 10514
664 10513
665 10512
666 10511
667 10510
668 10867
669 10866
670 10865
671 10864
672 10863
673 10862
674 10861
675 10860
676 10594
677 10593
678 10592
679 10591
680 10590
681 10589
682 10588
683 10587
684 9585
685 9584
686 9583
687 9582
688 9581
689 9580
690 9579
691 9578
692 9577
693 9576
694 9575
695 9574
696 9573
697 9572
698 9571
699 9570
700 9569
701 9568
702 9567
703 9566
704 9565
705 9462
706 9461
707 9460
708 9459
709 9458
710 9457
711 9456
712 9455
713 9454
714 9453
715 9452
716 9542
717 9541
718 9540
719 9539
720 9538
721 9537
722 9536
723 9392
724 9391
725 9390
726 9389
727 9388
728 9387
729 9386
730 9385
731 9384
732 9383
733 9382
734 9381
735 9380
736 9379
737 9378
738 9377
739 8192
740 8191
741 8190
742 8189
743 8188
744 8187
745 8186
746 8185
747 8248
748 8247
749 8246
750 8245
751 8244
752 8243
753 8242
754 8241
755 8240
756 8239
757 8238
758 8237
759 8589
760 8588
761 8587
762 8586
763 8585
764 8584
765 8583
766 8582
767 8581
768 8580
769 8579
770 8578
771 8577
772 8576
773 8575
774 8574
775 8573
776 8572
777 8571
778 8570
779 7991
780 7990
781 7989
782 7988
783 7987
784 7986
785 7985
786 7984
787 8311
788 8310
789 8309
790 8308
791 8307
792 8306
793 8305
794 8304
795 7875
796 7874
797 7873
798 7872
799 7871
800 7870
801 7869
802 7868
803 7867
804 7866
805 7865
806 7864
807 7863
808 7862
809 7861
810 7860
811 7859
812 7858
813 7857
814 7550
815 7549
816 7548
817 7547
818 7546
819 7545
820 7544
821 7543
822 7542
823 7541
824 7540
825 7539
826 7538
827 7596
828 7595
829 7594
830 7593
831 7592
832 7591
833 7590
834 7589
835 7823
836 7822
837 7821
838 7820
839 7819
840 7818
841 7817
842 7816
843 7815
844 7814
845 7813
846 7812
847 7811
848 7810
849 7809
850 7808
851 6936
852 6935
853 6934
854 6933
855 6932
856 6931
857 6930
858 6929
859 7081
860 7080
861 7079
862 7078
863 7077
864 7076
865 7075
866 7074
867 7073
868 7072
869 7071
870 7070
871 7069
874 6947
875 6946
876 6945
877 6944
878 6943
879 6942
880 6941
881 6940
882 6939
883 6938
884 6937
885 7807
886 7806
887 7805
888 7804
889 7803
890 7802
891 7801
892 7800
893 7028
894 7027
895 7026
896 7025
897 7024
898 7023
899 7022
900 7021
901 7658
902 7657
903 7656
904 7655
905 7654
906 7653
907 7652
908 7651
909 7650
910 7649
911 7648
912 7647
913 7646
914 7645
915 7644
916 7643
917 7642
918 7641
919 7640
920 7639
921 7638
922 7637
923 7636
924 7635
925 7634
926 7633
927 7632
928 7631
929 7630
930 7629
931 7628
932 7505
933 7504
934 7503
935 7502
936 7501
937 7500
938 7499
939 7498
940 8006
941 8005
942 8004
943 8003
944 8002
945 8001
946 8000
947 7999
948 7998
949 7997
950 7996
951 7995
952 7994
953 7993
954 7992
955 8569
956 8568
957 8567
958 8566
959 8565
960 8564
961 8563
962 8562
963 8505
964 8504
965 8503
966 8502
967 8501
968 8500
969 8499
970 8498
971 8497
972 8496
973 8495
974 8494
975 8212
976 8211
977 8210
978 8209
979 8208
980 8207
981 8206
982 8205
983 8204
984 8203
985 8202
986 8201
987 8200
988 8199
989 8198
990 8197
991 8196
992 8195
993 8194
994 8193
995 9376
996 9375
997 9374
998 9373
999 9372
1000 9371
1001 9370
1002 9369
1003 8132
1004 8131
1005 8130
1006 8129
1007 8128
1008 8127
1009 8126
1010 8125
1011 8987
1012 8986
1013 8985
1014 8984
1015 8983
1016 8982
1017 8981
1018 8980
1019 8979
1020 8978
1021 8977
1022 8976
1023 8975
1024 8974
1025 8973
1026 8972
1027 8971
1028 8970
1029 8969
1030 8968
1031 8967
1032 8966
1033 8965
1034 8964
1035 8963
1036 8962
1037 8961
1038 8960
1039 8959
1040 8958
1041 8957
1042 8956
1043 9491
1044 9490
1045 9489
1046 9488
1047 9487
1048 9486
1049 9485
1050 9484
1051 10882
1052 10881
1053 10880
1054 10879
1055 10878
1056 10877
1057 10876
1058 10875
1059 10874
1060 10873
1061 10872
1062 10871
1063 10870
1064 10869
1065 10868
1066 10509
1067 10508
1068 10507
1069 10506
1070 10505
1071 10504
1072 10503
1073 10502
1074 10501
1075 10500
1076 10499
1077 10498
1078 10497
1079 10496
1080 10495
1081 10494
1082 10493
1083 10492
1084 10491
1085 10490
1086 10489
1087 10488
1088 10487
1089 10486
1090 10485
1091 10484
1092 10483
1093 10482
1094 10481
1095 10480
1096 10479
1097 10478
1098 10477
1099 10476
1100 10475
1101 10474
1102 10473
1103 10472
1104 10471
1105 11240
1106 11239
1107 11238
1108 11237
1109 11236
1110 11235
1111 11234
1112 11233
1113 11008
1114 11007
1115 11006
1116 11005
1117 11004
1118 11003
1119 11002
1120 11001
1121 11133
1122 11132
1123 11131
1124 11130
1125 11129
1126 11128
1127 11127
1128 11126
1129 11125
1130 11124
1131 11123
1132 11122
1133 11121
1134 11120
1135 11119
1136 11118
1137 11117
1138 11116
1139 11115
1140 11114
1141 11113
1142 11112
1143 11111
1144 11110
1145 9955
1146 9954
1147 9953
1148 9952
1149 9951
1150 9950
1151 9949
1152 9948
1153 10352
1154 10351
1155 10350
1156 10349
1157 10348
1158 10347
1159 10346
1160 10345
1161 11731
1162 11730
1163 11729
1164 11728
1165 11727
1166 11726
1167 11725
1168 11724
1169 11723
1170 11722
1171 11721
1172 11720
1173 11719
1174 11718
1175 11717
1176 11376
1177 11375
1178 11374
1179 11373
1180 11372
1181 11371
1182 11370
1183 11369
1184 11368
1185 11367
1186 11366
1187 11365
1188 11364
1189 11363
1190 11362
1191 11361
1192 11858
1193 11857
1194 11856
1195 11855
1196 11854
1197 11853
1198 11852
1199 11851
1200 11341
1201 11340
1202 11339
1203 11338
1204 11337
1205 11336
1206 11335
1207 11334
1208 11333
1209 11332
1210 11331
1211 11330
1212 11329
1213 11328
1214 11327
1215 12850
1216 12849
1217 12848
1218 12847
1219 12846
1220 12845
1221 12844
1222 12843
1223 11558
1224 11557
1225 11556
1226 11555
1227 11554
1228 11553
1229 11552
1230 11551
1231 12982
1232 12981
1233 12980
1234 12979
1235 12978
1236 12977
1237 12976
1238 12975
1239 12974
1240 12973
1241 12972
1242 12971
1243 12970
1244 12969
1245 12968
1246 12910
1247 12909
1248 12908
1249 12907
1250 12906
1251 12905
1252 12904
1253 12903
1254 12902
1255 13349
1256 13348
1257 13347
1258 13346
1259 13345
1260 13344
1261 13343
1262 13342
1263 13088
1264 13087
1265 13086
1266 13085
1267 13084
1268 13083
1269 13082
1270 13081
1271 12390
1272 12389
1273 12388
1274 12387
1275 12386
1276 12385
1277 12384
1278 12383
1279 12382
1280 12381
1281 12380
1282 12379
1283 12378
1284 12377
1285 12376
1286 12921
1287 12920
1288 12919
1289 12918
1290 12917
1291 12916
1292 12915
1293 12914
1294 12913
1295 12912
1296 12911
1299 12697
1300 12696
1301 12695
1302 12694
1303 12693
1304 12692
1305 12691
1306 12690
1307 12689
1308 12688
1309 12687
1310 13243
1311 13242
1312 13241
1313 13240
1314 13239
1315 13238
1316 13237
1317 13236
1318 12398
1319 12397
1320 12396
1321 12395
1322 12394
1323 12393
1324 12392
1325 12391
1326 13080
1327 13079
1328 13078
1329 13077
1330 13076
1331 13075
1332 13074
1333 13073
1334 13072
1335 13071
1336 13070
1337 13069
1338 13068
1339 13067
1340 13066
1341 13065
1342 13005
1343 13004
1344 13003
1345 13002
1346 13001
1347 13000
1348 12999
1349 12998
1350 12997
1351 12996
1352 12995
1353 12994
1354 12993
1355 12992
1356 12991
1357 12990
1358 12989
1359 12988
1360 12987
1361 12986
1362 12985
1363 12984
1364 12983
1365 11550
1366 11549
1367 11548
1368 11547
1369 11546
1370 11545
1371 11544
1372 11543
1373 11542
1374 11541
1375 11540
1376 11539
1377 11538
1378 11537
1379 11536
1380 11535
1381 11428
1382 11427
1383 11426
1384 11425
1385 11424
1386 11423
1387 11422
1388 11421
1389 11349
1390 11348
1391 11347
1392 11346
1393 11345
1394 11344
1395 11343
1396 11342
1397 11850
1398 11849
1399 11848
1400 11847
1401 11846
1402 11845
1403 11844
1404 11843
1405 11842
1406 11841
1407 11840
1408 11839
1409 11838
1410 11837
1411 11836
1412 11835
1413 11834
1414 11833
1415 11832
1416 11831
1417 11830
1418 11829
1419 11828
1420 11827
1421 10050
1422 10049
1423 10048
1424 10047
1425 10046
1426 10045
1427 10044
1428 10043
1429 11739
1430 11738
1431 11737
1432 11736
1433 11735
1434 11734
1435 11733
1436 11732
1437 10344
1438 10343
1439 10342
1440 10341
1441 10340
1442 10339
1443 10338
1444 10337
1445 10336
1446 10335
1447 10334
1448 10333
1449 10332
1450 10331
1451 10330
1452 10329
1453 11156
1454 11155
1455 11154
1456 11153
1457 11152
1458 11151
1459 11150
1460 11149
1461 11148
1462 11147
1463 11146
1464 11145
1465 11144
1466 11143
1467 11142
1468 11141
1469 11140
1470 11139
1471 11138
1472 11137
1473 11136
1474 11135
1475 11134
1476 11000
1477 10999
1478 10998
1479 10997
1480 10996
1481 10995
1482 10994
1483 10993
1484 10992
1485 10991
1486 10990
1487 10989
1488 10988
1489 10987
1490 10986
1491 10985
1492 9769
1493 9768
1494 9767
1495 9766
1496 9765
1497 9764
1498 9763
1499 9762
1500 9840
1501 9839
1502 9838
1503 9837
1504 9836
1505 9835
1506 9834
1507 9833
1508 9832
1509 9831
1510 9830
1511 9829
1512 9828
1513 9827
1514 9826
1515 9825
1516 9824
1517 9823
1518 9822
1519 9821
1520 9820
1521 9819
1522 9818
1523 9817
1524 9816
1525 9815
1526 9814
1527 9813
1528 9812
1529 9811
1530 9810
1531 9809
1532 8762
1533 8761
1534 8760
1535 8759
1536 8758
1537 8757
1538 8756
1539 8755
1540 10890
1541 10889
1542 10888
1543 10887
1544 10886
1545 10885
1546 10884
1547 10883
1548 9483
1549 9482
1550 9481
1551 9480
1552 9479
1553 9478
1554 9477
1555 9476
1556 9475
1557 9474
1558 9473
1559 9472
1560 9471
1561 9470
1562 9469
1563 9468
1564 9467
1565 9466
1566 9465
1567 9464
1568 9463
1569 8946
1570 8945
1571 8944
1572 8943
1573 8942
1574 8941
1575 8940
1576 8939
1577 8938
1578 8937
1579 8936
1580 8994
1581 8993
1582 8992
1583 8991
1584 8990
1585 8989
1586 8988
1587 8124
1588 8123
1589 8122
1590 8121
1591 8120
1592 8119
1593 8118
1594 8117
1595 8116
1596 8115
1597 8114
1598 8113
1599 8112
1600 8111
1601 8110
1602 8109
1603 9138
1604 9137
1605 9136
1606 9135
1607 9134
1608 9133
1609 9132
1610 9131
1611 8485
1612 8484
1613 8483
1614 8482
1615 8481
1616 8480
1617 8479
1618 8478
1619 8477
1620 8476
1621 8475
1622 8474
1623 8473
1624 8472
1625 8471
1626 8470
1627 8469
1628 8468
1629 8467
1630 8466
1631 8465
1632 8464
1633 8463
1634 8462
1635 8461
1636 8460
1637 8459
1638 8458
1639 8457
1640 8456
1641 8455
1642 8454
1643 7292
1644 7291
1645 7290
1646 7289
1647 7288
1648 7287
1649 7286
1650 7285
1651 8014
1652 8013
1653 8012
1654 8011
1655 8010
1656 8009
1657 8008
1658 8007
1659 7497
1660 7496
1661 7495
1662 7494
1663 7493
1664 7492
1665 7491
1666 7490
1667 7489
1668 7488
1669 7487
1670 7486
1671 7485
1672 7484
1673 7483
1674 7482
1675 7481
1676 7480
1677 7479
1678 7478
1679 7477
1680 7476
1681 7475
1682 7474
1683 7473
1684 7472
1685 7471
1686 7470
1687 7469
1688 7468
1689 7467
1690 7466
1691 7666
1692 7665
1693 7664
1694 7663
1695 7662
1696 7661
1697 7660
1698 7659
1699 7020
1700 7019
1701 7018
1702 7017
1703 7016
1704 7015
1705 7014
1706 7013
1707 7012
1708 7011
1709 7010
1710 7009
1711 7008
1712 7007
1713 7006
1714 7005
1715 6892
1716 6891
1717 6890
1718 6889
1719 6888
1720 6887
1721 6886
1722 6885
1723 6714
1724 6713
1725 6712
1728 6723
1729 6722
1730 6721
1731 6720
1732 6719
1733 6718
1734 6717
1735 6716
1736 6715
1737 6884
1738 6883
1739 6882
1740 6881
1741 6880
1742 6879
1743 6878
1744 6877
1745 7791
1746 7790
1747 7789
1748 7788
1749 7787
1750 7786
1751 7785
1752 7784
1753 6822
1754 6821
1755 6820
1756 6819
1757 6818
1758 6817
1759 6816
1760 6815
1761 7673
1762 7672
1763 7671
1764 7670
1765 7669
1766 7668
1767 7667
1768 7465
1769 7464
1770 7463
1771 7462
1772 7461
1773 7460
1774 7459
1775 7458
1776 7457
1777 7409
1778 7408
1779 7407
1780 7406
1781 7405
1782 7404
1783 7403
1784 7402
1785 7401
1786 7400
1787 7399
1788 7398
1789 7397
1790 7396
1791 7395
1792 8021
1793 8020
1794 8019
1795 8018
1796 8017
1797 8016
1798 8015
1799 7284
1800 7283
1801 7282
1802 7281
1803 7280
1804 7279
1805 7278
1806 7277
1807 8553
1808 8552
1809 8551
1810 8550
1811 8549
1812 8548
1813 8547
1814 8546
1815 8545
1816 8544
1817 8543
1818 8542
1819 8541
1820 8540
1821 8539
1822 8538
1823 8493
1824 8492
1825 8491
1826 8490
1827 8489
1828 8488
1829 8487
1830 8486
1831 9130
1832 9129
1833 9128
1834 9127
1835 9126
1836 9125
1837 9124
1838 9123
1839 9360
1840 9359
1841 9358
1842 9357
1843 9356
1844 9355
1845 9354
1846 9353
1847 9010
1848 9009
1849 9008
1850 9007
1851 9006
1852 9005
1853 9004
1854 9003
1855 9002
1856 9001
1857 9000
1858 8999
1859 8998
1860 8997
1861 8996
1862 8995
1863 8935
1864 8934
1865 8933
1866 8932
1867 8931
1868 8930
1869 8929
1870 8928
1871 8927
1872 8926
1873 8925
1874 8924
1875 8923
1876 8922
1877 8921
1878 8920
1879 8919
1880 8918
1881 8917
1882 8916
1883 8915
1884 8914
1885 8913
1886 8912
1887 10897
1888 10896
1889 10895
1890 10894
1891 10893
1892 10892
1893 10891
1894 8754
1895 8753
1896 8752
1897 8751
1898 8750
1899 8749
1900 8748
1901 8747
1902 9721
1903 9720
1904 9719
1905 9718
1906 9717
1907 9716
1908 9715
1909 9714
1910 9713
1911 9712
1912 9711
1913 9710
1914 9709
1915 9708
1916 9849
1917 9848
1918 9847
1919 9846
1920 9845
1921 9844
1922 9843
1923 9842
1924 9841
1925 9761
1926 9760
1927 9759
1928 9758
1929 9757
1930 9756
1931 9755
1932 9754
1933 11224
1934 11223
1935 11222
1936 11221
1937 11220
1938 11219
1939 11218
1940 11217
1941 10756
1942 10755
1943 10754
1944 10753
1945 10752
1946 10751
1947 10750
1948 10749
1949 10297
1950 10296
1951 10295
1952 10294
1953 10293
1954 10292
1955 10291
1956 10290
1957 10289
1958 10288
1959 10287
1960 10286
1961 10285
1962 10284
1963 10283
1964 10282
1965 10281
1966 10280
1967 10279
1968 10278
1969 10277
1970 10276
1971 10275
1972 10274
1973 10226
1974 10225
1975 10224
1976 10223
1977 10222
1978 10221
1979 10220
1980 10219
1981 11746
1982 11745
1983 11744
1984 11743
1985 11742
1986 11741
1987 11740
1988 10042
1989 10041
1990 10040
1991 10039
1992 10038
1993 10037
1994 10036
1995 10035
1996 11917
1997 11916
1998 11915
1999 11914
2000 11913
2001 11912
2002 11911
2003 11910
2004 11909
2005 11908
2006 11907
2007 11906
2008 11360
2009 11359
2010 11358
2011 11357
2012 11356
2013 11355
2014 11354
2015 11353
2016 11352
2017 11351
2018 11350
2019 11420
2020 11419
2021 11418
2022 11417
2023 11416
2024 11415
2025 11414
2026 11413
2027 12834
2028 12833
2029 12832
2030 12831
2031 12830
2032 12829
2033 12828
2034 12827
2035 12184
2036 12183
2037 12182
2038 12181
2039 12180
2040 12179
2041 12178
2042 12177
2043 12743
2044 12742
2045 12741
2046 12740
2047 12739
2048 12738
2049 12737
2050 12736
2051 12735
2052 12734
2053 12733
2054 12732
2055 12731
2056 12730
2057 12729
2058 12728
2059 12727
2060 12726
2061 12725
2062 12724
2063 12723
2064 12722
2065 12721
2066 12720
2067 13282
2068 13281
2069 13280
2070 13279
2071 13278
2072 13277
2073 13276
2074 13275
2075 12405
2076 12404
2077 12403
2078 12402
2079 12401
2080 12400
2081 12399
2082 13235
2083 13234
2084 13233
2085 13232
2086 13231
2087 13230
2088 13229
2089 13228
2090 12277
2091 12276
2092 12275
2093 12274
2094 12273
2095 12272
2096 12271
2097 12270
2098 12269
2099 12268
2100 12267
2101 12266
2102 12265
2105 12290
2106 12289
2107 12288
2108 12287
2109 12286
2110 12285
2111 12284
2112 12283
2113 12282
2114 12281
2115 12280
2116 12279
2117 12278
2118 13227
2119 13226
2120 13225
2121 13224
2122 13223
2123 13222
2124 13221
2125 13220
2126 12571
2127 12570
2128 12569
2129 12568
2130 12567
2131 12566
2132 12565
2133 12564
2134 13096
2135 13095
2136 13094
2137 13093
2138 13092
2139 13091
2140 13090
2141 13089
2142 13341
2143 13340
2144 13339
2145 13338
2146 13337
2147 13336
2148 13335
2149 13334
2150 13333
2151 13332
2152 13331
2153 13330
2154 13329
2155 13328
2156 13327
2157 13326
2158 13325
2159 13324
2160 13323
2161 13322
2162 13321
2163 13320
2164 13319
2165 11566
2166 11565
2167 11564
2168 11563
2169 11562
2170 11561
2171 11560
2172 11559
2173 12842
2174 12841
2175 12840
2176 12839
2177 12838
2178 12837
2179 12836
2180 12835
2181 11412
2182 11411
2183 11410
2184 11409
2185 11408
2186 11407
2187 11406
2188 11405
2189 11404
2190 11403
2191 11402
2192 11401
2193 11400
2194 11399
2195 11398
2196 11397
2197 11396
2198 11395
2199 11394
2200 11393
2201 11929
2202 11928
2203 11927
2204 11926
2205 11925
2206 11924
2207 11923
2208 11922
2209 11921
2210 11920
2211 11919
2212 11918
2213 10034
2214 10033
2215 10032
2216 10031
2217 10030
2218 10029
2219 10028
2220 10027
2221 11999
2222 11998
2223 11997
2224 11996
2225 11995
2226 11994
2227 11993
2228 11992
2229 10360
2230 10359
2231 10358
2232 10357
2233 10356
2234 10355
2235 10354
2236 10353
2237 9947
2238 9946
2239 9945
2240 9944
2241 9943
2242 9942
2243 9941
2244 9940
2245 9939
2246 9938
2247 9937
2248 9936
2249 9935
2250 9934
2251 9933
2252 9932
2253 9931
2254 9930
2255 9929
2256 9928
2257 9927
2258 9926
2259 9925
2260 11016
2261 11015
2262 11014
2263 11013
2264 11012
2265 11011
2266 11010
2267 11009
2268 11232
2269 11231
2270 11230
2271 11229
2272 11228
2273 11227
2274 11226
2275 11225
2276 9753
2277 9752
2278 9751
2279 9750
2280 9749
2281 9748
2282 9747
2283 9746
2284 9745
2285 9744
2286 9743
2287 9742
2288 9741
2289 9740
2290 9739
2291 9738
2292 9737
2293 9736
2294 9735
2295 9734
2296 9733
2297 9732
2298 9731
2299 9730
2300 9729
2301 9728
2302 9727
2303 9726
2304 9725
2305 9724
2306 9723
2307 9722
2308 8746
2309 8745
2310 8744
2311 8743
2312 8742
2313 8741
2314 8740
2315 8739
2316 10609
2317 10608
2318 10607
2319 10606
2320 10605
2321 10604
2322 10603
2323 10602
2324 9499
2325 9498
2326 9497
2327 9496
2328 9495
2329 9494
2330 9493
2331 9492
2332 8955
2333 8954
2334 8953
2335 8952
2336 8951
2337 8950
2338 8949
2339 8948
2340 8947
2341 9564
2342 9563
2343 9562
2344 9561
2345 9560
2346 9559
2347 9558
2348 9557
2349 9556
2350 9555
2351 9554
2352 9553
2353 9552
2354 9551
2355 8140
2356 8139
2357 8138
2358 8137
2359 8136
2360 8135
2361 8134
2362 8133
2363 9368
2364 9367
2365 9366
2366 9365
2367 9364
2368 9363
2369 9362
2370 9361
2371 9122
2372 9121
2373 9120
2374 9119
2375 9118
2376 9117
2377 9116
2378 9115
2379 9114
2380 9113
2381 9112
2382 9111
2383 9110
2384 9109
2385 9108
2386 9107
2387 8513
2388 8512
2389 8511
2390 8510
2391 8509
2392 8508
2393 8507
2394 8506
2395 8561
2396 8560
2397 8559
2398 8558
2399 8557
2400 8556
2401 8555
2402 8554
2403 7276
2404 7275
2405 7274
2406 7273
2407 7272
2408 7271
2409 7270
2410 7269
2411 8326
2412 8325
2413 8324
2414 8323
2415 8322
2416 8321
2417 8320
2418 8319
2419 7513
2420 7512
2421 7511
2422 7510
2423 7509
2424 7508
2425 7507
2426 7506
2427 7627
2428 7626
2429 7625
2430 7624
2431 7623
2432 7622
2433 7621
2434 7620
2435 7619
2436 7618
2437 7617
2438 7616
2439 7615
2440 7614
2441 7613
2442 7612
2443 7611
2444 7610
2445 7609
2446 7608
2447 7607
2448 7606
2449 7605
2450 7604
2451 7036
2452 7035
2453 7034
2454 7033
2455 7032
2456 7031
2457 7030
2458 7029
2459 7799
2460 7798
2461 7797
2462 7796
2463 7795
2464 7794
2465 7793
2466 7792
2467 6876
2468 6875
2469 6874
2470 6873
2471 6872
2472 6871
2473 6870
2474 6869
2475 6868
2476 6867
2477 6866
2478 6865
2479 6864
2480 6863
2481 6862
2482 6861
2483 6860
2486 7090
2487 7089
2488 7088
2489 7087
2490 7086
2491 7085
2492 7084
2493 7083
2494 7082
2495 6928
2496 6927
2497 6926
2498 6925
2499 6924
2500 6923
2501 6922
2502 6921
2503 7106
2504 7105
2505 7104
2506 7103
2507 7102
2508 7101
2509 7100
2510 7099
2511 7044
2512 7043
2513 7042
2514 7041
2515 7040
2516 7039
2517 7038
2518 7037
2519 7603
2520 7602
2521 7601
2522 7600
2523 7599
2524 7598
2525 7597
2526 7537
2527 7536
2528 7535
2529 7534
2530 7533
2531 7532
2532 7531
2533 7530
2534 7529
2535 7528
2536 7527
2537 7526
2538 7525
2539 7524
2540 7523
2541 7522
2542 7521
2543 7520
2544 7519
2545 7518
2546 7517
2547 7516
2548 7515
2549 7514
2550 8318
2551 8317
2552 8316
2553 8315
2554 8314
2555 8313
2556 8312
2557 7983
2558 7982
2559 7981
2560 7980
2561 7979
2562 7978
2563 7977
2564 7976
2565 8272
2566 8271
2567 8270
2568 8269
2569 8268
2570 8267
2571 8266
2572 8265
2573 8264
2574 8263
2575 8262
2576 8261
2577 8260
2578 8259
2579 8258
2580 8257
2581 8256
2582 8255
2583 8254
2584 8253
2585 8252
2586 8251
2587 8250
2588 8249
2589 8613
2590 8612
2591 8611
2592 8610
2593 8609
2594 8608
2595 8607
2596 8606
2597 9050
2598 9049
2599 9048
2600 9047
2601 9046
2602 9045
2603 9044
2604 9043
2605 8148
2606 8147
2607 8146
2608 8145
2609 8144
2610 8143
2611 8142
2612 8141
2613 9550
2614 9549
2615 9548
2616 9547
2617 9546
2618 9545
2619 9544
2620 9543
2621 9451
2622 9450
2623 9449
2624 9448
2625 9447
2626 9446
2627 9445
2628 9516
2629 9515
2630 9514
2631 9513
2632 9512
2633 9511
2634 9510
2635 9509
2636 9508
2637 9507
2638 9506
2639 9505
2640 9504
2641 9503
2642 9502
2643 9501
2644 9500
2645 10601
2646 10600
2647 10599
2648 10598
2649 10597
2650 10596
2651 10595
2652 10859
2653 10858
2654 10857
2655 10856
2656 10855
2657 10854
2658 10853
2659 10852
2660 10425
2661 10424
2662 10423
2663 10422
2664 10421
2665 10420
2666 10419
2667 10418
2668 10417
2669 10416
2670 10415
2671 10414
2672 10413
2673 10412
2674 10462
2675 10461
2676 10460
2677 10459
2678 10458
2679 10457
2680 10456
2681 10455
2682 10454
2683 10553
2684 10552
2685 10551
2686 10550
2687 10549
2688 10548
2689 10547
2690 10546
2691 11032
2692 11031
2693 11030
2694 11029
2695 11028
2696 11027
2697 11026
2698 11025
2699 11024
2700 11023
2701 11022
2702 11021
2703 11020
2704 11019
2705 11018
2706 11017
2707 9924
2708 9923
2709 9922
2710 9921
2711 9920
2712 9919
2713 9918
2714 9917
2715 9916
2716 9915
2717 9914
2718 9913
2719 9912
2720 9911
2721 9910
2722 9909
2723 9908
2724 9907
2725 9906
2726 9905
2727 9904
2728 9903
2729 9902
2730 9901
2731 10368
2732 10367
2733 10366
2734 10365
2735 10364
2736 10363
2737 10362
2738 10361
2739 11991
2740 11990
2741 11989
2742 11988
2743 11987
2744 11986
2745 11985
2746 11708
2747 11707
2748 11706
2749 11705
2750 11704
2751 11703
2752 11702
2753 11701
2754 11645
2755 11644
2756 11643
2757 11642
2758 11641
2759 11640
2760 11639
2761 11638
2762 11637
2763 11636
2764 11635
2765 11634
2766 11633
2767 11632
2768 11631
2769 11630
2770 11629
2771 11628
2772 11627
2773 11626
2774 11625
2775 11624
2776 11623
2777 11318
2778 11317
2779 11316
2780 11315
2781 11314
2782 11313
2783 11312
2784 11311
2785 12224
2786 12223
2787 12222
2788 12221
2789 12220
2790 12219
2791 12218
2792 12217
2793 11574
2794 11573
2795 11572
2796 11571
2797 11570
2798 11569
2799 11568
2800 11567
2801 13318
2802 13317
2803 13316
2804 13315
2805 13314
2806 13313
2807 13312
2808 13311
2809 13310
2810 13309
2811 13308
2812 12967
2813 12966
2814 12965
2815 12964
2816 12963
2817 12962
2818 12961
2819 12960
2820 12959
2821 12958
2822 12957
2823 12956
2824 12955
2825 13104
2826 13103
2827 13102
2828 13101
2829 13100
2830 13099
2831 13098
2832 13097
2833 12563
2834 12562
2835 12561
2836 12560
2837 12559
2838 12558
2839 12557
2840 12367
2841 12366
2842 12365
2843 12364
2844 12363
2845 12362
2846 12361
2847 12360
2848 12321
2849 12320
2850 12319
2851 12318
2852 12317
2853 12316
2854 12315
2855 12314
2856 12313
2857 12312
2858 12311
2859 12310
2860 12309
2863 12334
2864 12333
2865 12332
2866 12331
2867 12330
2868 12329
2869 12328
2870 12327
2871 12326
2872 12325
2873 12324
2874 12323
2875 12322
2876 12359
2877 12358
2878 12357
2879 12356
2880 12355
2881 12354
2882 12353
2883 12352
2884 13389
2885 13388
2886 13387
2887 13386
2888 13385
2889 13384
2890 13383
2891 13382
2892 13381
2893 13380
2894 13379
2895 13378
2896 13377
2897 13376
2898 13375
2899 13374
2900 13171
2901 13170
2902 13169
2903 13168
2904 13167
2905 13166
2906 13165
2907 13164
2908 13163
2909 13162
2910 13161
2911 13160
2912 13159
2913 12892
2914 12891
2915 12890
2916 12889
2917 12888
2918 12887
2919 12886
2920 12885
2921 12884
2922 12883
2923 12882
2924 12881
2925 12880
2926 12879
2927 12878
2928 12877
2929 12876
2930 12875
2931 12232
2932 12231
2933 12230
2934 12229
2935 12228
2936 12227
2937 12226
2938 12225
2939 11614
2940 11613
2941 11612
2942 11611
2943 11610
2944 11609
2945 11608
2946 11607
2947 11669
2948 11668
2949 11667
2950 11666
2951 11665
2952 11664
2953 11663
2954 11662
2955 11661
2956 11660
2957 11659
2958 11658
2959 11657
2960 11656
2961 11655
2962 11654
2963 11653
2964 11652
2965 11651
2966 11650
2967 11649
2968 11648
2969 11647
2970 11646
2971 11700
2972 11699
2973 11698
2974 11697
2975 11696
2976 11695
2977 11694
2978 11693
2979 9995
2980 9994
2981 9993
2982 9992
2983 9991
2984 9990
2985 9989
2986 9988
2987 9987
2988 9986
2989 9985
2990 9984
2991 9983
2992 9982
2993 9981
2994 9980
2995 11295
2996 11294
2997 11293
2998 11292
2999 11291
3000 11290
3001 11289
3002 11288
3003 11287
3004 11286
3005 11285
3006 11284
3007 11283
3008 11282
3009 11281
3010 11280
3011 11279
3012 11278
3013 11277
3014 11276
3015 11275
3016 11274
3017 11273
3018 11272
3019 11271
3020 11270
3021 11269
3022 11268
3023 11267
3024 11266
3025 11265
3026 11040
3027 11039
3028 11038
3029 11037
3030 11036
3031 11035
3032 11034
3033 11033
3034 10545
3035 10544
3036 10543
3037 10542
3038 10541
3039 10540
3040 10539
3041 10538
3042 10537
3043 10536
3044 10535
3045 10534
3046 10533
3047 10532
3048 10531
3049 10530
3050 10529
3051 10528
3052 10439
3053 10438
3054 10437
3055 10436
3056 10435
3057 10434
3058 10433
3059 10432
3060 10431
3061 10430
3062 10429
3063 10428
3064 10427
3065 10426
3066 10851
3067 10850
3068 10849
3069 10848
3070 10847
3071 10846
3072 10845
3073 10844
3074 9609
3075 9608
3076 9607
3077 9606
3078 9605
3079 9604
3080 9603
3081 9602
3082 9601
3083 9600
3084 9599
3085 9598
3086 9597
3087 9596
3088 9595
3089 9594
3090 9431
3091 9430
3092 9429
3093 9428
3094 9427
3095 9426
3096 9425
3097 9424
3098 9423
3099 9422
3100 9421
3101 9420
3102 9419
3103 9418
3104 9417
3105 9416
3106 9415
3107 9414
3108 9413
3109 9412
3110 9411
3111 9410
3112 9409
3113 9408
3114 9407
3115 9406
3116 9405
3117 9404
3118 9403
3119 9402
3120 9401
3121 9058
3122 9057
3123 9056
3124 9055
3125 9054
3126 9053
3127 9052
3128 9051
3129 8605
3130 8604
3131 8603
3132 8602
3133 8601
3134 8600
3135 8599
3136 8598
3137 8597
3138 8596
3139 8595
3140 8594
3141 8593
3142 8592
3143 8591
3144 8590
3145 9106
3146 9105
3147 9104
3148 9103
3149 9102
3150 9101
3151 9100
3152 9099
3153 8280
3154 8279
3155 8278
3156 8277
3157 8276
3158 8275
3159 8274
3160 8273
3161 7975
3162 7974
3163 7973
3164 7972
3165 7971
3166 7970
3167 7969
3168 7968
3169 7899
3170 7898
3171 7897
3172 7896
3173 7895
3174 7894
3175 7893
3176 7892
3177 7891
3178 7890
3179 7889
3180 7888
3181 7887
3182 7886
3183 7885
3184 7884
3185 7557
3186 7556
3187 7555
3188 7554
3189 7553
3190 7552
3191 7551
3192 7856
3193 7855
3194 7854
3195 7853
3196 7852
3197 7851
3198 7850
3199 7849
3200 7848
3201 7847
3202 7846
3203 7845
3204 7844
3205 7843
3206 7842
3207 7841
3208 7840
3209 7839
3210 7838
3211 7837
3212 7836
3213 7835
3214 7834
3215 7833
3216 7832
3217 7114
3218 7113
3219 7112
3220 7111
3221 7110
3222 7109
3223 7108
3224 7107
3225 6920
3226 6919
3227 6918
3228 6917
3229 6916
3230 6915
3231 6914
3232 6913
3233 6912
3234 6911
3235 6910
3236 6909
3237 6908
3238 6907
3239 6906
3240 6905
3241 6904
3244 7068
3245 7067
3246 7066
3247 7065
3248 7064
3249 7063
3250 7062
3251 7061
3252 7060
3253 7059
3254 7058
3255 7057
3256 7056
3257 7055
3258 7054
3259 7053
3260 7202
3261 7201
3262 7200
3263 7199
3264 7198
3265 7197
3266 7196
3267 7195
3268 7194
3269 7193
3270 7192
3271 7191
3272 7237
3273 7236
3274 7235
3275 7234
3276 7233
3277 7232
3278 7231
3279 7230
3280 7229
3281 7228
3282 7227
3283 7244
3284 7243
3285 7242
3286 7241
3287 7240
3288 7239
3289 7238
3290 7967
3291 7966
3292 7965
3293 7964
3294 7963
3295 7962
3296 7961
3297 7960
3298 7959
3299 7958
3300 7957
3301 7956
3302 7955
3303 7954
3304 7953
3305 7952
3306 7951
3307 7950
3308 7949
3309 7948
3310 8184
3311 8183
3312 8182
3313 8181
3314 8180
3315 8179
3316 8178
3317 8177
3318 8176
3319 8175
3320 8174
3321 8173
3322 8172
3323 8171
3324 8170
3325 8169
3326 8168
3327 8167
3328 8166
3329 8165
3330 8164
3331 8163
3332 8162
3333 8161
3334 8160
3335 8159
3336 8158
3337 8157
3338 8671
3339 8670
3340 8669
3341 8668
3342 8667
3343 8666
3344 8665
3345 8664
3346 8663
3347 8662
3348 8661
3349 8707
3350 8706
3351 8705
3352 8704
3353 8703
3354 8702
3355 8701
3356 8700
3357 8699
3358 8698
3359 8697
3360 8696
3361 8695
3362 8714
3363 8713
3364 8712
3365 8711
3366 8710
3367 8709
3368 8708
3369 10843
3370 10842
3371 10841
3372 10840
3373 10839
3374 10838
3375 10837
3376 10836
3377 10835
3378 10834
3379 10833
3380 10832
3381 10831
3382 10830
3383 10829
3384 10828
3385 10827
3386 10826
3387 10825
3388 10824
3389 10823
3390 10822
3391 10821
3392 10820
3393 10819
3394 10818
3395 10817
3396 10816
3397 10815
3398 10814
3399 10813
3400 10812
3401 10811
3402 10810
3403 10809
3404 10808
3405 10807
3406 10806
3407 10805
3408 10804
3409 10803
3410 10802
3411 10801
3412 10800
3413 10799
3414 10798
3415 10797
3416 10400
3417 10399
3418 10398
3419 10397
3420 10396
3421 10395
3422 10394
3423 10393
3424 10392
3425 10391
3426 10390
3427 10389
3428 10388
3429 10387
3430 10386
3431 10385
3432 10384
3433 10383
3434 10382
3435 10381
3436 10380
3437 10379
3438 10378
3439 10377
3440 10002
3441 10001
3442 10000
3443 9999
3444 9998
3445 9997
3446 9996
3447 11692
3448 11691
3449 11690
3450 11689
3451 11688
3452 11687
3453 11686
3454 11685
3455 11684
3456 11683
3457 11682
3458 11681
3459 11680
3460 11679
3461 11678
3462 11677
3463 11676
3464 11675
3465 11674
3466 11673
3467 11672
3468 11671
3469 11670
3470 11606
3471 11605
3472 11604
3473 11603
3474 11602
3475 11601
3476 11600
3477 11599
3478 11598
3479 11597
3480 11596
3481 11595
3482 11594
3483 11593
3484 11592
3485 11591
3486 11590
3487 11589
3488 11588
3489 11587
3490 11586
3491 11585
3492 11584
3493 11583
3494 12939
3495 12938
3496 12937
3497 12936
3498 12935
3499 12934
3500 12933
3501 13129
3502 13128
3503 13127
3504 13126
3505 13125
3506 13124
3507 13123
3508 13122
3509 13121
3510 13120
3511 13119
3512 13118
3513 13117
3514 13116
3515 13115
3516 13114
3517 13113
3518 13195
3519 13194
3520 13193
3521 13192
3522 13191
3523 13190
3524 13189
3525 12351
3526 12350
3527 12349
3528 12348
3529 12347
3530 12346
3531 12345
3532 12344
3533 12343
3534 12342
3535 12341
3536 12340
3537 12339
3538 12338
3539 12337
3540 12336
3541 12335
3544 12308
3545 12307
3546 12306
3547 12305
3548 12304
3549 12303
3550 12302
3551 12301
3552 12300
3553 13211
3554 13210
3555 13209
3556 13208
3557 13207
3558 13206
3559 13205
3560 13204
3561 13203
3562 13202
3563 13201
3564 13200
3565 13199
3566 13198
3567 13197
3568 13196
3569 13112
3570 13111
3571 13110
3572 13109
3573 13108
3574 13107
3575 13106
3576 13105
3577 12954
3578 12953
3579 12952
3580 12951
3581 12950
3582 12949
3583 12948
3584 12947
3585 12946
3586 12945
3587 12944
3588 12943
3589 12942
3590 12941
3591 12940
3592 11582
3593 11581
3594 11580
3595 11579
3596 11578
3597 11577
3598 11576
3599 11575
3600 12216
3601 12215
3602 12214
3603 12213
3604 12212
3605 12211
3606 12210
3607 12209
3608 11890
3609 11889
3610 11888
3611 11887
3612 11886
3613 11885
3614 11884
3615 11883
3616 11882
3617 11881
3618 11880
3619 11879
3620 11878
3621 11877
3622 11876
3623 11875
3624 11874
3625 11873
3626 11872
3627 11871
3628 11870
3629 11869
3630 11868
3631 11867
3632 10018
3633 10017
3634 10016
3635 10015
3636 10014
3637 10013
3638 10012
3639 10011
3640 10010
3641 10009
3642 10008
3643 10007
3644 10006
3645 10005
3646 10004
3647 10003
3648 10376
3649 10375
3650 10374
3651 10373
3652 10372
3653 10371
3654 10370
3655 10369
3656 9900
3657 9899
3658 9898
3659 9897
3660 10411
3661 10410
3662 10409
3663 10408
3664 10407
3665 10406
3666 10405
3667 10404
3668 10403
3669 10402
3670 10401
3671 10796
3672 10795
3673 10794
3674 10793
3675 10792
3676 10791
3677 10790
3678 10789
3679 10788
3680 10787
3681 10786
3682 10785
3683 10784
3684 10783
3685 10782
3686 10781
3687 9883
3688 9882
3689 9881
3690 9880
3691 9879
3692 9878
3693 9877
3694 9876
3695 9875
3696 9874
3697 9873
3698 9872
3699 9871
3700 9870
3701 9869
3702 9868
3703 9867
3704 9866
3705 9865
3706 9864
3707 9863
3708 9862
3709 9861
3710 9860
3711 8730
3712 8729
3713 8728
3714 8727
3715 8726
3716 8725
3717 8724
3718 8723
3719 8722
3720 8721
3721 8720
3722 8719
3723 8718
3724 8717
3725 8716
3726 8715
3727 8694
3728 8693
3729 8692
3730 8691
3731 8690
3732 8689
3733 8688
3734 8687
3735 8686
3736 8685
3737 8684
3738 8683
3739 8682
3740 8681
3741 8680
3742 8679
3743 8678
3744 8677
3745 8676
3746 8675
3747 8674
3748 8673
3749 8672
3750 8156
3751 8155
3752 8154
3753 8153
3754 8152
3755 8151
3756 8150
3757 8149
3758 9042
3759 9041
3760 9040
3761 9039
3762 9038
3763 9037
3764 9036
3765 9035
3766 7935
3767 7934
3768 7933
3769 7932
3770 7931
3771 7930
3772 7929
3773 7928
3774 7927
3775 7926
3776 7925
3777 7924
3778 7923
3779 7922
3780 7921
3781 7920
3782 7919
3783 7918
3784 7917
3785 7916
3786 7915
3787 7914
3788 7913
3789 7912
3790 7260
3791 7259
3792 7258
3793 7257
3794 7256
3795 7255
3796 7254
3797 7253
3798 7252
3799 7251
3800 7250
3801 7249
3802 7248
3803 7247
3804 7246
3805 7245
3806 7226
3807 7225
3808 7224
3809 7223
3810 7222
3811 7221
3812 7220
3813 7219
3814 7218
3815 7217
3816 7216
3817 7215
3818 7214
3819 7213
3820 7212
3821 7211
3822 7210
3823 7209
3824 7208
3825 7207
3826 7206
3827 7205
3828 7204
3829 7203
3830 7052
3831 7051
3832 7050
3833 7049
3834 7048
3835 7047
3836 7046
3837 7045
3838 7098
3839 7097
3840 7096
3841 7095
3842 7094
3843 7093
3844 7092
3845 7091
3848 6859
3849 6858
3850 6857
3851 6856
3852 6855
3853 6854
3854 6853
3855 6852
3856 6851
3857 6850
3858 6849
3859 6848
3860 6847
3861 6846
3862 6845
3863 6844
3864 6843
3865 6842
3866 6841
3867 6840
3868 6839
3869 6838
3870 6837
3871 6836
3872 6835
3873 6834
3874 6833
3875 6832
3876 6831
3877 7155
3878 7154
3879 7153
3880 7152
3881 7151
3882 7150
3883 7149
3884 7148
3885 7147
3886 7146
3887 7145
3888 7144
3889 7190
3890 7189
3891 7188
3892 7187
3893 7186
3894 7185
3895 7184
3896 7183
3897 7182
3898 7181
3899 7180
3900 8333
3901 8332
3902 8331
3903 8330
3904 8329
3905 8328
3906 8327
3907 7268
3908 7267
3909 7266
3910 7265
3911 7264
3912 7263
3913 7262
3914 7261
3915 7911
3916 7910
3917 7909
3918 7908
3919 7907
3920 7906
3921 7905
3922 7904
3923 7903
3924 7902
3925 7901
3926 7900
3927 7947
3928 7946
3929 7945
3930 7944
3931 7943
3932 7942
3933 7941
3934 7940
3935 7939
3936 7938
3937 7937
3938 7936
3939 9034
3940 9033
3941 9032
3942 9031
3943 9030
3944 9029
3945 9028
3946 9027
3947 9026
3948 9025
3949 9024
3950 9023
3951 9022
3952 9021
3953 9020
3954 9019
3955 8624
3956 8623
3957 8622
3958 8621
3959 8620
3960 8619
3961 8618
3962 8617
3963 8616
3964 8615
3965 8614
3966 8660
3967 8659
3968 8658
3969 8657
3970 8656
3971 8655
3972 8654
3973 8653
3974 8652
3975 8651
3976 8650
3977 8649
3978 8648
3979 10616
3980 10615
3981 10614
3982 10613
3983 10612
3984 10611
3985 10610
3986 8738
3987 8737
3988 8736
3989 8735
3990 8734
3991 8733
3992 8732
3993 8731
3994 9859
3995 9858
3996 9857
3997 9856
3998 9855
3999 9854
4000 9853
4001 9852
4002 9851
4003 9850
4004 9896
4005 9895
4006 9894
4007 9893
4008 9892
4009 9891
4010 9890
4011 9889
4012 9888
4013 9887
4014 9886
4015 9885
4016 9884
4017 10780
4018 10779
4019 10778
4020 10777
4021 10776
4022 10775
4023 10774
4024 10773
4025 10772
4026 10771
4027 10770
4028 10769
4029 10768
4030 10767
4031 10766
4032 10765
4033 10258
4034 10257
4035 10256
4036 10255
4037 10254
4038 10253
4039 10252
4040 10251
4041 10250
4042 10249
4043 10248
4044 10247
4045 10246
4046 10245
4047 10244
4048 10243
4049 10242
4050 10241
4051 10240
4052 10239
4053 10238
4054 10237
4055 10236
4056 10235
4057 12006
4058 12005
4059 12004
4060 12003
4061 12002
4062 12001
4063 12000
4064 10026
4065 10025
4066 10024
4067 10023
4068 10022
4069 10021
4070 10020
4071 10019
4072 11866
4073 11865
4074 11864
4075 11863
4076 11862
4077 11861
4078 11860
4079 11859
4080 11905
4081 11904
4082 11903
4083 11902
4084 11901
4085 11900
4086 11899
4087 11898
4088 11897
4089 11896
4090 11895
4091 11894
4092 11893
4093 11892
4094 11891
4095 12208
4096 12207
4097 12206
4098 12205
4099 12204
4100 12203
4101 12202
4102 12201
4103 12200
4104 12199
4105 12198
4106 12197
4107 12196
4108 12195
4109 12194
4110 12193
4111 12704
4112 12703
4113 12702
4114 12701
4115 12700
4116 12699
4117 12698
4118 13307
4119 13306
4120 13305
4121 13304
4122 13303
4123 13302
4124 13301
4125 13300
4126 13299
4127 13298
4128 13297
4129 13296
4130 13295
4131 13294
4132 13293
4133 13292
4134 13291
4135 12578
4136 12577
4137 12576
4138 12575
4139 12574
4140 12573
4141 12572
4142 13219
4143 13218
4144 13217
4145 13216
4146 13215
4147 13214
4148 13213
4149 13212
4150 12299
4151 12298
4152 12297
4153 12296
4154 12295
4155 12294
4156 12293
4157 12292
4158 12291
4161 12264
4162 12263
4163 12262
4164 12261
4165 12260
4166 12259
4167 12258
4168 12257
4169 12256
4170 12594
4171 12593
4172 12592
4173 12591
4174 12590
4175 12589
4176 12588
4177 12587
4178 12586
4179 12585
4180 12584
4181 12583
4182 12582
4183 12581
4184 12580
4185 12579
4186 13290
4187 13289
4188 13288
4189 13287
4190 13286
4191 13285
4192 13284
4193 13283
4194 12719
4195 12718
4196 12717
4197 12716
4198 12715
4199 12714
4200 12713
4201 12712
4202 12711
4203 12710
4204 12709
4205 12708
4206 12707
4207 12706
4208 12705
4209 12192
4210 12191
4211 12190
4212 12189
4213 12188
4214 12187
4215 12186
4216 12185
4217 12826
4218 12825
4219 12824
4220 12823
4221 12822
4222 12821
4223 12820
4224 12819
4225 12112
4226 12111
4227 12110
4228 12109
4229 12108
4230 12107
4231 12106
4232 12105
4233 12104
4234 12103
4235 12102
4236 12101
4237 12100
4238 12099
4239 12098
4240 12097
4241 12096
4242 12095
4243 12094
4244 12093
4245 12092
4246 12091
4247 12090
4248 12089
4249 12022
4250 12021
4251 12020
4252 12019
4253 12018
4254 12017
4255 12016
4256 12015
4257 12014
4258 12013
4259 12012
4260 12011
4261 12010
4262 12009
4263 12008
4264 12007
4265 10234
4266 10233
4267 10232
4268 10231
4269 10230
4270 10229
4271 10228
4272 10227
4273 10273
4274 10272
4275 10271
4276 10270
4277 10269
4278 10268
4279 10267
4280 10266
4281 10265
4282 10264
4283 10263
4284 10262
4285 10261
4286 10260
4287 10259
4288 10764
4289 10763
4290 10762
4291 10761
4292 10760
4293 10759
4294 10758
4295 10757
4296 11216
4297 11215
4298 11214
4299 11213
4300 11212
4301 11211
4302 11210
4303 11209
4304 9694
4305 9693
4306 9692
4307 9691
4308 9690
4309 9689
4310 9688
4311 9687
4312 9686
4313 9685
4314 9684
4315 9683
4316 9682
4317 9681
4318 9680
4319 9679
4320 9678
4321 9677
4322 9676
4323 9675
4324 9674
4325 9673
4326 9672
4327 9671
4328 10632
4329 10631
4330 10630
4331 10629
4332 10628
4333 10627
4334 10626
4335 10625
4336 10624
4337 10623
4338 10622
4339 10621
4340 10620
4341 10619
4342 10618
4343 10617
4344 8647
4345 8646
4346 8645
4347 8644
4348 8643
4349 8642
4350 8641
4351 8640
4352 8639
4353 8638
4354 8637
4355 8636
4356 8635
4357 8634
4358 8633
4359 8632
4360 8631
4361 8630
4362 8629
4363 8628
4364 8627
4365 8626
4366 8625
4367 9018
4368 9017
4369 9016
4370 9015
4371 9014
4372 9013
4373 9012
4374 9011
4375 9352
4376 9351
4377 9350
4378 9349
4379 9348
4380 9347
4381 9346
4382 9345
4383 8525
4384 8524
4385 8523
4386 8522
4387 8521
4388 8520
4389 8519
4390 8518
4391 8517
4392 8516
4393 8515
4394 8514
4395 8236
4396 8235
4397 8234
4398 8233
4399 8232
4400 8231
4401 8230
4402 8229
4403 8228
4404 8227
4405 8226
4406 8225
4407 8349
4408 8348
4409 8347
4410 8346
4411 8345
4412 8344
4413 8343
4414 8342
4415 8341
4416 8340
4417 8339
4418 8338
4419 8337
4420 8336
4421 8335
4422 8334
4423 7179
4424 7178
4425 7177
4426 7176
4427 7175
4428 7174
4429 7173
4430 7172
4431 7171
4432 7170
4433 7169
4434 7168
4435 7167
4436 7166
4437 7165
4438 7164
4439 7163
4440 7162
4441 7161
4442 7160
4443 7159
4444 7158
4445 7157
4446 7156
4447 6830
4448 6829
4449 6828
4450 6827
4451 6826
4452 6825
4453 6824
4454 6823
4455 7783
4456 7782
4457 7781
4458 7780
4459 7779
4460 7778
4461 7777
4462 7776
4463 6736
4464 6735
4465 6734
4466 6733
4467 6732
4468 6731
4469 6730
4470 6729
4471 6728
4472 6727
4473 6726
4474 6725
4475 6724
4478 6749
4479 6748
4480 6747
4481 6746
4482 6745
4483 6744
4484 6743
4485 6742
4486 6741
4487 6740
4488 6739
4489 6738
4490 6737
4491 7775
4492 7774
4493 7773
4494 7772
4495 7771
4496 7770
4497 7769
4498 7768
4499 7767
4500 7766
4501 7765
4502 7764
4503 7763
4504 7762
4505 7761
4506 7760
4507 7421
4508 7420
4509 7419
4510 7418
4511 7417
4512 7416
4513 7415
4514 7414
4515 7413
4516 7412
4517 7411
4518 7410
4519 7456
4520 7455
4521 7454
4522 7453
4523 7452
4524 7451
4525 7450
4526 7449
4527 7448
4528 7447
4529 7446
4530 8036
4531 8035
4532 8034
4533 8033
4534 8032
4535 8031
4536 8030
4537 8357
4538 8356
4539 8355
4540 8354
4541 8353
4542 8352
4543 8351
4544 8350
4545 8224
4546 8223
4547 8222
4548 8221
4549 8220
4550 8219
4551 8218
4552 8217
4553 8216
4554 8215
4555 8214
4556 8213
4557 8537
4558 8536
4559 8535
4560 8534
4561 8533
4562 8532
4563 8531
4564 8530
4565 8529
4566 8528
4567 8527
4568 8526
4569 9344
4570 9343
4571 9342
4572 9341
4573 9340
4574 9339
4575 9338
4576 9337
4577 9336
4578 9335
4579 9334
4580 9333
4581 9332
4582 9331
4583 9330
4584 9329
4585 8820
4586 8819
4587 8818
4588 8817
4589 8816
4590 8815
4591 8814
4592 8813
4593 8812
4594 8811
4595 8810
4596 8856
4597 8855
4598 8854
4599 8853
4600 8852
4601 8851
4602 8850
4603 8849
4604 8848
4605 8847
4606 8846
4607 8845
4608 8844
4609 10912
4610 10911
4611 10910
4612 10909
4613 10908
4614 10907
4615 10906
4616 10640
4617 10639
4618 10638
4619 10637
4620 10636
4621 10635
4622 10634
4623 10633
4624 9670
4625 9669
4626 9668
4627 9667
4628 9666
4629 9665
4630 9664
4631 9663
4632 9662
4633 9661
4634 9707
4635 9706
4636 9705
4637 9704
4638 9703
4639 9702
4640 9701
4641 9700
4642 9699
4643 9698
4644 9697
4645 9696
4646 9695
4647 11208
4648 11207
4649 11206
4650 11205
4651 11204
4652 11203
4653 11202
4654 11201
4655 11200
4656 11199
4657 11198
4658 11197
4659 11196
4660 11195
4661 11194
4662 11193
4663 10120
4664 10119
4665 10118
4666 10117
4667 10116
4668 10115
4669 10114
4670 10113
4671 10112
4672 10111
4673 10110
4674 10109
4675 10108
4676 10107
4677 10106
4678 10105
4679 10104
4680 10103
4681 10102
4682 10101
4683 10100
4684 10099
4685 10098
4686 10097
4687 12037
4688 12036
4689 12035
4690 12034
4691 12033
4692 12032
4693 12031
4694 12030
4695 12029
4696 12028
4697 12027
4698 12026
4699 12025
4700 12024
4701 12023
4702 12088
4703 12087
4704 12086
4705 12085
4706 12084
4707 12083
4708 12082
4709 12081
4710 12080
4711 12079
4712 12078
4713 12077
4714 12076
4715 12075
4716 12074
4717 12120
4718 12119
4719 12118
4720 12117
4721 12116
4722 12115
4723 12114
4724 12113
4725 12818
4726 12817
4727 12816
4728 12815
4729 12814
4730 12813
4731 12812
4732 12811
4733 12810
4734 12809
4735 12808
4736 12807
4737 12806
4738 12805
4739 12804
4740 12803
4741 12468
4742 12467
4743 12466
4744 12465
4745 12464
4746 12463
4747 12462
4748 12461
4749 12460
4750 12459
4751 12458
4752 12457
4753 12456
4754 12455
4755 12454
4756 12453
4757 12452
4758 12451
4759 12450
4760 12449
4761 12448
4762 12447
4763 12446
4764 12445
4765 12420
4766 12419
4767 12418
4768 12417
4769 12416
4770 12415
4771 12414
4772 12602
4773 12601
4774 12600
4775 12599
4776 12598
4777 12597
4778 12596
4779 12595
4782 12436
4783 12435
4784 12434
4785 12433
4786 12432
4787 12431
4788 12430
4789 12429
4790 12428
4791 12427
4792 12426
4793 12425
4794 12424
4795 12423
4796 12422
4797 12421
4798 12444
4799 12443
4800 12442
4801 12441
4802 12440
4803 12439
4804 12438
4805 12437
4806 12762
4807 12761
4808 12760
4809 12759
4810 12758
4811 12757
4812 12756
4813 12755
4814 12754
4815 12474
4816 12473
4817 12472
4818 12471
4819 12470
4820 12469
4821 12802
4822 12801
4823 12800
4824 12799
4825 12798
4826 12797
4827 12796
4828 12795
4829 11510
4830 11509
4831 11508
4832 11507
4833 11506
4834 11505
4835 11504
4836 11503
4837 11502
4838 11501
4839 11500
4840 11499
4841 11498
4842 11497
4843 11496
4844 11495
4845 11494
4846 11493
4847 11492
4848 11491
4849 11490
4850 11489
4851 11488
4852 11487
4853 12061
4854 12060
4855 12059
4856 12058
4857 12057
4858 12056
4859 12055
4860 12054
4861 12053
4862 12052
4863 12051
4864 12050
4865 12049
4866 12048
4867 12047
4868 12046
4869 12045
4870 12044
4871 12043
4872 12042
4873 12041
4874 12040
4875 12039
4876 12038
4877 10096
4878 10095
4879 10094
4880 10093
4881 10092
4882 10091
4883 10090
4884 10089
4885 10135
4886 10134
4887 10133
4888 10132
4889 10131
4890 10130
4891 10129
4892 10128
4893 10127
4894 10126
4895 10125
4896 10124
4897 10123
4898 10122
4899 10121
4900 11192
4901 11191
4902 11190
4903 11189
4904 11188
4905 11187
4906 11186
4907 11185
4908 10960
4909 10959
4910 10958
4911 10957
4912 10956
4913 10955
4914 10954
4915 10953
4916 10952
4917 10951
4918 10950
4919 10949
4920 10948
4921 10947
4922 10946
4923 10945
4924 10944
4925 10943
4926 10942
4927 10941
4928 10940
4929 10939
4930 10938
4931 10937
4932 10936
4933 10935
4934 10934
4935 10933
4936 10932
4937 10931
4938 10930
4939 10929
4940 10928
4941 10927
4942 10926
4943 10925
4944 10924
4945 10923
4946 10922
4947 10921
4948 10920
4949 10919
4950 10918
4951 10917
4952 10916
4953 10915
4954 10914
4955 10913
4956 8843
4957 8842
4958 8841
4959 8840
4960 8839
4961 8838
4962 8837
4963 8836
4964 8835
4965 8834
4966 8833
4967 8832
4968 8831
4969 8830
4970 8829
4971 8828
4972 8827
4973 8826
4974 8825
4975 8824
4976 8823
4977 8822
4978 8821
4979 9328
4980 9327
4981 9326
4982 9325
4983 9324
4984 9323
4985 9322
4986 9321
4987 8084
4988 8083
4989 8082
4990 8081
4991 8080
4992 8079
4993 8078
4994 8077
4995 8076
4996 8075
4997 8074
4998 8073
4999 8072
5000 8071
5001 8070
5002 8069
5003 8068
5004 8067
5005 8066
5006 8065
5007 8064
5008 8063
5009 8062
5010 8061
5011 8060
5012 8059
5013 8058
5014 8057
5015 8056
5016 8055
5017 8054
5018 8053
5019 8052
5020 8051
5021 8050
5022 8049
5023 8048
5024 8047
5025 8046
5026 8045
5027 8044
5028 8043
5029 8042
5030 8041
5031 8040
5032 8039
5033 8038
5034 8037
5035 7445
5036 7444
5037 7443
5038 7442
5039 7441
5040 7440
5041 7439
5042 7438
5043 7437
5044 7436
5045 7435
5046 7434
5047 7433
5048 7432
5049 7431
5050 7430
5051 7429
5052 7428
5053 7427
5054 7426
5055 7425
5056 7424
5057 7423
5058 7422
5059 7759
5060 7758
5061 7757
5062 7756
5063 7755
5064 7754
5065 7753
5066 7752
5067 6980
5068 6979
5069 6978
5070 6977
5071 6976
5072 6975
5073 6974
5074 6973
5075 6972
5076 6971
5077 6970
5078 6969
5079 6968
5080 6967
5081 6966
5082 6965
5083 6964
5084 6963
5085 6962
5086 6961
5087 6960
5090 6959
5091 6958
5092 6957
5093 6956
5094 6955
5095 6954
5096 6953
5097 6952
5098 6951
5099 6774
5100 6773
5101 6772
5102 6771
5103 6770
5104 6769
5105 6768
5106 6767
5107 6988
5108 6987
5109 6986
5110 6985
5111 6984
5112 6983
5113 6982
5114 6981
5115 7751
5116 7750
5117 7749
5118 7748
5119 7747
5120 7746
5121 7745
5122 7744
5123 7743
5124 7742
5125 7741
5126 7740
5127 7739
5128 7738
5129 7737
5130 7346
5131 7345
5132 7344
5133 7343
5134 7342
5135 7341
5136 7340
5137 7339
5138 7338
5139 7337
5140 7336
5141 7335
5142 7334
5143 7333
5144 7332
5145 7331
5146 7330
5147 7329
5148 7328
5149 7327
5150 7326
5151 7325
5152 7324
5153 7323
5154 7322
5155 7321
5156 7320
5157 7319
5158 7318
5159 7317
5160 7316
5161 8373
5162 8372
5163 8371
5164 8370
5165 8369
5166 8368
5167 8367
5168 8366
5169 8437
5170 8436
5171 8435
5172 8434
5173 8433
5174 8432
5175 8431
5176 8430
5177 8429
5178 8428
5179 8427
5180 8426
5181 8425
5182 8424
5183 8423
5184 8422
5185 8421
5186 8420
5187 8419
5188 8418
5189 8417
5190 8416
5191 8415
5192 8414
5193 9202
5194 9201
5195 9200
5196 9199
5197 9198
5198 9197
5199 9196
5200 9195
5201 8092
5202 8091
5203 8090
5204 8089
5205 8088
5206 8087
5207 8086
5208 8085
5209 9320
5210 9319
5211 9318
5212 9317
5213 9316
5214 9315
5215 9314
5216 9313
5217 9312
5218 9311
5219 9310
5220 9309
5221 9308
5222 9307
5223 9306
5224 9305
5225 8863
5226 8862
5227 8861
5228 8860
5229 8859
5230 8858
5231 8857
5232 8809
5233 8808
5234 8807
5235 8806
5236 8805
5237 8804
5238 8803
5239 8802
5240 8801
5241 8800
5242 8799
5243 8798
5244 8797
5245 8796
5246 8795
5247 8794
5248 8793
5249 8792
5250 8791
5251 8790
5252 8789
5253 8788
5254 8787
5255 8786
5256 10656
5257 10655
5258 10654
5259 10653
5260 10652
5261 10651
5262 10650
5263 10649
5264 9623
5265 9622
5266 9621
5267 9620
5268 9619
5269 9618
5270 9617
5271 9616
5272 9615
5273 9614
5274 9613
5275 9612
5276 9611
5277 9610
5278 9660
5279 9659
5280 9658
5281 9657
5282 9656
5283 9655
5284 9654
5285 9653
5286 9652
5287 10708
5288 10707
5289 10706
5290 10705
5291 10704
5292 10703
5293 10702
5294 10701
5295 10968
5296 10967
5297 10966
5298 10965
5299 10964
5300 10963
5301 10962
5302 10961
5303 11184
5304 11183
5305 11182
5306 11181
5307 11180
5308 11179
5309 11178
5310 11177
5311 11176
5312 11175
5313 11174
5314 11173
5315 11172
5316 11171
5317 11170
5318 11169
5319 11168
5320 11167
5321 11166
5322 11165
5323 11164
5324 10146
5325 10145
5326 10144
5327 10143
5328 10142
5329 10141
5330 10140
5331 10139
5332 10138
5333 10137
5334 10136
5335 10088
5336 10087
5337 10086
5338 10085
5339 10084
5340 10083
5341 10082
5342 10081
5343 10080
5344 10079
5345 10078
5346 10077
5347 10076
5348 10075
5349 10074
5350 11770
5351 11769
5352 11768
5353 11767
5354 11766
5355 11765
5356 11764
5357 11763
5358 11474
5359 11473
5360 11472
5361 11471
5362 11470
5363 11469
5364 11468
5365 11467
5366 11466
5367 11465
5368 11464
5369 11463
5370 11462
5371 11461
5372 11460
5373 11459
5374 11458
5375 11457
5376 11456
5377 11455
5378 11454
5379 11453
5380 11452
5381 12136
5382 12135
5383 12134
5384 12133
5385 12132
5386 12131
5387 12130
5388 12129
5389 11518
5390 11517
5391 11516
5392 11515
5393 11514
5394 11513
5395 11512
5396 11511
5397 12794
5398 12793
5399 12792
5400 12791
5401 12790
5402 12789
5403 12788
5404 12787
5405 12786
5406 12785
5407 12784
5408 12783
5409 12782
5410 12781
5411 12780
5412 12779
5413 12778
5414 12777
5415 12776
5416 12775
5417 12774
5418 12773
5419 12772
5420 12771
5421 12770
5422 12769
5423 12768
5424 12767
5425 12766
5426 12765
5427 12764
5428 12763
5429 12522
5430 12521
5431 12520
5432 12519
5433 12518
5434 12517
5435 12516
5436 12515
5437 12514
5438 12513
5439 12512
5440 12511
5441 12510
5442 12509
5443 12508
5444 12618
5445 12617
5446 12616
5447 12615
5448 12614
5449 12613
5450 12612
5451 12611
5452 12656
5453 12655
5454 12654
5455 12653
5456 12652
5457 12651
5458 12650
5459 12649
5460 12648
5461 12647
5462 12646
5463 12645
5464 12644
5467 12669
5468 12668
5469 12667
5470 12666
5471 12665
5472 12664
5473 12663
5474 12662
5475 12661
5476 12660
5477 12659
5478 12658
5479 12657
5480 12610
5481 12609
5482 12608
5483 12607
5484 12606
5485 12605
5486 12604
5487 12603
5488 12413
5489 12412
5490 12411
5491 12410
5492 12409
5493 12408
5494 12407
5495 12406
5496 13274
5497 13273
5498 13272
5499 13271
5500 13270
5501 13269
5502 13268
5503 13267
5504 13056
5505 13055
5506 13054
5507 13053
5508 13052
5509 13051
5510 13050
5511 13049
5512 13048
5513 13047
5514 13046
5515 13045
5516 13044
5517 12753
5518 12752
5519 12751
5520 12750
5521 12749
5522 12748
5523 12747
5524 12746
5525 12745
5526 12744
5527 12176
5528 12175
5529 12174
5530 12173
5531 12172
5532 12171
5533 12170
5534 12169
5535 11526
5536 11525
5537 11524
5538 11523
5539 11522
5540 11521
5541 11520
5542 11519
5543 12128
5544 12127
5545 12126
5546 12125
5547 12124
5548 12123
5549 12122
5550 12121
5551 12073
5552 12072
5553 12071
5554 12070
5555 12069
5556 12068
5557 12067
5558 12066
5559 12065
5560 12064
5561 12063
5562 12062
5563 11486
5564 11485
5565 11484
5566 11483
5567 11482
5568 11481
5569 11480
5570 11479
5571 11478
5572 11477
5573 11476
5574 11475
5575 11762
5576 11761
5577 11760
5578 11759
5579 11758
5580 11757
5581 11756
5582 11755
5583 11754
5584 11753
5585 11752
5586 11751
5587 11750
5588 11749
5589 11748
5590 11747
5591 10218
5592 10217
5593 10216
5594 10215
5595 10214
5596 10213
5597 10212
5598 10211
5599 10320
5600 10319
5601 10318
5602 10317
5603 10316
5604 10315
5605 10314
5606 10313
5607 10312
5608 10311
5609 10310
5610 10309
5611 10308
5612 10307
5613 10306
5614 10305
5615 10304
5616 10303
5617 10302
5618 10301
5619 10300
5620 10299
5621 10298
5622 10748
5623 10747
5624 10746
5625 10745
5626 10744
5627 10743
5628 10742
5629 10741
5630 10976
5631 10975
5632 10974
5633 10973
5634 10972
5635 10971
5636 10970
5637 10969
5638 10700
5639 10699
5640 10698
5641 10697
5642 10696
5643 10695
5644 10694
5645 10693
5646 10692
5647 10691
5648 10690
5649 10689
5650 10688
5651 10687
5652 10686
5653 10685
5654 10684
5655 10683
5656 9637
5657 9636
5658 9635
5659 9634
5660 9633
5661 9632
5662 9631
5663 9630
5664 9629
5665 9628
5666 9627
5667 9626
5668 9625
5669 9624
5670 10648
5671 10647
5672 10646
5673 10645
5674 10644
5675 10643
5676 10642
5677 10641
5678 10905
5679 10904
5680 10903
5681 10902
5682 10901
5683 10900
5684 10899
5685 10898
5686 8911
5687 8910
5688 8909
5689 8908
5690 8907
5691 8906
5692 8905
5693 8904
5694 9265
5695 9264
5696 9263
5697 9262
5698 9261
5699 9260
5700 9259
5701 9258
5702 9257
5703 9256
5704 9255
5705 9254
5706 9253
5707 9252
5708 9251
5709 9250
5710 9249
5711 9248
5712 9247
5713 9246
5714 9245
5715 9244
5716 9243
5717 9242
5718 9241
5719 9240
5720 9239
5721 9238
5722 9237
5723 9236
5724 9235
5725 8100
5726 8099
5727 8098
5728 8097
5729 8096
5730 8095
5731 8094
5732 8093
5733 9194
5734 9193
5735 9192
5736 9191
5737 9190
5738 9189
5739 9188
5740 9187
5741 9186
5742 9185
5743 9184
5744 9183
5745 9182
5746 9181
5747 9180
5748 9179
5749 9178
5750 9177
5751 9176
5752 9175
5753 9174
5754 9173
5755 9172
5756 9171
5757 8445
5758 8444
5759 8443
5760 8442
5761 8441
5762 8440
5763 8439
5764 8438
5765 8365
5766 8364
5767 8363
5768 8362
5769 8361
5770 8360
5771 8359
5772 8358
5773 8029
5774 8028
5775 8027
5776 8026
5777 8025
5778 8024
5779 8023
5780 8022
5781 7394
5782 7393
5783 7392
5784 7391
5785 7390
5786 7389
5787 7388
5788 7387
5789 7697
5790 7696
5791 7695
5792 7694
5793 7693
5794 7692
5795 7691
5796 7690
5797 7689
5798 7688
5799 7687
5800 7686
5801 7685
5802 7684
5803 7683
5804 7682
5805 7681
5806 7680
5807 7679
5808 7678
5809 7677
5810 7676
5811 7675
5812 7674
5813 6814
5814 6813
5815 6812
5816 6811
5817 6810
5818 6809
5819 6808
5820 6807
5821 6996
5822 6995
5823 6994
5824 6993
5825 6992
5826 6991
5827 6990
5828 6989
5829 6766
5830 6765
5831 6764
5832 6763
5833 6762
5834 6761
5835 6760
5836 6759
5837 6758
5838 6757
5839 6756
5840 6755
5841 6754
5842 6753
5843 6752
5844 6751
5845 6750
5848 6903
5849 6902
5850 6901
5851 6900
5852 6899
5853 6898
5854 6897
5855 6896
5856 6895
5857 6894
5858 6893
5859 7004
5860 7003
5861 7002
5862 7001
5863 7000
5864 6999
5865 6998
5866 6997
5867 6806
5868 6805
5869 6804
5870 6803
5871 6802
5872 6801
5873 6800
5874 6799
5875 7728
5876 7727
5877 7726
5878 7725
5879 7724
5880 7723
5881 7722
5882 7721
5883 7720
5884 7719
5885 7718
5886 7717
5887 7716
5888 7715
5889 7714
5890 7713
5891 7712
5892 7711
5893 7710
5894 7709
5895 7708
5896 7707
5897 7706
5898 7705
5899 7704
5900 7703
5901 7702
5902 7701
5903 7700
5904 7699
5905 7698
5906 7386
5907 7385
5908 7384
5909 7383
5910 7382
5911 7381
5912 7380
5913 7379
5914 7307
5915 7306
5916 7305
5917 7304
5918 7303
5919 7302
5920 7301
5921 7300
5922 7299
5923 7298
5924 7297
5925 7296
5926 7295
5927 7294
5928 7293
5929 8453
5930 8452
5931 8451
5932 8450
5933 8449
5934 8448
5935 8447
5936 8446
5937 9170
5938 9169
5939 9168
5940 9167
5941 9166
5942 9165
5943 9164
5944 9163
5945 9162
5946 9161
5947 9160
5948 9159
5949 9158
5950 9157
5951 9156
5952 9155
5953 9154
5954 9153
5955 9152
5956 9151
5957 9150
5958 9149
5959 9148
5960 9147
5961 9146
5962 9145
5963 9144
5964 9143
5965 9142
5966 9141
5967 9140
5968 9139
5969 8108
5970 8107
5971 8106
5972 8105
5973 8104
5974 8103
5975 8102
5976 8101
5977 9234
5978 9233
5979 9232
5980 9231
5981 9230
5982 9229
5983 9228
5984 9227
5985 9297
5986 9296
5987 9295
5988 9294
5989 9293
5990 9292
5991 9291
5992 9290
5993 9289
5994 9288
5995 9287
5996 9286
5997 9285
5998 9284
5999 9283
6000 9282
6001 9281
6002 9280
6003 9279
6004 9278
6005 9277
6006 9276
6007 9275
6008 9274
6009 9273
6010 9272
6011 9271
6012 9270
6013 9269
6014 9268
6015 9267
6016 9266
6017 8903
6018 8902
6019 8901
6020 8900
6021 8899
6022 8898
6023 8897
6024 8896
6025 8777
6026 8776
6027 8775
6028 8774
6029 8773
6030 8772
6031 8771
6032 8770
6033 8769
6034 8768
6035 8767
6036 8766
6037 8765
6038 8764
6039 8763
6040 9808
6041 9807
6042 9806
6043 9805
6044 9804
6045 9803
6046 9802
6047 9801
6048 9800
6049 9799
6050 9798
6051 9797
6052 9796
6053 9795
6054 9794
6055 9793
6056 9792
6057 9791
6058 9790
6059 9789
6060 9788
6061 9787
6062 9786
6063 9785
6064 9784
6065 9783
6066 9782
6067 9781
6068 9780
6069 9779
6070 9778
6071 9777
6072 9776
6073 9775
6074 9774
6075 9773
6076 9772
6077 9771
6078 9770
6079 10984
6080 10983
6081 10982
6082 10981
6083 10980
6084 10979
6085 10978
6086 10977
6087 10740
6088 10739
6089 10738
6090 10737
6091 10736
6092 10735
6093 10734
6094 10733
6095 10163
6096 10162
6097 10161
6098 10160
6099 10159
6100 10158
6101 10157
6102 10156
6103 10155
6104 10154
6105 10153
6106 10152
6107 10151
6108 10150
6109 10149
6110 10148
6111 10147
6112 11163
6113 11162
6114 11161
6115 11160
6116 11159
6117 11158
6118 11157
6119 10328
6120 10327
6121 10326
6122 10325
6123 10324
6124 10323
6125 10322
6126 10321
6127 10210
6128 10209
6129 10208
6130 10207
6131 10206
6132 10205
6133 10204
6134 10203
6135 10065
6136 10064
6137 10063
6138 10062
6139 10061
6140 10060
6141 10059
6142 10058
6143 10057
6144 10056
6145 10055
6146 10054
6147 10053
6148 10052
6149 10051
6150 11826
6151 11825
6152 11824
6153 11823
6154 11822
6155 11821
6156 11820
6157 11819
6158 11818
6159 11817
6160 11816
6161 11815
6162 11814
6163 11813
6164 11812
6165 11811
6166 11810
6167 11809
6168 11808
6169 11807
6170 11806
6171 11805
6172 11804
6173 11803
6174 11443
6175 11442
6176 11441
6177 11440
6178 11439
6179 11438
6180 11437
6181 11436
6182 11435
6183 11434
6184 11433
6185 11432
6186 11431
6187 11430
6188 11429
6189 11534
6190 11533
6191 11532
6192 11531
6193 11530
6194 11529
6195 11528
6196 11527
6197 12168
6198 12167
6199 12166
6200 12165
6201 12164
6202 12163
6203 12162
6204 12161
6205 13029
6206 13028
6207 13027
6208 13026
6209 13025
6210 13024
6211 13023
6212 13022
6213 13021
6214 13020
6215 13019
6216 13018
6217 13017
6218 13016
6219 13015
6220 13014
6221 13013
6222 13012
6223 13011
6224 13010
6225 13009
6226 13008
6227 13007
6228 13006
6229 13064
6230 13063
6231 13062
6232 13061
6233 13060
6234 13059
6235 13058
6236 13057
6237 13266
6238 13265
6239 13264
6240 13263
6241 13262
6242 13261
6243 13260
6244 13259
6245 13258
6246 13257
6247 13256
6248 13255
6249 13254
6250 13253
6251 13252
6252 13251
6253 13250
6254 13249
6255 13248
6256 13247
6257 13246
6258 13245
6259 13244
6260 12686
6261 12685
6262 12684
6263 12683
6264 12682
6265 12681
6266 12680
6267 12679
6268 12678
6269 12677
6270 12676
6271 12675
6272 12674
6273 12673
6274 12672
6275 12671
6276 12670
6279 12643
6280 12642
6281 12641
6282 12640
6283 12639
6284 12638
6285 12637
6286 12636
6287 12635
6288 12634
6289 12633
6290 12632
6291 12631
6292 12630
6293 12629
6294 12628
6295 12627
6296 12626
6297 12625
6298 12624
6299 12623
6300 12622
6301 12621
6302 12620
6303 12619
6304 12507
6305 12506
6306 12505
6307 12504
6308 12503
6309 12502
6310 12501
6311 12500
6312 12499
6313 12498
6314 12497
6315 12496
6316 12495
6317 12494
6318 12493
6319 12492
6320 12491
6321 12490
6322 12489
6323 12488
6324 12487
6325 12486
6326 12485
6327 12484
6328 12483
6329 12482
6330 12481
6331 12480
6332 12479
6333 12478
6334 12477
6335 12476
6336 12475
6337 13043
6338 13042
6339 13041
6340 13040
6341 13039
6342 13038
6343 13037
6344 13036
6345 13035
6346 13034
6347 13033
6348 13032
6349 13031
6350 13030
6351 12160
6352 12159
6353 12158
6354 12157
6355 12156
6356 12155
6357 12154
6358 12153
6359 12152
6360 12151
6361 12150
6362 12149
6363 12148
6364 12147
6365 12146
6366 12145
6367 12144
6368 12143
6369 12142
6370 12141
6371 12140
6372 12139
6373 12138
6374 12137
6375 11451
6376 11450
6377 11449
6378 11448
6379 11447
6380 11446
6381 11445
6382 11444
6383 11802
6384 11801
6385 11800
6386 11799
6387 11798
6388 11797
6389 11796
6390 11795
6391 11794
6392 11793
6393 11792
6394 11791
6395 11790
6396 11789
6397 11788
6398 11787
6399 11786
6400 11785
6401 11784
6402 11783
6403 11782
6404 11781
6405 11780
6406 11779
6407 11778
6408 11777
6409 11776
6410 11775
6411 11774
6412 11773
6413 11772
6414 11771
6415 10073
6416 10072
6417 10071
6418 10070
6419 10069
6420 10068
6421 10067
6422 10066
6423 10202
6424 10201
6425 10200
6426 10199
6427 10198
6428 10197
6429 10196
6430 10195
6431 10194
6432 10193
6433 10192
6434 10191
6435 10190
6436 10189
6437 10188
6438 10187
6439 10186
6440 10185
6441 10184
6442 10183
6443 10182
6444 10181
6445 10180
6446 10179
6447 10178
6448 10177
6449 10176
6450 10175
6451 10174
6452 10173
6453 10172
6454 10171
6455 10170
6456 10169
6457 10168
6458 10167
6459 10166
6460 10165
6461 10164
6462 10732
6463 10731
6464 10730
6465 10729
6466 10728
6467 10727
6468 10726
6469 10725
6470 10724
6471 10723
6472 10722
6473 10721
6474 10720
6475 10719
6476 10718
6477 10717
6478 10716
6479 10715
6480 10714
6481 10713
6482 10712
6483 10711
6484 10710
6485 10709
6486 9651
6487 9650
6488 9649
6489 9648
6490 9647
6491 9646
6492 9645
6493 9644
6494 9643
6495 9642
6496 9641
6497 9640
6498 9639
6499 9638
6500 10682
6501 10681
6502 10680
6503 10679
6504 10678
6505 10677
6506 10676
6507 10675
6508 10674
6509 10673
6510 10672
6511 10671
6512 10670
6513 10669
6514 10668
6515 10667
6516 10666
6517 10665
6518 10664
6519 10663
6520 10662
6521 10661
6522 10660
6523 10659
6524 10658
6525 10657
6526 8785
6527 8784
6528 8783
6529 8782
6530 8781
6531 8780
6532 8779
6533 8778
6534 8895
6535 8894
6536 8893
6537 8892
6538 8891
6539 8890
6540 8889
6541 8888
6542 8887
6543 8886
6544 8885
6545 8884
6546 8883
6547 8882
6548 8881
6549 8880
6550 8879
6551 8878
6552 8877
6553 8876
6554 8875
6555 8874
6556 8873
6557 8872
6558 8871
6559 8870
6560 8869
6561 8868
6562 8867
6563 8866
6564 8865
6565 8864
6566 9304
6567 9303
6568 9302
6569 9301
6570 9300
6571 9299
6572 9298
6573 9226
6574 9225
6575 9224
6576 9223
6577 9222
6578 9221
6579 9220
6580 9219
6581 9218
6582 9217
6583 9216
6584 9215
6585 9214
6586 9213
6587 9212
6588 9211
6589 9210
6590 9209
6591 9208
6592 9207
6593 9206
6594 9205
6595 9204
6596 9203
6597 8413
6598 8412
6599 8411
6600 8410
6601 8409
6602 8408
6603 8407
6604 8406
6605 8405
6606 8404
6607 8403
6608 8402
6609 8401
6610 8400
6611 8399
6612 8398
6613 8397
6614 8396
6615 8395
6616 8394
6617 8393
6618 8392
6619 8391
6620 8390
6621 8389
6622 8388
6623 8387
6624 8386
6625 8385
6626 8384
6627 8383
6628 8382
6629 8381
6630 8380
6631 8379
6632 8378
6633 8377
6634 8376
6635 8375
6636 8374
6637 7315
6638 7314
6639 7313
6640 7312
6641 7311
6642 7310
6643 7309
6644 7308
6645 7378
6646 7377
6647 7376
6648 7375
6649 7374
6650 7373
6651 7372
6652 7371
6653 7370
6654 7369
6655 7368
6656 7367
6657 7366
6658 7365
6659 7364
6660 7363
6661 7362
6662 7361
6663 7360
6664 7359
6665 7358
6666 7357
6667 7356
6668 7355
6669 7354
6670 7353
6671 7352
6672 7351
6673 7350
6674 7349
6675 7348
6676 7347
6677 7736
6678 7735
6679 7734
6680 7733
6681 7732
6682 7731
6683 7730
6684 7729
6685 6798
6686 6797
6687 6796
6688 6795
6689 6794
6690 6793
6691 6792
6692 6791
6693 6790
6694 6789
6695 6788
6696 6787
6697 6786
6698 6785
6699 6784
6700 6783
6701 6782
6702 6781
6703 6780
6704 6779
6705 6778
6706 6777
6707 6776
6708 6775
6709 6950
6710 6949
6711 6948
434 12932
4159 12291
6277 12670
