1 8463
2 8462
3 8461
4 8460
5 8459
6 8458
7 8457
8 8456
9 8455
10 8454
11 8453
12 8452
13 8451
14 8450
15 8449
16 8448
17 8447
18 8446
19 8445
20 6754
21 6753
22 6752
23 6751
24 6750
25 6749
26 6748
27 6747
28 6819
29 6818
30 6817
31 6816
32 6815
33 6814
34 6813
35 6812
36 6811
37 6810
38 6809
39 6808
40 6807
41 6806
42 6805
43 6804
44 6803
45 6802
46 6801
47 6800
48 6799
49 6798
50 6797
51 6796
52 6795
53 6794
54 6793
55 6792
56 6791
57 6790
58 6789
59 6788
60 6787
61 7819
62 7818
63 7817
64 7816
65 7815
66 7814
67 7813
68 7812
69 7728
70 7727
71 7726
72 7725
73 7724
74 7723
75 7722
76 7721
77 7720
78 7719
79 7718
80 7717
81 7716
82 7715
83 7714
84 7713
85 7712
86 7711
87 7710
88 7709
89 7708
90 7707
91 7706
92 7355
93 7354
94 7353
95 7352
96 7351
97 7350
98 7349
99 7348
100 7347
101 7346
102 7345
103 7344
104 7343
105 7342
106 7341
107 7340
108 7339
109 7338
110 7337
111 7336
112 7335
113 7334
114 7333
115 7332
116 7331
117 7330
118 7329
119 7328
120 7327
121 7326
122 7325
123 7324
124 7323
125 7322
126 7321
127 7320
128 7319
129 7318
130 7317
131 7316
132 7315
133 7314
134 9791
135 9790
136 9789
137 9788
138 9787
139 9786
140 9785
141 9784
142 9856
143 9855
144 9854
145 9853
146 9852
147 9851
148 9850
149 9849
150 9848
151 9847
152 9846
153 9845
154 9844
155 9843
156 9842
157 9841
158 9840
159 9839
160 9838
161 9837
162 9836
163 9835
164 9834
165 9833
166 9832
167 9831
168 9830
169 9829
170 9828
171 9827
172 9826
173 9825
174 9824
175 9823
176 10103
177 10102
178 10101
179 10100
180 10099
181 10098
182 10097
183 10096
184 9574
185 9573
186 9572
187 9571
188 9570
189 9569
190 9568
191 9567
192 9566
193 9565
194 9564
195 9563
196 9562
197 9561
198 9560
199 9559
200 9558
201 9557
202 9556
203 9555
204 9554
205 9553
206 9552
207 9551
208 9550
209 9549
210 9548
211 9547
212 9546
213 9545
214 9544
215 9543
216 9542
217 9541
218 10396
219 10395
220 10394
221 10393
222 10392
223 10391
224 10390
225 10536
226 10535
227 10534
228 10533
229 10532
230 10531
231 10530
232 10529
233 10528
234 10527
235 10526
236 10525
237 10524
238 10523
239 10522
240 10521
241 10520
242 10519
243 10518
244 10517
245 10516
246 10515
247 10514
248 10513
249 11075
250 11074
251 11073
252 11072
253 11071
254 11070
255 11069
256 11068
257 10700
258 10699
259 10698
260 10697
261 10696
262 10695
263 10694
264 10693
265 10692
266 10691
267 10690
268 10689
269 10688
270 10687
271 10686
272 10685
273 10684
274 10683
275 11165
276 11164
277 11163
278 11162
279 11161
280 11160
281 11159
282 11158
283 11157
284 11156
285 11155
286 11154
287 11153
288 11152
289 11151
290 11150
291 11276
292 11275
293 11274
294 11273
295 11272
296 11271
297 11270
298 11269
299 11841
300 11840
301 11839
302 11838
303 11837
304 11836
305 11835
306 11834
307 11833
308 11832
309 11831
310 11830
311 11829
312 11828
313 11827
314 11826
315 11825
316 11824
317 11823
318 11822
319 11821
320 11820
321 11819
322 11818
323 11817
324 11816
325 11815
326 11814
327 11813
328 11812
329 11811
330 11810
331 11809
332 11808
333 11807
334 11806
335 11805
336 11804
337 11803
338 11802
339 11801
340 11748
341 11747
342 11746
343 11745
344 11744
345 11743
346 11742
347 11741
348 11740
349 11739
350 11738
351 11737
352 11736
353 11735
354 11734
355 11733
356 11732
357 11731
358 11730
359 11729
360 11728
361 11727
362 11726
363 12634
364 12633
365 12632
366 12631
367 12630
368 12629
369 12628
370 12627
371 12366
372 12365
373 12364
374 12363
375 12362
376 12361
377 12360
378 12359
379 12358
380 12357
381 12356
382 12355
383 12354
384 12353
385 12352
386 12351
387 12683
388 12682
389 12681
390 12680
391 12679
392 12678
393 12677
394 12676
395 12675
396 12674
397 12673
398 12672
399 12671
400 12670
401 12669
402 12668
403 12667
404 12666
405 13321
406 13320
407 13319
408 13318
409 13317
410 13316
411 13315
412 13314
413 11528
414 11527
415 11526
416 11525
417 11524
418 11523
419 11522
420 11521
421 11520
422 11519
423 11518
424 11517
425 11516
426 11515
427 11514
428 11513
429 11512
430 11511
431 11510
432 11509
433 11508
434 11507
435 11506
436 11505
437 11504
438 11503
441 12308
442 12307
443 12306
444 12305
445 12304
446 12303
447 12302
448 12301
449 12300
450 12299
451 12298
452 11441
453 11440
454 11439
455 11438
456 11437
457 11436
458 11435
459 11434
460 11536
461 11535
462 11534
463 11533
464 11532
465 11531
466 11530
467 11529
468 13313
469 13312
470 13311
471 13310
472 13309
473 13308
474 13307
475 13306
476 13305
477 13304
478 13303
479 13302
480 13301
481 13300
482 13299
483 13298
484 12391
485 12390
486 12389
487 12388
488 12387
489 12386
490 12385
491 12384
492 12383
493 12382
494 12381
495 12380
496 12379
497 12378
498 12377
499 12376
500 12375
501 12374
502 12373
503 12372
504 12371
505 12370
506 12369
507 12368
508 12367
509 12626
510 12625
511 12624
512 12623
513 12622
514 12621
515 12620
516 12619
517 12618
518 12617
519 12616
520 12615
521 12614
522 12613
523 12612
524 12611
525 12961
526 12960
527 12959
528 12958
529 12957
530 12956
531 12955
532 12954
533 11756
534 11755
535 11754
536 11753
537 11752
538 11751
539 11750
540 11749
541 11800
542 11799
543 11798
544 11797
545 11796
546 11795
547 11794
548 11793
549 11792
550 12040
551 12039
552 12038
553 12037
554 12036
555 12035
556 12034
557 12033
558 12032
559 12031
560 12030
561 12029
562 12028
563 12027
564 12026
565 12025
566 12024
567 13108
568 13107
569 13106
570 13105
571 13104
572 13103
573 13102
574 13101
575 11849
576 11848
577 11847
578 11846
579 11845
580 11844
581 11843
582 11842
583 11268
584 11267
585 11266
586 11265
587 11264
588 11263
589 11262
590 11261
591 11260
592 11259
593 11258
594 11257
595 11256
596 11255
597 11254
598 11253
599 10725
600 10724
601 10723
602 10722
603 10721
604 10720
605 10719
606 10718
607 10717
608 10716
609 10715
610 10714
611 10713
612 10712
613 10711
614 10710
615 10709
616 10708
617 10707
618 10706
619 10705
620 10704
621 10703
622 10702
623 10701
624 11067
625 11066
626 11065
627 11064
628 11063
629 11062
630 11061
631 11060
632 11059
633 11058
634 11057
635 11056
636 11055
637 11054
638 11053
639 11052
640 9540
641 9539
642 9538
643 9537
644 9536
645 9535
646 9534
647 9533
648 10404
649 10403
650 10402
651 10401
652 10400
653 10399
654 10398
655 10397
656 10389
657 10388
658 10387
659 10386
660 10385
661 10384
662 10383
663 10382
664 10381
665 10380
666 10379
667 10378
668 10377
669 10376
670 10375
671 10374
672 10373
673 10372
674 10371
675 10370
676 10369
677 10368
678 10367
679 10366
680 10365
681 10364
682 9070
683 9069
684 9068
685 9067
686 9066
687 9065
688 9064
689 9063
690 9582
691 9581
692 9580
693 9579
694 9578
695 9577
696 9576
697 9575
698 10095
699 10094
700 10093
701 10092
702 10091
703 10090
704 10089
705 10088
706 10087
707 10086
708 10085
709 10084
710 10083
711 10082
712 10081
713 10080
714 10079
715 10078
716 10077
717 10076
718 10075
719 10074
720 10073
721 10072
722 10071
723 10070
724 10069
725 10068
726 10067
727 10066
728 10065
729 10064
730 10063
731 10062
732 9863
733 9862
734 9861
735 9860
736 9859
737 9858
738 9857
739 9783
740 9782
741 9781
742 9780
743 9779
744 9778
745 9777
746 9776
747 9775
748 9774
749 9773
750 9772
751 9771
752 9770
753 9769
754 9768
755 7395
756 7394
757 7393
758 7392
759 7391
760 7390
761 7389
762 7388
763 7673
764 7672
765 7671
766 7670
767 7669
768 7668
769 7667
770 7666
771 7665
772 7664
773 7663
774 7662
775 7661
776 7660
777 7659
778 7658
779 7657
780 7656
781 7655
782 7654
783 7653
784 7652
785 7651
786 7650
787 7649
788 7648
789 7647
790 7646
791 7645
792 7644
793 7643
794 7642
795 7641
796 7640
797 8636
798 8635
799 8634
800 8633
801 8632
802 8631
803 8630
804 8629
805 7736
806 7735
807 7734
808 7733
809 7732
810 7731
811 7730
812 7729
813 7811
814 7810
815 7809
816 7808
817 7807
818 7806
819 7805
820 7804
821 7803
822 7802
823 7801
824 7800
825 7799
826 7798
827 7797
828 7796
829 7795
830 7794
831 7793
832 7792
833 7791
834 7790
835 7789
836 7788
837 7787
838 7786
839 7785
840 7784
841 7783
842 7782
843 7781
844 7780
845 7779
846 7778
847 6827
848 6826
849 6825
850 6824
851 6823
852 6822
853 6821
854 6820
855 6746
856 6745
857 6744
858 6743
859 6742
860 6741
861 6740
862 6739
863 6738
864 6737
865 6736
866 6735
867 6734
868 6733
869 6732
870 6731
871 8221
872 8220
873 8219
874 8218
875 8217
876 8216
877 8215
878 8214
879 8235
880 8234
881 8233
884 8232
885 8231
886 8230
887 8229
888 8228
889 8227
890 8226
891 8225
892 8224
893 8223
894 8222
895 6730
896 6729
897 6728
898 6727
899 6726
900 6725
901 6724
902 6723
903 8136
904 8135
905 8134
906 8133
907 8132
908 8131
909 8130
910 8129
911 6891
912 6890
913 6889
914 6888
915 6887
916 6886
917 6885
918 6884
919 6883
920 6882
921 6881
922 6880
923 6879
924 6878
925 6877
926 6876
927 6875
928 6874
929 6873
930 6872
931 6871
932 6870
933 6869
934 6868
935 6867
936 6866
937 6865
938 6864
939 6863
940 6862
941 6861
942 6860
943 6859
944 7025
945 7024
946 7023
947 7022
948 7021
949 7020
950 7019
951 7018
952 8651
953 8650
954 8649
955 8648
956 8647
957 8646
958 8645
959 8644
960 8643
961 8642
962 8641
963 8640
964 8639
965 8638
966 8637
967 7639
968 7638
969 7637
970 7636
971 7635
972 7634
973 7633
974 7632
975 7429
976 7428
977 7427
978 7426
979 7425
980 7424
981 7423
982 7422
983 7421
984 7420
985 7419
986 7418
987 7417
988 7416
989 7415
990 7414
991 7413
992 7412
993 7411
994 7410
995 7409
996 7408
997 7407
998 7406
999 7405
1000 7404
1001 7403
1002 7402
1003 7401
1004 7400
1005 7399
1006 7398
1007 7397
1008 7396
1009 9767
1010 9766
1011 9765
1012 9764
1013 9763
1014 9762
1015 9761
1016 9760
1017 8775
1018 8774
1019 8773
1020 8772
1021 8771
1022 8770
1023 8769
1024 8768
1025 9928
1026 9927
1027 9926
1028 9925
1029 9924
1030 9923
1031 9922
1032 9921
1033 9920
1034 9919
1035 9918
1036 9917
1037 9916
1038 9915
1039 9914
1040 9913
1041 9912
1042 9911
1043 9910
1044 9909
1045 9908
1046 9907
1047 9906
1048 9905
1049 9904
1050 9903
1051 9902
1052 9901
1053 9900
1054 9899
1055 9898
1056 9897
1057 9896
1058 9895
1059 10029
1060 10028
1061 10027
1062 10026
1063 10025
1064 10024
1065 10023
1066 10022
1067 9085
1068 9084
1069 9083
1070 9082
1071 9081
1072 9080
1073 9079
1074 9078
1075 9077
1076 9076
1077 9075
1078 9074
1079 9073
1080 9072
1081 9071
1082 10363
1083 10362
1084 10361
1085 10360
1086 10359
1087 10358
1088 10357
1089 10356
1090 10355
1091 10354
1092 10353
1093 10352
1094 10351
1095 10350
1096 10349
1097 10348
1098 10347
1099 10346
1100 10345
1101 10344
1102 10343
1103 10342
1104 10341
1105 10340
1106 10339
1107 10338
1108 9278
1109 9277
1110 9276
1111 9275
1112 9274
1113 9273
1114 9272
1115 9271
1116 9270
1117 9269
1118 9268
1119 9267
1120 9266
1121 9265
1122 9264
1123 9263
1124 11051
1125 11050
1126 11049
1127 11048
1128 11047
1129 11046
1130 11045
1131 11044
1132 9209
1133 9208
1134 9207
1135 9206
1136 9205
1137 9204
1138 9203
1139 9202
1140 10554
1141 10553
1142 10552
1143 10551
1144 10550
1145 10549
1146 10548
1147 10547
1148 10546
1149 10545
1150 10544
1151 10543
1152 10542
1153 10541
1154 10540
1155 10539
1156 10538
1157 10537
1158 10733
1159 10732
1160 10731
1161 10730
1162 10729
1163 10728
1164 10727
1165 10726
1166 11252
1167 11251
1168 11250
1169 11249
1170 11248
1171 11247
1172 11246
1173 11245
1174 10655
1175 10654
1176 10653
1177 10652
1178 10651
1179 10650
1180 10649
1181 10648
1182 13123
1183 13122
1184 13121
1185 13120
1186 13119
1187 13118
1188 13117
1189 13116
1190 13115
1191 13114
1192 13113
1193 13112
1194 13111
1195 13110
1196 13109
1197 12023
1198 12022
1199 12021
1200 12020
1201 12019
1202 12018
1203 12017
1204 12016
1205 12015
1206 12014
1207 12013
1208 12012
1209 12011
1210 12010
1211 12009
1212 12008
1213 12007
1214 12006
1215 12005
1216 12004
1217 12003
1218 12002
1219 12001
1220 12000
1221 11999
1222 11998
1223 12976
1224 12975
1225 12974
1226 12973
1227 12972
1228 12971
1229 12970
1230 12969
1231 12968
1232 12967
1233 12966
1234 12965
1235 12964
1236 12963
1237 12962
1238 12610
1239 12609
1240 12608
1241 12607
1242 12606
1243 12605
1244 12604
1245 12603
1246 13247
1247 13246
1248 13245
1249 13244
1250 13243
1251 13242
1252 13241
1253 13240
1254 12417
1255 12416
1256 12415
1257 12414
1258 12413
1259 12412
1260 12411
1261 12410
1262 12409
1263 12408
1264 12407
1265 12406
1266 12405
1267 12404
1268 12403
1269 12402
1270 12401
1271 12400
1272 12399
1273 12398
1274 12397
1275 12396
1276 12395
1277 12394
1278 12393
1279 12392
1280 13297
1281 13296
1282 13295
1283 13294
1284 13293
1285 13292
1286 13291
1287 13290
1288 12867
1289 12866
1290 12865
1291 12864
1292 12863
1293 12862
1294 12861
1295 12860
1296 11456
1297 11455
1298 11454
1299 11453
1300 11452
1301 11451
1302 11450
1303 11449
1304 11448
1305 11447
1306 11446
1307 11445
1308 11444
1309 11443
1310 11442
1311 12297
1312 12296
1313 12295
1314 12294
1315 12293
1316 12292
1317 12291
1318 12290
1319 12289
1320 12288
1321 12287
1324 11679
1325 11678
1326 11677
1327 11676
1328 11675
1329 11674
1330 11673
1331 11672
1332 11671
1333 11670
1334 11669
1335 12738
1336 12737
1337 12736
1338 12735
1339 12734
1340 12733
1341 12732
1342 12731
1343 11464
1344 11463
1345 11462
1346 11461
1347 11460
1348 11459
1349 11458
1350 11457
1351 12859
1352 12858
1353 12857
1354 12856
1355 12855
1356 12854
1357 12853
1358 12852
1359 12851
1360 12850
1361 12849
1362 12848
1363 12847
1364 12846
1365 12845
1366 12844
1367 12442
1368 12441
1369 12440
1370 12439
1371 12438
1372 12437
1373 12436
1374 12435
1375 12434
1376 12433
1377 12432
1378 12431
1379 12430
1380 12429
1381 12428
1382 12427
1383 12426
1384 12425
1385 12424
1386 12423
1387 12422
1388 12421
1389 12420
1390 12419
1391 12418
1392 13239
1393 13238
1394 13237
1395 13236
1396 13235
1397 13234
1398 13233
1399 13232
1400 13231
1401 13230
1402 13229
1403 13228
1404 13227
1405 13226
1406 13225
1407 13224
1408 12087
1409 12086
1410 12085
1411 12084
1412 12083
1413 12082
1414 12081
1415 12080
1416 12984
1417 12983
1418 12982
1419 12981
1420 12980
1421 12979
1422 12978
1423 12977
1424 11997
1425 11996
1426 11995
1427 11994
1428 11993
1429 11992
1430 11991
1431 11990
1432 11989
1433 11988
1434 11987
1435 11986
1436 11985
1437 11984
1438 11983
1439 11982
1440 11981
1441 11980
1442 11979
1443 11978
1444 11977
1445 11976
1446 11975
1447 11974
1448 11973
1449 11972
1450 10788
1451 10787
1452 10786
1453 10785
1454 10784
1455 10783
1456 10782
1457 10781
1458 13131
1459 13130
1460 13129
1461 13128
1462 13127
1463 13126
1464 13125
1465 13124
1466 10647
1467 10646
1468 10645
1469 10644
1470 10643
1471 10642
1472 10641
1473 10640
1474 10639
1475 10638
1476 10637
1477 10636
1478 10635
1479 10634
1480 10633
1481 10632
1482 10579
1483 10578
1484 10577
1485 10576
1486 10575
1487 10574
1488 10573
1489 10572
1490 10571
1491 10570
1492 10569
1493 10568
1494 10567
1495 10566
1496 10565
1497 10564
1498 10563
1499 10562
1500 10561
1501 10560
1502 10559
1503 10558
1504 10557
1505 10556
1506 10555
1507 9201
1508 9200
1509 9199
1510 9198
1511 9197
1512 9196
1513 9195
1514 9194
1515 9193
1516 9192
1517 9191
1518 9190
1519 9189
1520 9188
1521 9187
1522 9186
1523 9358
1524 9357
1525 9356
1526 9355
1527 9354
1528 9353
1529 9352
1530 9351
1531 9286
1532 9285
1533 9284
1534 9283
1535 9282
1536 9281
1537 9280
1538 9279
1539 10337
1540 10336
1541 10335
1542 10334
1543 10333
1544 10332
1545 10331
1546 10330
1547 10329
1548 10328
1549 10327
1550 10326
1551 10325
1552 10324
1553 10323
1554 10322
1555 10321
1556 10320
1557 10319
1558 10318
1559 10317
1560 10316
1561 10315
1562 10314
1563 10313
1564 10312
1565 9621
1566 9620
1567 9619
1568 9618
1569 9617
1570 9616
1571 9615
1572 9614
1573 9093
1574 9092
1575 9091
1576 9090
1577 9089
1578 9088
1579 9087
1580 9086
1581 10021
1582 10020
1583 10019
1584 10018
1585 10017
1586 10016
1587 10015
1588 10014
1589 10013
1590 10012
1591 10011
1592 10010
1593 10009
1594 10008
1595 10007
1596 10006
1597 10005
1598 10004
1599 10003
1600 10002
1601 10001
1602 10000
1603 9999
1604 9998
1605 9997
1606 9996
1607 9995
1608 9994
1609 9993
1610 9992
1611 9991
1612 9990
1613 9989
1614 9988
1615 9935
1616 9934
1617 9933
1618 9932
1619 9931
1620 9930
1621 9929
1622 8767
1623 8766
1624 8765
1625 8764
1626 8763
1627 8762
1628 8761
1629 8760
1630 8759
1631 8758
1632 8757
1633 8756
1634 8755
1635 8754
1636 8753
1637 8752
1638 7469
1639 7468
1640 7467
1641 7466
1642 7465
1643 7464
1644 7463
1645 7462
1646 7599
1647 7598
1648 7597
1649 7596
1650 7595
1651 7594
1652 7593
1653 7592
1654 7591
1655 7590
1656 7589
1657 7588
1658 7587
1659 7586
1660 7585
1661 7584
1662 7583
1663 7582
1664 7581
1665 7580
1666 7579
1667 7578
1668 7577
1669 7576
1670 7575
1671 7574
1672 7573
1673 7572
1674 7571
1675 7570
1676 7569
1677 7568
1678 7567
1679 7566
1680 7890
1681 7889
1682 7888
1683 7887
1684 7886
1685 7885
1686 7884
1687 7883
1688 8659
1689 8658
1690 8657
1691 8656
1692 8655
1693 8654
1694 8653
1695 8652
1696 7017
1697 7016
1698 7015
1699 7014
1700 7013
1701 7012
1702 7011
1703 7010
1704 7009
1705 7008
1706 7007
1707 7006
1708 7005
1709 7004
1710 7003
1711 7002
1712 7001
1713 7000
1714 6999
1715 6998
1716 6997
1717 6996
1718 6995
1719 6994
1720 6993
1721 6992
1722 6991
1723 6990
1724 6989
1725 6988
1726 6987
1727 6986
1728 6985
1729 6984
1730 6899
1731 6898
1732 6897
1733 6896
1734 6895
1735 6894
1736 6893
1737 6892
1738 8128
1739 8127
1740 8126
1741 8125
1742 8124
1743 8123
1744 8122
1745 8121
1746 8120
1747 8119
1748 8118
1749 8117
1750 8116
1751 8115
1752 8114
1753 8113
1754 8301
1755 8300
1756 8299
1757 8298
1758 8297
1759 8296
1760 8295
1761 8294
1762 8071
1763 8070
1764 8069
1767 8080
1768 8079
1769 8078
1770 8077
1771 8076
1772 8075
1773 8074
1774 8073
1775 8072
1776 8293
1777 8292
1778 8291
1779 8290
1780 8289
1781 8288
1782 8287
1783 8286
1784 6714
1785 6713
1786 6712
1787 6711
1788 6710
1789 6709
1790 6708
1791 6707
1792 8396
1793 8395
1794 8394
1795 8393
1796 8392
1797 8391
1798 8390
1799 8389
1800 6906
1801 6905
1802 6904
1803 6903
1804 6902
1805 6901
1806 6900
1807 6983
1808 6982
1809 6981
1810 6980
1811 6979
1812 6978
1813 6977
1814 6976
1815 6975
1816 6974
1817 6973
1818 6972
1819 6971
1820 6970
1821 6969
1822 6968
1823 6967
1824 6966
1825 6965
1826 6964
1827 6963
1828 6962
1829 6961
1830 6960
1831 8666
1832 8665
1833 8664
1834 8663
1835 8662
1836 8661
1837 8660
1838 7882
1839 7881
1840 7880
1841 7879
1842 7878
1843 7877
1844 7876
1845 7875
1846 7623
1847 7622
1848 7621
1849 7620
1850 7619
1851 7618
1852 7617
1853 7616
1854 7615
1855 7614
1856 7613
1857 7612
1858 7611
1859 7610
1860 7609
1861 7608
1862 7607
1863 7606
1864 7605
1865 7604
1866 7603
1867 7602
1868 7601
1869 7600
1870 7461
1871 7460
1872 7459
1873 7458
1874 7457
1875 7456
1876 7455
1877 7454
1878 9751
1879 9750
1880 9749
1881 9748
1882 9747
1883 9746
1884 9745
1885 9744
1886 7265
1887 7264
1888 7263
1889 7262
1890 7261
1891 7260
1892 7259
1893 7258
1894 9943
1895 9942
1896 9941
1897 9940
1898 9939
1899 9938
1900 9937
1901 9936
1902 9987
1903 9986
1904 9985
1905 9984
1906 9983
1907 9982
1908 9981
1909 8943
1910 8942
1911 8941
1912 8940
1913 8939
1914 8938
1915 8937
1916 8936
1917 8935
1918 8934
1919 8933
1920 8932
1921 8931
1922 8930
1923 8929
1924 8928
1925 8927
1926 9100
1927 9099
1928 9098
1929 9097
1930 9096
1931 9095
1932 9094
1933 9613
1934 9612
1935 9611
1936 9610
1937 9609
1938 9608
1939 9607
1940 9606
1941 9310
1942 9309
1943 9308
1944 9307
1945 9306
1946 9305
1947 9304
1948 9303
1949 9302
1950 9301
1951 9300
1952 9299
1953 9298
1954 9297
1955 9296
1956 9295
1957 9294
1958 9293
1959 9292
1960 9291
1961 9290
1962 9289
1963 9288
1964 9287
1965 9350
1966 9349
1967 9348
1968 9347
1969 9346
1970 9345
1971 9344
1972 9343
1973 11035
1974 11034
1975 11033
1976 11032
1977 11031
1978 11030
1979 11029
1980 11028
1981 9484
1982 9483
1983 9482
1984 9481
1985 9480
1986 9479
1987 9478
1988 9477
1989 10600
1990 10599
1991 10598
1992 10597
1993 10596
1994 10595
1995 10594
1996 10593
1997 10592
1998 10591
1999 10590
2000 10589
2001 10588
2002 10931
2003 10930
2004 10929
2005 10928
2006 10927
2007 10926
2008 10925
2009 10924
2010 10923
2011 10922
2012 10921
2013 10920
2014 10919
2015 10918
2016 10917
2017 10916
2018 10915
2019 10914
2020 10913
2021 13138
2022 13137
2023 13136
2024 13135
2025 13134
2026 13133
2027 13132
2028 10780
2029 10779
2030 10778
2031 10777
2032 10776
2033 10775
2034 10774
2035 10773
2036 13007
2037 13006
2038 13005
2039 13004
2040 13003
2041 13002
2042 13001
2043 13000
2044 12999
2045 12998
2046 12997
2047 12996
2048 12995
2049 12994
2050 12993
2051 12992
2052 12991
2053 12990
2054 12989
2055 12988
2056 12987
2057 12986
2058 12985
2059 12079
2060 12078
2061 12077
2062 12076
2063 12075
2064 12074
2065 12073
2066 12072
2067 12594
2068 12593
2069 12592
2070 12591
2071 12590
2072 12589
2073 12588
2074 12587
2075 12221
2076 12220
2077 12219
2078 12218
2079 12217
2080 12216
2081 12215
2082 12214
2083 12812
2084 12811
2085 12810
2086 12809
2087 12808
2088 12807
2089 12806
2090 12805
2091 12804
2092 12803
2093 12802
2094 12255
2095 12254
2096 12253
2097 12252
2098 12251
2099 12250
2100 12249
2101 12248
2102 12247
2103 12246
2104 12245
2105 12244
2106 12243
2107 12777
2108 12776
2109 12775
2110 12774
2111 12773
2112 12772
2113 12771
2114 12770
2115 11471
2116 11470
2117 11469
2118 11468
2119 11467
2120 11466
2121 11465
2122 12730
2123 12729
2124 12728
2125 12727
2126 12726
2127 12725
2128 12724
2129 12723
2130 12276
2131 12275
2132 12274
2133 12273
2134 12272
2135 12271
2136 12270
2137 12269
2138 12268
2139 12267
2140 12266
2141 12265
2142 12264
2145 12722
2146 12721
2147 12720
2148 12719
2149 12718
2150 12717
2151 12716
2152 12715
2153 11551
2154 11550
2155 11549
2156 11548
2157 11547
2158 11546
2159 11545
2160 11544
2161 12875
2162 12874
2163 12873
2164 12872
2165 12871
2166 12870
2167 12869
2168 12868
2169 13289
2170 13288
2171 13287
2172 13286
2173 13285
2174 13284
2175 13283
2176 13282
2177 13281
2178 13280
2179 13279
2180 13278
2181 13277
2182 12329
2183 12328
2184 12327
2185 12326
2186 12325
2187 12324
2188 12323
2189 12322
2190 12321
2191 12320
2192 13255
2193 13254
2194 13253
2195 13252
2196 13251
2197 13250
2198 13249
2199 13248
2200 12602
2201 12601
2202 12600
2203 12599
2204 12598
2205 12597
2206 12596
2207 12595
2208 12071
2209 12070
2210 12069
2211 12068
2212 12067
2213 12066
2214 12065
2215 12064
2216 13031
2217 13030
2218 13029
2219 13028
2220 13027
2221 13026
2222 13025
2223 13024
2224 13023
2225 13022
2226 13021
2227 13020
2228 13019
2229 13018
2230 13017
2231 13016
2232 13015
2233 13014
2234 13013
2235 13012
2236 13011
2237 13010
2238 13009
2239 13008
2240 10772
2241 10771
2242 10770
2243 10769
2244 10768
2245 10767
2246 10766
2247 10765
2248 11864
2249 11863
2250 11862
2251 11861
2252 11860
2253 11859
2254 11858
2255 11857
2256 10663
2257 10662
2258 10661
2259 10660
2260 10659
2261 10658
2262 10657
2263 10656
2264 11244
2265 11243
2266 11242
2267 11241
2268 11240
2269 11239
2270 11238
2271 11237
2272 11236
2273 11235
2274 11234
2275 11190
2276 11189
2277 11188
2278 11187
2279 11186
2280 11185
2281 11184
2282 11183
2283 11182
2284 11181
2285 11180
2286 11179
2287 9217
2288 9216
2289 9215
2290 9214
2291 9213
2292 9212
2293 9211
2294 9210
2295 11043
2296 11042
2297 11041
2298 11040
2299 11039
2300 11038
2301 11037
2302 11036
2303 9342
2304 9341
2305 9340
2306 9339
2307 9338
2308 9337
2309 9336
2310 9335
2311 9334
2312 9333
2313 9332
2314 9331
2315 9330
2316 9329
2317 9328
2318 9327
2319 9326
2320 9325
2321 9324
2322 9323
2323 9322
2324 9321
2325 9320
2326 9319
2327 9318
2328 9317
2329 9316
2330 9315
2331 9314
2332 9313
2333 9312
2334 9311
2335 9605
2336 9604
2337 9603
2338 9602
2339 9601
2340 9600
2341 9599
2342 9598
2343 9597
2344 9596
2345 9595
2346 9594
2347 9593
2348 9592
2349 9591
2350 9590
2351 10037
2352 10036
2353 10035
2354 10034
2355 10033
2356 10032
2357 10031
2358 10030
2359 9894
2360 9893
2361 9892
2362 9891
2363 9890
2364 9889
2365 9888
2366 9887
2367 9886
2368 9885
2369 9884
2370 9883
2371 9882
2372 9881
2373 9880
2374 9879
2375 9878
2376 9877
2377 9876
2378 9875
2379 9874
2380 9873
2381 9872
2382 8783
2383 8782
2384 8781
2385 8780
2386 8779
2387 8778
2388 8777
2389 8776
2390 9759
2391 9758
2392 9757
2393 9756
2394 9755
2395 9754
2396 9753
2397 9752
2398 7453
2399 7452
2400 7451
2401 7450
2402 7449
2403 7448
2404 7447
2405 7446
2406 7445
2407 7444
2408 7443
2409 7442
2410 7441
2411 7440
2412 7439
2413 7438
2414 7437
2415 7436
2416 7435
2417 7434
2418 7433
2419 7432
2420 7431
2421 7430
2422 7631
2423 7630
2424 7629
2425 7628
2426 7627
2427 7626
2428 7625
2429 7624
2430 7874
2431 7873
2432 7872
2433 7871
2434 7870
2435 7869
2436 7868
2437 7867
2438 7751
2439 7750
2440 7749
2441 7748
2442 7747
2443 7746
2444 7745
2445 7744
2446 7033
2447 7032
2448 7031
2449 7030
2450 7029
2451 7028
2452 7027
2453 7026
2454 6858
2455 6857
2456 6856
2457 6855
2458 6854
2459 6853
2460 6852
2461 6851
2462 6850
2463 6849
2464 6848
2465 6847
2466 6846
2467 6845
2468 6844
2469 6843
2470 6842
2471 6841
2472 6840
2473 6839
2474 6838
2475 6837
2476 6836
2477 6835
2478 8144
2479 8143
2480 8142
2481 8141
2482 8140
2483 8139
2484 8138
2485 8137
2486 6722
2487 6721
2488 6720
2489 6719
2490 6718
2491 6717
2492 6716
2493 6715
2494 8285
2495 8284
2496 8283
2497 8282
2498 8281
2499 8280
2500 8279
2501 8278
2502 8277
2503 8276
2504 8275
2505 8274
2506 8273
2507 8272
2508 8271
2509 8270
2510 8269
2513 8244
2514 8243
2515 8242
2516 8241
2517 8240
2518 8239
2519 8238
2520 8237
2521 8236
2522 8213
2523 8212
2524 8211
2525 8210
2526 8209
2527 8208
2528 8207
2529 8206
2530 8436
2531 8435
2532 8434
2533 8433
2534 8432
2535 8431
2536 8430
2537 8429
2538 8152
2539 8151
2540 8150
2541 8149
2542 8148
2543 8147
2544 8146
2545 8145
2546 6834
2547 6833
2548 6832
2549 6831
2550 6830
2551 6829
2552 6828
2553 7777
2554 7776
2555 7775
2556 7774
2557 7773
2558 7772
2559 7771
2560 7770
2561 7769
2562 7048
2563 7047
2564 7046
2565 7045
2566 7044
2567 7043
2568 7042
2569 7041
2570 7040
2571 7039
2572 7038
2573 7037
2574 7036
2575 7035
2576 7034
2577 7743
2578 7742
2579 7741
2580 7740
2581 7739
2582 7738
2583 7737
2584 8628
2585 8627
2586 8626
2587 8625
2588 8624
2589 8623
2590 8622
2591 8621
2592 7697
2593 7696
2594 7695
2595 7694
2596 7693
2597 7692
2598 7691
2599 7690
2600 7689
2601 7688
2602 7687
2603 7686
2604 7685
2605 7684
2606 7683
2607 7682
2608 7681
2609 7680
2610 7679
2611 7678
2612 7677
2613 7676
2614 7675
2615 7674
2616 7387
2617 7386
2618 7385
2619 7384
2620 7383
2621 7382
2622 7381
2623 7380
2624 7305
2625 7304
2626 7303
2627 7302
2628 7301
2629 7300
2630 7299
2631 7298
2632 8791
2633 8790
2634 8789
2635 8788
2636 8787
2637 8786
2638 8785
2639 8784
2640 9871
2641 9870
2642 9869
2643 9868
2644 9867
2645 9866
2646 9865
2647 9864
2648 10061
2649 10060
2650 10059
2651 10058
2652 10057
2653 10056
2654 10055
2655 10054
2656 10053
2657 10052
2658 10051
2659 10050
2660 10049
2661 10048
2662 10047
2663 10046
2664 10045
2665 10044
2666 10043
2667 10042
2668 10041
2669 10040
2670 10039
2671 10038
2672 9589
2673 9588
2674 9587
2675 9586
2676 9585
2677 9584
2678 9583
2679 9062
2680 9061
2681 9060
2682 9059
2683 9058
2684 9057
2685 9056
2686 9055
2687 10472
2688 10471
2689 10470
2690 10469
2691 10468
2692 10467
2693 10466
2694 10465
2695 10464
2696 10463
2697 10462
2698 10461
2699 10460
2700 10459
2701 10414
2702 10413
2703 10412
2704 10411
2705 10410
2706 10409
2707 10408
2708 10407
2709 10406
2710 10405
2711 9532
2712 9531
2713 9530
2714 9529
2715 9528
2716 9527
2717 9526
2718 9525
2719 9524
2720 9523
2721 9522
2722 9521
2723 9520
2724 9519
2725 9518
2726 9517
2727 9225
2728 9224
2729 9223
2730 9222
2731 9221
2732 9220
2733 9219
2734 9218
2735 11178
2736 11177
2737 11176
2738 11175
2739 11174
2740 11173
2741 11172
2742 11171
2743 11170
2744 11169
2745 11168
2746 11167
2747 11166
2748 10682
2749 10681
2750 10680
2751 10679
2752 10678
2753 10677
2754 10676
2755 10675
2756 10674
2757 10673
2758 10672
2759 10671
2760 10670
2761 10669
2762 10668
2763 10667
2764 10666
2765 10665
2766 10664
2767 11856
2768 11855
2769 11854
2770 11853
2771 11852
2772 11851
2773 11850
2774 13100
2775 13099
2776 13098
2777 13097
2778 13096
2779 13095
2780 13094
2781 13093
2782 11779
2783 11778
2784 11777
2785 11776
2786 11775
2787 11774
2788 11773
2789 11772
2790 11771
2791 11770
2792 11769
2793 11768
2794 11767
2795 11766
2796 11765
2797 11764
2798 11763
2799 11762
2800 11761
2801 11760
2802 11759
2803 11758
2804 11757
2805 12953
2806 12952
2807 12951
2808 12950
2809 12949
2810 12948
2811 12947
2812 12946
2813 11717
2814 11716
2815 11715
2816 11714
2817 11713
2818 11712
2819 11711
2820 11710
2821 13263
2822 13262
2823 13261
2824 13260
2825 13259
2826 13258
2827 13257
2828 13256
2829 12319
2830 12318
2831 12317
2832 12316
2833 12315
2834 12314
2835 12313
2836 12312
2837 12311
2838 12310
2839 12309
2840 12350
2841 12349
2842 12348
2843 12347
2844 12346
2845 12345
2846 12344
2847 12343
2848 12342
2849 12341
2850 12340
2851 12339
2852 12338
2853 12883
2854 12882
2855 12881
2856 12880
2857 12879
2858 12878
2859 12877
2860 12876
2861 11543
2862 11542
2863 11541
2864 11540
2865 11539
2866 11538
2867 11537
2868 11433
2869 11432
2870 11431
2871 11430
2872 11429
2873 11428
2874 11427
2875 11426
2878 11401
2879 11400
2880 11399
2881 11398
2882 11397
2883 11396
2884 11395
2885 11394
2886 11393
2887 11392
2888 11391
2889 11390
2890 11389
2891 11425
2892 11424
2893 11423
2894 11422
2895 11421
2896 11420
2897 11419
2898 11418
2899 13337
2900 13336
2901 13335
2902 13334
2903 13333
2904 13332
2905 13331
2906 13330
2907 13329
2908 13328
2909 13327
2910 13326
2911 13325
2912 13324
2913 13323
2914 13322
2915 12665
2916 12664
2917 12663
2918 12662
2919 12661
2920 12660
2921 12659
2922 12658
2923 12657
2924 12656
2925 12655
2926 12654
2927 12653
2928 12652
2929 12651
2930 12650
2931 12649
2932 12648
2933 12647
2934 12646
2935 12645
2936 12644
2937 12643
2938 12642
2939 12641
2940 12640
2941 12639
2942 12638
2943 12637
2944 12636
2945 12635
2946 11725
2947 11724
2948 11723
2949 11722
2950 11721
2951 11720
2952 11719
2953 11718
2954 12945
2955 12944
2956 12943
2957 12942
2958 12941
2959 12940
2960 12939
2961 12938
2962 13063
2963 13062
2964 13061
2965 13060
2966 13059
2967 13058
2968 13057
2969 13056
2970 13055
2971 13054
2972 13053
2973 13052
2974 11791
2975 11790
2976 11789
2977 11788
2978 11787
2979 11786
2980 11785
2981 11784
2982 11783
2983 11782
2984 11781
2985 11780
2986 13092
2987 13091
2988 13090
2989 13089
2990 13088
2991 13087
2992 13086
2993 13085
2994 11292
2995 11291
2996 11290
2997 11289
2998 11288
2999 11287
3000 11286
3001 11285
3002 11284
3003 11283
3004 11282
3005 11281
3006 11280
3007 11279
3008 11278
3009 11277
3010 11149
3011 11148
3012 11147
3013 11146
3014 11145
3015 11144
3016 11143
3017 11142
3018 11141
3019 11140
3020 11139
3021 11095
3022 11094
3023 11093
3024 11092
3025 11091
3026 11090
3027 11089
3028 11088
3029 11087
3030 11086
3031 11085
3032 11084
3033 11083
3034 11082
3035 11081
3036 11080
3037 11079
3038 11078
3039 11077
3040 11076
3041 10512
3042 10511
3043 10510
3044 10509
3045 10508
3046 10507
3047 10506
3048 10505
3049 10504
3050 10503
3051 10502
3052 10501
3053 10500
3054 10499
3055 10498
3056 10497
3057 10496
3058 10495
3059 10494
3060 10493
3061 10492
3062 10491
3063 10490
3064 10489
3065 10488
3066 10487
3067 10486
3068 10485
3069 10484
3070 10483
3071 10482
3072 10481
3073 10480
3074 10479
3075 10478
3076 10477
3077 10476
3078 10475
3079 10474
3080 10473
3081 9054
3082 9053
3083 9052
3084 9051
3085 9050
3086 9049
3087 9048
3088 9047
3089 10119
3090 10118
3091 10117
3092 10116
3093 10115
3094 10114
3095 10113
3096 10112
3097 10111
3098 10110
3099 10109
3100 10108
3101 10107
3102 10106
3103 10105
3104 10104
3105 9822
3106 9821
3107 9820
3108 9819
3109 9818
3110 9817
3111 9816
3112 9815
3113 9814
3114 9813
3115 9812
3116 9811
3117 9810
3118 9809
3119 9808
3120 9807
3121 9806
3122 9805
3123 9804
3124 9803
3125 9802
3126 9801
3127 9800
3128 9799
3129 9798
3130 9797
3131 9796
3132 9795
3133 9794
3134 9793
3135 9792
3136 7313
3137 7312
3138 7311
3139 7310
3140 7309
3141 7308
3142 7307
3143 7306
3144 7379
3145 7378
3146 7377
3147 7376
3148 7375
3149 7374
3150 7373
3151 7372
3152 7371
3153 7370
3154 7369
3155 7368
3156 7367
3157 7366
3158 7365
3159 7364
3160 7363
3161 7362
3162 7361
3163 7360
3164 7359
3165 7358
3166 7357
3167 7356
3168 7705
3169 7704
3170 7703
3171 7702
3172 7701
3173 7700
3174 7699
3175 7698
3176 8620
3177 8619
3178 8618
3179 8617
3180 8616
3181 8615
3182 8614
3183 8613
3184 7835
3185 7834
3186 7833
3187 7832
3188 7831
3189 7830
3190 7829
3191 7828
3192 7827
3193 7826
3194 7825
3195 7824
3196 7823
3197 7822
3198 7821
3199 7820
3200 6786
3201 6785
3202 6784
3203 6783
3204 6782
3205 6781
3206 6780
3207 6779
3208 6778
3209 6777
3210 6776
3211 6775
3212 6774
3213 6773
3214 6772
3215 6771
3216 6770
3217 6769
3218 6768
3219 6767
3220 6766
3221 6765
3222 6764
3223 6763
3224 6762
3225 6761
3226 6760
3227 6759
3228 6758
3229 6757
3230 6756
3231 6755
3232 8444
3233 8443
3234 8442
3235 8441
3236 8440
3237 8439
3238 8438
3239 8437
3240 8205
3241 8204
3242 8203
3243 8202
3244 8201
3245 8200
3246 8199
3247 8198
3248 8197
3249 8196
3250 8195
3251 8194
3252 8193
3253 8192
3254 8191
3255 8190
3256 8189
3259 8188
3260 8187
3261 8186
3262 8185
3263 8184
3264 8183
3265 8182
3266 8181
3267 8180
3268 8179
3269 8178
3270 8177
3271 8176
3272 8175
3273 8174
3274 8173
3275 8172
3276 8171
3277 8170
3278 8169
3279 8168
3280 8167
3281 8166
3282 8165
3283 8164
3284 8163
3285 8162
3286 8161
3287 8517
3288 8516
3289 8515
3290 8514
3291 8513
3292 8512
3293 8511
3294 8510
3295 8509
3296 8508
3297 8507
3298 8549
3299 8548
3300 8547
3301 8546
3302 8545
3303 8544
3304 8543
3305 8542
3306 8541
3307 8540
3308 7842
3309 7841
3310 7840
3311 7839
3312 7838
3313 7837
3314 7836
3315 8612
3316 8611
3317 8610
3318 8609
3319 8608
3320 8607
3321 8606
3322 8605
3323 8604
3324 8603
3325 8602
3326 8601
3327 8600
3328 8599
3329 8598
3330 8597
3331 8596
3332 8595
3333 8594
3334 8826
3335 8825
3336 8824
3337 8823
3338 8822
3339 8821
3340 8820
3341 8819
3342 8818
3343 8817
3344 8816
3345 8815
3346 8814
3347 8813
3348 8812
3349 8811
3350 8810
3351 8809
3352 8808
3353 8807
3354 8806
3355 8805
3356 8804
3357 8803
3358 8802
3359 8801
3360 8800
3361 8996
3362 8995
3363 8994
3364 8993
3365 8992
3366 8991
3367 8990
3368 8989
3369 8988
3370 8987
3371 9029
3372 9028
3373 9027
3374 9026
3375 9025
3376 9024
3377 9023
3378 9022
3379 9021
3380 9020
3381 9019
3382 9018
3383 10126
3384 10125
3385 10124
3386 10123
3387 10122
3388 10121
3389 10120
3390 9046
3391 9045
3392 9044
3393 9043
3394 9042
3395 9041
3396 9040
3397 9039
3398 9038
3399 9037
3400 9036
3401 9035
3402 9034
3403 9033
3404 9032
3405 9031
3406 9030
3407 9262
3408 9261
3409 9260
3410 9259
3411 9258
3412 9257
3413 9256
3414 9255
3415 9254
3416 9253
3417 9252
3418 9251
3419 9250
3420 9249
3421 9248
3422 9247
3423 9246
3424 9245
3425 9244
3426 9243
3427 9242
3428 9241
3429 9240
3430 9239
3431 9238
3432 9237
3433 9236
3434 9235
3435 9234
3436 11131
3437 11130
3438 11129
3439 11128
3440 11127
3441 11126
3442 11125
3443 11124
3444 11123
3445 11122
3446 11121
3447 11120
3448 11119
3449 11118
3450 11117
3451 11116
3452 11115
3453 11114
3454 11113
3455 11112
3456 11111
3457 11110
3458 10740
3459 10739
3460 10738
3461 10737
3462 10736
3463 10735
3464 10734
3465 13084
3466 13083
3467 13082
3468 13081
3469 13080
3470 13079
3471 13078
3472 13077
3473 13076
3474 13075
3475 13074
3476 13073
3477 13072
3478 13071
3479 13070
3480 13069
3481 13068
3482 13067
3483 13066
3484 13065
3485 13064
3486 12937
3487 12936
3488 12935
3489 12934
3490 12933
3491 12932
3492 12931
3493 12930
3494 12929
3495 12928
3496 12927
3497 12926
3498 12925
3499 12924
3500 12923
3501 12922
3502 12921
3503 12920
3504 12919
3505 12918
3506 12917
3507 12916
3508 12915
3509 12914
3510 12913
3511 12912
3512 12911
3513 12910
3514 12909
3515 12908
3516 12907
3517 12906
3518 12905
3519 12904
3520 12903
3521 12902
3522 12901
3523 12900
3524 12899
3525 12898
3526 12897
3527 12896
3528 12895
3529 12894
3530 12893
3531 12892
3532 12690
3533 12689
3534 12688
3535 12687
3536 12686
3537 12685
3538 12684
3539 11417
3540 11416
3541 11415
3542 11414
3543 11413
3544 11412
3545 11411
3546 11410
3547 11409
3548 11408
3549 11407
3550 11406
3551 11405
3552 11404
3553 11403
3554 11402
3557 12286
3558 12285
3559 12284
3560 12283
3561 12282
3562 12706
3563 12705
3564 12704
3565 12703
3566 12702
3567 12701
3568 12700
3569 12699
3570 12698
3571 12697
3572 12696
3573 12695
3574 12694
3575 12693
3576 12692
3577 12691
3578 12891
3579 12890
3580 12889
3581 12888
3582 12887
3583 12886
3584 12885
3585 12884
3586 12337
3587 12336
3588 12335
3589 12334
3590 12333
3591 12332
3592 12331
3593 12330
3594 13276
3595 13275
3596 13274
3597 13273
3598 13272
3599 13271
3600 13270
3601 13269
3602 13268
3603 13267
3604 13266
3605 13265
3606 13264
3607 11709
3608 11708
3609 11707
3610 11706
3611 11705
3612 11704
3613 11703
3614 11702
3615 12055
3616 12054
3617 12053
3618 12052
3619 12051
3620 12050
3621 12049
3622 12048
3623 12047
3624 12046
3625 12045
3626 12044
3627 12043
3628 12042
3629 12041
3630 13051
3631 13050
3632 13049
3633 13048
3634 13047
3635 13046
3636 13045
3637 10756
3638 10755
3639 10754
3640 10753
3641 10752
3642 10751
3643 10750
3644 10749
3645 10748
3646 10747
3647 10746
3648 10745
3649 10744
3650 10743
3651 10742
3652 10741
3653 11109
3654 11108
3655 11107
3656 11106
3657 11105
3658 11104
3659 11103
3660 11102
3661 11101
3662 11100
3663 11099
3664 11098
3665 11097
3666 11096
3667 11138
3668 11137
3669 11136
3670 11135
3671 11134
3672 11133
3673 11132
3674 9233
3675 9232
3676 9231
3677 9230
3678 9229
3679 9228
3680 9227
3681 9226
3682 9516
3683 9515
3684 9514
3685 9513
3686 9512
3687 9511
3688 9510
3689 9509
3690 10445
3691 10444
3692 10443
3693 10442
3694 10441
3695 10440
3696 10439
3697 10438
3698 10437
3699 10436
3700 10435
3701 10434
3702 10433
3703 10432
3704 10431
3705 10430
3706 10429
3707 10428
3708 10427
3709 10426
3710 10425
3711 10424
3712 10142
3713 10141
3714 10140
3715 10139
3716 10138
3717 10137
3718 10136
3719 10135
3720 10134
3721 10133
3722 10132
3723 10131
3724 10130
3725 10129
3726 10128
3727 10127
3728 9017
3729 9016
3730 9015
3731 9014
3732 9013
3733 9012
3734 9011
3735 9010
3736 9009
3737 9008
3738 9007
3739 9006
3740 9005
3741 9004
3742 9003
3743 9002
3744 9001
3745 9000
3746 8999
3747 8998
3748 8997
3749 8799
3750 8798
3751 8797
3752 8796
3753 8795
3754 8794
3755 8793
3756 8792
3757 7297
3758 7296
3759 7295
3760 7294
3761 7293
3762 7292
3763 7291
3764 7290
3765 8582
3766 8581
3767 8580
3768 8579
3769 8578
3770 8577
3771 8576
3772 8575
3773 8574
3774 8573
3775 8572
3776 8571
3777 8570
3778 8569
3779 8568
3780 8567
3781 8566
3782 8565
3783 8564
3784 8563
3785 8562
3786 8561
3787 7858
3788 7857
3789 7856
3790 7855
3791 7854
3792 7853
3793 7852
3794 7851
3795 7850
3796 7849
3797 7848
3798 7847
3799 7846
3800 7845
3801 7844
3802 7843
3803 8539
3804 8538
3805 8537
3806 8536
3807 8535
3808 8534
3809 8533
3810 8532
3811 8531
3812 8530
3813 8529
3814 8528
3815 8527
3816 8526
3817 8525
3818 8524
3819 8523
3820 8522
3821 8521
3822 8520
3823 8519
3824 8518
3825 8160
3826 8159
3827 8158
3828 8157
3829 8156
3830 8155
3831 8154
3832 8153
3833 8428
3834 8427
3835 8426
3836 8425
3837 8424
3838 8423
3839 8422
3840 8421
3841 8256
3842 8255
3843 8254
3844 8253
3845 8252
3846 8251
3847 8250
3848 8249
3849 8248
3850 8247
3851 8246
3852 8245
3855 8268
3856 8267
3857 8266
3858 8265
3859 8264
3860 8263
3861 8262
3862 8261
3863 8260
3864 8259
3865 8258
3866 8257
3867 8420
3868 8419
3869 8418
3870 8417
3871 8416
3872 8415
3873 8414
3874 8413
3875 8412
3876 8411
3877 8410
3878 8409
3879 8408
3880 8407
3881 8406
3882 8405
3883 7059
3884 7058
3885 7057
3886 7056
3887 7055
3888 7054
3889 7053
3890 7052
3891 7051
3892 7050
3893 7049
3894 7768
3895 7767
3896 7766
3897 7765
3898 7764
3899 7763
3900 7762
3901 7761
3902 7760
3903 7759
3904 7758
3905 7757
3906 7756
3907 7755
3908 7754
3909 7753
3910 7752
3911 7866
3912 7865
3913 7864
3914 7863
3915 7862
3916 7861
3917 7860
3918 7859
3919 8560
3920 8559
3921 8558
3922 8557
3923 8556
3924 8555
3925 8554
3926 8553
3927 8552
3928 8551
3929 8550
3930 8593
3931 8592
3932 8591
3933 8590
3934 8589
3935 8588
3936 8587
3937 8586
3938 8585
3939 8584
3940 8583
3941 7289
3942 7288
3943 7287
3944 7286
3945 7285
3946 7284
3947 7283
3948 7282
3949 7281
3950 7280
3951 7279
3952 7278
3953 7277
3954 7276
3955 7275
3956 7274
3957 8953
3958 8952
3959 8951
3960 8950
3961 8949
3962 8948
3963 8947
3964 8946
3965 8945
3966 8944
3967 8986
3968 8985
3969 8984
3970 8983
3971 8982
3972 8981
3973 8980
3974 8979
3975 8978
3976 8977
3977 8976
3978 8975
3979 10157
3980 10156
3981 10155
3982 10154
3983 10153
3984 10152
3985 10151
3986 10150
3987 10149
3988 10148
3989 10147
3990 10146
3991 10145
3992 10144
3993 10143
3994 10423
3995 10422
3996 10421
3997 10420
3998 10419
3999 10418
4000 10417
4001 10416
4002 10415
4003 10458
4004 10457
4005 10456
4006 10455
4007 10454
4008 10453
4009 10452
4010 10451
4011 10450
4012 10449
4013 10448
4014 10447
4015 10446
4016 9508
4017 9507
4018 9506
4019 9505
4020 9504
4021 9503
4022 9502
4023 9501
4024 9500
4025 9499
4026 9498
4027 9497
4028 9496
4029 9495
4030 9494
4031 9493
4032 11226
4033 11225
4034 11224
4035 11223
4036 11222
4037 11221
4038 11220
4039 11219
4040 11218
4041 11217
4042 11216
4043 11215
4044 11214
4045 11213
4046 11212
4047 11211
4048 11210
4049 11209
4050 11208
4051 11207
4052 11206
4053 11205
4054 11871
4055 11870
4056 11869
4057 11868
4058 11867
4059 11866
4060 11865
4061 10764
4062 10763
4063 10762
4064 10761
4065 10760
4066 10759
4067 10758
4068 10757
4069 13044
4070 13043
4071 13042
4072 13041
4073 13040
4074 13039
4075 13038
4076 13037
4077 13036
4078 13035
4079 13034
4080 13033
4081 13032
4082 12063
4083 12062
4084 12061
4085 12060
4086 12059
4087 12058
4088 12057
4089 12056
4090 11701
4091 11700
4092 11699
4093 11698
4094 11697
4095 11696
4096 11695
4097 11694
4098 11693
4099 11692
4100 11691
4101 11690
4102 11689
4103 11688
4104 11687
4105 11686
4106 11685
4107 11684
4108 11683
4109 11682
4110 11681
4111 11680
4112 12801
4113 12800
4114 12799
4115 12798
4116 12797
4117 12796
4118 12795
4119 12794
4120 12793
4121 12792
4122 12791
4123 12790
4124 12789
4125 12788
4126 12787
4127 12786
4128 11558
4129 11557
4130 11556
4131 11555
4132 11554
4133 11553
4134 11552
4135 12714
4136 12713
4137 12712
4138 12711
4139 12710
4140 12709
4141 12708
4142 12707
4143 12281
4144 12280
4145 12279
4146 12278
4147 12277
4150 12263
4151 12262
4152 12261
4153 12260
4154 12259
4155 12258
4156 12257
4157 12256
4158 11574
4159 11573
4160 11572
4161 11571
4162 11570
4163 11569
4164 11568
4165 11567
4166 11566
4167 11565
4168 11564
4169 11563
4170 11562
4171 11561
4172 11560
4173 11559
4174 12785
4175 12784
4176 12783
4177 12782
4178 12781
4179 12780
4180 12779
4181 12778
4182 12242
4183 12241
4184 12240
4185 12239
4186 12238
4187 12237
4188 12236
4189 12235
4190 12234
4191 12233
4192 12232
4193 12231
4194 12230
4195 12229
4196 12228
4197 12227
4198 12226
4199 12225
4200 12224
4201 12223
4202 12222
4203 12586
4204 12585
4205 12584
4206 12583
4207 12582
4208 12581
4209 12580
4210 12579
4211 11321
4212 11320
4213 11319
4214 11318
4215 11317
4216 11316
4217 11315
4218 11314
4219 11313
4220 11312
4221 11311
4222 11310
4223 11309
4224 11308
4225 11307
4226 11306
4227 11305
4228 11304
4229 11303
4230 11302
4231 11301
4232 11300
4233 11887
4234 11886
4235 11885
4236 11884
4237 11883
4238 11882
4239 11881
4240 11880
4241 11879
4242 11878
4243 11877
4244 11876
4245 11875
4246 11874
4247 11873
4248 11872
4249 11204
4250 11203
4251 11202
4252 11201
4253 11200
4254 11199
4255 11198
4256 11197
4257 11196
4258 11195
4259 11194
4260 11193
4261 11192
4262 11191
4263 11233
4264 11232
4265 11231
4266 11230
4267 11229
4268 11228
4269 11227
4270 9492
4271 9491
4272 9490
4273 9489
4274 9488
4275 9487
4276 9486
4277 9485
4278 11027
4279 11026
4280 11025
4281 11024
4282 11023
4283 11022
4284 11021
4285 11020
4286 10237
4287 10236
4288 10235
4289 10234
4290 10233
4291 10232
4292 10231
4293 10230
4294 10229
4295 10228
4296 10227
4297 10226
4298 10225
4299 9410
4300 9409
4301 9408
4302 9407
4303 9406
4304 9405
4305 9404
4306 9403
4307 9402
4308 10173
4309 10172
4310 10171
4311 10170
4312 10169
4313 10168
4314 10167
4315 10166
4316 10165
4317 10164
4318 10163
4319 10162
4320 10161
4321 10160
4322 10159
4323 10158
4324 8974
4325 8973
4326 8972
4327 8971
4328 8970
4329 8969
4330 8968
4331 8967
4332 8966
4333 8965
4334 8964
4335 8963
4336 8962
4337 8961
4338 8960
4339 8959
4340 8958
4341 8957
4342 8956
4343 8955
4344 8954
4345 7273
4346 7272
4347 7271
4348 7270
4349 7269
4350 7268
4351 7267
4352 7266
4353 9743
4354 9742
4355 9741
4356 9740
4357 9739
4358 9738
4359 9737
4360 9736
4361 7522
4362 7521
4363 7520
4364 7519
4365 7518
4366 7517
4367 7516
4368 7515
4369 7514
4370 7513
4371 7512
4372 7193
4373 7192
4374 7191
4375 7190
4376 7189
4377 7188
4378 7187
4379 7186
4380 7185
4381 7184
4382 7183
4383 7097
4384 7096
4385 7095
4386 7094
4387 7093
4388 7092
4389 7091
4390 7090
4391 7089
4392 7088
4393 7087
4394 7086
4395 7085
4396 7084
4397 7083
4398 7082
4399 7081
4400 7080
4401 7079
4402 7078
4403 7077
4404 7076
4405 7075
4406 7074
4407 7073
4408 7072
4409 7071
4410 7070
4411 7069
4412 7068
4413 7067
4414 7066
4415 7065
4416 7064
4417 7063
4418 7062
4419 7061
4420 7060
4421 8404
4422 8403
4423 8402
4424 8401
4425 8400
4426 8399
4427 8398
4428 8397
4429 6706
4430 6705
4431 6704
4432 6703
4433 6702
4434 6701
4435 6700
4436 6699
4437 6698
4438 6697
4439 6696
4440 6695
4441 6694
4442 6693
4443 6692
4444 6691
4445 6690
4446 6689
4447 6688
4448 6687
4451 8045
4452 8044
4453 8043
4454 8042
4455 8041
4456 8040
4457 8039
4458 8038
4459 8037
4460 8036
4461 8035
4462 8034
4463 8033
4464 8032
4465 8031
4466 8030
4467 8474
4468 8473
4469 8472
4470 8471
4471 8470
4472 8469
4473 8468
4474 8467
4475 8466
4476 8465
4477 8464
4478 8506
4479 8505
4480 8504
4481 8503
4482 8502
4483 8501
4484 8500
4485 8499
4486 8498
4487 8497
4488 8681
4489 8680
4490 8679
4491 8678
4492 8677
4493 8676
4494 8675
4495 7105
4496 7104
4497 7103
4498 7102
4499 7101
4500 7100
4501 7099
4502 7098
4503 7182
4504 7181
4505 7180
4506 7179
4507 7178
4508 7177
4509 7176
4510 7175
4511 7174
4512 7173
4513 7172
4514 7533
4515 7532
4516 7531
4517 7530
4518 7529
4519 7528
4520 7527
4521 7526
4522 7525
4523 7524
4524 7523
4525 9735
4526 9734
4527 9733
4528 9732
4529 9731
4530 9730
4531 9729
4532 9728
4533 9727
4534 9726
4535 9725
4536 9724
4537 9723
4538 9722
4539 9721
4540 9720
4541 8836
4542 8835
4543 8834
4544 8833
4545 8832
4546 8831
4547 8830
4548 8829
4549 8828
4550 8827
4551 8869
4552 8868
4553 8867
4554 8866
4555 8865
4556 8864
4557 8863
4558 8862
4559 8861
4560 8860
4561 8859
4562 8858
4563 9115
4564 9114
4565 9113
4566 9112
4567 9111
4568 9110
4569 9109
4570 10181
4571 10180
4572 10179
4573 10178
4574 10177
4575 10176
4576 10175
4577 10174
4578 9401
4579 9400
4580 9399
4581 9398
4582 9397
4583 9396
4584 9395
4585 9394
4586 9393
4587 10250
4588 10249
4589 10248
4590 10247
4591 10246
4592 10245
4593 10244
4594 10243
4595 10242
4596 10241
4597 10240
4598 10239
4599 10238
4600 11019
4601 11018
4602 11017
4603 11016
4604 11015
4605 11014
4606 11013
4607 11012
4608 11011
4609 11010
4610 11009
4611 11008
4612 11007
4613 11006
4614 11005
4615 11004
4616 10939
4617 10938
4618 10937
4619 10936
4620 10935
4621 10934
4622 10933
4623 10932
4624 10974
4625 10973
4626 10972
4627 10971
4628 10970
4629 10969
4630 10968
4631 10967
4632 10966
4633 10965
4634 10964
4635 10963
4636 10962
4637 10961
4638 13153
4639 13152
4640 13151
4641 13150
4642 13149
4643 13148
4644 13147
4645 11895
4646 11894
4647 11893
4648 11892
4649 11891
4650 11890
4651 11889
4652 11888
4653 11299
4654 11298
4655 11297
4656 11296
4657 11295
4658 11294
4659 11293
4660 11335
4661 11334
4662 11333
4663 11332
4664 11331
4665 11330
4666 11329
4667 11328
4668 11327
4669 11326
4670 11325
4671 11324
4672 11323
4673 11322
4674 12578
4675 12577
4676 12576
4677 12575
4678 12574
4679 12573
4680 12572
4681 12571
4682 12570
4683 12569
4684 12568
4685 12567
4686 12566
4687 12565
4688 12564
4689 12563
4690 12562
4691 12561
4692 12560
4693 12559
4694 12558
4695 12557
4696 12556
4697 12555
4698 12554
4699 12553
4700 12552
4701 12551
4702 12550
4703 12549
4704 12548
4705 12547
4706 12546
4707 12545
4708 12544
4709 12543
4710 12542
4711 12541
4712 11486
4713 11485
4714 11484
4715 11483
4716 11482
4717 11481
4718 11480
4719 11582
4720 11581
4721 11580
4722 11579
4723 11578
4724 11577
4725 11576
4726 11575
4729 11502
4730 11501
4731 11500
4732 11499
4733 11498
4734 11497
4735 11496
4736 11495
4737 11494
4738 11493
4739 11492
4740 11491
4741 11490
4742 11489
4743 11488
4744 11487
4745 12540
4746 12539
4747 12538
4748 12537
4749 12536
4750 12535
4751 12534
4752 12533
4753 11375
4754 11374
4755 11373
4756 11372
4757 11371
4758 11370
4759 11369
4760 11368
4761 11367
4762 11366
4763 11365
4764 11364
4765 11363
4766 11362
4767 11361
4768 11360
4769 11359
4770 11358
4771 11357
4772 11356
4773 11355
4774 13199
4775 13198
4776 13197
4777 13196
4778 13195
4779 13194
4780 13193
4781 13192
4782 13191
4783 13190
4784 13189
4785 13188
4786 13187
4787 13186
4788 13185
4789 13184
4790 13183
4791 13182
4792 13181
4793 13180
4794 13179
4795 13178
4796 13177
4797 13176
4798 13175
4799 13174
4800 13173
4801 13172
4802 13171
4803 13170
4804 13169
4805 13168
4806 13167
4807 13166
4808 13165
4809 13164
4810 13163
4811 13162
4812 13161
4813 13160
4814 13159
4815 13158
4816 13157
4817 13156
4818 13155
4819 13154
4820 10960
4821 10959
4822 10958
4823 10957
4824 10956
4825 10955
4826 10954
4827 10953
4828 10952
4829 10951
4830 10950
4831 10949
4832 10948
4833 10947
4834 10946
4835 10945
4836 10944
4837 10943
4838 10942
4839 10941
4840 10940
4841 11003
4842 11002
4843 11001
4844 11000
4845 10999
4846 10998
4847 10997
4848 10996
4849 9161
4850 9160
4851 9159
4852 9158
4853 9157
4854 9156
4855 9155
4856 9154
4857 9153
4858 9152
4859 9151
4860 9150
4861 9149
4862 9148
4863 9147
4864 9146
4865 9145
4866 9144
4867 9143
4868 9142
4869 9141
4870 9140
4871 9139
4872 9138
4873 9137
4874 9136
4875 9135
4876 9134
4877 9133
4878 9132
4879 9131
4880 9130
4881 9129
4882 9128
4883 9127
4884 9126
4885 9125
4886 9124
4887 9123
4888 9122
4889 9121
4890 9120
4891 9119
4892 9118
4893 9117
4894 9116
4895 8857
4896 8856
4897 8855
4898 8854
4899 8853
4900 8852
4901 8851
4902 8850
4903 8849
4904 8848
4905 8847
4906 8846
4907 8845
4908 8844
4909 8843
4910 8842
4911 8841
4912 8840
4913 8839
4914 8838
4915 8837
4916 9719
4917 9718
4918 9717
4919 9716
4920 9715
4921 9714
4922 9713
4923 9712
4924 8727
4925 8726
4926 8725
4927 8724
4928 8723
4929 8722
4930 8721
4931 8720
4932 8719
4933 8718
4934 8717
4935 8716
4936 8715
4937 8714
4938 8713
4939 8712
4940 8711
4941 8710
4942 8709
4943 8708
4944 8707
4945 8706
4946 8705
4947 8704
4948 8703
4949 8702
4950 8701
4951 8700
4952 8699
4953 8698
4954 8697
4955 8696
4956 8695
4957 8694
4958 8693
4959 8692
4960 8691
4961 8690
4962 8689
4963 8688
4964 8687
4965 8686
4966 8685
4967 8684
4968 8683
4969 8682
4970 8496
4971 8495
4972 8494
4973 8493
4974 8492
4975 8491
4976 8490
4977 8489
4978 8488
4979 8487
4980 8486
4981 8485
4982 8484
4983 8483
4984 8482
4985 8481
4986 8480
4987 8479
4988 8478
4989 8477
4990 8476
4991 8475
4992 8029
4993 8028
4994 8027
4995 8026
4996 8025
4997 8024
4998 8023
4999 8022
5000 8088
5001 8087
5002 8086
5003 8085
5004 8084
5005 8083
5006 8082
5007 8081
5010 8068
5011 8067
5012 8066
5013 8065
5014 8064
5015 8063
5016 8062
5017 8061
5018 8060
5019 8348
5020 8347
5021 8346
5022 8345
5023 8344
5024 8343
5025 8342
5026 8341
5027 8096
5028 8095
5029 8094
5030 8093
5031 8092
5032 8091
5033 8090
5034 8089
5035 8021
5036 8020
5037 8019
5038 8018
5039 8017
5040 8016
5041 8015
5042 8014
5043 8013
5044 8012
5045 8011
5046 8010
5047 8009
5048 8008
5049 8007
5050 7944
5051 7943
5052 7942
5053 7941
5054 7940
5055 7939
5056 7938
5057 7937
5058 7936
5059 7935
5060 7934
5061 7933
5062 7932
5063 7931
5064 7930
5065 7929
5066 7928
5067 7927
5068 7926
5069 7925
5070 7924
5071 7923
5072 7922
5073 7921
5074 7920
5075 7919
5076 7918
5077 7917
5078 7916
5079 7915
5080 7914
5081 7121
5082 7120
5083 7119
5084 7118
5085 7117
5086 7116
5087 7115
5088 7114
5089 7549
5090 7548
5091 7547
5092 7546
5093 7545
5094 7544
5095 7543
5096 7542
5097 7541
5098 7540
5099 7539
5100 7538
5101 7537
5102 7536
5103 7535
5104 7534
5105 7171
5106 7170
5107 7169
5108 7168
5109 7167
5110 7166
5111 7165
5112 7164
5113 7217
5114 7216
5115 7215
5116 7214
5117 7213
5118 7212
5119 7211
5120 7210
5121 8735
5122 8734
5123 8733
5124 8732
5125 8731
5126 8730
5127 8729
5128 8728
5129 9711
5130 9710
5131 9709
5132 9708
5133 9707
5134 9706
5135 9705
5136 9704
5137 9703
5138 9702
5139 9701
5140 9700
5141 9699
5142 9698
5143 9697
5144 9696
5145 8876
5146 8875
5147 8874
5148 8873
5149 8872
5150 8871
5151 8870
5152 9668
5153 9667
5154 9666
5155 9665
5156 9664
5157 9663
5158 9662
5159 9661
5160 9660
5161 9659
5162 9658
5163 9657
5164 9656
5165 9655
5166 9654
5167 9653
5168 9652
5169 9651
5170 9650
5171 9649
5172 9648
5173 9647
5174 9646
5175 9645
5176 10197
5177 10196
5178 10195
5179 10194
5180 10193
5181 10192
5182 10191
5183 10190
5184 10264
5185 10263
5186 10262
5187 10261
5188 10260
5189 10259
5190 10258
5191 10257
5192 10256
5193 10255
5194 10254
5195 10253
5196 10252
5197 10251
5198 9392
5199 9391
5200 9390
5201 9389
5202 9388
5203 9387
5204 9386
5205 9385
5206 9384
5207 9383
5208 9436
5209 9435
5210 9434
5211 9433
5212 9432
5213 9431
5214 9430
5215 9429
5216 9169
5217 9168
5218 9167
5219 9166
5220 9165
5221 9164
5222 9163
5223 9162
5224 10995
5225 10994
5226 10993
5227 10992
5228 10991
5229 10990
5230 10989
5231 10988
5232 10987
5233 10986
5234 10985
5235 10984
5236 10983
5237 10982
5238 10981
5239 10980
5240 10979
5241 10978
5242 10977
5243 10976
5244 10975
5245 10837
5246 10836
5247 10835
5248 10834
5249 10833
5250 10832
5251 10831
5252 10830
5253 10829
5254 10828
5255 10827
5256 10826
5257 10825
5258 10824
5259 10823
5260 10822
5261 10821
5262 10820
5263 10819
5264 10818
5265 10817
5266 10816
5267 10815
5268 10814
5269 10813
5270 10812
5271 11911
5272 11910
5273 11909
5274 11908
5275 11907
5276 11906
5277 11905
5278 11904
5279 12133
5280 12132
5281 12131
5282 12130
5283 12129
5284 12128
5285 12127
5286 12126
5287 12125
5288 12124
5289 12123
5290 12122
5291 12121
5292 12120
5293 12119
5294 12118
5295 12117
5296 12116
5297 12115
5298 12114
5299 12113
5300 12112
5301 12111
5302 12173
5303 12172
5304 12171
5305 12170
5306 12169
5307 12168
5308 12167
5309 12166
5310 13207
5311 13206
5312 13205
5313 13204
5314 13203
5315 13202
5316 13201
5317 13200
5318 11354
5319 11353
5320 11352
5321 11351
5322 11350
5323 11349
5324 11348
5325 11347
5326 11346
5327 11345
5328 11344
5329 11343
5330 11342
5331 11341
5332 11340
5333 11339
5334 11338
5335 11337
5336 11336
5337 11388
5338 11387
5339 11386
5340 11385
5341 11384
5342 11383
5343 11382
5344 11381
5345 11380
5346 11379
5347 11378
5348 11377
5349 11376
5350 12532
5351 12531
5352 12530
5353 12529
5354 12528
5355 12527
5356 12526
5357 12525
5358 12524
5359 12523
5360 12522
5361 12521
5362 12520
5363 12519
5364 12518
5365 11598
5366 11597
5367 11596
5368 11595
5369 11594
5370 11593
5371 11592
5372 11591
5373 11637
5374 11636
5375 11635
5376 11634
5377 11633
5378 11632
5379 11631
5380 11630
5381 11629
5382 11628
5383 11627
5384 11626
5385 11625
5388 11650
5389 11649
5390 11648
5391 11647
5392 11646
5393 11645
5394 11644
5395 11643
5396 11642
5397 11641
5398 11640
5399 11639
5400 11638
5401 11590
5402 11589
5403 11588
5404 11587
5405 11586
5406 11585
5407 11584
5408 11583
5409 11479
5410 11478
5411 11477
5412 11476
5413 11475
5414 11474
5415 11473
5416 11472
5417 12769
5418 12768
5419 12767
5420 12766
5421 12765
5422 12764
5423 12763
5424 12762
5425 12835
5426 12834
5427 12833
5428 12832
5429 12831
5430 12830
5431 12829
5432 12828
5433 12827
5434 12826
5435 12825
5436 12824
5437 12823
5438 12822
5439 12821
5440 12820
5441 12819
5442 12818
5443 12817
5444 12816
5445 12815
5446 12814
5447 12813
5448 12213
5449 12212
5450 12211
5451 12210
5452 12209
5453 12208
5454 12207
5455 12206
5456 13215
5457 13214
5458 13213
5459 13212
5460 13211
5461 13210
5462 13209
5463 13208
5464 12165
5465 12164
5466 12163
5467 12162
5468 12161
5469 12160
5470 12159
5471 12158
5472 12157
5473 12156
5474 12155
5475 12154
5476 12153
5477 12152
5478 12151
5479 12150
5480 12149
5481 12148
5482 12147
5483 12146
5484 12145
5485 12144
5486 12143
5487 12142
5488 12141
5489 12140
5490 12139
5491 12138
5492 12137
5493 12136
5494 12135
5495 12134
5496 11903
5497 11902
5498 11901
5499 11900
5500 11899
5501 11898
5502 11897
5503 11896
5504 13146
5505 13145
5506 13144
5507 13143
5508 13142
5509 13141
5510 13140
5511 13139
5512 10912
5513 10911
5514 10910
5515 10909
5516 10908
5517 10907
5518 10906
5519 10905
5520 10623
5521 10622
5522 10621
5523 10620
5524 10619
5525 10618
5526 10617
5527 10616
5528 10615
5529 10614
5530 10613
5531 10612
5532 10611
5533 10610
5534 10609
5535 10608
5536 10607
5537 10606
5538 10605
5539 10604
5540 10603
5541 10602
5542 10601
5543 9476
5544 9475
5545 9474
5546 9473
5547 9472
5548 9471
5549 9470
5550 9469
5551 9177
5552 9176
5553 9175
5554 9174
5555 9173
5556 9172
5557 9171
5558 9170
5559 9428
5560 9427
5561 9426
5562 9425
5563 9424
5564 9423
5565 9422
5566 9421
5567 9420
5568 9419
5569 9418
5570 9417
5571 9416
5572 9415
5573 9414
5574 9413
5575 9412
5576 9411
5577 10278
5578 10277
5579 10276
5580 10275
5581 10274
5582 10273
5583 10272
5584 10271
5585 10270
5586 10269
5587 10268
5588 10267
5589 10266
5590 10265
5591 10189
5592 10188
5593 10187
5594 10186
5595 10185
5596 10184
5597 10183
5598 10182
5599 9108
5600 9107
5601 9106
5602 9105
5603 9104
5604 9103
5605 9102
5606 9101
5607 8926
5608 8925
5609 8924
5610 8923
5611 8922
5612 8921
5613 8920
5614 8919
5615 9966
5616 9965
5617 9964
5618 9963
5619 9962
5620 9961
5621 9960
5622 9959
5623 9958
5624 9957
5625 9956
5626 9955
5627 9954
5628 9953
5629 9952
5630 9951
5631 9950
5632 9949
5633 9948
5634 9947
5635 9946
5636 9945
5637 9944
5638 7257
5639 7256
5640 7255
5641 7254
5642 7253
5643 7252
5644 7251
5645 7250
5646 8743
5647 8742
5648 8741
5649 8740
5650 8739
5651 8738
5652 8737
5653 8736
5654 7209
5655 7208
5656 7207
5657 7206
5658 7205
5659 7204
5660 7203
5661 7202
5662 7201
5663 7200
5664 7199
5665 7198
5666 7197
5667 7196
5668 7195
5669 7194
5670 7511
5671 7510
5672 7509
5673 7508
5674 7507
5675 7506
5676 7505
5677 7504
5678 7557
5679 7556
5680 7555
5681 7554
5682 7553
5683 7552
5684 7551
5685 7550
5686 7113
5687 7112
5688 7111
5689 7110
5690 7109
5691 7108
5692 7107
5693 7106
5694 8674
5695 8673
5696 8672
5697 8671
5698 8670
5699 8669
5700 8668
5701 8667
5702 6959
5703 6958
5704 6957
5705 6956
5706 6955
5707 6954
5708 6953
5709 6952
5710 7965
5711 7964
5712 7963
5713 7962
5714 7961
5715 7960
5716 7959
5717 6923
5718 6922
5719 6921
5720 6920
5721 6919
5722 6918
5723 6917
5724 6916
5725 6915
5726 6914
5727 6913
5728 6912
5729 6911
5730 6910
5731 6909
5732 6908
5733 6907
5734 8388
5735 8387
5736 8386
5737 8385
5738 8384
5739 8383
5740 8382
5741 8381
5742 8104
5743 8103
5744 8102
5745 8101
5746 8100
5747 8099
5748 8098
5749 8097
5750 8340
5751 8339
5752 8338
5753 8337
5754 8336
5755 8335
5756 8334
5757 8333
5758 8332
5759 8331
5760 8330
5761 8329
5762 8328
5763 8327
5764 8326
5765 8325
5766 8324
5769 8323
5770 8322
5771 8321
5772 8320
5773 8319
5774 8318
5775 8317
5776 8316
5777 8315
5778 8314
5779 8313
5780 8312
5781 8311
5782 8310
5783 8309
5784 8308
5785 8307
5786 8306
5787 8305
5788 8304
5789 8303
5790 8302
5791 8112
5792 8111
5793 8110
5794 8109
5795 8108
5796 8107
5797 8106
5798 8105
5799 8380
5800 8379
5801 8378
5802 8377
5803 8376
5804 8375
5805 8374
5806 8373
5807 7998
5808 7997
5809 7996
5810 7995
5811 7994
5812 7993
5813 7992
5814 7991
5815 7990
5816 7989
5817 7988
5818 7987
5819 7986
5820 7985
5821 7984
5822 7983
5823 7982
5824 7981
5825 7980
5826 7979
5827 7978
5828 7977
5829 7976
5830 7975
5831 7974
5832 7973
5833 7972
5834 7971
5835 7970
5836 7969
5837 7968
5838 7967
5839 7966
5840 6951
5841 6950
5842 6949
5843 6948
5844 6947
5845 6946
5846 6945
5847 6944
5848 7905
5849 7904
5850 7903
5851 7902
5852 7901
5853 7900
5854 7899
5855 7898
5856 7897
5857 7896
5858 7895
5859 7894
5860 7893
5861 7892
5862 7891
5863 7565
5864 7564
5865 7563
5866 7562
5867 7561
5868 7560
5869 7559
5870 7558
5871 7503
5872 7502
5873 7501
5874 7500
5875 7499
5876 7498
5877 7497
5878 7496
5879 7495
5880 7494
5881 7493
5882 7492
5883 7491
5884 7490
5885 7489
5886 7488
5887 7487
5888 7486
5889 7485
5890 7484
5891 7483
5892 7482
5893 7481
5894 7480
5895 7479
5896 7478
5897 7477
5898 7476
5899 7475
5900 7474
5901 7473
5902 7472
5903 7471
5904 7470
5905 8751
5906 8750
5907 8749
5908 8748
5909 8747
5910 8746
5911 8745
5912 8744
5913 7249
5914 7248
5915 7247
5916 7246
5917 7245
5918 7244
5919 7243
5920 7242
5921 9688
5922 9687
5923 9686
5924 9685
5925 9684
5926 9683
5927 9682
5928 9681
5929 9680
5930 9679
5931 9678
5932 9677
5933 9676
5934 9675
5935 9674
5936 9673
5937 9672
5938 9671
5939 9670
5940 9669
5941 9980
5942 9979
5943 9978
5944 9977
5945 9976
5946 9975
5947 9974
5948 9973
5949 9972
5950 9971
5951 9970
5952 9969
5953 9968
5954 9967
5955 8918
5956 8917
5957 8916
5958 8915
5959 8914
5960 8913
5961 8912
5962 8911
5963 9636
5964 9635
5965 9634
5966 9633
5967 9632
5968 9631
5969 9630
5970 9629
5971 9628
5972 9627
5973 9626
5974 9625
5975 9624
5976 9623
5977 9622
5978 10311
5979 10310
5980 10309
5981 10308
5982 10307
5983 10306
5984 10305
5985 10304
5986 10303
5987 10302
5988 10301
5989 10300
5990 10299
5991 10298
5992 10297
5993 10296
5994 10295
5995 10294
5996 10293
5997 10292
5998 10291
5999 10290
6000 10289
6001 10288
6002 10287
6003 10286
6004 9374
6005 9373
6006 9372
6007 9371
6008 9370
6009 9369
6010 9368
6011 9367
6012 9366
6013 9365
6014 9364
6015 9363
6016 9362
6017 9361
6018 9360
6019 9359
6020 9185
6021 9184
6022 9183
6023 9182
6024 9181
6025 9180
6026 9179
6027 9178
6028 9468
6029 9467
6030 9466
6031 9465
6032 9464
6033 9463
6034 9462
6035 9461
6036 10855
6037 10854
6038 10853
6039 10852
6040 10851
6041 10850
6042 10849
6043 10848
6044 10847
6045 10846
6046 10845
6047 10844
6048 10843
6049 10842
6050 10841
6051 10840
6052 10839
6053 10838
6054 10587
6055 10586
6056 10585
6057 10584
6058 10583
6059 10582
6060 10581
6061 10580
6062 10631
6063 10630
6064 10629
6065 10628
6066 10627
6067 10626
6068 10625
6069 10624
6070 10904
6071 10903
6072 10902
6073 10901
6074 10900
6075 10899
6076 10898
6077 10897
6078 10803
6079 10802
6080 10801
6081 10800
6082 10799
6083 10798
6084 10797
6085 10796
6086 10795
6087 10794
6088 10793
6089 10792
6090 10791
6091 10790
6092 10789
6093 11971
6094 11970
6095 11969
6096 11968
6097 11967
6098 11966
6099 11965
6100 11964
6101 11963
6102 11962
6103 11961
6104 11960
6105 11959
6106 11958
6107 11957
6108 11956
6109 11955
6110 11954
6111 11953
6112 11952
6113 11951
6114 11950
6115 11949
6116 11948
6117 11947
6118 11946
6119 12102
6120 12101
6121 12100
6122 12099
6123 12098
6124 12097
6125 12096
6126 12095
6127 12094
6128 12093
6129 12092
6130 12091
6131 12090
6132 12089
6133 12088
6134 13223
6135 13222
6136 13221
6137 13220
6138 13219
6139 13218
6140 13217
6141 13216
6142 12205
6143 12204
6144 12203
6145 12202
6146 12201
6147 12200
6148 12199
6149 12198
6150 12468
6151 12467
6152 12466
6153 12465
6154 12464
6155 12463
6156 12462
6157 12461
6158 12460
6159 12459
6160 12458
6161 12457
6162 12456
6163 12455
6164 12454
6165 12453
6166 12452
6167 12451
6168 12450
6169 12449
6170 12448
6171 12447
6172 12446
6173 12445
6174 12444
6175 12443
6176 12843
6177 12842
6178 12841
6179 12840
6180 12839
6181 12838
6182 12837
6183 12836
6184 12761
6185 12760
6186 12759
6187 12758
6188 12757
6189 12756
6190 12755
6191 12754
6192 12753
6193 12752
6194 12751
6195 12750
6196 12749
6197 12748
6198 12747
6199 12746
6200 12745
6201 12744
6202 12743
6203 12742
6204 12741
6205 12740
6206 12739
6207 11668
6208 11667
6209 11666
6210 11665
6211 11664
6212 11663
6213 11662
6214 11661
6215 11660
6216 11659
6217 11658
6218 11657
6219 11656
6220 11655
6221 11654
6222 11653
6223 11652
6224 11651
6227 11624
6228 11623
6229 11622
6230 11621
6231 11620
6232 11619
6233 11618
6234 11617
6235 11616
6236 11615
6237 11614
6238 11613
6239 11612
6240 11611
6241 11610
6242 11609
6243 11608
6244 11607
6245 11606
6246 11605
6247 11604
6248 11603
6249 11602
6250 11601
6251 11600
6252 11599
6253 12517
6254 12516
6255 12515
6256 12514
6257 12513
6258 12512
6259 12511
6260 12510
6261 12509
6262 12508
6263 12507
6264 12506
6265 12505
6266 12504
6267 12503
6268 12502
6269 12501
6270 12500
6271 12499
6272 12498
6273 12497
6274 12496
6275 12495
6276 12494
6277 12493
6278 12492
6279 12491
6280 12490
6281 12489
6282 12488
6283 12487
6284 12486
6285 12485
6286 12484
6287 12483
6288 12482
6289 12481
6290 12480
6291 12479
6292 12478
6293 12477
6294 12476
6295 12475
6296 12474
6297 12473
6298 12472
6299 12471
6300 12470
6301 12469
6302 12197
6303 12196
6304 12195
6305 12194
6306 12193
6307 12192
6308 12191
6309 12190
6310 12189
6311 12188
6312 12187
6313 12186
6314 12185
6315 12184
6316 12183
6317 12182
6318 12181
6319 12180
6320 12179
6321 12178
6322 12177
6323 12176
6324 12175
6325 12174
6326 12110
6327 12109
6328 12108
6329 12107
6330 12106
6331 12105
6332 12104
6333 12103
6334 11945
6335 11944
6336 11943
6337 11942
6338 11941
6339 11940
6340 11939
6341 11938
6342 11937
6343 11936
6344 11935
6345 11934
6346 11933
6347 11932
6348 11931
6349 11930
6350 11929
6351 11928
6352 11927
6353 11926
6354 11925
6355 11924
6356 11923
6357 11922
6358 11921
6359 11920
6360 11919
6361 11918
6362 11917
6363 11916
6364 11915
6365 11914
6366 11913
6367 11912
6368 10811
6369 10810
6370 10809
6371 10808
6372 10807
6373 10806
6374 10805
6375 10804
6376 10896
6377 10895
6378 10894
6379 10893
6380 10892
6381 10891
6382 10890
6383 10889
6384 10888
6385 10887
6386 10886
6387 10885
6388 10884
6389 10883
6390 10882
6391 10881
6392 10880
6393 10879
6394 10878
6395 10877
6396 10876
6397 10875
6398 10874
6399 10873
6400 10872
6401 10871
6402 10870
6403 10869
6404 10868
6405 10867
6406 10866
6407 10865
6408 10864
6409 10863
6410 10862
6411 10861
6412 10860
6413 10859
6414 10858
6415 10857
6416 10856
6417 9460
6418 9459
6419 9458
6420 9457
6421 9456
6422 9455
6423 9454
6424 9453
6425 9452
6426 9451
6427 9450
6428 9449
6429 9448
6430 9447
6431 9446
6432 9445
6433 9444
6434 9443
6435 9442
6436 9441
6437 9440
6438 9439
6439 9438
6440 9437
6441 9382
6442 9381
6443 9380
6444 9379
6445 9378
6446 9377
6447 9376
6448 9375
6449 10285
6450 10284
6451 10283
6452 10282
6453 10281
6454 10280
6455 10279
6456 10224
6457 10223
6458 10222
6459 10221
6460 10220
6461 10219
6462 10218
6463 10217
6464 10216
6465 10215
6466 10214
6467 10213
6468 10212
6469 10211
6470 10210
6471 10209
6472 10208
6473 10207
6474 10206
6475 10205
6476 10204
6477 10203
6478 10202
6479 10201
6480 10200
6481 10199
6482 10198
6483 9644
6484 9643
6485 9642
6486 9641
6487 9640
6488 9639
6489 9638
6490 9637
6491 8910
6492 8909
6493 8908
6494 8907
6495 8906
6496 8905
6497 8904
6498 8903
6499 8902
6500 8901
6501 8900
6502 8899
6503 8898
6504 8897
6505 8896
6506 8895
6507 8894
6508 8893
6509 8892
6510 8891
6511 8890
6512 8889
6513 8888
6514 8887
6515 8886
6516 8885
6517 8884
6518 8883
6519 8882
6520 8881
6521 8880
6522 8879
6523 8878
6524 8877
6525 9695
6526 9694
6527 9693
6528 9692
6529 9691
6530 9690
6531 9689
6532 7241
6533 7240
6534 7239
6535 7238
6536 7237
6537 7236
6538 7235
6539 7234
6540 7233
6541 7232
6542 7231
6543 7230
6544 7229
6545 7228
6546 7227
6547 7226
6548 7225
6549 7224
6550 7223
6551 7222
6552 7221
6553 7220
6554 7219
6555 7218
6556 7163
6557 7162
6558 7161
6559 7160
6560 7159
6561 7158
6562 7157
6563 7156
6564 7155
6565 7154
6566 7153
6567 7152
6568 7151
6569 7150
6570 7149
6571 7148
6572 7147
6573 7146
6574 7145
6575 7144
6576 7143
6577 7142
6578 7141
6579 7140
6580 7139
6581 7138
6582 7137
6583 7136
6584 7135
6585 7134
6586 7133
6587 7132
6588 7131
6589 7130
6590 7129
6591 7128
6592 7127
6593 7126
6594 7125
6595 7124
6596 7123
6597 7122
6598 7913
6599 7912
6600 7911
6601 7910
6602 7909
6603 7908
6604 7907
6605 7906
6606 6943
6607 6942
6608 6941
6609 6940
6610 6939
6611 6938
6612 6937
6613 6936
6614 6935
6615 6934
6616 6933
6617 6932
6618 6931
6619 6930
6620 6929
6621 6928
6622 6927
6623 6926
6624 6925
6625 6924
6626 7958
6627 7957
6628 7956
6629 7955
6630 7954
6631 7953
6632 7952
6633 7951
6634 7950
6635 7949
6636 7948
6637 7947
6638 7946
6639 7945
6640 8006
6641 8005
6642 8004
6643 8003
6644 8002
6645 8001
6646 8000
6647 7999
6648 8372
6649 8371
6650 8370
6651 8369
6652 8368
6653 8367
6654 8366
6655 8365
6656 8364
6657 8363
6658 8362
6659 8361
6660 8360
6661 8359
6662 8358
6663 8357
6664 8356
6665 8355
6666 8354
6667 8353
6668 8352
6669 8351
6670 8350
6671 8349
6672 8059
6673 8058
6674 8057
6675 8056
6676 8055
6677 8054
6678 8053
6679 8052
6680 8051
6681 8050
6682 8049
6683 8048
6684 8047
6685 8046
1323 11679
3257 8189
