0 7140
1 7139
2 7138
3 7137
4 7136
5 7135
6 7134
7 7109
8 7108
9 7107
10 7106
11 7105
12 7104
13 7103
14 7102
15 7101
16 7100
17 7099
18 7098
19 7097
20 7096
21 7095
22 7094
23 7093
24 7092
25 7091
26 7090
27 7089
28 7088
29 7087
30 7086
31 7676
32 7675
33 7674
34 7673
35 7672
36 7671
37 7670
38 7669
39 7668
40 7667
41 7666
42 7665
43 7664
44 7663
45 7662
46 7661
47 7660
48 7659
49 7658
50 7657
51 7656
52 7655
53 7654
54 7653
55 7652
56 7651
57 7650
58 7649
59 7648
60 7647
61 7646
62 7645
63 7644
64 7643
65 7642
66 7641
67 7640
68 7639
69 7638
70 7637
71 7636
72 7635
73 7634
74 7730
75 7729
76 7728
77 7727
78 7726
79 7725
80 7724
81 7723
82 8062
83 8061
84 8060
85 8059
86 8058
87 8057
88 8056
89 8055
90 8054
91 8053
92 8052
93 8051
94 8050
95 8049
96 8048
97 8047
98 8046
99 8045
100 8044
101 8043
102 8042
103 8041
104 8040
105 8424
106 8423
107 8422
108 8421
109 8420
110 8419
111 8418
112 8417
113 8416
114 8415
115 8414
116 8413
117 8412
118 8411
119 8850
120 8849
121 8848
122 8847
123 8846
124 8845
125 8844
126 8843
127 8842
128 8841
129 8840
130 8839
131 8838
132 8837
133 8836
134 8835
135 8834
136 8833
137 8832
138 8831
139 8830
140 8829
141 8828
142 8827
143 8826
144 8825
145 8824
146 8823
147 8822
148 8821
149 9457
150 9456
151 9455
152 9454
153 9453
154 9452
155 9451
156 9450
157 9553
158 9552
159 9551
160 9550
161 9549
162 9548
163 9547
164 9546
165 9545
166 9544
167 9543
168 9542
169 9541
170 9540
171 9539
172 9538
173 9537
174 9536
175 9535
176 9534
177 9533
178 9606
179 9605
180 9604
181 9603
182 9602
183 9601
184 9600
185 9599
186 9598
187 9597
188 9596
189 9595
190 9594
191 9593
192 9592
193 9132
194 9131
195 9130
196 9129
197 9128
198 9127
199 9126
200 9125
201 11143
202 11142
203 11141
204 11140
205 11139
206 11138
207 11137
208 11136
209 11135
210 11134
211 11133
212 11132
213 11131
214 11130
215 11129
216 11128
217 11127
218 11126
219 11125
220 11124
221 11123
222 11122
223 11121
224 11120
225 11119
226 11118
227 11117
228 11116
229 11115
230 11114
231 11113
232 11112
233 11111
234 11110
235 11109
236 11108
237 11107
238 11106
239 11105
240 11104
241 11103
242 11102
243 11101
244 11046
245 11045
246 11044
247 11043
248 11042
249 11041
250 11040
251 11039
252 11038
253 11037
254 11036
255 11035
256 11034
257 11033
258 11032
259 11031
260 11030
261 11029
262 11028
263 11027
264 11026
265 11025
266 11024
267 11023
268 10318
269 10317
270 10316
271 10315
272 10314
273 10313
274 10312
275 10311
276 10126
277 10125
278 10124
279 10123
280 10122
281 10121
282 10120
283 10119
284 10118
285 10117
286 10116
287 10115
288 10114
289 10113
290 10112
291 10111
292 10110
293 10109
294 10108
295 10366
296 10365
297 10364
298 10363
299 10362
300 10361
301 10360
302 10359
303 10358
304 10357
305 10356
306 10355
307 10354
308 10353
309 10352
310 10351
311 10350
312 11686
313 11685
314 11684
315 11683
316 11682
317 11681
318 11680
319 11679
320 12230
321 12229
322 12228
323 12227
324 12226
325 12225
326 12224
327 12223
328 12222
329 12221
330 12220
331 12219
332 12218
333 12217
334 12216
335 12215
336 12214
337 12213
338 12212
339 12211
340 12210
341 12209
342 12208
343 12207
344 12206
345 12205
346 12204
347 12203
348 12202
349 12201
350 12200
351 12199
352 12198
353 12197
354 12196
355 12195
356 12194
357 12193
358 12192
359 12191
360 12190
361 12189
362 12188
363 11792
364 11791
365 11790
366 11789
367 11788
368 11787
369 11786
370 11785
371 11784
372 11783
373 11782
374 11781
375 11780
376 11779
377 11778
378 11777
379 11776
380 11775
381 11774
382 11773
383 11772
384 11771
385 11770
386 12886
387 12885
388 12884
389 12883
390 12882
391 12881
392 12880
393 12879
394 13125
395 13124
396 13123
397 13122
398 13121
399 13120
400 13119
401 13118
402 13117
403 13116
404 13115
405 13114
406 13113
407 13112
408 13111
409 13110
410 13109
411 12936
412 12935
413 12934
414 12933
415 12932
416 12931
417 12930
418 12929
419 12928
420 12927
421 12926
422 12925
423 12924
424 12923
425 12922
426 12921
427 12920
428 12919
429 12918
430 13375
431 13374
432 13373
433 13372
434 13371
435 13370
436 13369
437 13368
438 10529
439 10528
440 10527
441 10526
442 10525
443 10524
444 10523
445 10522
446 10521
447 10520
448 10519
449 10518
450 10517
451 10516
452 10515
453 10514
454 10513
455 10512
456 10511
457 10510
458 10509
459 10508
460 10507
461 10506
462 10505
463 10504
466 10704
467 10703
468 10702
469 10701
470 10700
471 10699
472 10698
473 10697
474 10696
475 10695
476 10694
477 10442
478 10441
479 10440
480 10439
481 10438
482 10437
483 10436
484 10435
485 10537
486 10536
487 10535
488 10534
489 10533
490 10532
491 10531
492 10530
493 13367
494 13366
495 13365
496 13364
497 13363
498 13362
499 13361
500 13360
501 13359
502 13358
503 13357
504 13356
505 13355
506 13354
507 13353
508 13352
509 13152
510 13151
511 13150
512 13149
513 13148
514 13147
515 13146
516 13145
517 13144
518 13143
519 13142
520 13141
521 13140
522 13139
523 13138
524 13137
525 13136
526 13135
527 13134
528 13133
529 13132
530 13131
531 13130
532 13129
533 13128
534 13127
535 13126
536 12878
537 12877
538 12876
539 12875
540 12874
541 12873
542 12872
543 12871
544 12870
545 12869
546 12868
547 12867
548 12866
549 12865
550 12864
551 12863
552 12107
553 12106
554 12105
555 12104
556 12103
557 12102
558 12101
559 12100
560 11800
561 11799
562 11798
563 11797
564 11796
565 11795
566 11794
567 11793
568 12187
569 12186
570 12185
571 12184
572 12183
573 12182
574 12181
575 12180
576 12179
577 12178
578 12177
579 12176
580 12175
581 12174
582 12173
583 12172
584 12171
585 12170
586 12169
587 12168
588 12167
589 12166
590 12165
591 12164
592 12163
593 12162
594 12161
595 12160
596 10776
597 10775
598 10774
599 10773
600 10772
601 10771
602 10770
603 10769
604 12238
605 12237
606 12236
607 12235
608 12234
609 12233
610 12232
611 12231
612 11678
613 11677
614 11676
615 11675
616 11674
617 11673
618 11672
619 11671
620 11670
621 11669
622 11668
623 11667
624 11666
625 11665
626 11664
627 11663
628 10153
629 10152
630 10151
631 10150
632 10149
633 10148
634 10147
635 10146
636 10145
637 10144
638 10143
639 10142
640 10141
641 10140
642 10139
643 10138
644 10137
645 10136
646 10135
647 10134
648 10133
649 10132
650 10131
651 10130
652 10129
653 10128
654 10127
655 10310
656 10309
657 10308
658 10307
659 10306
660 10305
661 10304
662 10303
663 10302
664 10301
665 10300
666 10299
667 10298
668 10297
669 10296
670 10295
671 9654
672 9653
673 9652
674 9651
675 9650
676 9649
677 9648
678 9647
679 11054
680 11053
681 11052
682 11051
683 11050
684 11049
685 11048
686 11047
687 11100
688 11099
689 11098
690 11097
691 11096
692 11095
693 11094
694 11093
695 9964
696 9963
697 9962
698 9961
699 9960
700 9959
701 9958
702 9957
703 9956
704 9955
705 9954
706 9953
707 9952
708 9951
709 9950
710 9949
711 9948
712 9947
713 9946
714 9945
715 11388
716 11387
717 11386
718 11385
719 11384
720 11383
721 11382
722 11381
723 11151
724 11150
725 11149
726 11148
727 11147
728 11146
729 11145
730 11144
731 9124
732 9123
733 9122
734 9121
735 9120
736 9119
737 9118
738 9117
739 9116
740 9115
741 9114
742 9113
743 9112
744 9111
745 9110
746 9109
747 9486
748 9485
749 9484
750 9483
751 9482
752 9481
753 9480
754 9319
755 9318
756 9317
757 9316
758 9315
759 9314
760 9313
761 9312
762 9311
763 9310
764 9309
765 9308
766 9307
767 9560
768 9559
769 9558
770 9557
771 9556
772 9555
773 9554
774 9449
775 9448
776 9447
777 9446
778 9445
779 9444
780 9443
781 9442
782 9441
783 9440
784 9439
785 9438
786 9437
787 9436
788 9435
789 9434
790 8616
791 8615
792 8614
793 8613
794 8612
795 8611
796 8610
797 8609
798 8402
799 8401
800 8400
801 8399
802 8398
803 8397
804 8396
805 8395
806 8394
807 8393
808 8392
809 8391
810 8390
811 8389
812 8584
813 8583
814 8582
815 8581
816 8580
817 8579
818 8578
819 8577
820 8576
821 8575
822 8574
823 8573
824 8572
825 8571
826 8570
827 8569
828 8568
829 8567
830 8566
831 8565
832 8564
833 8563
834 7828
835 7827
836 7826
837 7825
838 7824
839 7823
840 7822
841 7821
842 8070
843 8069
844 8068
845 8067
846 8066
847 8065
848 8064
849 8063
850 7722
851 7721
852 7720
853 7719
854 7718
855 7717
856 7716
857 7715
858 7714
859 7713
860 7712
861 7711
862 7710
863 7709
864 7708
865 7707
866 7706
867 7705
868 7704
869 7703
870 7702
871 7626
872 7625
873 7624
874 7623
875 7622
876 7621
877 7620
878 8109
879 8108
880 8107
881 8106
882 8105
883 8104
884 8103
885 8102
886 7568
887 7567
888 7566
889 7565
890 7564
891 7563
892 7562
893 7561
894 7560
895 7559
896 7558
897 7557
898 7556
899 7555
900 7554
901 7553
902 7552
903 7551
904 7550
905 7549
906 7548
907 7547
908 7546
909 7545
910 6943
911 6942
912 6941
913 6940
914 6939
915 6938
916 6937
917 6936
918 7117
919 7116
920 7115
921 7114
922 7113
923 7112
924 7111
925 7110
926 7133
927 7132
928 7131
929 7130
930 7129
931 7128
932 7127
935 6954
936 6953
937 6952
938 6951
939 6950
940 6949
941 6948
942 6947
943 6946
944 6945
945 6944
946 7544
947 7543
948 7542
949 7541
950 7540
951 7539
952 7538
953 7537
954 7021
955 7020
956 7019
957 7018
958 7017
959 7016
960 7015
961 7014
962 8124
963 8123
964 8122
965 8121
966 8120
967 8119
968 8118
969 8117
970 8116
971 8115
972 8114
973 8113
974 8112
975 8111
976 8110
977 7619
978 7618
979 7617
980 7616
981 7615
982 7614
983 7613
984 7612
985 7611
986 7610
987 7609
988 7608
989 7607
990 7606
991 7605
992 7604
993 7603
994 7602
995 7601
996 7600
997 8219
998 8218
999 8217
1000 8216
1001 8215
1002 8214
1003 8213
1004 8212
1005 7843
1006 7842
1007 7841
1008 7840
1009 7839
1010 7838
1011 7837
1012 7836
1013 7835
1014 7834
1015 7833
1016 7832
1017 7831
1018 7830
1019 7829
1020 8562
1021 8561
1022 8560
1023 8559
1024 8558
1025 8557
1026 8556
1027 8555
1028 8652
1029 8651
1030 8650
1031 8649
1032 8648
1033 8647
1034 8646
1035 8645
1036 8644
1037 8643
1038 8642
1039 8641
1040 8640
1041 8639
1042 8638
1043 8637
1044 8636
1045 8635
1046 8634
1047 8633
1048 8632
1049 8631
1050 8630
1051 8629
1052 8628
1053 8627
1054 8626
1055 8625
1056 8624
1057 8623
1058 8622
1059 8621
1060 8620
1061 8619
1062 8618
1063 8617
1064 9433
1065 9432
1066 9431
1067 9430
1068 9429
1069 9428
1070 9427
1071 9426
1072 7965
1073 7964
1074 7963
1075 7962
1076 7961
1077 7960
1078 7959
1079 7958
1080 9204
1081 9203
1082 9202
1083 9201
1084 9200
1085 9199
1086 9198
1087 9197
1088 9196
1089 9195
1090 9194
1091 9193
1092 9192
1093 9191
1094 9190
1095 9189
1096 9188
1097 9187
1098 9186
1099 9185
1100 9184
1101 9493
1102 9492
1103 9491
1104 9490
1105 9489
1106 9488
1107 9487
1108 9108
1109 9107
1110 9106
1111 9105
1112 9104
1113 9103
1114 9102
1115 9101
1116 9274
1117 9273
1118 9272
1119 9271
1120 9270
1121 9269
1122 9268
1123 9267
1124 11403
1125 11402
1126 11401
1127 11400
1128 11399
1129 11398
1130 11397
1131 11396
1132 11395
1133 11394
1134 11393
1135 11392
1136 11391
1137 11390
1138 11389
1139 9944
1140 9943
1141 9942
1142 9941
1143 9940
1144 9939
1145 9938
1146 9937
1147 9936
1148 9935
1149 9934
1150 9933
1151 9932
1152 9931
1153 9930
1154 9929
1155 9928
1156 9927
1157 9926
1158 9925
1159 9924
1160 9923
1161 9922
1162 9921
1163 9920
1164 9919
1165 9918
1166 9917
1167 9670
1168 9669
1169 9668
1170 9667
1171 9666
1172 9665
1173 9664
1174 9663
1175 9662
1176 9661
1177 9660
1178 9659
1179 9658
1180 9657
1181 9656
1182 9655
1183 10294
1184 10293
1185 10292
1186 10291
1187 10290
1188 10289
1189 10288
1190 10287
1191 11296
1192 11295
1193 11294
1194 11293
1195 11292
1196 11291
1197 11290
1198 11289
1199 10181
1200 10180
1201 10179
1202 10178
1203 10177
1204 10176
1205 10175
1206 10174
1207 10173
1208 10172
1209 10171
1210 10170
1211 10169
1212 10168
1213 10167
1214 10166
1215 10165
1216 10164
1217 10163
1218 10162
1219 10161
1220 10160
1221 10159
1222 10158
1223 10157
1224 10156
1225 10155
1226 10154
1227 11662
1228 11661
1229 11660
1230 11659
1231 11658
1232 11657
1233 11656
1234 11655
1235 11591
1236 11590
1237 11589
1238 11588
1239 11587
1240 11586
1241 11585
1242 11584
1243 10791
1244 10790
1245 10789
1246 10788
1247 10787
1248 10786
1249 10785
1250 10784
1251 10783
1252 10782
1253 10781
1254 10780
1255 10779
1256 10778
1257 10777
1258 12159
1259 12158
1260 12157
1261 12156
1262 12155
1263 12154
1264 12153
1265 12152
1266 12151
1267 12150
1268 12149
1269 12148
1270 12147
1271 12146
1272 12145
1273 12144
1274 12143
1275 12142
1276 12047
1277 12046
1278 12045
1279 12044
1280 12043
1281 12042
1282 12041
1283 12040
1284 12039
1285 12038
1286 12122
1287 12121
1288 12120
1289 12119
1290 12118
1291 12117
1292 12116
1293 12115
1294 12114
1295 12113
1296 12112
1297 12111
1298 12110
1299 12109
1300 12108
1301 12862
1302 12861
1303 12860
1304 12859
1305 12858
1306 12857
1307 12856
1308 12855
1309 12609
1310 12608
1311 12607
1312 12606
1313 12605
1314 12604
1315 12603
1316 12602
1317 12953
1318 12952
1319 12951
1320 12950
1321 12949
1322 12948
1323 12947
1324 12946
1325 12945
1326 12944
1327 12943
1328 12942
1329 12941
1330 12940
1331 12939
1332 12938
1333 12937
1334 13163
1335 13162
1336 13161
1337 13160
1338 13159
1339 13158
1340 13157
1341 13156
1342 13155
1343 13154
1344 13153
1345 13351
1346 13350
1347 13349
1348 13348
1349 13347
1350 13346
1351 13345
1352 13344
1353 13069
1354 13068
1355 13067
1356 13066
1357 13065
1358 13064
1359 13063
1360 13062
1361 10457
1362 10456
1363 10455
1364 10454
1365 10453
1366 10452
1367 10451
1368 10450
1369 10449
1370 10448
1371 10447
1372 10446
1373 10445
1374 10444
1375 10443
1376 10693
1377 10692
1378 10691
1379 10690
1380 10689
1381 10688
1382 10687
1383 10686
1384 10685
1385 10684
1386 10683
1389 10682
1390 10681
1391 10680
1392 10679
1393 10678
1394 10677
1395 10676
1396 10675
1397 10674
1398 10673
1399 10672
1400 12748
1401 12747
1402 12746
1403 12745
1404 12744
1405 12743
1406 12742
1407 12741
1408 10465
1409 10464
1410 10463
1411 10462
1412 10461
1413 10460
1414 10459
1415 10458
1416 13061
1417 13060
1418 13059
1419 13058
1420 13057
1421 13056
1422 13055
1423 13054
1424 13053
1425 13052
1426 13051
1427 13050
1428 13049
1429 13048
1430 13047
1431 13046
1432 12980
1433 12979
1434 12978
1435 12977
1436 12976
1437 12975
1438 12974
1439 12973
1440 12972
1441 12971
1442 12970
1443 12969
1444 12968
1445 12967
1446 12966
1447 12965
1448 12964
1449 12963
1450 12962
1451 12961
1452 12960
1453 12959
1454 12958
1455 12957
1456 12956
1457 12955
1458 12954
1459 12601
1460 12600
1461 12599
1462 12598
1463 12597
1464 12596
1465 12595
1466 12594
1467 12593
1468 12592
1469 12591
1470 12590
1471 12589
1472 12588
1473 12587
1474 12586
1475 11881
1476 11880
1477 11879
1478 11878
1479 11877
1480 11876
1481 11875
1482 11874
1483 12130
1484 12129
1485 12128
1486 12127
1487 12126
1488 12125
1489 12124
1490 12123
1491 12037
1492 12036
1493 12035
1494 12034
1495 12033
1496 12032
1497 12031
1498 12030
1499 12029
1500 12028
1501 12027
1502 12026
1503 12025
1504 12024
1505 12023
1506 12022
1507 12021
1508 12020
1509 12019
1510 12018
1511 12017
1512 12016
1513 12015
1514 12014
1515 12013
1516 12012
1517 12011
1518 12010
1519 10807
1520 10806
1521 10805
1522 10804
1523 10803
1524 10802
1525 10801
1526 10800
1527 10799
1528 10798
1529 10797
1530 10796
1531 10795
1532 10794
1533 10793
1534 10792
1535 11583
1536 11582
1537 11581
1538 11580
1539 11579
1540 11578
1541 11577
1542 11576
1543 11575
1544 11574
1545 11573
1546 11572
1547 11571
1548 11570
1549 11569
1550 11568
1551 10208
1552 10207
1553 10206
1554 10205
1555 10204
1556 10203
1557 10202
1558 10201
1559 10200
1560 10199
1561 10198
1562 10197
1563 10196
1564 10195
1565 10194
1566 10193
1567 10192
1568 10191
1569 10190
1570 10189
1571 10188
1572 10187
1573 10186
1574 10185
1575 10184
1576 10183
1577 10182
1578 11288
1579 11287
1580 11286
1581 11285
1582 11284
1583 11283
1584 11282
1585 11281
1586 11280
1587 11279
1588 11278
1589 11277
1590 11276
1591 11275
1592 11274
1593 11273
1594 9790
1595 9789
1596 9788
1597 9787
1598 9786
1599 9785
1600 9784
1601 9783
1602 9678
1603 9677
1604 9676
1605 9675
1606 9674
1607 9673
1608 9672
1609 9671
1610 9916
1611 9915
1612 9914
1613 9913
1614 9912
1615 9911
1616 9910
1617 9909
1618 9908
1619 9907
1620 9906
1621 9905
1622 9904
1623 9903
1624 9902
1625 9901
1626 9900
1627 9899
1628 9898
1629 9897
1630 9896
1631 9895
1632 9894
1633 9893
1634 9892
1635 9891
1636 9890
1637 9889
1638 8909
1639 8908
1640 8907
1641 8906
1642 8905
1643 8904
1644 8903
1645 8902
1646 11411
1647 11410
1648 11409
1649 11408
1650 11407
1651 11406
1652 11405
1653 11404
1654 9266
1655 9265
1656 9264
1657 9263
1658 9262
1659 9261
1660 9260
1661 9259
1662 9258
1663 9257
1664 9256
1665 9255
1666 9254
1667 9253
1668 9252
1669 9251
1670 9326
1671 9325
1672 9324
1673 9323
1674 9322
1675 9321
1676 9320
1677 9091
1678 9090
1679 9089
1680 9088
1681 9087
1682 9086
1683 9085
1684 9084
1685 9083
1686 9082
1687 9081
1688 9080
1689 9079
1690 9211
1691 9210
1692 9209
1693 9208
1694 9207
1695 9206
1696 9205
1697 7957
1698 7956
1699 7955
1700 7954
1701 7953
1702 7952
1703 7951
1704 7950
1705 7949
1706 7948
1707 7947
1708 7946
1709 7945
1710 7944
1711 7943
1712 7942
1713 8464
1714 8463
1715 8462
1716 8461
1717 8460
1718 8459
1719 8458
1720 8457
1721 8522
1722 8521
1723 8520
1724 8519
1725 8518
1726 8517
1727 8516
1728 8515
1729 8514
1730 8513
1731 8512
1732 8511
1733 8510
1734 8509
1735 8388
1736 8387
1737 8386
1738 8385
1739 8384
1740 8383
1741 8382
1742 8381
1743 8380
1744 8379
1745 8378
1746 8377
1747 8376
1748 8375
1749 8374
1750 8373
1751 8372
1752 8371
1753 8370
1754 8369
1755 8368
1756 8367
1757 7273
1758 7272
1759 7271
1760 7270
1761 7269
1762 7268
1763 7267
1764 7266
1765 7851
1766 7850
1767 7849
1768 7848
1769 7847
1770 7846
1771 7845
1772 7844
1773 8211
1774 8210
1775 8209
1776 8208
1777 8207
1778 8206
1779 8205
1780 8204
1781 8203
1782 8202
1783 8201
1784 8200
1785 8199
1786 8198
1787 8197
1788 8196
1789 8195
1790 8194
1791 8193
1792 8192
1793 8191
1794 8190
1795 8189
1796 8188
1797 8187
1798 8186
1799 8185
1800 8184
1801 7450
1802 7449
1803 7448
1804 7447
1805 7446
1806 7445
1807 7444
1808 7443
1809 8132
1810 8131
1811 8130
1812 8129
1813 8128
1814 8127
1815 8126
1816 8125
1817 7013
1818 7012
1819 7011
1820 7010
1821 7009
1822 7008
1823 7007
1824 7006
1825 7005
1826 7004
1827 7003
1828 7002
1829 7001
1830 7000
1831 6999
1832 6998
1833 6887
1834 6886
1835 6885
1836 6884
1837 6883
1838 6882
1839 6881
1840 6880
1841 6901
1842 6900
1843 6899
1846 6910
1847 6909
1848 6908
1849 6907
1850 6906
1851 6905
1852 6904
1853 6903
1854 6902
1855 6879
1856 6878
1857 6877
1858 6876
1859 6875
1860 6874
1861 6873
1862 6872
1863 7528
1864 7527
1865 7526
1866 7525
1867 7524
1868 7523
1869 7522
1870 7521
1871 6819
1872 6818
1873 6817
1874 6816
1875 6815
1876 6814
1877 6813
1878 6812
1879 8139
1880 8138
1881 8137
1882 8136
1883 8135
1884 8134
1885 8133
1886 7442
1887 7441
1888 7440
1889 7439
1890 7438
1891 7437
1892 7436
1893 7435
1894 7434
1895 7394
1896 7393
1897 7392
1898 7391
1899 7390
1900 7389
1901 7388
1902 7387
1903 7386
1904 7385
1905 7384
1906 7383
1907 7382
1908 7381
1909 7380
1910 7858
1911 7857
1912 7856
1913 7855
1914 7854
1915 7853
1916 7852
1917 7265
1918 7264
1919 7263
1920 7262
1921 7261
1922 7260
1923 7259
1924 7258
1925 8546
1926 8545
1927 8544
1928 8543
1929 8542
1930 8541
1931 8540
1932 8539
1933 8538
1934 8537
1935 8536
1936 8535
1937 8534
1938 8533
1939 8532
1940 8531
1941 8530
1942 8529
1943 8528
1944 8527
1945 8526
1946 8525
1947 8524
1948 8523
1949 8456
1950 8455
1951 8454
1952 8453
1953 8452
1954 8451
1955 8450
1956 8449
1957 9417
1958 9416
1959 9415
1960 9414
1961 9413
1962 9412
1963 9411
1964 9410
1965 8772
1966 8771
1967 8770
1968 8769
1969 8768
1970 8767
1971 8766
1972 8765
1973 9219
1974 9218
1975 9217
1976 9216
1977 9215
1978 9214
1979 9213
1980 9212
1981 9078
1982 9077
1983 9076
1984 9075
1985 9074
1986 9073
1987 9072
1988 9071
1989 9070
1990 9069
1991 9068
1992 9067
1993 9066
1994 9065
1995 9064
1996 9063
1997 9062
1998 9061
1999 9060
2000 9059
2001 9058
2002 9057
2003 9056
2004 9055
2005 11418
2006 11417
2007 11416
2008 11415
2009 11414
2010 11413
2011 11412
2012 8901
2013 8900
2014 8899
2015 8898
2016 8897
2017 8896
2018 8895
2019 8894
2020 9742
2021 9741
2022 9740
2023 9739
2024 9738
2025 9737
2026 9736
2027 9735
2028 9734
2029 9733
2030 9732
2031 9731
2032 9730
2033 9729
2034 9688
2035 9687
2036 9686
2037 9685
2038 9684
2039 9683
2040 9682
2041 9681
2042 9680
2043 9679
2044 9782
2045 9781
2046 9780
2047 9779
2048 9778
2049 9777
2050 9776
2051 9775
2052 10278
2053 10277
2054 10276
2055 10275
2056 10274
2057 10273
2058 10272
2059 10271
2060 10974
2061 10973
2062 10972
2063 10971
2064 10970
2065 10969
2066 10968
2067 10967
2068 10966
2069 10965
2070 10964
2071 10963
2072 10962
2073 10961
2074 10960
2075 10959
2076 10958
2077 10957
2078 10956
2079 10955
2080 10954
2081 10953
2082 10952
2083 10951
2084 10950
2085 10949
2086 10948
2087 10947
2088 10946
2089 10945
2090 10944
2091 10943
2092 10942
2093 10941
2094 10940
2095 10939
2096 10938
2097 10937
2098 10936
2099 10935
2100 12502
2101 12501
2102 12500
2103 12499
2104 12498
2105 12497
2106 12496
2107 12495
2108 12494
2109 12493
2110 12492
2111 12491
2112 12490
2113 12489
2114 12488
2115 12487
2116 12486
2117 12485
2118 12484
2119 12483
2120 12482
2121 12481
2122 12480
2123 12479
2124 12478
2125 12477
2126 12476
2127 12141
2128 12140
2129 12139
2130 12138
2131 12137
2132 12136
2133 12135
2134 12134
2135 12133
2136 12132
2137 12131
2138 11873
2139 11872
2140 11871
2141 11870
2142 11869
2143 11868
2144 11867
2145 11866
2146 12846
2147 12845
2148 12844
2149 12843
2150 12842
2151 12841
2152 12840
2153 12839
2154 12409
2155 12408
2156 12407
2157 12406
2158 12405
2159 12404
2160 12403
2161 12402
2162 13174
2163 13173
2164 13172
2165 13171
2166 13170
2167 13169
2168 13168
2169 13167
2170 13166
2171 13165
2172 13164
2173 12441
2174 12440
2175 12439
2176 12438
2177 12437
2178 12436
2179 12435
2180 12434
2181 12433
2182 12432
2183 12431
2184 12430
2185 12429
2186 13286
2187 13285
2188 13284
2189 13283
2190 13282
2191 13281
2192 13280
2193 13279
2194 10472
2195 10471
2196 10470
2197 10469
2198 10468
2199 10467
2200 10466
2201 12740
2202 12739
2203 12738
2204 12737
2205 12736
2206 12735
2207 12734
2208 12733
2209 10386
2210 10385
2211 10384
2212 10383
2213 10382
2214 10381
2215 10380
2216 10379
2217 10378
2218 10377
2219 10376
2220 10375
2221 10374
2224 10399
2225 10398
2226 10397
2227 10396
2228 10395
2229 10394
2230 10393
2231 10392
2232 10391
2233 10390
2234 10389
2235 10388
2236 10387
2237 12732
2238 12731
2239 12730
2240 12729
2241 12728
2242 12727
2243 12726
2244 12725
2245 10552
2246 10551
2247 10550
2248 10549
2249 10548
2250 10547
2251 10546
2252 10545
2253 13077
2254 13076
2255 13075
2256 13074
2257 13073
2258 13072
2259 13071
2260 13070
2261 13343
2262 13342
2263 13341
2264 13340
2265 13339
2266 13338
2267 13337
2268 13336
2269 13335
2270 13334
2271 13333
2272 13332
2273 13331
2274 13330
2275 13329
2276 13328
2277 13327
2278 13326
2279 13325
2280 13324
2281 13323
2282 13322
2283 13321
2284 12617
2285 12616
2286 12615
2287 12614
2288 12613
2289 12612
2290 12611
2291 12610
2292 12854
2293 12853
2294 12852
2295 12851
2296 12850
2297 12849
2298 12848
2299 12847
2300 11865
2301 11864
2302 11863
2303 11862
2304 11861
2305 11860
2306 11859
2307 11858
2308 11857
2309 11856
2310 11855
2311 11854
2312 11853
2313 11852
2314 11851
2315 11850
2316 11849
2317 11848
2318 11847
2319 11846
2320 11845
2321 11844
2322 11843
2323 11842
2324 11841
2325 11840
2326 11839
2327 11838
2328 11837
2329 11836
2330 11835
2331 11834
2332 11833
2333 11832
2334 11831
2335 11830
2336 11829
2337 11828
2338 11827
2339 11826
2340 12253
2341 12252
2342 12251
2343 12250
2344 12249
2345 12248
2346 12247
2347 12246
2348 11599
2349 11598
2350 11597
2351 11596
2352 11595
2353 11594
2354 11593
2355 11592
2356 11654
2357 11653
2358 11652
2359 11651
2360 11650
2361 11649
2362 11648
2363 11647
2364 11646
2365 11645
2366 11644
2367 11643
2368 11642
2369 11641
2370 11640
2371 11639
2372 11638
2373 11637
2374 11636
2375 11635
2376 11634
2377 11633
2378 11632
2379 11304
2380 11303
2381 11302
2382 11301
2383 11300
2384 11299
2385 11298
2386 11297
2387 10286
2388 10285
2389 10284
2390 10283
2391 10282
2392 10281
2393 10280
2394 10279
2395 9774
2396 9773
2397 9772
2398 9771
2399 9770
2400 9769
2401 9768
2402 9767
2403 9766
2404 9765
2405 9764
2406 9763
2407 9762
2408 9761
2409 9760
2410 9759
2411 9758
2412 9757
2413 9756
2414 9755
2415 9754
2416 9753
2417 9752
2418 9751
2419 9750
2420 9749
2421 9748
2422 9747
2423 9746
2424 9745
2425 9744
2426 9743
2427 8893
2428 8892
2429 8891
2430 8890
2431 9183
2432 9182
2433 9181
2434 9180
2435 11166
2436 11165
2437 11164
2438 11163
2439 11162
2440 11161
2441 11160
2442 11159
2443 9282
2444 9281
2445 9280
2446 9279
2447 9278
2448 9277
2449 9276
2450 9275
2451 9100
2452 9099
2453 9098
2454 9097
2455 9096
2456 9095
2457 9094
2458 9093
2459 9092
2460 9582
2461 9581
2462 9580
2463 9579
2464 9578
2465 9577
2466 9576
2467 9575
2468 9574
2469 9573
2470 9572
2471 9571
2472 9570
2473 9569
2474 7973
2475 7972
2476 7971
2477 7970
2478 7969
2479 7968
2480 7967
2481 7966
2482 9425
2483 9424
2484 9423
2485 9422
2486 9421
2487 9420
2488 9419
2489 9418
2490 8448
2491 8447
2492 8446
2493 8445
2494 8444
2495 8443
2496 8442
2497 8441
2498 8440
2499 8439
2500 8438
2501 8437
2502 8436
2503 8435
2504 8434
2505 8433
2506 8660
2507 8659
2508 8658
2509 8657
2510 8656
2511 8655
2512 8654
2513 8653
2514 8554
2515 8553
2516 8552
2517 8551
2518 8550
2519 8549
2520 8548
2521 8547
2522 7257
2523 7256
2524 7255
2525 7254
2526 7253
2527 7252
2528 7251
2529 7250
2530 8235
2531 8234
2532 8233
2533 8232
2534 8231
2535 8230
2536 8229
2537 8228
2538 8227
2539 8226
2540 8225
2541 8224
2542 8223
2543 8222
2544 8221
2545 8220
2546 7599
2547 7598
2548 7597
2549 7596
2550 7595
2551 7594
2552 7593
2553 7592
2554 7591
2555 7590
2556 7589
2557 7588
2558 7587
2559 7586
2560 7585
2561 7584
2562 7583
2563 7582
2564 7581
2565 7580
2566 7579
2567 7578
2568 7577
2569 7576
2570 7029
2571 7028
2572 7027
2573 7026
2574 7025
2575 7024
2576 7023
2577 7022
2578 7536
2579 7535
2580 7534
2581 7533
2582 7532
2583 7531
2584 7530
2585 7529
2586 6871
2587 6870
2588 6869
2589 6868
2590 6867
2591 6866
2592 6865
2593 6864
2594 6863
2595 6862
2596 6861
2597 6860
2598 6859
2599 6858
2600 6857
2601 6856
2602 6855
2605 7126
2606 7125
2607 7124
2608 7123
2609 7122
2610 7121
2611 7120
2612 7119
2613 7118
2614 6935
2615 6934
2616 6933
2617 6932
2618 6931
2619 6930
2620 6929
2621 6928
2622 7077
2623 7076
2624 7075
2625 7074
2626 7073
2627 7072
2628 7071
2629 7070
2630 7037
2631 7036
2632 7035
2633 7034
2634 7033
2635 7032
2636 7031
2637 7030
2638 7575
2639 7574
2640 7573
2641 7572
2642 7571
2643 7570
2644 7569
2645 8101
2646 8100
2647 8099
2648 8098
2649 8097
2650 8096
2651 8095
2652 8094
2653 8093
2654 8092
2655 8091
2656 8090
2657 8089
2658 8088
2659 8087
2660 8086
2661 8085
2662 8084
2663 8083
2664 8082
2665 8081
2666 8080
2667 8079
2668 8078
2669 8077
2670 8076
2671 8075
2672 8074
2673 8073
2674 8072
2675 8071
2676 7820
2677 7819
2678 7818
2679 7817
2680 7816
2681 7815
2682 7814
2683 7813
2684 8031
2685 8030
2686 8029
2687 8028
2688 8027
2689 8026
2690 8025
2691 8024
2692 8023
2693 8022
2694 8021
2695 8020
2696 8019
2697 8018
2698 8017
2699 8016
2700 8410
2701 8409
2702 8408
2703 8407
2704 8406
2705 8405
2706 8404
2707 8403
2708 8608
2709 8607
2710 8606
2711 8605
2712 8604
2713 8603
2714 8602
2715 8601
2716 8812
2717 8811
2718 8810
2719 8809
2720 8808
2721 8807
2722 8806
2723 8805
2724 7981
2725 7980
2726 7979
2727 7978
2728 7977
2729 7976
2730 7975
2731 7974
2732 9568
2733 9567
2734 9566
2735 9565
2736 9564
2737 9563
2738 9562
2739 9561
2740 9306
2741 9305
2742 9304
2743 9303
2744 9302
2745 9301
2746 9300
2747 9299
2748 9298
2749 9297
2750 9296
2751 9295
2752 9294
2753 9293
2754 9292
2755 9291
2756 9290
2757 9289
2758 9288
2759 9287
2760 9286
2761 9285
2762 9284
2763 9283
2764 11158
2765 11157
2766 11156
2767 11155
2768 11154
2769 11153
2770 11152
2771 11380
2772 11379
2773 11378
2774 11377
2775 11376
2776 11375
2777 11374
2778 11373
2779 11078
2780 11077
2781 11076
2782 11075
2783 11074
2784 11073
2785 11072
2786 11071
2787 11070
2788 11069
2789 11068
2790 11067
2791 11066
2792 11065
2793 11064
2794 11063
2795 11062
2796 11061
2797 11060
2798 11059
2799 11058
2800 11057
2801 11056
2802 11055
2803 9990
2804 9989
2805 9988
2806 9987
2807 9986
2808 9985
2809 9984
2810 9983
2811 11014
2812 11013
2813 11012
2814 11011
2815 11010
2816 11009
2817 11008
2818 11007
2819 11312
2820 11311
2821 11310
2822 11309
2823 11308
2824 11307
2825 11306
2826 11305
2827 11631
2828 11630
2829 11629
2830 11628
2831 11627
2832 11626
2833 11625
2834 11624
2835 11623
2836 11622
2837 11621
2838 11620
2839 11619
2840 11618
2841 11617
2842 11616
2843 11615
2844 11614
2845 11613
2846 11612
2847 11611
2848 11610
2849 11609
2850 11608
2851 11607
2852 11606
2853 11605
2854 11604
2855 11603
2856 11602
2857 11601
2858 11600
2859 12245
2860 12244
2861 12243
2862 12242
2863 12241
2864 12240
2865 12239
2866 10768
2867 10767
2868 10766
2869 10765
2870 10764
2871 10763
2872 10762
2873 10761
2874 12059
2875 12058
2876 12057
2877 12056
2878 12055
2879 12054
2880 12053
2881 12052
2882 12051
2883 12050
2884 12049
2885 12048
2886 11811
2887 11810
2888 11809
2889 11808
2890 11807
2891 11806
2892 11805
2893 11804
2894 11803
2895 11802
2896 11801
2897 12099
2898 12098
2899 12097
2900 12096
2901 12095
2902 12094
2903 12093
2904 12092
2905 11761
2906 11760
2907 11759
2908 11758
2909 11757
2910 11756
2911 11755
2912 11754
2913 12625
2914 12624
2915 12623
2916 12622
2917 12621
2918 12620
2919 12619
2920 12618
2921 13320
2922 13319
2923 13318
2924 13317
2925 13316
2926 13315
2927 13314
2928 13313
2929 13312
2930 13311
2931 13310
2932 12657
2933 12656
2934 12655
2935 12654
2936 12653
2937 12652
2938 12651
2939 12650
2940 12649
2941 12648
2942 12647
2943 12646
2944 12645
2945 13085
2946 13084
2947 13083
2948 13082
2949 13081
2950 13080
2951 13079
2952 13078
2953 10544
2954 10543
2955 10542
2956 10541
2957 10540
2958 10539
2959 10538
2960 10434
2961 10433
2962 10432
2963 10431
2964 10430
2965 10429
2966 10428
2967 10427
2968 10426
2969 10425
2970 10424
2971 10423
2972 10422
2973 10421
2974 10420
2975 10419
2976 10418
2977 10417
2978 10416
2979 10415
2980 10414
2983 12678
2984 12677
2985 12676
2986 12675
2987 12674
2988 12673
2989 12672
2990 12671
2991 12670
2992 12669
2993 12668
2994 12667
2995 12666
2996 12665
2997 12664
2998 12663
2999 12662
3000 12661
3001 12660
3002 12659
3003 12658
3004 13391
3005 13390
3006 13389
3007 13388
3008 13387
3009 13386
3010 13385
3011 13384
3012 13383
3013 13382
3014 13381
3015 13380
3016 13379
3017 13378
3018 13377
3019 13376
3020 12917
3021 12916
3022 12915
3023 12914
3024 12913
3025 12912
3026 12911
3027 12910
3028 12909
3029 12908
3030 12907
3031 12906
3032 12905
3033 12904
3034 12903
3035 12902
3036 12901
3037 12900
3038 12899
3039 12898
3040 12897
3041 12896
3042 12895
3043 12894
3044 12893
3045 12892
3046 12891
3047 12890
3048 12889
3049 12888
3050 12887
3051 11769
3052 11768
3053 11767
3054 11766
3055 11765
3056 11764
3057 11763
3058 11762
3059 12091
3060 12090
3061 12089
3062 12088
3063 12087
3064 12086
3065 12085
3066 12084
3067 12083
3068 12082
3069 12081
3070 12080
3071 12079
3072 12078
3073 12077
3074 12076
3075 12075
3076 12074
3077 12073
3078 12072
3079 12071
3080 12070
3081 12069
3082 12068
3083 12067
3084 12066
3085 12065
3086 12064
3087 12063
3088 12062
3089 12061
3090 12060
3091 10760
3092 10759
3093 10758
3094 10757
3095 10756
3096 10755
3097 10754
3098 10753
3099 11702
3100 11701
3101 11700
3102 11699
3103 11698
3104 11697
3105 11696
3106 11695
3107 11694
3108 11693
3109 11692
3110 11691
3111 11690
3112 11689
3113 11688
3114 11687
3115 10349
3116 10348
3117 10347
3118 10346
3119 10345
3120 10344
3121 10343
3122 10342
3123 10341
3124 10340
3125 10339
3126 10338
3127 10337
3128 10336
3129 10335
3130 10334
3131 10333
3132 10332
3133 10331
3134 10330
3135 10329
3136 10328
3137 10327
3138 10326
3139 10325
3140 10324
3141 10323
3142 10322
3143 10321
3144 10320
3145 10319
3146 11022
3147 11021
3148 11020
3149 11019
3150 11018
3151 11017
3152 11016
3153 11015
3154 9982
3155 9981
3156 9980
3157 9979
3158 9978
3159 9977
3160 9976
3161 9975
3162 9974
3163 9973
3164 9972
3165 9971
3166 9970
3167 9969
3168 9968
3169 9967
3170 9966
3171 9965
3172 11092
3173 11091
3174 11090
3175 11089
3176 11088
3177 11087
3178 11086
3179 11085
3180 11084
3181 11083
3182 11082
3183 11081
3184 11080
3185 11079
3186 11372
3187 11371
3188 11370
3189 11369
3190 11368
3191 11367
3192 11366
3193 11365
3194 9148
3195 9147
3196 9146
3197 9145
3198 9144
3199 9143
3200 9142
3201 9141
3202 9140
3203 9139
3204 9138
3205 9137
3206 9136
3207 9135
3208 9134
3209 9133
3210 9591
3211 9590
3212 9589
3213 9588
3214 9587
3215 9586
3216 9585
3217 9584
3218 9583
3219 9479
3220 9478
3221 9477
3222 9476
3223 9475
3224 9474
3225 9473
3226 9472
3227 9471
3228 9470
3229 9469
3230 9468
3231 9467
3232 9466
3233 9465
3234 9464
3235 9463
3236 9462
3237 9461
3238 9460
3239 9459
3240 9458
3241 8820
3242 8819
3243 8818
3244 8817
3245 8816
3246 8815
3247 8814
3248 8813
3249 8600
3250 8599
3251 8598
3252 8597
3253 8596
3254 8595
3255 8594
3256 8593
3257 8592
3258 8591
3259 8590
3260 8589
3261 8588
3262 8587
3263 8586
3264 8585
3265 8432
3266 8431
3267 8430
3268 8429
3269 8428
3270 8427
3271 8426
3272 8425
3273 8039
3274 8038
3275 8037
3276 8036
3277 8035
3278 8034
3279 8033
3280 8032
3281 7812
3282 7811
3283 7810
3284 7809
3285 7808
3286 7807
3287 7806
3288 7805
3289 7746
3290 7745
3291 7744
3292 7743
3293 7742
3294 7741
3295 7740
3296 7739
3297 7738
3298 7737
3299 7736
3300 7735
3301 7734
3302 7733
3303 7732
3304 7731
3305 7633
3306 7632
3307 7631
3308 7630
3309 7629
3310 7628
3311 7627
3312 7701
3313 7700
3314 7699
3315 7698
3316 7697
3317 7696
3318 7695
3319 7694
3320 7693
3321 7692
3322 7691
3323 7690
3324 7689
3325 7688
3326 7687
3327 7686
3328 7685
3329 7684
3330 7683
3331 7682
3332 7681
3333 7680
3334 7679
3335 7678
3336 7677
3337 7085
3338 7084
3339 7083
3340 7082
3341 7081
3342 7080
3343 7079
3344 7078
3345 6927
3346 6926
3347 6925
3348 6924
3349 6923
3350 6922
3351 6921
3352 6920
3353 6919
3354 6918
3355 6917
3356 6916
3357 6915
3358 6914
3359 6913
3360 6912
3361 6911
3364 7061
3365 7060
3366 7059
3367 7058
3368 7057
3369 7056
3370 7055
3371 7054
3372 7053
3373 7052
3374 7051
3375 7050
3376 7049
3377 7048
3378 7047
3379 7046
3380 7189
3381 7188
3382 7187
3383 7186
3384 7185
3385 7184
3386 7183
3387 7182
3388 7181
3389 7180
3390 7218
3391 7217
3392 7216
3393 7215
3394 7214
3395 7213
3396 7212
3397 7211
3398 7210
3399 7225
3400 7224
3401 7223
3402 7222
3403 7221
3404 7220
3405 7219
3406 7804
3407 7803
3408 7802
3409 7801
3410 7800
3411 7799
3412 7798
3413 7797
3414 7796
3415 7795
3416 7794
3417 7793
3418 7792
3419 7791
3420 7790
3421 7789
3422 7788
3423 7787
3424 8015
3425 8014
3426 8013
3427 8012
3428 8011
3429 8010
3430 8009
3431 8008
3432 8007
3433 8006
3434 8005
3435 8004
3436 8003
3437 8002
3438 8001
3439 8000
3440 7999
3441 7998
3442 7997
3443 7996
3444 7995
3445 7994
3446 7993
3447 7992
3448 7991
3449 7990
3450 9502
3451 9501
3452 9500
3453 9499
3454 9498
3455 9497
3456 9496
3457 9495
3458 9494
3459 9532
3460 9531
3461 9530
3462 9529
3463 9528
3464 9527
3465 9526
3466 9525
3467 9524
3468 9523
3469 9522
3470 9155
3471 9154
3472 9153
3473 9152
3474 9151
3475 9150
3476 9149
3477 11364
3478 11363
3479 11362
3480 11361
3481 11360
3482 11359
3483 11358
3484 11357
3485 11356
3486 11355
3487 11354
3488 11353
3489 11352
3490 11351
3491 11350
3492 11349
3493 11348
3494 11347
3495 11346
3496 11345
3497 11344
3498 11343
3499 11342
3500 11341
3501 11340
3502 11339
3503 11338
3504 11337
3505 11336
3506 11335
3507 11334
3508 11333
3509 11332
3510 11331
3511 11330
3512 11329
3513 11328
3514 11327
3515 11326
3516 11325
3517 11324
3518 11323
3519 11322
3520 11321
3521 10075
3522 10074
3523 10073
3524 10072
3525 10071
3526 10070
3527 10069
3528 10107
3529 10106
3530 10105
3531 10104
3532 10103
3533 10102
3534 10101
3535 10100
3536 10099
3537 10098
3538 10097
3539 10096
3540 10095
3541 11709
3542 11708
3543 11707
3544 11706
3545 11705
3546 11704
3547 11703
3548 10752
3549 10751
3550 10750
3551 10749
3552 10748
3553 10747
3554 10746
3555 10745
3556 10744
3557 10743
3558 10742
3559 10741
3560 10740
3561 10739
3562 10738
3563 10737
3564 10736
3565 10735
3566 10734
3567 10733
3568 10732
3569 10731
3570 10730
3571 10729
3572 10728
3573 10727
3574 10726
3575 10725
3576 10724
3577 10723
3578 10722
3579 10721
3580 10720
3581 10719
3582 10718
3583 10717
3584 10716
3585 10715
3586 10714
3587 10713
3588 10712
3589 10711
3590 10710
3591 10709
3592 10708
3593 10707
3594 10706
3595 10705
3596 13108
3597 13107
3598 13106
3599 13105
3600 13104
3601 13103
3602 13102
3603 13101
3604 13100
3605 13099
3606 13098
3607 13097
3608 13096
3609 13095
3610 13094
3611 12700
3612 12699
3613 12698
3614 12697
3615 12696
3616 12695
3617 12694
3618 12693
3619 12692
3620 12691
3621 12690
3622 12689
3623 12688
3624 12687
3625 12686
3626 12685
3627 12684
3628 12683
3629 12682
3630 12681
3631 12680
3632 12679
3635 10413
3636 10412
3637 10411
3638 10410
3639 10409
3640 10408
3641 10407
3642 12716
3643 12715
3644 12714
3645 12713
3646 12712
3647 12711
3648 12710
3649 12709
3650 12708
3651 12707
3652 12706
3653 12705
3654 12704
3655 12703
3656 12702
3657 12701
3658 13093
3659 13092
3660 13091
3661 13090
3662 13089
3663 13088
3664 13087
3665 13086
3666 12644
3667 12643
3668 12642
3669 12641
3670 12640
3671 12639
3672 12638
3673 12637
3674 12636
3675 12635
3676 12634
3677 12633
3678 12632
3679 12631
3680 12630
3681 12629
3682 12628
3683 12627
3684 12626
3685 11753
3686 11752
3687 11751
3688 11750
3689 11749
3690 11748
3691 11747
3692 11746
3693 11745
3694 11744
3695 11743
3696 11742
3697 11741
3698 11740
3699 11739
3700 11738
3701 11737
3702 11736
3703 11735
3704 11734
3705 11733
3706 11732
3707 11731
3708 11730
3709 11729
3710 11728
3711 11727
3712 11726
3713 11725
3714 11724
3715 11723
3716 11722
3717 11721
3718 11720
3719 11719
3720 11718
3721 11717
3722 11716
3723 11715
3724 11714
3725 11713
3726 11712
3727 11711
3728 11710
3729 10094
3730 10093
3731 10092
3732 10091
3733 10090
3734 10089
3735 10088
3736 10087
3737 10086
3738 10085
3739 10084
3740 10083
3741 10082
3742 10081
3743 10080
3744 10079
3745 10078
3746 10077
3747 10076
3748 11320
3749 11319
3750 11318
3751 11317
3752 11316
3753 11315
3754 11314
3755 11313
3756 11006
3757 11005
3758 11004
3759 11003
3760 11002
3761 11001
3762 11000
3763 10999
3764 9716
3765 9715
3766 9714
3767 9713
3768 9712
3769 9711
3770 9710
3771 9709
3772 9708
3773 9707
3774 9706
3775 9705
3776 9704
3777 9703
3778 9702
3779 9701
3780 9700
3781 9699
3782 9698
3783 9697
3784 9171
3785 9170
3786 9169
3787 9168
3788 9167
3789 9166
3790 9165
3791 9164
3792 9163
3793 9162
3794 9161
3795 9160
3796 9159
3797 9158
3798 9157
3799 9156
3800 9521
3801 9520
3802 9519
3803 9518
3804 9517
3805 9516
3806 9515
3807 9514
3808 9513
3809 9512
3810 9511
3811 9510
3812 9509
3813 9508
3814 9507
3815 9506
3816 9505
3817 9504
3818 9503
3819 7989
3820 7988
3821 7987
3822 7986
3823 7985
3824 7984
3825 7983
3826 7982
3827 8804
3828 8803
3829 8802
3830 8801
3831 8800
3832 8799
3833 8798
3834 8797
3835 7776
3836 7775
3837 7774
3838 7773
3839 7772
3840 7771
3841 7770
3842 7769
3843 7768
3844 7767
3845 7766
3846 7765
3847 7764
3848 7763
3849 7762
3850 7761
3851 7760
3852 7759
3853 7758
3854 7757
3855 7241
3856 7240
3857 7239
3858 7238
3859 7237
3860 7236
3861 7235
3862 7234
3863 7233
3864 7232
3865 7231
3866 7230
3867 7229
3868 7228
3869 7227
3870 7226
3871 7209
3872 7208
3873 7207
3874 7206
3875 7205
3876 7204
3877 7203
3878 7202
3879 7201
3880 7200
3881 7199
3882 7198
3883 7197
3884 7196
3885 7195
3886 7194
3887 7193
3888 7192
3889 7191
3890 7190
3891 7045
3892 7044
3893 7043
3894 7042
3895 7041
3896 7040
3897 7039
3898 7038
3899 7069
3900 7068
3901 7067
3902 7066
3903 7065
3904 7064
3905 7063
3906 7062
3909 6854
3910 6853
3911 6852
3912 6851
3913 6850
3914 6849
3915 6848
3916 6847
3917 6846
3918 6845
3919 6844
3920 6843
3921 6842
3922 6841
3923 6840
3924 6839
3925 6838
3926 6837
3927 6836
3928 6835
3929 6834
3930 6833
3931 6832
3932 6831
3933 6830
3934 6829
3935 6828
3936 7150
3937 7149
3938 7148
3939 7147
3940 7146
3941 7145
3942 7144
3943 7143
3944 7142
3945 7141
3946 7179
3947 7178
3948 7177
3949 7176
3950 7175
3951 7174
3952 7173
3953 7172
3954 7171
3955 8242
3956 8241
3957 8240
3958 8239
3959 8238
3960 8237
3961 8236
3962 7249
3963 7248
3964 7247
3965 7246
3966 7245
3967 7244
3968 7243
3969 7242
3970 7756
3971 7755
3972 7754
3973 7753
3974 7752
3975 7751
3976 7750
3977 7749
3978 7748
3979 7747
3980 7786
3981 7785
3982 7784
3983 7783
3984 7782
3985 7781
3986 7780
3987 7779
3988 7778
3989 7777
3990 8796
3991 8795
3992 8794
3993 8793
3994 8792
3995 8791
3996 8790
3997 8789
3998 8788
3999 8787
4000 8786
4001 8785
4002 8784
4003 8783
4004 8782
4005 8781
4006 8859
4007 8858
4008 8857
4009 8856
4010 8855
4011 8854
4012 8853
4013 8852
4014 8851
4015 8889
4016 8888
4017 8887
4018 8886
4019 8885
4020 8884
4021 8883
4022 8882
4023 8881
4024 8880
4025 8879
4026 11173
4027 11172
4028 11171
4029 11170
4030 11169
4031 11168
4032 11167
4033 9179
4034 9178
4035 9177
4036 9176
4037 9175
4038 9174
4039 9173
4040 9172
4041 9696
4042 9695
4043 9694
4044 9693
4045 9692
4046 9691
4047 9690
4048 9689
4049 9728
4050 9727
4051 9726
4052 9725
4053 9724
4054 9723
4055 9722
4056 9721
4057 9720
4058 9719
4059 9718
4060 9717
4061 10998
4062 10997
4063 10996
4064 10995
4065 10994
4066 10993
4067 10992
4068 10991
4069 10990
4070 10989
4071 10988
4072 10987
4073 10986
4074 10985
4075 10984
4076 10983
4077 10036
4078 10035
4079 10034
4080 10033
4081 10032
4082 10031
4083 10030
4084 10068
4085 10067
4086 10066
4087 10065
4088 10064
4089 10063
4090 10062
4091 10061
4092 10060
4093 10059
4094 10058
4095 10057
4096 10056
4097 12260
4098 12259
4099 12258
4100 12257
4101 12256
4102 12255
4103 12254
4104 11825
4105 11824
4106 11823
4107 11822
4108 11821
4109 11820
4110 11819
4111 11818
4112 11817
4113 11816
4114 11815
4115 11814
4116 11813
4117 11812
4118 12475
4119 12474
4120 12473
4121 12472
4122 12471
4123 12470
4124 12469
4125 12468
4126 12467
4127 12466
4128 12465
4129 12464
4130 12463
4131 12462
4132 12461
4133 12460
4134 12459
4135 12458
4136 12457
4137 12456
4138 12455
4139 12454
4140 12453
4141 12452
4142 12451
4143 12450
4144 12449
4145 12448
4146 12447
4147 12446
4148 12445
4149 12444
4150 12443
4151 12442
4152 13309
4153 13308
4154 13307
4155 13306
4156 13305
4157 13304
4158 13303
4159 13302
4160 13301
4161 13300
4162 13299
4163 13298
4164 13297
4165 13296
4166 13295
4167 10559
4168 10558
4169 10557
4170 10556
4171 10555
4172 10554
4173 10553
4174 12724
4175 12723
4176 12722
4177 12721
4178 12720
4179 12719
4180 12718
4181 12717
4182 10406
4183 10405
4184 10404
4185 10403
4186 10402
4187 10401
4188 10400
4191 10373
4192 10372
4193 10371
4194 10370
4195 10369
4196 10368
4197 10367
4198 10575
4199 10574
4200 10573
4201 10572
4202 10571
4203 10570
4204 10569
4205 10568
4206 10567
4207 10566
4208 10565
4209 10564
4210 10563
4211 10562
4212 10561
4213 10560
4214 13294
4215 13293
4216 13292
4217 13291
4218 13290
4219 13289
4220 13288
4221 13287
4222 12428
4223 12427
4224 12426
4225 12425
4226 12424
4227 12423
4228 12422
4229 12421
4230 12420
4231 12419
4232 12418
4233 12417
4234 12416
4235 12415
4236 12414
4237 12413
4238 12412
4239 12411
4240 12410
4241 12838
4242 12837
4243 12836
4244 12835
4245 12834
4246 12833
4247 12832
4248 12831
4249 12296
4250 12295
4251 12294
4252 12293
4253 12292
4254 12291
4255 12290
4256 12289
4257 12288
4258 12287
4259 12286
4260 12285
4261 12284
4262 12283
4263 12282
4264 12281
4265 12280
4266 12279
4267 12278
4268 12277
4269 12276
4270 12275
4271 12274
4272 12273
4273 12272
4274 12271
4275 12270
4276 12269
4277 12268
4278 12267
4279 12266
4280 12265
4281 12264
4282 12263
4283 12262
4284 12261
4285 10055
4286 10054
4287 10053
4288 10052
4289 10051
4290 10050
4291 10049
4292 10048
4293 10047
4294 10046
4295 10045
4296 10044
4297 10043
4298 10042
4299 10041
4300 10040
4301 10039
4302 10038
4303 10037
4304 10982
4305 10981
4306 10980
4307 10979
4308 10978
4309 10977
4310 10976
4311 10975
4312 10270
4313 10269
4314 10268
4315 10267
4316 10266
4317 10265
4318 10264
4319 10263
4320 9634
4321 9633
4322 9632
4323 9631
4324 9630
4325 9629
4326 9628
4327 9627
4328 9626
4329 9625
4330 9624
4331 9623
4332 9622
4333 9621
4334 9620
4335 9619
4336 9618
4337 9617
4338 9616
4339 9615
4340 11189
4341 11188
4342 11187
4343 11186
4344 11185
4345 11184
4346 11183
4347 11182
4348 11181
4349 11180
4350 11179
4351 11178
4352 11177
4353 11176
4354 11175
4355 11174
4356 8878
4357 8877
4358 8876
4359 8875
4360 8874
4361 8873
4362 8872
4363 8871
4364 8870
4365 8869
4366 8868
4367 8867
4368 8866
4369 8865
4370 8864
4371 8863
4372 8862
4373 8861
4374 8860
4375 8780
4376 8779
4377 8778
4378 8777
4379 8776
4380 8775
4381 8774
4382 8773
4383 9409
4384 9408
4385 9407
4386 9406
4387 9405
4388 9404
4389 9403
4390 9402
4391 8670
4392 8669
4393 8668
4394 8667
4395 8666
4396 8665
4397 8664
4398 8663
4399 8662
4400 8661
4401 8700
4402 8699
4403 8698
4404 8697
4405 8696
4406 8695
4407 8694
4408 8693
4409 8692
4410 8691
4411 8258
4412 8257
4413 8256
4414 8255
4415 8254
4416 8253
4417 8252
4418 8251
4419 8250
4420 8249
4421 8248
4422 8247
4423 8246
4424 8245
4425 8244
4426 8243
4427 7170
4428 7169
4429 7168
4430 7167
4431 7166
4432 7165
4433 7164
4434 7163
4435 7162
4436 7161
4437 7160
4438 7159
4439 7158
4440 7157
4441 7156
4442 7155
4443 7154
4444 7153
4445 7152
4446 7151
4447 6827
4448 6826
4449 6825
4450 6824
4451 6823
4452 6822
4453 6821
4454 6820
4455 7520
4456 7519
4457 7518
4458 7517
4459 7516
4460 7515
4461 7514
4462 7513
4463 6735
4464 6734
4465 6733
4466 6732
4467 6731
4468 6730
4469 6729
4470 6728
4471 6727
4472 6726
4473 6725
4476 6746
4477 6745
4478 6744
4479 6743
4480 6742
4481 6741
4482 6740
4483 6739
4484 6738
4485 6737
4486 6736
4487 7512
4488 7511
4489 7510
4490 7509
4491 7508
4492 7507
4493 7506
4494 7505
4495 7504
4496 7503
4497 7502
4498 7501
4499 7500
4500 7499
4501 7498
4502 7497
4503 7404
4504 7403
4505 7402
4506 7401
4507 7400
4508 7399
4509 7398
4510 7397
4511 7396
4512 7395
4513 7433
4514 7432
4515 7431
4516 7430
4517 7429
4518 7428
4519 7427
4520 7426
4521 7425
4522 7873
4523 7872
4524 7871
4525 7870
4526 7869
4527 7868
4528 7867
4529 8266
4530 8265
4531 8264
4532 8263
4533 8262
4534 8261
4535 8260
4536 8259
4537 8690
4538 8689
4539 8688
4540 8687
4541 8686
4542 8685
4543 8684
4544 8683
4545 8682
4546 8681
4547 8680
4548 8679
4549 8678
4550 8677
4551 8676
4552 8675
4553 8674
4554 8673
4555 8672
4556 8671
4557 9401
4558 9400
4559 9399
4560 9398
4561 9397
4562 9396
4563 9395
4564 9394
4565 9393
4566 9392
4567 9391
4568 9390
4569 9389
4570 9388
4571 9387
4572 9386
4573 8965
4574 8964
4575 8963
4576 8962
4577 8961
4578 8960
4579 8959
4580 8958
4581 8957
4582 8995
4583 8994
4584 8993
4585 8992
4586 8991
4587 8990
4588 8989
4589 8988
4590 8987
4591 8986
4592 8985
4593 11204
4594 11203
4595 11202
4596 11201
4597 11200
4598 11199
4599 11198
4600 11197
4601 11196
4602 11195
4603 11194
4604 11193
4605 11192
4606 11191
4607 11190
4608 9614
4609 9613
4610 9612
4611 9611
4612 9610
4613 9609
4614 9608
4615 9607
4616 9646
4617 9645
4618 9644
4619 9643
4620 9642
4621 9641
4622 9640
4623 9639
4624 9638
4625 9637
4626 9636
4627 9635
4628 10262
4629 10261
4630 10260
4631 10259
4632 10258
4633 10257
4634 10256
4635 10255
4636 10254
4637 10253
4638 10252
4639 10251
4640 10250
4641 10249
4642 10248
4643 10247
4644 9997
4645 9996
4646 9995
4647 9994
4648 9993
4649 9992
4650 9991
4651 10029
4652 10028
4653 10027
4654 10026
4655 10025
4656 10024
4657 10023
4658 10022
4659 10021
4660 10020
4661 10019
4662 10018
4663 10017
4664 12517
4665 12516
4666 12515
4667 12514
4668 12513
4669 12512
4670 12511
4671 11929
4672 11928
4673 11927
4674 11926
4675 11925
4676 11924
4677 11923
4678 11922
4679 11921
4680 11920
4681 11919
4682 11918
4683 11917
4684 11916
4685 12309
4686 12308
4687 12307
4688 12306
4689 12305
4690 12304
4691 12303
4692 12302
4693 12301
4694 12300
4695 12299
4696 12298
4697 12297
4698 12830
4699 12829
4700 12828
4701 12827
4702 12826
4703 12825
4704 12824
4705 12823
4706 12822
4707 12821
4708 12820
4709 12819
4710 12818
4711 12817
4712 12816
4713 12815
4714 12814
4715 12813
4716 12812
4717 12811
4718 12810
4719 12809
4720 12808
4721 12807
4722 12806
4723 12805
4724 12804
4725 12803
4726 12802
4727 12801
4728 12800
4729 12799
4730 12798
4731 12797
4732 12796
4733 12795
4734 10487
4735 10486
4736 10485
4737 10484
4738 10483
4739 10482
4740 10481
4741 10583
4742 10582
4743 10581
4744 10580
4745 10579
4746 10578
4747 10577
4748 10576
4751 10503
4752 10502
4753 10501
4754 10500
4755 10499
4756 10498
4757 10497
4758 10496
4759 10495
4760 10494
4761 10493
4762 10492
4763 10491
4764 10490
4765 10489
4766 10488
4767 12794
4768 12793
4769 12792
4770 12791
4771 12790
4772 12789
4773 12788
4774 12787
4775 13191
4776 13190
4777 13189
4778 13188
4779 13187
4780 13186
4781 13185
4782 13235
4783 13234
4784 13233
4785 13232
4786 13231
4787 13230
4788 13229
4789 13228
4790 13227
4791 13226
4792 13225
4793 13224
4794 12561
4795 12560
4796 12559
4797 12558
4798 12557
4799 12556
4800 12555
4801 12554
4802 12553
4803 12552
4804 12551
4805 12550
4806 12549
4807 12548
4808 12547
4809 12546
4810 12545
4811 12544
4812 12543
4813 12542
4814 12541
4815 12540
4816 12539
4817 12538
4818 12537
4819 12536
4820 12535
4821 12534
4822 12533
4823 12532
4824 12531
4825 12530
4826 12529
4827 12528
4828 12527
4829 12526
4830 12525
4831 12524
4832 12523
4833 12522
4834 12521
4835 12520
4836 12519
4837 12518
4838 10016
4839 10015
4840 10014
4841 10013
4842 10012
4843 10011
4844 10010
4845 10009
4846 10008
4847 10007
4848 10006
4849 10005
4850 10004
4851 10003
4852 10002
4853 10001
4854 10000
4855 9999
4856 9998
4857 10246
4858 10245
4859 10244
4860 10243
4861 10242
4862 10241
4863 10240
4864 10239
4865 11248
4866 11247
4867 11246
4868 11245
4869 11244
4870 11243
4871 11242
4872 11241
4873 11240
4874 11239
4875 11238
4876 11237
4877 11236
4878 11235
4879 11234
4880 11233
4881 11232
4882 11231
4883 11230
4884 11229
4885 11228
4886 11227
4887 11226
4888 11225
4889 11224
4890 11223
4891 11222
4892 11221
4893 11220
4894 11219
4895 11218
4896 11217
4897 11216
4898 11215
4899 11214
4900 11213
4901 11212
4902 11211
4903 11210
4904 11209
4905 11208
4906 11207
4907 11206
4908 11205
4909 8984
4910 8983
4911 8982
4912 8981
4913 8980
4914 8979
4915 8978
4916 8977
4917 8976
4918 8975
4919 8974
4920 8973
4921 8972
4922 8971
4923 8970
4924 8969
4925 8968
4926 8967
4927 8966
4928 9385
4929 9384
4930 9383
4931 9382
4932 9381
4933 9380
4934 9379
4935 9378
4936 7917
4937 7916
4938 7915
4939 7914
4940 7913
4941 7912
4942 7911
4943 7910
4944 7909
4945 7908
4946 7907
4947 7906
4948 7905
4949 7904
4950 7903
4951 7902
4952 7901
4953 7900
4954 7899
4955 7898
4956 7897
4957 7896
4958 7895
4959 7894
4960 7893
4961 7892
4962 7891
4963 7890
4964 7889
4965 7888
4966 7887
4967 7886
4968 7885
4969 7884
4970 7883
4971 7882
4972 7881
4973 7880
4974 7879
4975 7878
4976 7877
4977 7876
4978 7875
4979 7874
4980 7424
4981 7423
4982 7422
4983 7421
4984 7420
4985 7419
4986 7418
4987 7417
4988 7416
4989 7415
4990 7414
4991 7413
4992 7412
4993 7411
4994 7410
4995 7409
4996 7408
4997 7407
4998 7406
4999 7405
5000 7496
5001 7495
5002 7494
5003 7493
5004 7492
5005 7491
5006 7490
5007 7489
5008 6973
5009 6972
5010 6971
5011 6970
5012 6969
5013 6968
5014 6967
5015 6966
5016 6965
5017 6964
5018 6963
5019 6962
5020 6961
5021 6960
5022 6959
5023 6958
5024 6957
5025 6956
5026 6955
5029 6724
5030 6723
5031 6722
5032 6721
5033 6720
5034 6719
5035 6718
5036 6717
5037 6716
5038 6771
5039 6770
5040 6769
5041 6768
5042 6767
5043 6766
5044 6765
5045 6764
5046 6981
5047 6980
5048 6979
5049 6978
5050 6977
5051 6976
5052 6975
5053 6974
5054 7488
5055 7487
5056 7486
5057 7485
5058 7484
5059 7483
5060 7482
5061 7481
5062 7480
5063 7479
5064 7478
5065 7477
5066 7476
5067 7475
5068 7474
5069 7327
5070 7326
5071 7325
5072 7324
5073 7323
5074 7322
5075 7321
5076 7320
5077 7319
5078 7318
5079 7317
5080 7316
5081 7315
5082 7314
5083 7313
5084 7312
5085 7311
5086 7310
5087 7309
5088 7308
5089 7307
5090 7306
5091 7305
5092 7304
5093 7303
5094 7302
5095 7301
5096 7300
5097 7299
5098 7298
5099 7297
5100 8282
5101 8281
5102 8280
5103 8279
5104 8278
5105 8277
5106 8276
5107 8275
5108 8350
5109 8349
5110 8348
5111 8347
5112 8346
5113 8345
5114 8344
5115 8343
5116 8342
5117 8341
5118 8340
5119 8339
5120 8338
5121 8337
5122 8336
5123 8335
5124 8334
5125 8333
5126 8332
5127 8331
5128 8330
5129 8329
5130 8328
5131 8327
5132 8724
5133 8723
5134 8722
5135 8721
5136 8720
5137 8719
5138 8718
5139 8717
5140 7925
5141 7924
5142 7923
5143 7922
5144 7921
5145 7920
5146 7919
5147 7918
5148 9377
5149 9376
5150 9375
5151 9374
5152 9373
5153 9372
5154 9371
5155 9370
5156 9369
5157 9368
5158 9367
5159 9366
5160 9365
5161 9364
5162 9363
5163 9362
5164 9002
5165 9001
5166 9000
5167 8999
5168 8998
5169 8997
5170 8996
5171 8956
5172 8955
5173 8954
5174 8953
5175 8952
5176 8951
5177 8950
5178 8949
5179 8948
5180 8947
5181 8946
5182 8945
5183 8944
5184 8943
5185 8942
5186 8941
5187 8940
5188 8939
5189 8938
5190 8937
5191 8936
5192 8935
5193 8934
5194 8933
5195 11442
5196 11441
5197 11440
5198 11439
5199 11438
5200 11437
5201 11436
5202 11435
5203 9838
5204 9837
5205 9836
5206 9835
5207 9834
5208 9833
5209 9832
5210 9831
5211 9830
5212 9829
5213 9828
5214 9827
5215 9826
5216 9825
5217 9824
5218 9823
5219 9822
5220 9821
5221 9820
5222 9819
5223 9818
5224 9817
5225 9816
5226 9815
5227 11496
5228 11495
5229 11494
5230 11493
5231 11492
5232 11491
5233 11490
5234 11489
5235 11256
5236 11255
5237 11254
5238 11253
5239 11252
5240 11251
5241 11250
5242 11249
5243 10238
5244 10237
5245 10236
5246 10235
5247 10234
5248 10233
5249 10232
5250 10231
5251 10230
5252 10229
5253 10228
5254 10227
5255 10226
5256 10225
5257 10224
5258 10223
5259 10222
5260 10221
5261 10220
5262 10219
5263 10218
5264 10856
5265 10855
5266 10854
5267 10853
5268 10852
5269 10851
5270 10850
5271 10849
5272 10848
5273 10847
5274 10846
5275 10845
5276 10844
5277 10843
5278 10842
5279 10841
5280 10840
5281 10839
5282 10838
5283 10837
5284 10836
5285 10835
5286 10834
5287 10833
5288 10832
5289 10831
5290 11945
5291 11944
5292 11943
5293 11942
5294 11941
5295 11940
5296 11939
5297 11938
5298 12321
5299 12320
5300 12319
5301 12318
5302 12317
5303 12316
5304 12315
5305 12314
5306 12313
5307 12312
5308 12311
5309 12310
5310 11915
5311 11914
5312 11913
5313 11912
5314 11911
5315 11910
5316 11909
5317 11908
5318 11907
5319 11906
5320 11905
5321 12361
5322 12360
5323 12359
5324 12358
5325 12357
5326 12356
5327 12355
5328 12354
5329 12569
5330 12568
5331 12567
5332 12566
5333 12565
5334 12564
5335 12563
5336 12562
5337 13223
5338 13222
5339 13221
5340 13220
5341 13219
5342 13218
5343 13217
5344 13216
5345 13215
5346 13214
5347 13213
5348 13212
5349 13211
5350 13210
5351 13209
5352 13208
5353 13207
5354 13206
5355 13205
5356 13204
5357 13203
5358 13202
5359 13201
5360 13200
5361 13199
5362 13198
5363 13197
5364 13196
5365 13195
5366 13194
5367 13193
5368 13192
5369 12786
5370 12785
5371 12784
5372 12783
5373 12782
5374 12781
5375 12780
5376 12779
5377 12778
5378 12777
5379 12776
5380 12775
5381 12774
5382 12773
5383 12772
5384 10599
5385 10598
5386 10597
5387 10596
5388 10595
5389 10594
5390 10593
5391 10592
5392 10639
5393 10638
5394 10637
5395 10636
5396 10635
5397 10634
5398 10633
5399 10632
5400 10631
5401 10630
5402 10629
5403 10628
5404 10627
5407 10652
5408 10651
5409 10650
5410 10649
5411 10648
5412 10647
5413 10646
5414 10645
5415 10644
5416 10643
5417 10642
5418 10641
5419 10640
5420 10591
5421 10590
5422 10589
5423 10588
5424 10587
5425 10586
5426 10585
5427 10584
5428 10480
5429 10479
5430 10478
5431 10477
5432 10476
5433 10475
5434 10474
5435 10473
5436 13278
5437 13277
5438 13276
5439 13275
5440 13274
5441 13273
5442 13272
5443 13271
5444 13037
5445 13036
5446 13035
5447 13034
5448 13033
5449 13032
5450 13031
5451 13030
5452 13029
5453 13028
5454 13027
5455 13026
5456 13025
5457 13184
5458 13183
5459 13182
5460 13181
5461 13180
5462 13179
5463 13178
5464 13177
5465 13176
5466 13175
5467 12401
5468 12400
5469 12399
5470 12398
5471 12397
5472 12396
5473 12395
5474 12394
5475 12577
5476 12576
5477 12575
5478 12574
5479 12573
5480 12572
5481 12571
5482 12570
5483 12353
5484 12352
5485 12351
5486 12350
5487 12349
5488 12348
5489 12347
5490 12346
5491 12345
5492 12344
5493 12343
5494 12342
5495 12341
5496 12340
5497 12339
5498 12338
5499 12337
5500 12336
5501 12335
5502 12334
5503 12333
5504 12332
5505 12331
5506 12330
5507 12329
5508 12328
5509 12327
5510 12326
5511 12325
5512 12324
5513 12323
5514 12322
5515 11937
5516 11936
5517 11935
5518 11934
5519 11933
5520 11932
5521 11931
5522 11930
5523 12510
5524 12509
5525 12508
5526 12507
5527 12506
5528 12505
5529 12504
5530 12503
5531 10934
5532 10933
5533 10932
5534 10931
5535 10930
5536 10929
5537 10928
5538 10927
5539 11559
5540 11558
5541 11557
5542 11556
5543 11555
5544 11554
5545 11553
5546 11552
5547 11551
5548 11550
5549 11549
5550 11548
5551 11547
5552 11546
5553 11545
5554 11544
5555 11543
5556 11542
5557 11541
5558 11540
5559 11539
5560 11538
5561 11537
5562 11536
5563 11535
5564 11534
5565 11533
5566 11532
5567 11531
5568 11530
5569 11529
5570 11264
5571 11263
5572 11262
5573 11261
5574 11260
5575 11259
5576 11258
5577 11257
5578 11488
5579 11487
5580 11486
5581 11485
5582 11484
5583 11483
5584 11482
5585 11481
5586 11480
5587 11479
5588 11478
5589 11477
5590 11476
5591 11475
5592 11474
5593 11473
5594 11472
5595 11471
5596 9852
5597 9851
5598 9850
5599 9849
5600 9848
5601 9847
5602 9846
5603 9845
5604 9844
5605 9843
5606 9842
5607 9841
5608 9840
5609 9839
5610 11434
5611 11433
5612 11432
5613 11431
5614 11430
5615 11429
5616 11428
5617 11427
5618 11426
5619 11425
5620 11424
5621 11423
5622 11422
5623 11421
5624 11420
5625 11419
5626 9054
5627 9053
5628 9052
5629 9051
5630 9050
5631 9049
5632 9048
5633 9047
5634 9242
5635 9241
5636 9240
5637 9239
5638 9238
5639 9237
5640 9236
5641 9235
5642 9234
5643 9233
5644 9232
5645 9231
5646 9230
5647 9229
5648 9228
5649 9227
5650 9226
5651 9225
5652 9224
5653 9223
5654 9222
5655 9221
5656 9220
5657 8764
5658 8763
5659 8762
5660 8761
5661 8760
5662 8759
5663 8758
5664 8757
5665 7933
5666 7932
5667 7931
5668 7930
5669 7929
5670 7928
5671 7927
5672 7926
5673 8716
5674 8715
5675 8714
5676 8713
5677 8712
5678 8711
5679 8710
5680 8709
5681 8708
5682 8707
5683 8706
5684 8705
5685 8704
5686 8703
5687 8702
5688 8701
5689 8508
5690 8507
5691 8506
5692 8505
5693 8504
5694 8503
5695 8502
5696 8501
5697 8358
5698 8357
5699 8356
5700 8355
5701 8354
5702 8353
5703 8352
5704 8351
5705 8274
5706 8273
5707 8272
5708 8271
5709 8270
5710 8269
5711 8268
5712 8267
5713 7866
5714 7865
5715 7864
5716 7863
5717 7862
5718 7861
5719 7860
5720 7859
5721 7379
5722 7378
5723 7377
5724 7376
5725 7375
5726 7374
5727 7373
5728 7372
5729 8163
5730 8162
5731 8161
5732 8160
5733 8159
5734 8158
5735 8157
5736 8156
5737 8155
5738 8154
5739 8153
5740 8152
5741 8151
5742 8150
5743 8149
5744 8148
5745 8147
5746 8146
5747 8145
5748 8144
5749 8143
5750 8142
5751 8141
5752 8140
5753 6811
5754 6810
5755 6809
5756 6808
5757 6807
5758 6806
5759 6805
5760 6804
5761 6989
5762 6988
5763 6987
5764 6986
5765 6985
5766 6984
5767 6983
5768 6982
5769 6763
5770 6762
5771 6761
5772 6760
5773 6759
5774 6758
5775 6757
5776 6756
5777 6755
5778 6754
5779 6753
5780 6752
5781 6751
5782 6750
5783 6749
5784 6748
5785 6747
5788 6898
5789 6897
5790 6896
5791 6895
5792 6894
5793 6893
5794 6892
5795 6891
5796 6890
5797 6889
5798 6888
5799 6997
5800 6996
5801 6995
5802 6994
5803 6993
5804 6992
5805 6991
5806 6990
5807 6803
5808 6802
5809 6801
5810 6800
5811 6799
5812 6798
5813 6797
5814 6796
5815 7465
5816 7464
5817 7463
5818 7462
5819 7461
5820 7460
5821 7459
5822 7458
5823 7457
5824 7456
5825 7455
5826 7454
5827 7453
5828 7452
5829 7451
5830 8183
5831 8182
5832 8181
5833 8180
5834 8179
5835 8178
5836 8177
5837 8176
5838 8175
5839 8174
5840 8173
5841 8172
5842 8171
5843 8170
5844 8169
5845 8168
5846 8167
5847 8166
5848 8165
5849 8164
5850 7371
5851 7370
5852 7369
5853 7368
5854 7367
5855 7366
5856 7365
5857 7364
5858 7288
5859 7287
5860 7286
5861 7285
5862 7284
5863 7283
5864 7282
5865 7281
5866 7280
5867 7279
5868 7278
5869 7277
5870 7276
5871 7275
5872 7274
5873 8366
5874 8365
5875 8364
5876 8363
5877 8362
5878 8361
5879 8360
5880 8359
5881 8500
5882 8499
5883 8498
5884 8497
5885 8496
5886 8495
5887 8494
5888 8493
5889 8492
5890 8491
5891 8490
5892 8489
5893 8488
5894 8487
5895 8486
5896 8485
5897 8484
5898 8483
5899 8482
5900 8481
5901 8480
5902 8479
5903 8478
5904 8477
5905 8476
5906 8475
5907 8474
5908 8473
5909 8472
5910 8471
5911 8470
5912 8469
5913 8468
5914 8467
5915 8466
5916 8465
5917 7941
5918 7940
5919 7939
5920 7938
5921 7937
5922 7936
5923 7935
5924 7934
5925 8756
5926 8755
5927 8754
5928 8753
5929 8752
5930 8751
5931 8750
5932 8749
5933 9354
5934 9353
5935 9352
5936 9351
5937 9350
5938 9349
5939 9348
5940 9347
5941 9346
5942 9345
5943 9344
5944 9343
5945 9342
5946 9341
5947 9340
5948 9339
5949 9338
5950 9337
5951 9336
5952 9335
5953 9334
5954 9333
5955 9332
5956 9331
5957 9330
5958 9329
5959 9328
5960 9327
5961 9250
5962 9249
5963 9248
5964 9247
5965 9246
5966 9245
5967 9244
5968 9243
5969 9046
5970 9045
5971 9044
5972 9043
5973 9042
5974 9041
5975 9040
5976 9039
5977 8924
5978 8923
5979 8922
5980 8921
5981 8920
5982 8919
5983 8918
5984 8917
5985 8916
5986 8915
5987 8914
5988 8913
5989 8912
5990 8911
5991 8910
5992 9888
5993 9887
5994 9886
5995 9885
5996 9884
5997 9883
5998 9882
5999 9881
6000 9880
6001 9879
6002 9878
6003 9877
6004 9876
6005 9875
6006 9874
6007 9873
6008 9872
6009 9871
6010 9870
6011 9869
6012 9868
6013 9867
6014 9866
6015 9865
6016 9864
6017 9863
6018 9862
6019 9861
6020 9806
6021 9805
6022 9804
6023 9803
6024 9802
6025 9801
6026 9800
6027 9799
6028 9798
6029 9797
6030 9796
6031 9795
6032 9794
6033 9793
6034 9792
6035 9791
6036 11272
6037 11271
6038 11270
6039 11269
6040 11268
6041 11267
6042 11266
6043 11265
6044 11528
6045 11527
6046 11526
6047 11525
6048 11524
6049 11523
6050 11522
6051 11521
6052 10875
6053 10874
6054 10873
6055 10872
6056 10871
6057 10870
6058 10869
6059 10868
6060 10867
6061 10866
6062 10865
6063 10864
6064 10863
6065 10862
6066 10861
6067 10860
6068 10859
6069 10858
6070 10857
6071 10217
6072 10216
6073 10215
6074 10214
6075 10213
6076 10212
6077 10211
6078 10210
6079 10209
6080 11567
6081 11566
6082 11565
6083 11564
6084 11563
6085 11562
6086 11561
6087 11560
6088 10926
6089 10925
6090 10924
6091 10923
6092 10922
6093 10921
6094 10920
6095 10919
6096 10822
6097 10821
6098 10820
6099 10819
6100 10818
6101 10817
6102 10816
6103 10815
6104 10814
6105 10813
6106 10812
6107 10811
6108 10810
6109 10809
6110 10808
6111 12009
6112 12008
6113 12007
6114 12006
6115 12005
6116 12004
6117 12003
6118 12002
6119 12001
6120 12000
6121 11999
6122 11998
6123 11997
6124 11996
6125 11995
6126 11994
6127 11993
6128 11992
6129 11991
6130 11990
6131 11989
6132 11988
6133 11987
6134 11986
6135 11985
6136 11984
6137 11983
6138 11982
6139 11896
6140 11895
6141 11894
6142 11893
6143 11892
6144 11891
6145 11890
6146 11889
6147 11888
6148 11887
6149 11886
6150 11885
6151 11884
6152 11883
6153 11882
6154 12585
6155 12584
6156 12583
6157 12582
6158 12581
6159 12580
6160 12579
6161 12578
6162 12393
6163 12392
6164 12391
6165 12390
6166 12389
6167 12388
6168 12387
6169 12386
6170 13008
6171 13007
6172 13006
6173 13005
6174 13004
6175 13003
6176 13002
6177 13001
6178 13000
6179 12999
6180 12998
6181 12997
6182 12996
6183 12995
6184 12994
6185 12993
6186 12992
6187 12991
6188 12990
6189 12989
6190 12988
6191 12987
6192 12986
6193 12985
6194 12984
6195 12983
6196 12982
6197 12981
6198 13045
6199 13044
6200 13043
6201 13042
6202 13041
6203 13040
6204 13039
6205 13038
6206 13270
6207 13269
6208 13268
6209 13267
6210 13266
6211 13265
6212 13264
6213 13263
6214 12763
6215 12762
6216 12761
6217 12760
6218 12759
6219 12758
6220 12757
6221 12756
6222 12755
6223 12754
6224 12753
6225 12752
6226 12751
6227 12750
6228 12749
6229 10671
6230 10670
6231 10669
6232 10668
6233 10667
6234 10666
6235 10665
6236 10664
6237 10663
6238 10662
6239 10661
6240 10660
6241 10659
6242 10658
6243 10657
6244 10656
6245 10655
6246 10654
6247 10653
6250 10626
6251 10625
6252 10624
6253 10623
6254 10622
6255 10621
6256 10620
6257 10619
6258 10618
6259 10617
6260 10616
6261 10615
6262 10614
6263 10613
6264 10612
6265 10611
6266 10610
6267 10609
6268 10608
6269 10607
6270 10606
6271 10605
6272 10604
6273 10603
6274 10602
6275 10601
6276 10600
6277 12771
6278 12770
6279 12769
6280 12768
6281 12767
6282 12766
6283 12765
6284 12764
6285 13262
6286 13261
6287 13260
6288 13259
6289 13258
6290 13257
6291 13256
6292 13255
6293 13254
6294 13253
6295 13252
6296 13251
6297 13250
6298 13249
6299 13248
6300 13247
6301 13246
6302 13245
6303 13244
6304 13243
6305 13242
6306 13241
6307 13240
6308 13239
6309 13238
6310 13237
6311 13236
6312 13024
6313 13023
6314 13022
6315 13021
6316 13020
6317 13019
6318 13018
6319 13017
6320 13016
6321 13015
6322 13014
6323 13013
6324 13012
6325 13011
6326 13010
6327 13009
6328 12385
6329 12384
6330 12383
6331 12382
6332 12381
6333 12380
6334 12379
6335 12378
6336 12377
6337 12376
6338 12375
6339 12374
6340 12373
6341 12372
6342 12371
6343 12370
6344 12369
6345 12368
6346 12367
6347 12366
6348 12365
6349 12364
6350 12363
6351 12362
6352 11904
6353 11903
6354 11902
6355 11901
6356 11900
6357 11899
6358 11898
6359 11897
6360 11981
6361 11980
6362 11979
6363 11978
6364 11977
6365 11976
6366 11975
6367 11974
6368 11973
6369 11972
6370 11971
6371 11970
6372 11969
6373 11968
6374 11967
6375 11966
6376 11965
6377 11964
6378 11963
6379 11962
6380 11961
6381 11960
6382 11959
6383 11958
6384 11957
6385 11956
6386 11955
6387 11954
6388 11953
6389 11952
6390 11951
6391 11950
6392 11949
6393 11948
6394 11947
6395 11946
6396 10830
6397 10829
6398 10828
6399 10827
6400 10826
6401 10825
6402 10824
6403 10823
6404 10918
6405 10917
6406 10916
6407 10915
6408 10914
6409 10913
6410 10912
6411 10911
6412 10910
6413 10909
6414 10908
6415 10907
6416 10906
6417 10905
6418 10904
6419 10903
6420 10902
6421 10901
6422 10900
6423 10899
6424 10898
6425 10897
6426 10896
6427 10895
6428 10894
6429 10893
6430 10892
6431 10891
6432 10890
6433 10889
6434 10888
6435 10887
6436 10886
6437 10885
6438 10884
6439 10883
6440 10882
6441 10881
6442 10880
6443 10879
6444 10878
6445 10877
6446 10876
6447 11520
6448 11519
6449 11518
6450 11517
6451 11516
6452 11515
6453 11514
6454 11513
6455 11512
6456 11511
6457 11510
6458 11509
6459 11508
6460 11507
6461 11506
6462 11505
6463 11504
6464 11503
6465 11502
6466 11501
6467 11500
6468 11499
6469 11498
6470 11497
6471 9814
6472 9813
6473 9812
6474 9811
6475 9810
6476 9809
6477 9808
6478 9807
6479 9860
6480 9859
6481 9858
6482 9857
6483 9856
6484 9855
6485 9854
6486 9853
6487 11470
6488 11469
6489 11468
6490 11467
6491 11466
6492 11465
6493 11464
6494 11463
6495 11462
6496 11461
6497 11460
6498 11459
6499 11458
6500 11457
6501 11456
6502 11455
6503 11454
6504 11453
6505 11452
6506 11451
6507 11450
6508 11449
6509 11448
6510 11447
6511 11446
6512 11445
6513 11444
6514 11443
6515 8932
6516 8931
6517 8930
6518 8929
6519 8928
6520 8927
6521 8926
6522 8925
6523 9038
6524 9037
6525 9036
6526 9035
6527 9034
6528 9033
6529 9032
6530 9031
6531 9030
6532 9029
6533 9028
6534 9027
6535 9026
6536 9025
6537 9024
6538 9023
6539 9022
6540 9021
6541 9020
6542 9019
6543 9018
6544 9017
6545 9016
6546 9015
6547 9014
6548 9013
6549 9012
6550 9011
6551 9010
6552 9009
6553 9008
6554 9007
6555 9006
6556 9005
6557 9004
6558 9003
6559 9361
6560 9360
6561 9359
6562 9358
6563 9357
6564 9356
6565 9355
6566 8748
6567 8747
6568 8746
6569 8745
6570 8744
6571 8743
6572 8742
6573 8741
6574 8740
6575 8739
6576 8738
6577 8737
6578 8736
6579 8735
6580 8734
6581 8733
6582 8732
6583 8731
6584 8730
6585 8729
6586 8728
6587 8727
6588 8726
6589 8725
6590 8326
6591 8325
6592 8324
6593 8323
6594 8322
6595 8321
6596 8320
6597 8319
6598 8318
6599 8317
6600 8316
6601 8315
6602 8314
6603 8313
6604 8312
6605 8311
6606 8310
6607 8309
6608 8308
6609 8307
6610 8306
6611 8305
6612 8304
6613 8303
6614 8302
6615 8301
6616 8300
6617 8299
6618 8298
6619 8297
6620 8296
6621 8295
6622 8294
6623 8293
6624 8292
6625 8291
6626 8290
6627 8289
6628 8288
6629 8287
6630 8286
6631 8285
6632 8284
6633 8283
6634 7296
6635 7295
6636 7294
6637 7293
6638 7292
6639 7291
6640 7290
6641 7289
6642 7363
6643 7362
6644 7361
6645 7360
6646 7359
6647 7358
6648 7357
6649 7356
6650 7355
6651 7354
6652 7353
6653 7352
6654 7351
6655 7350
6656 7349
6657 7348
6658 7347
6659 7346
6660 7345
6661 7344
6662 7343
6663 7342
6664 7341
6665 7340
6666 7339
6667 7338
6668 7337
6669 7336
6670 7335
6671 7334
6672 7333
6673 7332
6674 7331
6675 7330
6676 7329
6677 7328
6678 7473
6679 7472
6680 7471
6681 7470
6682 7469
6683 7468
6684 7467
6685 7466
6686 6795
6687 6794
6688 6793
6689 6792
6690 6791
6691 6790
6692 6789
6693 6788
6694 6787
6695 6786
6696 6785
6697 6784
6698 6783
6699 6782
6700 6781
6701 6780
6702 6779
6703 6778
6704 6777
6705 6776
6706 6775
6707 6774
6708 6773
6709 6772
6710 6715
6711 6714
6712 6713
465 10704
933 7127
3363 7061
3907 7062
3908 6854
4475 6746
5787 6898
