0 7845
1 7844
2 7843
3 7842
4 7841
5 7840
6 7839
7 7838
8 7837
9 7836
10 7835
11 7834
12 7833
13 7832
14 7831
15 7830
16 7829
17 7828
18 7827
19 7901
20 7900
21 7899
22 7898
23 7897
24 7896
25 7895
26 7894
27 7516
28 7515
29 7514
30 7513
31 7512
32 7511
33 7510
34 7509
35 7508
36 7507
37 7506
38 7505
39 7504
40 7503
41 7502
42 7501
43 7500
44 7499
45 7498
50 8744
51 8743
52 8742
53 8741
54 8740
55 8739
56 8738
57 8737
58 8736
59 8735
60 8095
61 8094
62 8093
63 8092
64 8091
65 8090
66 8089
67 8088
68 8258
69 8257
70 8256
71 8255
72 8254
73 8253
74 8252
75 8251
76 8250
77 8249
78 8248
79 8247
80 8246
81 8245
82 8244
83 8243
84 8242
85 8241
86 8240
87 8239
88 8238
89 8237
90 8236
91 8755
92 8754
93 8753
94 8752
95 8751
96 8750
97 8749
98 8748
99 8747
100 8746
101 8745
106 9457
107 9456
108 9455
109 9454
110 9453
111 9452
112 9451
113 9450
114 9449
115 9448
116 9447
117 9446
118 9445
119 9444
120 9443
121 9442
122 9441
123 9440
124 9439
125 9438
126 9437
127 9436
128 9435
129 9434
130 9433
131 9432
132 9431
133 9578
134 9577
135 9576
136 9575
137 9574
138 9573
139 9572
140 9571
141 9080
142 9079
143 9078
144 9077
145 9076
146 9075
147 9074
148 9073
149 9072
150 9071
151 9070
152 9069
153 9068
154 9067
155 9066
156 9065
157 9064
158 9063
163 10437
164 10436
165 10435
166 10434
167 10433
168 10432
169 10431
170 10430
171 10429
172 10428
173 10427
174 10426
175 9776
176 9775
177 9774
178 9773
179 9772
180 9771
181 9770
182 9769
183 9660
184 9659
185 9658
186 9657
187 9656
188 9655
189 9654
190 9653
191 9652
192 9651
193 9650
194 9649
195 9648
196 9647
197 9646
198 9645
199 9644
200 9643
201 9642
202 9641
203 9640
204 9639
205 9638
206 9637
207 9636
208 9635
209 9634
210 9633
211 9632
212 9631
213 9630
214 9629
219 11174
220 11173
221 11172
222 11171
223 11170
224 11169
225 11168
226 11167
227 11166
228 11165
229 11164
230 11163
231 11162
232 11161
233 11160
234 11159
235 11158
236 11157
237 11156
238 11155
239 11154
240 11153
241 11152
242 11151
243 11150
244 11149
245 11148
246 11147
247 11245
248 11244
249 11243
250 11242
251 11241
252 11240
253 11239
254 11238
255 10980
256 10979
257 10978
258 10977
259 10976
260 10975
261 10974
262 10973
263 10972
264 10971
265 10970
266 10969
267 10968
268 10967
269 10966
270 10965
275 12102
276 12101
277 12100
278 12099
279 12098
280 12097
281 12096
282 12095
283 12094
284 12093
285 12092
286 12091
287 12090
288 12089
289 11314
290 11313
291 11312
292 11311
293 11310
294 11309
295 11308
296 11307
297 11588
298 11587
299 11586
300 11585
301 11584
302 11583
303 11582
304 11581
305 11580
306 11579
307 11578
308 11577
309 11576
310 11575
311 11574
312 11573
313 11572
314 11571
315 11570
316 11569
317 11568
318 11567
319 11566
320 11565
321 11564
322 11563
323 11562
324 11561
325 11560
326 11559
331 12766
332 12765
333 12764
334 12763
335 12762
336 12761
337 12760
338 12733
339 12732
340 12731
341 12730
342 12729
343 12728
344 12727
345 12726
346 12725
347 12724
348 12723
349 12722
350 12721
351 12720
352 12719
353 12718
354 12717
355 12716
356 12715
357 12714
358 12713
359 12712
360 12711
361 12912
362 12911
363 12910
364 12909
365 12908
366 12907
367 12906
368 12905
369 12780
370 12779
371 12778
372 12777
373 12776
374 12775
375 12774
376 12773
377 12772
378 12771
379 12770
380 12769
381 12768
382 12767
387 13745
388 13744
389 13743
390 13742
391 13741
392 13740
393 13739
394 13738
395 13737
396 13736
397 13735
398 13734
399 13733
400 13732
401 13731
402 13730
403 13399
404 13398
405 13397
406 13396
407 13395
408 13394
409 13393
410 13392
411 13184
412 13183
413 13182
414 13181
415 13180
416 13179
417 13178
418 13177
419 13176
420 13175
421 13174
422 13173
423 13172
424 13171
425 13170
426 13169
427 13168
428 13167
429 13166
430 13165
431 13164
432 13163
433 13162
434 13161
435 13160
436 13159
439 13606
440 13605
441 13604
442 13603
443 13602
444 13601
445 13600
446 13599
447 13598
448 13597
449 13596
450 13081
451 13080
452 13079
453 13078
454 13077
455 13076
456 13075
457 13074
458 13192
459 13191
460 13190
461 13189
462 13188
463 13187
464 13186
465 13185
466 13391
467 13390
468 13389
469 13388
470 13387
471 13386
472 13385
473 13384
474 13383
475 13382
476 13381
477 13380
478 13379
479 13378
480 13377
481 13376
482 13576
483 13575
484 13574
485 13573
486 13572
487 13571
488 13570
489 13569
494 12793
495 12792
496 12791
497 12790
498 12789
499 12788
500 12787
501 12786
502 12785
503 12784
504 12783
505 12782
506 12781
507 12904
508 12903
509 12902
510 12901
511 12900
512 12899
513 12898
514 12897
515 12896
516 12895
517 12894
518 12893
519 12892
520 12891
521 12890
522 12889
523 12442
524 12441
525 12440
526 12439
527 12438
528 12437
529 12436
530 12435
531 12741
532 12740
533 12739
534 12738
535 12737
536 12736
537 12735
538 12734
539 12759
540 12758
541 12757
542 12756
543 12755
544 12754
545 12753
550 11964
551 11963
552 11962
553 11961
554 11960
555 11959
556 11958
557 11957
558 11956
559 11955
560 11954
561 11953
562 11952
563 11951
564 11950
565 11488
566 11487
567 11486
568 11485
569 11484
570 11483
571 11482
572 11481
573 11596
574 11595
575 11594
576 11593
577 11592
578 11591
579 11590
580 11589
581 11306
582 11305
583 11304
584 11303
585 11302
586 11301
587 11300
588 11299
589 11298
590 11297
591 11296
592 11295
593 11294
594 11293
595 11292
596 11291
597 11290
598 11289
599 11288
600 11287
601 11286
602 11285
607 10995
608 10994
609 10993
610 10992
611 10991
612 10990
613 10989
614 10988
615 10987
616 10986
617 10985
618 10984
619 10983
620 10982
621 10981
622 11237
623 11236
624 11235
625 11234
626 11233
627 11232
628 11231
629 11230
630 11229
631 11228
632 11227
633 11226
634 11225
635 11224
636 11223
637 11222
638 10903
639 10902
640 10901
641 10900
642 10899
643 10898
644 10897
645 10896
646 10955
647 10954
648 10953
649 10952
650 10951
651 10950
652 10949
653 10948
654 10947
655 10946
656 10945
657 10944
658 10943
663 10360
664 10359
665 10358
666 10357
667 10356
668 10355
669 10354
670 10353
671 10352
672 10351
673 10350
674 10349
675 10348
676 10347
677 10346
678 10345
679 10344
680 9937
681 9936
682 9935
683 9934
684 9933
685 9932
686 9931
687 9930
688 9668
689 9667
690 9666
691 9665
692 9664
693 9663
694 9662
695 9661
696 9768
697 9767
698 9766
699 9765
700 9764
701 9763
702 9762
703 9761
704 9760
705 9759
706 9758
707 9757
708 9756
709 9755
710 9754
711 9753
712 9752
713 9751
714 9750
715 9749
720 9341
721 9340
722 9339
723 9338
724 9337
725 9336
726 9335
727 9334
728 9333
729 9332
730 9087
731 9086
732 9085
733 9084
734 9083
735 9082
736 9081
737 9570
738 9569
739 9568
740 9567
741 9566
742 9565
743 9564
744 9563
745 9562
746 9561
747 9560
748 9559
749 9558
750 9557
751 9556
752 9555
753 9141
754 9140
755 9139
756 9138
757 9137
758 9136
759 9135
760 9134
761 9316
762 9315
763 9314
764 9313
765 9312
766 9311
767 9310
768 9309
769 9308
770 9307
771 9306
776 8703
777 8702
778 8701
779 8700
780 8699
781 8698
782 8697
783 8696
784 8695
785 8694
786 8693
787 8692
788 8691
789 8690
790 8689
791 8688
792 8687
793 8686
794 8685
795 7995
796 7994
797 7993
798 7992
799 7991
800 7990
801 7989
802 7988
803 8266
804 8265
805 8264
806 8263
807 8262
808 8261
809 8260
810 8259
811 8087
812 8086
813 8085
814 8084
815 8083
816 8082
817 8081
818 8080
819 8079
820 8078
821 8077
822 8076
823 8075
824 8074
825 8073
826 8072
827 8071
828 8070
833 7776
834 7775
835 7774
836 7773
837 7772
838 7771
839 7770
840 7769
841 7768
842 7767
843 7766
844 7765
845 7524
846 7523
847 7522
848 7521
849 7520
850 7519
851 7518
852 7517
853 7893
854 7892
855 7891
856 7890
857 7889
858 7888
859 7887
860 7886
861 7885
862 7884
863 7883
864 7882
865 7881
866 7880
867 7879
868 7878
869 7717
870 7716
871 7715
872 7714
873 7713
874 7712
875 7711
876 7710
877 7779
878 7778
879 7777
882 7728
883 7727
884 7726
885 7725
886 7724
887 7723
888 7722
889 7721
890 7720
891 7719
892 7718
893 7877
894 7876
895 7875
896 7874
897 7873
898 7872
899 7871
900 7870
901 7630
902 7629
903 7628
904 7627
905 7626
906 7625
907 7624
908 7623
909 7208
910 7207
911 7206
912 7205
913 7204
914 7203
915 7202
916 7201
917 7200
918 7199
919 7198
920 7197
921 7196
922 7195
923 7194
924 7193
925 7192
926 7191
927 7190
932 8584
933 8583
934 8582
935 8581
936 8580
937 8579
938 8578
939 8577
940 8576
941 8575
942 8610
943 8609
944 8608
945 8607
946 8606
947 8605
948 8604
949 8603
950 8010
951 8009
952 8008
953 8007
954 8006
955 8005
956 8004
957 8003
958 8002
959 8001
960 8000
961 7999
962 7998
963 7997
964 7996
965 8684
966 8683
967 8682
968 8681
969 8680
970 8679
971 8678
972 8677
973 8644
974 8643
975 8642
976 8641
977 8640
978 8639
979 8638
980 8637
981 8636
982 8635
983 8634
988 9160
989 9159
990 9158
991 9157
992 9156
993 9155
994 9154
995 9153
996 9152
997 9151
998 9150
999 9149
1000 9148
1001 9147
1002 9146
1003 9145
1004 9144
1005 9143
1006 9142
1007 9554
1008 9553
1009 9552
1010 9551
1011 9550
1012 9549
1013 9548
1014 9547
1015 9229
1016 9228
1017 9227
1018 9226
1019 9225
1020 9224
1021 9223
1022 9222
1023 9359
1024 9358
1025 9357
1026 9356
1027 9355
1028 9354
1029 9353
1030 9352
1031 9351
1032 9350
1033 9349
1034 9348
1035 9347
1036 9346
1037 9345
1038 9344
1039 9343
1040 9342
1045 10273
1046 10272
1047 10271
1048 10270
1049 10269
1050 10268
1051 10267
1052 10266
1053 10265
1054 10264
1055 10263
1056 10262
1057 10301
1058 10300
1059 10299
1060 10298
1061 10297
1062 10296
1063 10295
1064 10294
1065 9952
1066 9951
1067 9950
1068 9949
1069 9948
1070 9947
1071 9946
1072 9945
1073 9944
1074 9943
1075 9942
1076 9941
1077 9940
1078 9939
1079 9938
1080 10343
1081 10342
1082 10341
1083 10340
1084 10339
1085 10338
1086 10337
1087 10336
1088 10335
1089 10334
1090 10333
1091 10332
1092 10331
1093 10330
1094 10329
1095 10328
1096 10327
1101 10923
1102 10922
1103 10921
1104 10920
1105 10919
1106 10918
1107 10917
1108 10916
1109 10915
1110 10914
1111 10913
1112 10912
1113 10911
1114 10910
1115 10909
1116 10908
1117 10907
1118 10906
1119 10905
1120 10904
1121 11221
1122 11220
1123 11219
1124 11218
1125 11217
1126 11216
1127 11215
1128 11214
1129 10831
1130 10830
1131 10829
1132 10828
1133 10827
1134 10826
1135 10825
1136 10824
1137 10704
1138 10703
1139 10702
1140 10701
1141 10700
1142 10699
1143 10698
1144 10697
1145 10696
1146 10695
1147 10694
1148 10693
1149 10692
1150 10691
1151 10690
1152 10689
1157 11934
1158 11933
1159 11932
1160 11931
1161 11930
1162 11929
1163 11928
1164 11927
1165 11926
1166 11925
1167 11924
1168 11923
1169 11922
1170 11921
1171 12013
1172 12012
1173 12011
1174 12010
1175 12009
1176 12008
1177 12007
1178 12006
1179 11503
1180 11502
1181 11501
1182 11500
1183 11499
1184 11498
1185 11497
1186 11496
1187 11495
1188 11494
1189 11493
1190 11492
1191 11491
1192 11490
1193 11489
1194 11949
1195 11948
1196 11947
1197 11946
1198 11945
1199 11944
1200 11943
1201 11942
1202 11941
1203 11940
1204 11939
1205 11938
1206 11937
1207 11936
1208 11935
1213 12490
1214 12489
1215 12488
1216 12487
1217 12486
1218 12485
1219 12484
1220 12457
1221 12456
1222 12455
1223 12454
1224 12453
1225 12452
1226 12451
1227 12450
1228 12449
1229 12448
1230 12447
1231 12446
1232 12445
1233 12444
1234 12443
1235 12888
1236 12887
1237 12886
1238 12885
1239 12884
1240 12883
1241 12882
1242 12881
1243 12370
1244 12369
1245 12368
1246 12367
1247 12366
1248 12365
1249 12364
1250 12363
1251 12504
1252 12503
1253 12502
1254 12501
1255 12500
1256 12499
1257 12498
1258 12497
1259 12496
1260 12495
1261 12494
1262 12493
1263 12492
1264 12491
1269 13584
1270 13583
1271 13582
1272 13581
1273 13580
1274 13579
1275 13578
1276 13577
1277 13375
1278 13374
1279 13373
1280 13372
1281 13371
1282 13370
1283 13369
1284 13368
1285 13674
1286 13673
1287 13672
1288 13671
1289 13670
1290 13669
1291 13668
1292 13667
1293 13096
1294 13095
1295 13094
1296 13093
1297 13092
1298 13091
1299 13090
1300 13089
1301 13088
1302 13087
1303 13086
1304 13085
1305 13084
1306 13083
1307 13082
1308 13595
1309 13594
1310 13593
1311 13592
1312 13591
1313 13590
1314 13589
1315 13588
1316 13587
1317 13586
1318 13585
1321 13331
1322 13330
1323 13329
1324 13328
1325 13327
1326 13326
1327 13325
1328 13324
1329 13323
1330 13322
1331 13321
1332 13470
1333 13469
1334 13468
1335 13467
1336 13466
1337 13465
1338 13464
1339 13463
1340 13104
1341 13103
1342 13102
1343 13101
1344 13100
1345 13099
1346 13098
1347 13097
1348 13666
1349 13665
1350 13664
1351 13663
1352 13662
1353 13661
1354 13660
1355 13659
1356 13658
1357 13657
1358 13656
1359 13655
1360 13654
1361 13653
1362 13652
1363 13651
1364 13150
1365 13149
1366 13148
1367 13147
1368 13146
1369 13145
1370 13144
1371 13143
1376 12517
1377 12516
1378 12515
1379 12514
1380 12513
1381 12512
1382 12511
1383 12510
1384 12509
1385 12508
1386 12507
1387 12506
1388 12505
1389 12362
1390 12361
1391 12360
1392 12359
1393 12358
1394 12357
1395 12356
1396 12355
1397 12354
1398 12353
1399 12352
1400 12351
1401 12350
1402 12349
1403 12348
1404 12347
1405 12166
1406 12165
1407 12164
1408 12163
1409 12162
1410 12161
1411 12160
1412 12159
1413 12465
1414 12464
1415 12463
1416 12462
1417 12461
1418 12460
1419 12459
1420 12458
1421 12483
1422 12482
1423 12481
1424 12480
1425 12479
1426 12478
1427 12477
1432 11778
1433 11777
1434 11776
1435 11775
1436 11774
1437 11773
1438 11772
1439 11771
1440 11770
1441 11769
1442 11768
1443 11767
1444 11766
1445 11765
1446 11764
1447 11385
1448 11384
1449 11383
1450 11382
1451 11381
1452 11380
1453 11379
1454 11378
1455 11511
1456 11510
1457 11509
1458 11508
1459 11507
1460 11506
1461 11505
1462 11504
1463 12005
1464 12004
1465 12003
1466 12002
1467 12001
1468 12000
1469 11999
1470 11998
1471 11997
1472 11996
1473 11995
1474 11994
1475 11993
1476 11992
1477 11991
1478 11990
1479 11989
1480 11988
1481 11987
1482 11986
1483 11985
1484 11984
1489 10719
1490 10718
1491 10717
1492 10716
1493 10715
1494 10714
1495 10713
1496 10712
1497 10711
1498 10710
1499 10709
1500 10708
1501 10707
1502 10706
1503 10705
1504 10823
1505 10822
1506 10821
1507 10820
1508 10819
1509 10818
1510 10817
1511 10816
1512 10815
1513 10814
1514 10813
1515 10812
1516 10811
1517 10810
1518 10809
1519 10808
1520 10627
1521 10626
1522 10625
1523 10624
1524 10623
1525 10622
1526 10621
1527 10620
1528 10679
1529 10678
1530 10677
1531 10676
1532 10675
1533 10674
1534 10673
1535 10672
1536 10671
1537 10670
1538 10669
1539 10668
1540 10667
1545 10174
1546 10173
1547 10172
1548 10171
1549 10170
1550 10169
1551 10168
1552 10167
1553 10166
1554 10165
1555 10164
1556 10163
1557 10162
1558 10161
1559 10160
1560 10159
1561 10158
1562 9847
1563 9846
1564 9845
1565 9844
1566 9843
1567 9842
1568 9841
1569 9840
1570 9960
1571 9959
1572 9958
1573 9957
1574 9956
1575 9955
1576 9954
1577 9953
1578 10293
1579 10292
1580 10291
1581 10290
1582 10289
1583 10288
1584 10287
1585 10286
1586 10285
1587 10284
1588 10283
1589 10282
1590 10281
1591 10280
1592 10279
1593 10278
1594 10277
1595 10276
1596 10275
1597 10274
1602 9036
1603 9035
1604 9034
1605 9033
1606 9032
1607 9031
1608 9030
1609 9029
1610 9028
1611 9027
1612 9366
1613 9365
1614 9364
1615 9363
1616 9362
1617 9361
1618 9360
1619 9221
1620 9220
1621 9219
1622 9218
1623 9217
1624 9216
1625 9215
1626 9214
1627 9213
1628 9212
1629 9211
1630 9210
1631 9209
1632 9208
1633 9207
1634 9206
1635 8958
1636 8957
1637 8956
1638 8955
1639 8954
1640 8953
1641 8952
1642 8951
1643 9011
1644 9010
1645 9009
1646 9008
1647 9007
1648 9006
1649 9005
1650 9004
1651 9003
1652 9002
1653 9001
1658 8517
1659 8516
1660 8515
1661 8514
1662 8513
1663 8512
1664 8511
1665 8510
1666 8509
1667 8508
1668 8507
1669 8506
1670 8505
1671 8504
1672 8503
1673 8502
1674 8501
1675 8500
1676 8499
1677 8166
1678 8165
1679 8164
1680 8163
1681 8162
1682 8161
1683 8160
1684 8159
1685 8018
1686 8017
1687 8016
1688 8015
1689 8014
1690 8013
1691 8012
1692 8011
1693 8602
1694 8601
1695 8600
1696 8599
1697 8598
1698 8597
1699 8596
1700 8595
1701 8594
1702 8593
1703 8592
1704 8591
1705 8590
1706 8589
1707 8588
1708 8587
1709 8586
1710 8585
1715 7497
1716 7496
1717 7495
1718 7494
1719 7493
1720 7492
1721 7491
1722 7490
1723 7489
1724 7488
1725 7487
1726 7486
1727 7216
1728 7215
1729 7214
1730 7213
1731 7212
1732 7211
1733 7210
1734 7209
1735 7622
1736 7621
1737 7620
1738 7619
1739 7618
1740 7617
1741 7616
1742 7615
1743 7614
1744 7613
1745 7612
1746 7611
1747 7610
1748 7609
1749 7608
1750 7607
1751 7251
1752 7250
1753 7249
1754 7248
1755 7247
1756 7246
1757 7245
1758 7244
1759 7243
1760 7242
1761 7241
1764 7476
1765 7475
1766 7474
1767 7473
1768 7472
1769 7861
1770 7860
1771 7859
1772 7858
1773 7857
1774 7856
1775 7855
1776 7854
1777 7415
1778 7414
1779 7413
1780 7412
1781 7411
1782 7410
1783 7409
1784 7408
1785 7223
1786 7222
1787 7221
1788 7220
1789 7219
1790 7218
1791 7217
1792 7485
1793 7484
1794 7483
1795 7482
1796 7481
1797 7480
1798 7479
1799 7478
1800 7477
1805 8447
1806 8446
1807 8445
1808 8444
1809 8443
1810 8442
1811 8441
1812 8440
1813 8439
1814 8438
1815 8437
1816 8436
1817 8435
1818 8434
1819 8433
1820 8025
1821 8024
1822 8023
1823 8022
1824 8021
1825 8020
1826 8019
1827 8158
1828 8157
1829 8156
1830 8155
1831 8154
1832 8153
1833 8152
1834 8151
1835 8668
1836 8667
1837 8666
1838 8665
1839 8664
1840 8663
1841 8662
1842 8661
1843 8660
1844 8659
1845 8658
1846 8657
1847 8656
1848 8655
1849 8654
1850 8653
1855 9019
1856 9018
1857 9017
1858 9016
1859 9015
1860 9014
1861 9013
1862 9012
1863 8950
1864 8949
1865 8948
1866 8947
1867 8946
1868 8945
1869 8944
1870 8943
1871 9538
1872 9537
1873 9536
1874 9535
1875 9534
1876 9533
1877 9532
1878 9531
1879 9382
1880 9381
1881 9380
1882 9379
1883 9378
1884 9377
1885 9376
1886 9375
1887 9374
1888 9373
1889 9372
1890 9371
1891 9370
1892 9369
1893 9368
1894 9367
1895 9026
1896 9025
1897 9024
1898 9023
1899 9022
1900 9021
1901 9020
1906 10140
1907 10139
1908 10138
1909 10137
1910 10136
1911 10135
1912 10134
1913 10133
1914 10132
1915 10131
1916 10130
1917 10129
1918 10128
1919 10127
1920 10126
1921 10125
1922 10124
1923 9967
1924 9966
1925 9965
1926 9964
1927 9963
1928 9962
1929 9961
1930 9839
1931 9838
1932 9837
1933 9836
1934 9835
1935 9834
1936 9833
1937 9832
1938 10216
1939 10215
1940 10214
1941 10213
1942 10212
1943 10211
1944 10210
1945 10209
1946 10208
1947 10207
1948 10206
1949 10205
1950 10204
1951 10203
1956 10688
1957 10687
1958 10686
1959 10685
1960 10684
1961 10683
1962 10682
1963 10681
1964 10680
1965 10619
1966 10618
1967 10617
1968 10616
1969 10615
1970 10614
1971 10613
1972 10612
1973 10611
1974 10610
1975 10609
1976 10608
1977 10607
1978 10606
1979 10605
1980 10604
1981 11098
1982 11097
1983 11096
1984 11095
1985 11094
1986 11093
1987 11092
1988 11091
1989 10538
1990 10537
1991 10536
1992 10535
1993 10534
1994 10533
1995 10532
1996 10531
1997 10530
1998 10529
1999 10528
2000 10527
2001 10526
2006 11797
2007 11796
2008 11795
2009 11794
2010 11793
2011 11792
2012 11791
2013 11790
2014 11789
2015 11788
2016 11787
2017 11843
2018 11842
2019 11841
2020 11840
2021 11839
2022 11838
2023 11837
2024 11836
2025 11518
2026 11517
2027 11516
2028 11515
2029 11514
2030 11513
2031 11512
2032 11377
2033 11376
2034 11375
2035 11374
2036 11373
2037 11372
2038 11371
2039 11370
2040 11879
2041 11878
2042 11877
2043 11876
2044 11875
2045 11874
2046 11873
2047 11872
2048 11871
2049 11870
2050 11869
2051 11868
2056 12476
2057 12475
2058 12474
2059 12473
2060 12472
2061 12471
2062 12470
2063 12469
2064 12468
2065 12467
2066 12466
2067 12158
2068 12157
2069 12156
2070 12155
2071 12154
2072 12153
2073 12152
2074 12151
2075 12872
2076 12871
2077 12870
2078 12869
2079 12868
2080 12867
2081 12866
2082 12865
2083 12662
2084 12661
2085 12660
2086 12659
2087 12658
2088 12657
2089 12656
2090 12655
2091 12272
2092 12271
2093 12270
2094 12269
2095 12268
2096 12267
2097 12266
2098 12265
2099 12264
2100 12263
2101 12262
2106 13354
2107 13353
2108 13352
2109 13351
2110 13350
2111 13349
2112 13348
2113 13347
2114 13346
2115 13345
2116 13344
2117 13343
2118 13342
2119 13509
2120 13508
2121 13507
2122 13506
2123 13505
2124 13504
2125 13503
2126 13502
2127 13111
2128 13110
2129 13109
2130 13108
2131 13107
2132 13106
2133 13105
2134 13462
2135 13461
2136 13460
2137 13459
2138 13458
2139 13457
2140 13456
2141 13455
2142 13558
2143 13557
2144 13556
2145 13555
2146 13554
2147 13553
2148 13552
2149 13551
2150 13550
2151 13549
2152 13548
2153 13547
2154 13546
2157 13454
2158 13453
2159 13452
2160 13451
2161 13450
2162 13449
2163 13448
2164 13447
2165 13207
2166 13206
2167 13205
2168 13204
2169 13203
2170 13202
2171 13201
2172 13200
2173 13682
2174 13681
2175 13680
2176 13679
2177 13678
2178 13677
2179 13676
2180 13675
2181 13367
2182 13366
2183 13365
2184 13364
2185 13363
2186 13362
2187 13361
2188 13360
2189 13359
2190 13358
2191 13357
2192 13356
2193 13355
2198 12558
2199 12557
2200 12556
2201 12555
2202 12554
2203 12553
2204 12552
2205 12551
2206 12550
2207 12549
2208 12378
2209 12377
2210 12376
2211 12375
2212 12374
2213 12373
2214 12372
2215 12371
2216 12880
2217 12879
2218 12878
2219 12877
2220 12876
2221 12875
2222 12874
2223 12873
2224 12150
2225 12149
2226 12148
2227 12147
2228 12146
2229 12145
2230 12144
2231 12143
2232 12529
2233 12528
2234 12527
2235 12526
2236 12525
2237 12524
2238 12523
2239 12522
2240 12521
2241 12520
2242 12519
2243 12518
2248 11891
2249 11890
2250 11889
2251 11888
2252 11887
2253 11886
2254 11885
2255 11884
2256 11883
2257 11882
2258 11881
2259 11880
2260 11369
2261 11368
2262 11367
2263 11366
2264 11365
2265 11364
2266 11363
2267 11362
2268 11611
2269 11610
2270 11609
2271 11608
2272 11607
2273 11606
2274 11605
2275 11604
2276 12021
2277 12020
2278 12019
2279 12018
2280 12017
2281 12016
2282 12015
2283 12014
2284 11920
2285 11919
2286 11918
2287 11917
2288 11916
2289 11915
2290 11914
2291 11913
2292 11912
2293 11911
2294 11910
2299 10760
2300 10759
2301 10758
2302 10757
2303 10756
2304 10755
2305 10754
2306 10753
2307 10752
2308 10751
2309 10750
2310 10749
2311 10839
2312 10838
2313 10837
2314 10836
2315 10835
2316 10834
2317 10833
2318 10832
2319 11213
2320 11212
2321 11211
2322 11210
2323 11209
2324 11208
2325 11207
2326 11206
2327 11205
2328 11204
2329 11203
2330 11202
2331 11201
2332 11200
2333 11199
2334 11198
2335 10729
2336 10728
2337 10727
2338 10726
2339 10725
2340 10724
2341 10723
2342 10722
2343 10721
2344 10720
2349 10230
2350 10229
2351 10228
2352 10227
2353 10226
2354 10225
2355 10224
2356 10223
2357 10222
2358 10221
2359 10220
2360 10219
2361 10218
2362 10217
2363 9831
2364 9830
2365 9829
2366 9828
2367 9827
2368 9826
2369 9825
2370 9824
2371 9683
2372 9682
2373 9681
2374 9680
2375 9679
2376 9678
2377 9677
2378 9676
2379 10309
2380 10308
2381 10307
2382 10306
2383 10305
2384 10304
2385 10303
2386 10302
2387 10261
2388 10260
2389 10259
2390 10258
2391 10257
2392 10256
2393 10255
2394 10254
2395 10253
2400 9109
2401 9108
2402 9107
2403 9106
2404 9105
2405 9104
2406 9103
2407 9102
2408 9101
2409 9100
2410 9099
2411 9098
2412 9097
2413 9096
2414 9237
2415 9236
2416 9235
2417 9234
2418 9233
2419 9232
2420 9231
2421 9230
2422 9546
2423 9545
2424 9544
2425 9543
2426 9542
2427 9541
2428 9540
2429 9539
2430 8942
2431 8941
2432 8940
2433 8939
2434 8938
2435 8937
2436 8936
2437 8935
2438 8934
2439 8933
2440 8932
2441 8931
2442 8930
2443 8929
2444 8928
2445 8927
2450 8652
2451 8651
2452 8650
2453 8649
2454 8648
2455 8647
2456 8646
2457 8645
2458 8676
2459 8675
2460 8674
2461 8673
2462 8672
2463 8671
2464 8670
2465 8669
2466 8150
2467 8149
2468 8148
2469 8147
2470 8146
2471 8145
2472 8144
2473 8143
2474 8281
2475 8280
2476 8279
2477 8278
2478 8277
2479 8276
2480 8275
2481 8274
2482 8618
2483 8617
2484 8616
2485 8615
2486 8614
2487 8613
2488 8612
2489 8611
2490 8574
2491 8573
2492 8572
2493 8571
2494 8570
2495 8569
2496 8568
2501 7548
2502 7547
2503 7546
2504 7545
2505 7544
2506 7543
2507 7542
2508 7541
2509 7540
2510 7539
2511 7538
2512 7537
2513 7536
2514 7535
2515 7534
2516 7533
2517 7532
2518 7638
2519 7637
2520 7636
2521 7635
2522 7634
2523 7633
2524 7632
2525 7631
2526 7869
2527 7868
2528 7867
2529 7866
2530 7865
2531 7864
2532 7863
2533 7862
2534 7471
2535 7470
2536 7469
2537 7468
2538 7467
2541 7788
2542 7787
2543 7786
2544 7785
2545 7784
2546 7783
2547 7782
2548 7781
2549 7780
2550 7709
2551 7708
2552 7707
2553 7706
2554 7705
2555 7704
2556 7703
2557 7702
2558 7818
2559 7817
2560 7816
2561 7815
2562 7814
2563 7813
2564 7812
2565 7811
2566 7646
2567 7645
2568 7644
2569 7643
2570 7642
2571 7641
2572 7640
2573 7639
2574 7531
2575 7530
2576 7529
2577 7528
2578 7527
2579 7526
2580 7525
2581 7764
2582 7763
2583 7762
2584 7761
2585 7760
2586 7759
2587 7758
2588 7757
2589 7756
2594 8633
2595 8632
2596 8631
2597 8630
2598 8629
2599 8628
2600 8627
2601 8626
2602 8625
2603 8624
2604 8623
2605 8622
2606 8621
2607 8620
2608 8619
2609 8273
2610 8272
2611 8271
2612 8270
2613 8269
2614 8268
2615 8267
2616 7987
2617 7986
2618 7985
2619 7984
2620 7983
2621 7982
2622 7981
2623 7980
2624 8227
2625 8226
2626 8225
2627 8224
2628 8223
2629 8222
2630 8221
2631 8220
2632 8219
2633 8218
2634 8217
2635 8216
2636 8215
2637 8214
2638 8213
2639 8212
2644 9324
2645 9323
2646 9322
2647 9321
2648 9320
2649 9319
2650 9318
2651 9317
2652 9133
2653 9132
2654 9131
2655 9130
2656 9129
2657 9128
2658 9127
2659 9126
2660 9422
2661 9421
2662 9420
2663 9419
2664 9418
2665 9417
2666 9416
2667 9415
2668 9245
2669 9244
2670 9243
2671 9242
2672 9241
2673 9240
2674 9239
2675 9238
2676 9095
2677 9094
2678 9093
2679 9092
2680 9091
2681 9090
2682 9089
2683 9088
2684 9331
2685 9330
2686 9329
2687 9328
2688 9327
2689 9326
2690 9325
2695 10326
2696 10325
2697 10324
2698 10323
2699 10322
2700 10321
2701 10320
2702 10319
2703 10318
2704 10317
2705 10316
2706 10315
2707 10314
2708 10313
2709 10312
2710 10311
2711 10310
2712 9675
2713 9674
2714 9673
2715 9672
2716 9671
2717 9670
2718 9669
2719 9929
2720 9928
2721 9927
2722 9926
2723 9925
2724 9924
2725 9923
2726 9922
2727 10402
2728 10401
2729 10400
2730 10399
2731 10398
2732 10397
2733 10396
2734 10395
2735 10394
2736 10393
2737 10392
2738 10391
2739 10390
2740 10389
2745 10964
2746 10963
2747 10962
2748 10961
2749 10960
2750 10959
2751 10958
2752 10957
2753 10956
2754 10895
2755 10894
2756 10893
2757 10892
2758 10891
2759 10890
2760 10889
2761 10888
2762 11138
2763 11137
2764 11136
2765 11135
2766 11134
2767 11133
2768 11132
2769 11131
2770 10847
2771 10846
2772 10845
2773 10844
2774 10843
2775 10842
2776 10841
2777 10840
2778 10748
2779 10747
2780 10746
2781 10745
2782 10744
2783 10743
2784 10742
2785 10741
2786 10740
2787 10739
2788 10738
2789 10737
2790 10736
2795 11983
2796 11982
2797 11981
2798 11980
2799 11979
2800 11978
2801 11977
2802 11976
2803 11975
2804 11974
2805 11973
2806 12029
2807 12028
2808 12027
2809 12026
2810 12025
2811 12024
2812 12023
2813 12022
2814 11603
2815 11602
2816 11601
2817 11600
2818 11599
2819 11598
2820 11597
2821 11480
2822 11479
2823 11478
2824 11477
2825 11476
2826 11475
2827 11474
2828 11473
2829 12065
2830 12064
2831 12063
2832 12062
2833 12061
2834 12060
2835 12059
2836 12058
2837 12057
2838 12056
2839 12055
2840 12054
2845 12752
2846 12751
2847 12750
2848 12749
2849 12748
2850 12747
2851 12746
2852 12745
2853 12744
2854 12743
2855 12742
2856 12434
2857 12433
2858 12432
2859 12431
2860 12430
2861 12429
2862 12428
2863 12427
2864 12702
2865 12701
2866 12700
2867 12699
2868 12698
2869 12697
2870 12696
2871 12695
2872 12386
2873 12385
2874 12384
2875 12383
2876 12382
2877 12381
2878 12380
2879 12379
2880 12548
2881 12547
2882 12546
2883 12545
2884 12544
2885 12543
2886 12542
2887 12541
2888 12540
2889 12539
2890 12538
2895 13629
2896 13628
2897 13627
2898 13626
2899 13625
2900 13624
2901 13623
2902 13622
2903 13621
2904 13620
2905 13619
2906 13618
2907 13617
2908 13690
2909 13689
2910 13688
2911 13687
2912 13686
2913 13685
2914 13684
2915 13683
2916 13199
2917 13198
2918 13197
2919 13196
2920 13195
2921 13194
2922 13193
2923 13073
2924 13072
2925 13071
2926 13070
2927 13069
2928 13068
2929 13067
2930 13066
2933 13039
2934 13038
2935 13037
2936 13036
2937 13035
2938 13034
2939 13033
2940 13032
2941 13031
2942 13030
2943 13029
2944 13028
2945 13027
2946 13065
2947 13064
2948 13063
2949 13062
2950 13061
2951 13060
2952 13059
2953 13058
2954 13415
2955 13414
2956 13413
2957 13412
2958 13411
2959 13410
2960 13409
2961 13408
2962 13407
2963 13406
2964 13405
2965 13404
2966 13403
2967 13402
2968 13401
2969 13400
2970 13729
2971 13728
2972 13727
2973 13726
2974 13725
2975 13724
2976 13723
2977 13722
2978 13721
2979 13720
2980 13719
2981 13718
2982 13717
2987 12930
2988 12929
2989 12928
2990 12927
2991 12926
2992 12925
2993 12924
2994 12923
2995 12922
2996 12921
2997 12920
2998 12919
2999 12918
3000 12917
3001 12916
3002 12915
3003 12914
3004 12913
3005 12710
3006 12709
3007 12708
3008 12707
3009 12706
3010 12705
3011 12704
3012 12703
3013 12426
3014 12425
3015 12424
3016 12423
3017 12422
3018 12421
3019 12420
3020 12419
3021 12805
3022 12804
3023 12803
3024 12802
3025 12801
3026 12800
3027 12799
3028 12798
3029 12797
3030 12796
3031 12795
3032 12794
3037 12077
3038 12076
3039 12075
3040 12074
3041 12073
3042 12072
3043 12071
3044 12070
3045 12069
3046 12068
3047 12067
3048 12066
3049 11472
3050 11471
3051 11470
3052 11469
3053 11468
3054 11467
3055 11466
3056 11465
3057 11330
3058 11329
3059 11328
3060 11327
3061 11326
3062 11325
3063 11324
3064 11323
3065 11322
3066 11321
3067 11320
3068 11319
3069 11318
3070 11317
3071 11316
3072 11315
3073 12088
3074 12087
3075 12086
3076 12085
3077 12084
3078 12083
3079 12082
3080 12081
3081 12080
3082 12079
3083 12078
3088 11265
3089 11264
3090 11263
3091 11262
3092 11261
3093 11260
3094 11259
3095 11258
3096 11257
3097 11256
3098 11255
3099 11254
3100 11253
3101 11252
3102 11251
3103 11250
3104 11249
3105 11248
3106 11247
3107 11246
3108 11146
3109 11145
3110 11144
3111 11143
3112 11142
3113 11141
3114 11140
3115 11139
3116 10887
3117 10886
3118 10885
3119 10884
3120 10883
3121 10882
3122 10881
3123 10880
3124 11005
3125 11004
3126 11003
3127 11002
3128 11001
3129 11000
3130 10999
3131 10998
3132 10997
3133 10996
3138 10416
3139 10415
3140 10414
3141 10413
3142 10412
3143 10411
3144 10410
3145 10409
3146 10408
3147 10407
3148 10406
3149 10405
3150 10404
3151 10403
3152 9921
3153 9920
3154 9919
3155 9918
3156 9917
3157 9916
3158 9915
3159 9914
3160 9792
3161 9791
3162 9790
3163 9789
3164 9788
3165 9787
3166 9786
3167 9785
3168 9784
3169 9783
3170 9782
3171 9781
3172 9780
3173 9779
3174 9778
3175 9777
3176 10425
3177 10424
3178 10423
3179 10422
3180 10421
3181 10420
3182 10419
3183 10418
3184 10417
3189 9600
3190 9599
3191 9598
3192 9597
3193 9596
3194 9595
3195 9594
3196 9593
3197 9592
3198 9591
3199 9590
3200 9589
3201 9588
3202 9587
3203 9586
3204 9585
3205 9584
3206 9583
3207 9582
3208 9581
3209 9580
3210 9579
3211 9430
3212 9429
3213 9428
3214 9427
3215 9426
3216 9425
3217 9424
3218 9423
3219 9125
3220 9124
3221 9123
3222 9122
3223 9121
3224 9120
3225 9119
3226 9118
3227 9117
3228 9116
3229 9115
3230 9114
3231 9113
3232 9112
3233 9111
3234 9110
3239 8763
3240 8762
3241 8761
3242 8760
3243 8759
3244 8758
3245 8757
3246 8756
3247 8235
3248 8234
3249 8233
3250 8232
3251 8231
3252 8230
3253 8229
3254 8228
3255 7979
3256 7978
3257 7977
3258 7976
3259 7975
3260 7974
3261 7973
3262 7972
3263 8111
3264 8110
3265 8109
3266 8108
3267 8107
3268 8106
3269 8105
3270 8104
3271 8103
3272 8102
3273 8101
3274 8100
3275 8099
3276 8098
3277 8097
3278 8096
3279 8734
3280 8733
3281 8732
3282 8731
3283 8730
3284 8729
3285 8728
3290 7926
3291 7925
3292 7924
3293 7923
3294 7922
3295 7921
3296 7920
3297 7919
3298 7918
3299 7917
3300 7916
3301 7915
3302 7914
3303 7913
3304 7912
3305 7911
3306 7910
3307 7909
3308 7908
3309 7907
3310 7906
3311 7905
3312 7904
3313 7903
3314 7902
3315 7826
3316 7825
3317 7824
3318 7823
3319 7822
3320 7821
3321 7820
3322 7819
3323 7701
3324 7700
3325 7699
3326 7698
3327 7697
3328 7696
3329 7695
3330 7694
3331 7693
3332 7692
3333 7691
3334 7690
3335 7689
3336 7688
3337 7687
3338 7686
3339 7685
3342 7684
3343 7683
3344 7682
3345 7681
3346 7680
3347 7679
3348 7678
3349 7677
3350 7676
3351 7675
3352 7674
3353 7673
3354 7672
3355 7671
3356 7670
3357 7669
3358 7668
3359 7667
3360 7666
3361 7665
3362 7664
3363 7663
3364 7662
3365 7661
3366 7660
3367 7659
3368 7658
3369 7657
3370 7656
3371 7655
3372 7741
3373 7740
3374 7739
3375 7738
3376 7737
3377 7736
3378 7735
3379 7734
3380 7733
3381 7732
3382 7731
3383 7730
3384 7729
3389 8727
3390 8726
3391 8725
3392 8724
3393 8723
3394 8722
3395 8721
3396 8720
3397 8719
3398 8718
3399 8717
3400 8716
3401 8118
3402 8117
3403 8116
3404 8115
3405 8114
3406 8113
3407 8112
3408 7971
3409 7970
3410 7969
3411 7968
3412 7967
3413 7966
3414 7965
3415 7964
3416 7963
3417 7962
3418 7961
3419 7960
3420 7959
3421 7958
3422 7957
3423 7956
3424 7955
3425 7954
3426 7953
3427 7952
3428 7951
3433 9282
3434 9281
3435 9280
3436 9279
3437 9278
3438 9277
3439 9276
3440 9275
3441 9274
3442 9273
3443 9272
3444 9271
3445 9270
3446 9269
3447 9268
3448 9267
3449 9266
3450 9265
3451 9264
3452 9263
3453 9262
3454 9261
3455 9260
3456 9259
3457 9258
3458 9257
3459 9256
3460 9255
3461 9254
3462 9294
3463 9293
3464 9292
3465 9291
3466 9290
3467 9289
3468 9288
3469 9287
3470 9286
3471 9285
3472 9284
3473 9283
3478 10388
3479 10387
3480 10386
3481 10385
3482 10384
3483 10383
3484 10382
3485 10381
3486 10380
3487 10379
3488 10378
3489 10377
3490 10376
3491 10375
3492 9799
3493 9798
3494 9797
3495 9796
3496 9795
3497 9794
3498 9793
3499 9913
3500 9912
3501 9911
3502 9910
3503 9909
3504 9908
3505 9907
3506 9906
3507 9905
3508 9904
3509 9903
3510 9902
3511 9901
3512 9900
3513 9899
3514 9898
3515 9897
3516 9896
3517 9895
3522 11011
3523 11010
3524 11009
3525 11008
3526 11007
3527 11006
3528 10879
3529 10878
3530 10877
3531 10876
3532 10875
3533 10874
3534 10873
3535 10872
3536 10871
3537 10870
3538 10869
3539 10868
3540 10867
3541 10866
3542 10865
3543 10864
3544 10863
3545 10862
3546 10861
3547 10860
3548 10859
3549 10858
3550 10857
3551 10856
3552 10933
3553 10932
3554 10931
3555 10930
3556 10929
3557 10928
3558 10927
3559 10926
3560 10925
3561 10924
3566 12053
3567 12052
3568 12051
3569 12050
3570 12049
3571 12048
3572 12047
3573 12046
3574 12045
3575 12044
3576 12043
3577 12042
3578 12041
3579 12040
3580 12039
3581 12038
3582 11337
3583 11336
3584 11335
3585 11334
3586 11333
3587 11332
3588 11331
3589 11464
3590 11463
3591 11462
3592 11461
3593 11460
3594 11459
3595 11458
3596 11457
3597 11456
3598 11455
3599 11454
3600 11453
3601 11452
3602 11451
3603 11450
3604 11449
3605 11448
3610 12813
3611 12812
3612 12811
3613 12810
3614 12809
3615 12808
3616 12807
3617 12806
3618 12418
3619 12417
3620 12416
3621 12415
3622 12414
3623 12413
3624 12412
3625 12411
3626 12410
3627 12409
3628 12408
3629 12407
3630 12406
3631 12405
3632 12404
3633 12403
3634 12402
3635 12401
3636 12400
3637 12399
3638 12398
3639 12397
3640 12396
3641 12395
3642 12566
3643 12565
3644 12564
3645 12563
3646 12562
3647 12561
3648 12560
3649 12559
3654 13716
3655 13715
3656 13714
3657 13713
3658 13712
3659 13711
3660 13710
3661 13709
3662 13708
3663 13707
3664 13706
3665 13705
3666 13704
3667 13703
3668 13702
3669 13701
3670 13700
3671 13699
3672 13422
3673 13421
3674 13420
3675 13419
3676 13418
3677 13417
3678 13416
3679 13057
3680 13056
3681 13055
3682 13054
3683 13053
3684 13052
3685 13051
3686 13050
3687 13049
3688 13048
3689 13047
3690 13046
3691 13045
3692 13044
3693 13043
3694 13042
3695 13041
3696 13040
3699 13568
3700 13567
3701 13566
3702 13565
3703 13564
3704 13438
3705 13437
3706 13436
3707 13435
3708 13434
3709 13433
3710 13432
3711 13431
3712 13430
3713 13429
3714 13428
3715 13427
3716 13426
3717 13425
3718 13424
3719 13423
3720 13698
3721 13697
3722 13696
3723 13695
3724 13694
3725 13693
3726 13692
3727 13691
3728 13616
3729 13615
3730 13614
3731 13613
3732 13612
3733 13611
3734 13610
3735 13609
3736 13608
3737 13607
3742 12573
3743 12572
3744 12571
3745 12570
3746 12569
3747 12568
3748 12567
3749 12394
3750 12393
3751 12392
3752 12391
3753 12390
3754 12389
3755 12388
3756 12387
3757 12694
3758 12693
3759 12692
3760 12691
3761 12690
3762 12689
3763 12688
3764 12687
3765 12134
3766 12133
3767 12132
3768 12131
3769 12130
3770 12129
3771 12128
3772 12127
3773 12126
3774 12125
3775 12124
3776 12123
3777 12122
3778 12121
3779 12120
3780 12119
3781 12118
3786 11909
3787 11908
3788 11907
3789 11906
3790 11905
3791 11904
3792 11903
3793 11902
3794 11901
3795 11353
3796 11352
3797 11351
3798 11350
3799 11349
3800 11348
3801 11347
3802 11346
3803 11345
3804 11344
3805 11343
3806 11342
3807 11341
3808 11340
3809 11339
3810 11338
3811 12037
3812 12036
3813 12035
3814 12034
3815 12033
3816 12032
3817 12031
3818 12030
3819 11972
3820 11971
3821 11970
3822 11969
3823 11968
3824 11967
3825 11966
3826 11965
3831 10942
3832 10941
3833 10940
3834 10939
3835 10938
3836 10937
3837 10936
3838 10935
3839 10934
3840 10855
3841 10854
3842 10853
3843 10852
3844 10851
3845 10850
3846 10849
3847 10848
3848 11130
3849 11129
3850 11128
3851 11127
3852 11126
3853 11125
3854 11124
3855 11123
3856 11189
3857 11188
3858 11187
3859 11186
3860 11185
3861 11184
3862 11183
3863 11182
3864 11181
3865 11180
3866 11179
3867 11178
3868 11177
3869 11176
3870 11175
3875 10252
3876 10251
3877 10250
3878 10249
3879 10248
3880 10247
3881 10246
3882 10245
3883 10244
3884 10243
3885 10242
3886 9815
3887 9814
3888 9813
3889 9812
3890 9811
3891 9810
3892 9809
3893 9808
3894 9807
3895 9806
3896 9805
3897 9804
3898 9803
3899 9802
3900 9801
3901 9800
3902 10374
3903 10373
3904 10372
3905 10371
3906 10370
3907 10369
3908 10368
3909 10367
3910 10366
3911 10365
3912 10364
3913 10363
3914 10362
3915 10361
3920 9305
3921 9304
3922 9303
3923 9302
3924 9301
3925 9300
3926 9299
3927 9298
3928 9297
3929 9296
3930 9295
3931 9253
3932 9252
3933 9251
3934 9250
3935 9249
3936 9248
3937 9247
3938 9246
3939 9414
3940 9413
3941 9412
3942 9411
3943 9410
3944 9409
3945 9408
3946 9407
3947 9049
3948 9048
3949 9047
3950 9046
3951 9045
3952 9044
3953 9043
3954 9042
3955 9041
3956 9040
3957 9039
3958 9038
3959 9037
3964 8567
3965 8566
3966 8565
3967 8564
3968 8563
3969 8562
3970 8561
3971 8560
3972 8559
3973 8558
3974 8557
3975 8556
3976 8555
3977 8134
3978 8133
3979 8132
3980 8131
3981 8130
3982 8129
3983 8128
3984 8127
3985 8126
3986 8125
3987 8124
3988 8123
3989 8122
3990 8121
3991 8120
3992 8119
3993 8715
3994 8714
3995 8713
3996 8712
3997 8711
3998 8710
3999 8709
4000 8708
4001 8707
4002 8706
4003 8705
4004 8704
4009 7755
4010 7754
4011 7753
4012 7752
4013 7751
4014 7750
4015 7749
4016 7748
4017 7747
4018 7746
4019 7745
4020 7744
4021 7743
4022 7742
4023 7654
4024 7653
4025 7652
4026 7651
4027 7650
4028 7649
4029 7648
4030 7647
4031 7810
4032 7809
4033 7808
4034 7807
4035 7806
4036 7805
4037 7804
4038 7803
4039 7802
4040 7801
4041 7800
4042 7799
4043 7798
4044 7797
4045 7796
4046 7795
4047 7794
4048 7793
4049 7792
4050 7791
4051 7790
4052 7789
4055 7439
4056 7438
4057 7437
4058 7436
4059 7435
4060 7434
4061 7433
4062 7432
4063 7431
4064 7430
4065 7429
4066 7428
4067 7427
4068 7426
4069 7425
4070 7424
4071 7452
4072 7451
4073 7450
4074 7449
4075 7448
4076 7447
4077 7446
4078 7445
4079 7444
4080 7443
4081 7442
4082 7441
4083 7440
4088 8541
4089 8540
4090 8539
4091 8538
4092 8537
4093 8536
4094 8535
4095 8534
4096 8533
4097 8532
4098 8531
4099 8530
4100 8288
4101 8287
4102 8286
4103 8285
4104 8284
4105 8283
4106 8282
4107 8142
4108 8141
4109 8140
4110 8139
4111 8138
4112 8137
4113 8136
4114 8135
4115 8554
4116 8553
4117 8552
4118 8551
4119 8550
4120 8549
4121 8548
4122 8547
4123 8546
4124 8545
4125 8544
4126 8543
4127 8542
4132 9062
4133 9061
4134 9060
4135 9059
4136 9058
4137 9057
4138 9056
4139 9055
4140 9054
4141 9053
4142 9052
4143 9051
4144 9050
4145 9406
4146 9405
4147 9404
4148 9403
4149 9402
4150 9401
4151 9400
4152 9399
4153 9398
4154 9397
4155 9396
4156 9395
4157 9394
4158 9393
4159 9392
4160 9391
4161 8989
4162 8988
4163 8987
4164 8986
4165 8985
4166 8984
4167 8983
4168 8982
4169 8981
4170 8980
4171 8979
4172 8978
4177 10202
4178 10201
4179 10200
4180 10199
4181 10198
4182 10197
4183 10196
4184 10195
4185 10194
4186 10193
4187 10192
4188 10191
4189 10190
4190 10189
4191 9690
4192 9689
4193 9688
4194 9687
4195 9686
4196 9685
4197 9684
4198 9823
4199 9822
4200 9821
4201 9820
4202 9819
4203 9818
4204 9817
4205 9816
4206 10241
4207 10240
4208 10239
4209 10238
4210 10237
4211 10236
4212 10235
4213 10234
4214 10233
4215 10232
4216 10231
4221 10735
4222 10734
4223 10733
4224 10732
4225 10731
4226 10730
4227 11197
4228 11196
4229 11195
4230 11194
4231 11193
4232 11192
4233 11191
4234 11190
4235 11122
4236 11121
4237 11120
4238 11119
4239 11118
4240 11117
4241 11116
4242 11115
4243 11114
4244 11113
4245 11112
4246 11111
4247 11110
4248 11109
4249 11108
4250 11107
4251 10657
4252 10656
4253 10655
4254 10654
4255 10653
4256 10652
4257 10651
4258 10650
4259 10649
4260 10648
4265 11867
4266 11866
4267 11865
4268 11864
4269 11863
4270 11862
4271 11861
4272 11860
4273 11859
4274 11858
4275 11857
4276 11856
4277 11855
4278 11854
4279 11853
4280 11852
4281 11618
4282 11617
4283 11616
4284 11615
4285 11614
4286 11613
4287 11612
4288 11361
4289 11360
4290 11359
4291 11358
4292 11357
4293 11356
4294 11355
4295 11354
4296 11900
4297 11899
4298 11898
4299 11897
4300 11896
4301 11895
4302 11894
4303 11893
4304 11892
4309 12537
4310 12536
4311 12535
4312 12534
4313 12533
4314 12532
4315 12531
4316 12530
4317 12142
4318 12141
4319 12140
4320 12139
4321 12138
4322 12137
4323 12136
4324 12135
4325 12686
4326 12685
4327 12684
4328 12683
4329 12682
4330 12681
4331 12680
4332 12679
4333 12678
4334 12677
4335 12676
4336 12675
4337 12674
4338 12673
4339 12672
4340 12671
4341 12290
4342 12289
4343 12288
4344 12287
4345 12286
4346 12285
4347 12284
4348 12283
4353 13535
4354 13534
4355 13533
4356 13532
4357 13531
4358 13530
4359 13529
4360 13528
4361 13527
4362 13526
4363 13525
4364 13524
4365 13523
4366 13522
4367 13521
4368 13520
4369 13519
4370 13518
4371 13214
4372 13213
4373 13212
4374 13211
4375 13210
4376 13209
4377 13208
4378 13446
4379 13445
4380 13444
4381 13443
4382 13442
4383 13441
4384 13440
4385 13439
4386 13563
4387 13562
4388 13561
4389 13560
4390 13559
4393 13545
4394 13544
4395 13543
4396 13542
4397 13541
4398 13540
4399 13539
4400 13538
4401 13537
4402 13536
4403 13230
4404 13229
4405 13228
4406 13227
4407 13226
4408 13225
4409 13224
4410 13223
4411 13222
4412 13221
4413 13220
4414 13219
4415 13218
4416 13217
4417 13216
4418 13215
4419 13517
4420 13516
4421 13515
4422 13514
4423 13513
4424 13512
4425 13511
4426 13510
4427 13341
4428 13340
4429 13339
4430 13338
4431 13337
4432 13336
4433 13335
4434 13334
4435 13333
4436 13332
4441 12297
4442 12296
4443 12295
4444 12294
4445 12293
4446 12292
4447 12291
4448 12670
4449 12669
4450 12668
4451 12667
4452 12666
4453 12665
4454 12664
4455 12663
4456 12864
4457 12863
4458 12862
4459 12861
4460 12860
4461 12859
4462 12858
4463 12857
4464 12590
4465 12589
4466 12588
4467 12587
4468 12586
4469 12585
4470 12584
4471 12583
4472 12582
4473 12581
4474 12580
4475 12579
4476 12578
4477 12577
4478 12576
4479 12575
4480 12574
4485 11723
4486 11722
4487 11721
4488 11720
4489 11719
4490 11718
4491 11717
4492 11716
4493 11715
4494 11634
4495 11633
4496 11632
4497 11631
4498 11630
4499 11629
4500 11628
4501 11627
4502 11626
4503 11625
4504 11624
4505 11623
4506 11622
4507 11621
4508 11620
4509 11619
4510 11851
4511 11850
4512 11849
4513 11848
4514 11847
4515 11846
4516 11845
4517 11844
4518 11786
4519 11785
4520 11784
4521 11783
4522 11782
4523 11781
4524 11780
4525 11779
4530 10666
4531 10665
4532 10664
4533 10663
4534 10662
4535 10661
4536 10660
4537 10659
4538 10658
4539 11106
4540 11105
4541 11104
4542 11103
4543 11102
4544 11101
4545 11100
4546 11099
4547 10603
4548 10602
4549 10601
4550 10600
4551 10599
4552 10598
4553 10597
4554 10596
4555 11026
4556 11025
4557 11024
4558 11023
4559 11022
4560 11021
4561 11020
4562 11019
4563 11018
4564 11017
4565 11016
4566 11015
4567 11014
4568 11013
4569 11012
4574 10066
4575 10065
4576 10064
4577 10063
4578 10062
4579 10061
4580 10060
4581 10059
4582 10058
4583 10057
4584 10056
4585 9706
4586 9705
4587 9704
4588 9703
4589 9702
4590 9701
4591 9700
4592 9699
4593 9698
4594 9697
4595 9696
4596 9695
4597 9694
4598 9693
4599 9692
4600 9691
4601 10188
4602 10187
4603 10186
4604 10185
4605 10184
4606 10183
4607 10182
4608 10181
4609 10180
4610 10179
4611 10178
4612 10177
4613 10176
4614 10175
4619 9000
4620 8999
4621 8998
4622 8997
4623 8996
4624 8995
4625 8994
4626 8993
4627 8992
4628 8991
4629 8990
4630 9390
4631 9389
4632 9388
4633 9387
4634 9386
4635 9385
4636 9384
4637 9383
4638 9530
4639 9529
4640 9528
4641 9527
4642 9526
4643 9525
4644 9524
4645 9523
4646 8835
4647 8834
4648 8833
4649 8832
4650 8831
4651 8830
4652 8829
4653 8828
4654 8827
4655 8826
4656 8825
4657 8824
4658 8823
4663 8381
4664 8380
4665 8379
4666 8378
4667 8377
4668 8376
4669 8375
4670 8374
4671 8373
4672 8372
4673 8371
4674 8370
4675 8369
4676 8304
4677 8303
4678 8302
4679 8301
4680 8300
4681 8299
4682 8298
4683 8297
4684 8296
4685 8295
4686 8294
4687 8293
4688 8292
4689 8291
4690 8290
4691 8289
4692 8529
4693 8528
4694 8527
4695 8526
4696 8525
4697 8524
4698 8523
4699 8522
4700 8521
4701 8520
4702 8519
4703 8518
4708 7466
4709 7465
4710 7464
4711 7463
4712 7462
4713 7461
4714 7460
4715 7459
4716 7458
4717 7457
4718 7456
4719 7455
4720 7454
4721 7453
4722 7423
4723 7422
4724 7421
4725 7420
4726 7419
4727 7418
4728 7417
4729 7416
4730 7853
4731 7852
4732 7851
4733 7850
4734 7849
4735 7848
4736 7847
4737 7846
4740 7342
4741 7341
4742 7340
4743 7339
4744 7338
4745 7337
4746 7336
4747 7335
4748 7334
4749 7333
4750 7332
4751 7331
4752 7330
4753 7329
4754 7328
4755 7327
4756 7326
4757 7325
4758 7324
4759 7323
4760 7322
4761 7321
4762 7320
4763 7319
4764 7318
4765 7317
4766 7316
4767 7315
4768 7314
4769 7313
4770 7154
4771 7153
4772 7152
4773 7151
4774 7150
4775 7149
4776 7148
4777 7147
4778 7146
4779 7145
4780 7144
4781 7143
4782 7142
4787 7950
4788 7949
4789 7948
4790 7947
4791 7946
4792 7945
4793 7944
4794 7943
4795 7942
4796 7941
4797 7940
4798 7939
4799 8040
4800 8039
4801 8038
4802 8037
4803 8036
4804 8035
4805 8034
4806 8312
4807 8311
4808 8310
4809 8309
4810 8308
4811 8307
4812 8306
4813 8305
4814 8368
4815 8367
4816 8366
4817 8365
4818 8364
4819 8363
4820 8362
4821 8361
4822 8360
4823 8359
4824 8358
4825 8357
4826 8356
4831 8848
4832 8847
4833 8846
4834 8845
4835 8844
4836 8843
4837 8842
4838 8841
4839 8840
4840 8839
4841 8838
4842 8837
4843 8836
4844 9522
4845 9521
4846 9520
4847 9519
4848 9518
4849 9517
4850 9516
4851 9515
4852 9514
4853 9513
4854 9512
4855 9511
4856 9510
4857 9509
4858 9508
4859 9507
4860 8775
4861 8774
4862 8773
4863 8772
4864 8771
4865 8770
4866 8769
4867 8768
4868 8767
4869 8766
4870 8765
4871 8764
4876 9628
4877 9627
4878 9626
4879 9625
4880 9624
4881 9623
4882 9622
4883 9621
4884 9620
4885 9619
4886 9618
4887 9617
4888 9616
4889 9615
4890 9721
4891 9720
4892 9719
4893 9718
4894 9717
4895 9716
4896 9715
4897 9714
4898 9713
4899 9712
4900 9711
4901 9710
4902 9709
4903 9708
4904 9707
4905 10055
4906 10054
4907 10053
4908 10052
4909 10051
4910 10050
4911 10049
4912 10048
4913 10047
4914 10046
4915 10045
4920 10525
4921 10524
4922 10523
4923 10522
4924 10521
4925 10520
4926 11034
4927 11033
4928 11032
4929 11031
4930 11030
4931 11029
4932 11028
4933 11027
4934 10595
4935 10594
4936 10593
4937 10592
4938 10591
4939 10590
4940 10589
4941 10588
4942 10587
4943 10586
4944 10585
4945 10584
4946 10583
4947 10582
4948 10581
4949 10580
4950 10447
4951 10446
4952 10445
4953 10444
4954 10443
4955 10442
4956 10441
4957 10440
4958 10439
4959 10438
4964 11447
4965 11446
4966 11445
4967 11444
4968 11443
4969 11442
4970 11441
4971 11440
4972 11439
4973 11438
4974 11437
4975 11436
4976 11435
4977 11434
4978 11433
4979 11432
4980 11533
4981 11532
4982 11531
4983 11530
4984 11529
4985 11528
4986 11527
4987 11642
4988 11641
4989 11640
4990 11639
4991 11638
4992 11637
4993 11636
4994 11635
4995 11714
4996 11713
4997 11712
4998 11711
4999 11710
5000 11709
5001 11708
5002 11707
5003 11706
5008 12261
5009 12260
5010 12259
5011 12258
5012 12257
5013 12256
5014 12255
5015 12254
5016 12598
5017 12597
5018 12596
5019 12595
5020 12594
5021 12593
5022 12592
5023 12591
5024 12856
5025 12855
5026 12854
5027 12853
5028 12852
5029 12851
5030 12850
5031 12849
5032 12848
5033 12847
5034 12846
5035 12845
5036 12844
5037 12843
5038 12842
5039 12841
5040 12110
5041 12109
5042 12108
5043 12107
5044 12106
5045 12105
5046 12104
5047 12103
5052 13026
5053 13025
5054 13024
5055 13023
5056 13022
5057 13021
5058 13020
5059 13019
5060 13018
5061 13017
5062 13016
5063 13015
5064 13014
5065 13013
5066 13012
5067 13011
5068 13010
5069 13009
5070 13126
5071 13125
5072 13124
5073 13123
5074 13122
5075 13121
5076 13120
5077 13238
5078 13237
5079 13236
5080 13235
5081 13234
5082 13233
5083 13232
5084 13231
5087 13142
5088 13141
5089 13140
5090 13139
5091 13138
5092 13137
5093 13136
5094 13135
5095 13134
5096 13133
5097 13132
5098 13131
5099 13130
5100 13129
5101 13128
5102 13127
5103 13008
5104 13007
5105 13006
5106 13005
5107 13004
5108 13003
5109 13002
5110 13001
5111 12940
5112 12939
5113 12938
5114 12937
5115 12936
5116 12935
5117 12934
5118 12933
5119 12932
5120 12931
5125 12117
5126 12116
5127 12115
5128 12114
5129 12113
5130 12112
5131 12111
5132 12840
5133 12839
5134 12838
5135 12837
5136 12836
5137 12835
5138 12834
5139 12833
5140 12322
5141 12321
5142 12320
5143 12319
5144 12318
5145 12317
5146 12316
5147 12315
5148 12314
5149 12313
5150 12312
5151 12311
5152 12310
5153 12309
5154 12308
5155 12307
5156 12306
5157 12305
5158 12304
5159 12303
5160 12302
5161 12301
5162 12300
5163 12299
5164 12298
5169 11558
5170 11557
5171 11556
5172 11555
5173 11554
5174 11553
5175 11552
5176 11551
5177 11550
5178 11549
5179 11548
5180 11547
5181 11546
5182 11545
5183 11544
5184 11543
5185 11542
5186 11541
5187 11540
5188 11539
5189 11538
5190 11537
5191 11536
5192 11535
5193 11534
5194 11431
5195 11430
5196 11429
5197 11428
5198 11427
5199 11426
5200 11425
5201 11424
5202 11273
5203 11272
5204 11271
5205 11270
5206 11269
5207 11268
5208 11267
5209 11266
5214 10456
5215 10455
5216 10454
5217 10453
5218 10452
5219 10451
5220 10450
5221 10449
5222 10448
5223 10579
5224 10578
5225 10577
5226 10576
5227 10575
5228 10574
5229 10573
5230 10572
5231 10783
5232 10782
5233 10781
5234 10780
5235 10779
5236 10778
5237 10777
5238 10776
5239 10775
5240 10774
5241 10773
5242 10772
5243 10771
5244 10770
5245 10769
5246 10768
5247 10767
5248 10766
5249 10765
5250 10764
5251 10763
5252 10762
5253 10761
5258 9748
5259 9747
5260 9746
5261 9745
5262 9744
5263 9743
5264 9742
5265 9741
5266 9740
5267 9739
5268 9738
5269 9737
5270 9736
5271 9735
5272 9734
5273 9733
5274 9732
5275 9731
5276 9730
5277 9729
5278 9728
5279 9727
5280 9726
5281 9725
5282 9724
5283 9723
5284 9722
5285 9614
5286 9613
5287 9612
5288 9611
5289 9610
5290 9609
5291 9608
5292 9607
5293 9606
5294 9605
5295 9604
5296 9603
5297 9602
5298 9601
5303 8786
5304 8785
5305 8784
5306 8783
5307 8782
5308 8781
5309 8780
5310 8779
5311 8778
5312 8777
5313 8776
5314 9506
5315 9505
5316 9504
5317 9503
5318 9502
5319 9501
5320 9500
5321 9499
5322 9181
5323 9180
5324 9179
5325 9178
5326 9177
5327 9176
5328 9175
5329 9174
5330 9173
5331 9172
5332 9171
5333 9170
5334 9169
5335 9168
5336 9167
5337 9166
5338 9165
5339 9164
5340 9163
5341 9162
5342 9161
5347 8069
5348 8068
5349 8067
5350 8066
5351 8065
5352 8064
5353 8063
5354 8062
5355 8061
5356 8060
5357 8059
5358 8058
5359 8057
5360 8056
5361 8055
5362 8054
5363 8053
5364 8052
5365 8051
5366 8050
5367 8049
5368 8048
5369 8047
5370 8046
5371 8045
5372 8044
5373 8043
5374 8042
5375 8041
5376 7938
5377 7937
5378 7936
5379 7935
5380 7934
5381 7933
5382 7932
5383 7931
5384 7930
5385 7929
5386 7928
5387 7927
5392 7168
5393 7167
5394 7166
5395 7165
5396 7164
5397 7163
5398 7162
5399 7161
5400 7160
5401 7159
5402 7158
5403 7157
5404 7156
5405 7155
5406 7312
5407 7311
5408 7310
5409 7309
5410 7308
5411 7307
5412 7306
5413 7305
5414 7582
5415 7581
5416 7580
5417 7579
5418 7578
5419 7577
5420 7576
5421 7575
5422 7574
5423 7573
5424 7572
5425 7571
5426 7570
5427 7569
5428 7568
5429 7567
5430 7566
5431 7565
5432 7564
5433 7563
5434 7562
5435 7561
5438 7560
5439 7559
5440 7558
5441 7557
5442 7556
5443 7555
5444 7554
5445 7553
5446 7552
5447 7367
5448 7366
5449 7365
5450 7364
5451 7363
5452 7362
5453 7361
5454 7360
5455 7590
5456 7589
5457 7588
5458 7587
5459 7586
5460 7585
5461 7584
5462 7583
5463 7304
5464 7303
5465 7302
5466 7301
5467 7300
5468 7299
5469 7298
5470 7297
5471 7296
5472 7295
5473 7294
5474 7293
5475 7292
5476 7291
5477 7290
5478 7177
5479 7176
5480 7175
5481 7174
5482 7173
5483 7172
5484 7171
5485 7170
5486 7169
5491 8211
5492 8210
5493 8209
5494 8208
5495 8207
5496 8206
5497 8205
5498 8204
5499 8203
5500 8202
5501 8201
5502 8200
5503 8199
5504 8198
5505 8197
5506 8196
5507 8195
5508 8194
5509 8193
5510 8192
5511 8191
5512 8190
5513 8328
5514 8327
5515 8326
5516 8325
5517 8324
5518 8323
5519 8322
5520 8321
5521 8482
5522 8481
5523 8480
5524 8479
5525 8478
5526 8477
5527 8476
5528 8475
5529 8474
5530 8473
5531 8472
5532 8471
5533 8470
5534 8469
5535 8468
5536 8467
5541 8805
5542 8804
5543 8803
5544 8802
5545 8801
5546 8800
5547 8799
5548 8798
5549 8872
5550 8871
5551 8870
5552 8869
5553 8868
5554 8867
5555 8866
5556 8865
5557 9189
5558 9188
5559 9187
5560 9186
5561 9185
5562 9184
5563 9183
5564 9182
5565 9498
5566 9497
5567 9496
5568 9495
5569 9494
5570 9493
5571 9492
5572 9491
5573 9490
5574 9489
5575 9488
5576 9487
5577 9486
5578 9485
5579 9484
5580 9483
5581 8812
5582 8811
5583 8810
5584 8809
5585 8808
5586 8807
5587 8806
5592 9894
5593 9893
5594 9892
5595 9891
5596 9890
5597 9889
5598 9888
5599 9887
5600 9886
5601 9885
5602 9884
5603 9883
5604 9882
5605 9881
5606 9880
5607 9879
5608 9878
5609 9877
5610 9876
5611 9875
5612 9874
5613 9873
5614 9872
5615 9871
5616 9991
5617 9990
5618 9989
5619 9988
5620 9987
5621 9986
5622 9985
5623 9984
5624 10030
5625 10029
5626 10028
5627 10027
5628 10026
5629 10025
5630 10024
5631 10023
5632 10022
5633 10021
5634 10020
5635 10019
5636 10018
5637 10017
5642 10478
5643 10477
5644 10476
5645 10475
5646 10474
5647 10473
5648 10472
5649 10471
5650 10470
5651 11050
5652 11049
5653 11048
5654 11047
5655 11046
5656 11045
5657 11044
5658 11043
5659 10791
5660 10790
5661 10789
5662 10788
5663 10787
5664 10786
5665 10785
5666 10784
5667 10571
5668 10570
5669 10569
5670 10568
5671 10567
5672 10566
5673 10565
5674 10564
5675 10563
5676 10562
5677 10561
5678 10560
5679 10559
5680 10558
5681 10557
5682 10556
5683 10555
5684 10554
5685 10553
5686 10552
5687 10551
5692 11284
5693 11283
5694 11282
5695 11281
5696 11280
5697 11279
5698 11278
5699 11277
5700 11276
5701 11275
5702 11274
5703 11423
5704 11422
5705 11421
5706 11420
5707 11419
5708 11418
5709 11417
5710 11416
5711 11415
5712 11414
5713 11413
5714 11412
5715 11411
5716 11410
5717 11409
5718 11658
5719 11657
5720 11656
5721 11655
5722 11654
5723 11653
5724 11652
5725 11651
5726 11693
5727 11692
5728 11691
5729 11690
5730 11689
5731 11688
5732 11687
5733 11686
5734 11685
5735 11684
5736 11683
5737 11682
5742 12200
5743 12199
5744 12198
5745 12197
5746 12196
5747 12195
5748 12194
5749 12193
5750 12192
5751 12191
5752 12190
5753 12614
5754 12613
5755 12612
5756 12611
5757 12610
5758 12609
5759 12608
5760 12607
5761 12330
5762 12329
5763 12328
5764 12327
5765 12326
5766 12325
5767 12324
5768 12323
5769 12832
5770 12831
5771 12830
5772 12829
5773 12828
5774 12827
5775 12826
5776 12825
5777 12824
5778 12823
5779 12822
5780 12821
5781 12820
5782 12819
5783 12818
5784 12817
5785 12816
5786 12815
5787 12814
5792 12953
5793 12952
5794 12951
5795 12950
5796 12949
5797 12948
5798 12947
5799 12946
5800 12945
5801 12944
5802 12943
5803 12942
5804 12941
5805 13000
5806 12999
5807 12998
5808 12997
5809 12996
5810 12995
5811 12994
5812 12993
5813 12992
5814 12991
5815 12990
5816 12989
5817 12988
5818 12987
5819 12986
5820 13254
5821 13253
5822 13252
5823 13251
5824 13250
5825 13249
5826 13248
5827 13247
5828 13291
5829 13290
5830 13289
5831 13288
5832 13287
5833 13286
5834 13285
5835 13284
5836 13283
5837 13282
5838 13281
5839 13280
5840 13279
5843 13304
5844 13303
5845 13302
5846 13301
5847 13300
5848 13299
5849 13298
5850 13297
5851 13296
5852 13295
5853 13294
5854 13293
5855 13292
5856 13246
5857 13245
5858 13244
5859 13243
5860 13242
5861 13241
5862 13240
5863 13239
5864 13119
5865 13118
5866 13117
5867 13116
5868 13115
5869 13114
5870 13113
5871 13112
5872 13501
5873 13500
5874 13499
5875 13498
5876 13497
5877 13496
5878 13495
5879 13494
5880 13642
5881 13641
5882 13640
5883 13639
5884 13638
5885 13637
5886 13636
5887 13635
5888 13634
5889 13633
5890 13632
5891 13631
5892 13630
5897 12282
5898 12281
5899 12280
5900 12279
5901 12278
5902 12277
5903 12276
5904 12275
5905 12274
5906 12273
5907 12654
5908 12653
5909 12652
5910 12651
5911 12650
5912 12649
5913 12648
5914 12647
5915 12338
5916 12337
5917 12336
5918 12335
5919 12334
5920 12333
5921 12332
5922 12331
5923 12606
5924 12605
5925 12604
5926 12603
5927 12602
5928 12601
5929 12600
5930 12599
5931 12253
5932 12252
5933 12251
5934 12250
5935 12249
5936 12248
5937 12247
5938 12246
5939 12245
5940 12244
5941 12243
5942 12242
5947 11705
5948 11704
5949 11703
5950 11702
5951 11701
5952 11700
5953 11699
5954 11698
5955 11697
5956 11696
5957 11695
5958 11694
5959 11650
5960 11649
5961 11648
5962 11647
5963 11646
5964 11645
5965 11644
5966 11643
5967 11526
5968 11525
5969 11524
5970 11523
5971 11522
5972 11521
5973 11520
5974 11519
5975 11835
5976 11834
5977 11833
5978 11832
5979 11831
5980 11830
5981 11829
5982 11828
5983 11734
5984 11733
5985 11732
5986 11731
5987 11730
5988 11729
5989 11728
5990 11727
5991 11726
5992 11725
5993 11724
5998 10550
5999 10549
6000 10548
6001 10547
6002 10546
6003 10545
6004 10544
6005 10543
6006 10542
6007 10541
6008 10540
6009 10539
6010 11090
6011 11089
6012 11088
6013 11087
6014 11086
6015 11085
6016 11084
6017 11083
6018 10799
6019 10798
6020 10797
6021 10796
6022 10795
6023 10794
6024 10793
6025 10792
6026 11042
6027 11041
6028 11040
6029 11039
6030 11038
6031 11037
6032 11036
6033 11035
6034 10519
6035 10518
6036 10517
6037 10516
6038 10515
6039 10514
6040 10513
6041 10512
6042 10511
6043 10510
6048 10044
6049 10043
6050 10042
6051 10041
6052 10040
6053 10039
6054 10038
6055 10037
6056 10036
6057 10035
6058 10034
6059 10033
6060 10032
6061 10031
6062 9983
6063 9982
6064 9981
6065 9980
6066 9979
6067 9978
6068 9977
6069 9976
6070 9975
6071 9974
6072 9973
6073 9972
6074 9971
6075 9970
6076 9969
6077 9968
6078 10123
6079 10122
6080 10121
6081 10120
6082 10119
6083 10118
6084 10117
6085 10116
6086 10075
6087 10074
6088 10073
6089 10072
6090 10071
6091 10070
6092 10069
6093 10068
6094 10067
6099 8926
6100 8925
6101 8924
6102 8923
6103 8922
6104 8921
6105 8920
6106 8919
6107 8918
6108 8917
6109 8916
6110 8915
6111 8914
6112 8913
6113 8912
6114 8911
6115 8910
6116 8909
6117 8908
6118 8907
6119 8906
6120 8905
6121 9197
6122 9196
6123 9195
6124 9194
6125 9193
6126 9192
6127 9191
6128 9190
6129 8864
6130 8863
6131 8862
6132 8861
6133 8860
6134 8859
6135 8858
6136 8857
6137 8856
6138 8855
6139 8854
6140 8853
6141 8852
6142 8851
6143 8850
6144 8849
6149 8466
6150 8465
6151 8464
6152 8463
6153 8462
6154 8461
6155 8460
6156 8459
6157 8490
6158 8489
6159 8488
6160 8487
6161 8486
6162 8485
6163 8484
6164 8483
6165 8320
6166 8319
6167 8318
6168 8317
6169 8316
6170 8315
6171 8314
6172 8313
6173 8033
6174 8032
6175 8031
6176 8030
6177 8029
6178 8028
6179 8027
6180 8026
6181 8432
6182 8431
6183 8430
6184 8429
6185 8428
6186 8427
6187 8426
6188 8425
6189 8388
6190 8387
6191 8386
6192 8385
6193 8384
6194 8383
6195 8382
6200 7240
6201 7239
6202 7238
6203 7237
6204 7236
6205 7235
6206 7234
6207 7233
6208 7232
6209 7231
6210 7230
6211 7229
6212 7228
6213 7227
6214 7226
6215 7225
6216 7224
6217 7407
6218 7406
6219 7405
6220 7404
6221 7403
6222 7402
6223 7401
6224 7400
6225 7598
6226 7597
6227 7596
6228 7595
6229 7594
6230 7593
6231 7592
6232 7591
6233 7359
6234 7358
6235 7357
6236 7356
6237 7355
6238 7354
6239 7353
6240 7352
6241 7351
6242 7350
6243 7349
6244 7348
6245 7347
6246 7346
6247 7345
6248 7344
6249 7343
6252 7262
6253 7261
6254 7260
6255 7259
6256 7258
6257 7257
6258 7256
6259 7255
6260 7254
6261 7253
6262 7252
6263 7606
6264 7605
6265 7604
6266 7603
6267 7602
6268 7601
6269 7600
6270 7599
6271 7399
6272 7398
6273 7397
6274 7396
6275 7395
6276 7394
6277 7393
6278 7392
6279 7281
6280 7280
6281 7279
6282 7278
6283 7277
6284 7276
6285 7275
6286 7274
6287 7273
6288 7272
6289 7271
6290 7270
6291 7269
6292 7268
6293 7267
6294 7266
6295 7265
6296 7264
6297 7263
6302 8398
6303 8397
6304 8396
6305 8395
6306 8394
6307 8393
6308 8392
6309 8391
6310 8390
6311 8389
6312 8424
6313 8423
6314 8422
6315 8421
6316 8420
6317 8419
6318 8418
6319 8417
6320 8181
6321 8180
6322 8179
6323 8178
6324 8177
6325 8176
6326 8175
6327 8174
6328 8173
6329 8172
6330 8171
6331 8170
6332 8169
6333 8168
6334 8167
6335 8498
6336 8497
6337 8496
6338 8495
6339 8494
6340 8493
6341 8492
6342 8491
6343 8458
6344 8457
6345 8456
6346 8455
6347 8454
6348 8453
6349 8452
6350 8451
6351 8450
6352 8449
6353 8448
6358 8977
6359 8976
6360 8975
6361 8974
6362 8973
6363 8972
6364 8971
6365 8970
6366 8969
6367 8968
6368 8967
6369 8966
6370 8965
6371 8964
6372 8963
6373 8962
6374 8961
6375 8960
6376 8959
6377 9205
6378 9204
6379 9203
6380 9202
6381 9201
6382 9200
6383 9199
6384 9198
6385 8904
6386 8903
6387 8902
6388 8901
6389 8900
6390 8899
6391 8898
6392 8897
6393 9475
6394 9474
6395 9473
6396 9472
6397 9471
6398 9470
6399 9469
6400 9468
6401 9467
6402 9466
6403 9465
6404 9464
6405 9463
6406 9462
6407 9461
6408 9460
6409 9459
6410 9458
6415 10087
6416 10086
6417 10085
6418 10084
6419 10083
6420 10082
6421 10081
6422 10080
6423 10079
6424 10078
6425 10077
6426 10076
6427 10115
6428 10114
6429 10113
6430 10112
6431 10111
6432 10110
6433 10109
6434 10108
6435 9862
6436 9861
6437 9860
6438 9859
6439 9858
6440 9857
6441 9856
6442 9855
6443 9854
6444 9853
6445 9852
6446 9851
6447 9850
6448 9849
6449 9848
6450 10157
6451 10156
6452 10155
6453 10154
6454 10153
6455 10152
6456 10151
6457 10150
6458 10149
6459 10148
6460 10147
6461 10146
6462 10145
6463 10144
6464 10143
6465 10142
6466 10141
6471 10647
6472 10646
6473 10645
6474 10644
6475 10643
6476 10642
6477 10641
6478 10640
6479 10639
6480 10638
6481 10637
6482 10636
6483 10635
6484 10634
6485 10633
6486 10632
6487 10631
6488 10630
6489 10629
6490 10628
6491 10807
6492 10806
6493 10805
6494 10804
6495 10803
6496 10802
6497 10801
6498 10800
6499 11082
6500 11081
6501 11080
6502 11079
6503 11078
6504 11077
6505 11076
6506 11075
6507 10494
6508 10493
6509 10492
6510 10491
6511 10490
6512 10489
6513 10488
6514 10487
6515 10486
6516 10485
6517 10484
6518 10483
6519 10482
6520 10481
6521 10480
6522 10479
6527 11748
6528 11747
6529 11746
6530 11745
6531 11744
6532 11743
6533 11742
6534 11741
6535 11740
6536 11739
6537 11738
6538 11737
6539 11736
6540 11735
6541 11827
6542 11826
6543 11825
6544 11824
6545 11823
6546 11822
6547 11821
6548 11820
6549 11400
6550 11399
6551 11398
6552 11397
6553 11396
6554 11395
6555 11394
6556 11393
6557 11392
6558 11391
6559 11390
6560 11389
6561 11388
6562 11387
6563 11386
6564 11763
6565 11762
6566 11761
6567 11760
6568 11759
6569 11758
6570 11757
6571 11756
6572 11755
6573 11754
6574 11753
6575 11752
6576 11751
6577 11750
6578 11749
6583 12214
6584 12213
6585 12212
6586 12211
6587 12210
6588 12209
6589 12208
6590 12181
6591 12180
6592 12179
6593 12178
6594 12177
6595 12176
6596 12175
6597 12174
6598 12173
6599 12172
6600 12171
6601 12170
6602 12169
6603 12168
6604 12167
6605 12346
6606 12345
6607 12344
6608 12343
6609 12342
6610 12341
6611 12340
6612 12339
6613 12646
6614 12645
6615 12644
6616 12643
6617 12642
6618 12641
6619 12640
6620 12639
6621 12228
6622 12227
6623 12226
6624 12225
6625 12224
6626 12223
6627 12222
6628 12221
6629 12220
6630 12219
6631 12218
6632 12217
6633 12216
6634 12215
6639 13158
6640 13157
6641 13156
6642 13155
6643 13154
6644 13153
6645 13152
6646 13151
6647 13650
6648 13649
6649 13648
6650 13647
6651 13646
6652 13645
6653 13644
6654 13643
6655 13493
6656 13492
6657 13491
6658 13490
6659 13489
6660 13488
6661 13487
6662 13486
6663 13485
6664 13484
6665 13483
6666 13482
6667 13481
6668 13480
6669 13479
6670 13478
6671 13477
6672 13476
6673 13475
6674 13474
6675 13473
6676 13472
6677 13471
6678 13320
6679 13319
6680 13318
6681 13317
6682 13316
6683 13315
6684 13314
6685 13313
6686 13312
6687 13311
6688 13310
6689 13309
6690 13308
6691 13307
6692 13306
6693 13305
6696 13278
6697 13277
6698 13276
6699 13275
6700 13274
6701 13273
6702 13272
6703 13271
6704 13270
6705 13269
6706 13268
6707 13267
6708 13266
6709 13265
6710 13264
6711 13263
6712 13262
6713 13261
6714 13260
6715 13259
6716 13258
6717 13257
6718 13256
6719 13255
6720 12985
6721 12984
6722 12983
6723 12982
6724 12981
6725 12980
6726 12979
6727 12978
6728 12977
6729 12976
6730 12975
6731 12974
6732 12973
6733 12972
6734 12971
6735 12970
6736 12969
6737 12968
6738 12967
6739 12966
6740 12965
6741 12964
6742 12963
6743 12962
6744 12961
6745 12960
6746 12959
6747 12958
6748 12957
6749 12956
6750 12955
6751 12954
6756 12241
6757 12240
6758 12239
6759 12238
6760 12237
6761 12236
6762 12235
6763 12234
6764 12233
6765 12232
6766 12231
6767 12230
6768 12229
6769 12638
6770 12637
6771 12636
6772 12635
6773 12634
6774 12633
6775 12632
6776 12631
6777 12630
6778 12629
6779 12628
6780 12627
6781 12626
6782 12625
6783 12624
6784 12623
6785 12622
6786 12621
6787 12620
6788 12619
6789 12618
6790 12617
6791 12616
6792 12615
6793 12189
6794 12188
6795 12187
6796 12186
6797 12185
6798 12184
6799 12183
6800 12182
6801 12207
6802 12206
6803 12205
6804 12204
6805 12203
6806 12202
6807 12201
6812 11681
6813 11680
6814 11679
6815 11678
6816 11677
6817 11676
6818 11675
6819 11674
6820 11673
6821 11672
6822 11671
6823 11670
6824 11669
6825 11668
6826 11667
6827 11666
6828 11665
6829 11664
6830 11663
6831 11662
6832 11661
6833 11660
6834 11659
6835 11408
6836 11407
6837 11406
6838 11405
6839 11404
6840 11403
6841 11402
6842 11401
6843 11819
6844 11818
6845 11817
6846 11816
6847 11815
6848 11814
6849 11813
6850 11812
6851 11811
6852 11810
6853 11809
6854 11808
6855 11807
6856 11806
6857 11805
6858 11804
6859 11803
6860 11802
6861 11801
6862 11800
6863 11799
6864 11798
6869 10509
6870 10508
6871 10507
6872 10506
6873 10505
6874 10504
6875 10503
6876 10502
6877 10501
6878 10500
6879 10499
6880 10498
6881 10497
6882 10496
6883 10495
6884 11074
6885 11073
6886 11072
6887 11071
6888 11070
6889 11069
6890 11068
6891 11067
6892 11066
6893 11065
6894 11064
6895 11063
6896 11062
6897 11061
6898 11060
6899 11059
6900 11058
6901 11057
6902 11056
6903 11055
6904 11054
6905 11053
6906 11052
6907 11051
6908 10469
6909 10468
6910 10467
6911 10466
6912 10465
6913 10464
6914 10463
6915 10462
6916 10461
6917 10460
6918 10459
6919 10458
6920 10457
6925 10016
6926 10015
6927 10014
6928 10013
6929 10012
6930 10011
6931 10010
6932 10009
6933 10008
6934 10007
6935 10006
6936 10005
6937 10004
6938 10003
6939 10002
6940 10001
6941 10000
6942 9999
6943 9998
6944 9997
6945 9996
6946 9995
6947 9994
6948 9993
6949 9992
6950 9870
6951 9869
6952 9868
6953 9867
6954 9866
6955 9865
6956 9864
6957 9863
6958 10107
6959 10106
6960 10105
6961 10104
6962 10103
6963 10102
6964 10101
6965 10100
6966 10099
6967 10098
6968 10097
6969 10096
6970 10095
6971 10094
6972 10093
6973 10092
6974 10091
6975 10090
6976 10089
6977 10088
6982 8822
6983 8821
6984 8820
6985 8819
6986 8818
6987 8817
6988 8816
6989 8815
6990 8814
6991 8813
6992 9482
6993 9481
6994 9480
6995 9479
6996 9478
6997 9477
6998 9476
6999 8896
7000 8895
7001 8894
7002 8893
7003 8892
7004 8891
7005 8890
7006 8889
7007 8888
7008 8887
7009 8886
7010 8885
7011 8884
7012 8883
7013 8882
7014 8881
7015 8880
7016 8879
7017 8878
7018 8877
7019 8876
7020 8875
7021 8874
7022 8873
7023 8797
7024 8796
7025 8795
7026 8794
7027 8793
7028 8792
7029 8791
7030 8790
7031 8789
7032 8788
7033 8787
7038 8355
7039 8354
7040 8353
7041 8352
7042 8351
7043 8350
7044 8349
7045 8348
7046 8347
7047 8346
7048 8345
7049 8344
7050 8343
7051 8342
7052 8341
7053 8340
7054 8339
7055 8338
7056 8337
7057 8336
7058 8335
7059 8334
7060 8333
7061 8332
7062 8331
7063 8330
7064 8329
7065 8189
7066 8188
7067 8187
7068 8186
7069 8185
7070 8184
7071 8183
7072 8182
7073 8416
7074 8415
7075 8414
7076 8413
7077 8412
7078 8411
7079 8410
7080 8409
7081 8408
7082 8407
7083 8406
7084 8405
7085 8404
7086 8403
7087 8402
7088 8401
7089 8400
7090 8399
7095 7189
7096 7188
7097 7187
7098 7186
7099 7185
7100 7184
7101 7183
7102 7182
7103 7181
7104 7180
7105 7179
7106 7178
7107 7289
7108 7288
7109 7287
7110 7286
7111 7285
7112 7284
7113 7283
7114 7282
7115 7391
7116 7390
7117 7389
7118 7388
7119 7387
7120 7386
7121 7385
7122 7384
7123 7383
7124 7382
7125 7381
7126 7380
7127 7379
7128 7378
7129 7377
7130 7376
7131 7375
7132 7374
7133 7373
7134 7372
7135 7371
7136 7370
7137 7369
7138 7368
7139 7551
7140 7550
7141 7549
49 8744
159 9063
274 12102
606 10995
1041 9342
1212 12490
1804 8447
2295 11910
2593 8633
2741 10389
3185 10417
3653 13716
3871 11175
3916 10361
4008 7755
4054 7439
4261 10648
4305 11892
4308 12537
4392 13545
4526 11779
4707 7466
4739 7342
4783 7142
4960 10438
5004 11706
5165 12298
5391 7168
5436 7561
5487 7169
5490 8211
5537 8467
6196 8382
6582 12214
6695 13278
6811 11681
