1 8405
2 8404
3 8403
4 8402
5 8401
6 8400
7 8399
8 8398
9 8397
10 8396
11 8395
12 8394
13 8393
14 8392
15 8391
16 8390
17 8389
18 8388
19 8387
20 8461
21 8460
22 8459
23 8458
24 8457
25 8456
26 8455
27 8454
28 8256
29 8255
30 8254
31 8253
32 8252
33 8251
34 8250
35 8249
36 8248
37 8247
38 8246
39 8245
40 8244
41 8243
42 8242
43 8241
44 8240
45 8239
46 8238
55 9304
56 9303
57 9302
58 9301
59 9300
60 9299
61 9298
62 9297
63 9296
64 9295
65 8655
66 8654
67 8653
68 8652
69 8651
70 8650
71 8649
72 8648
73 8818
74 8817
75 8816
76 8815
77 8814
78 8813
79 8812
80 8811
81 8810
82 8809
83 8808
84 8807
85 8806
86 8805
87 8804
88 8803
89 8802
90 8801
91 8800
92 8799
93 8798
94 8797
95 8796
96 9315
97 9314
98 9313
99 9312
100 9311
101 9310
102 9309
103 9308
104 9307
105 9306
106 9305
115 10017
116 10016
117 10015
118 10014
119 10013
120 10012
121 10011
122 10010
123 10009
124 10008
125 10007
126 10006
127 10005
128 10004
129 10003
130 10002
131 10001
132 10000
133 9999
134 9998
135 9997
136 9996
137 9995
138 9994
139 9993
140 9992
141 9991
142 10138
143 10137
144 10136
145 10135
146 10134
147 10133
148 10132
149 10131
150 9609
151 9608
152 9607
153 9606
154 9605
155 9604
156 9603
157 9602
158 9601
159 9600
160 9599
161 9598
162 9597
163 9596
164 9595
165 9594
166 9593
167 9592
176 10997
177 10996
178 10995
179 10994
180 10993
181 10992
182 10991
183 10990
184 10989
185 10988
186 10987
187 10986
188 10331
189 10330
190 10329
191 10328
192 10327
193 10326
194 10325
195 10324
196 10481
197 10480
198 10479
199 10478
200 10477
201 10476
202 10475
203 10474
204 10473
205 10472
206 10471
207 10470
208 10469
209 10468
210 10467
211 10466
212 10465
213 10464
214 10463
215 10462
216 10461
217 10460
218 10459
219 10458
220 10457
221 10456
222 10455
223 10454
224 10453
225 10452
226 10451
227 10450
236 11704
237 11703
238 11702
239 11701
240 11700
241 11699
242 11698
243 11697
244 11696
245 11695
246 11694
247 11693
248 11692
249 11691
250 11690
251 11689
252 11688
253 11687
254 11686
255 11685
256 11684
257 11683
258 11682
259 11681
260 11680
261 11679
262 11678
263 11677
264 11805
265 11804
266 11803
267 11802
268 11801
269 11800
270 11799
271 11798
272 11510
273 11509
274 11508
275 11507
276 11506
277 11505
278 11504
279 11503
280 11502
281 11501
282 11500
283 11499
284 11498
285 11497
286 11496
287 11495
296 12662
297 12661
298 12660
299 12659
300 12658
301 12657
302 12656
303 12655
304 12654
305 12653
306 12652
307 12651
308 12650
309 12649
310 11874
311 11873
312 11872
313 11871
314 11870
315 11869
316 11868
317 11867
318 12148
319 12147
320 12146
321 12145
322 12144
323 12143
324 12142
325 12141
326 12140
327 12139
328 12138
329 12137
330 12136
331 12135
332 12134
333 12133
334 12132
335 12131
336 12130
337 12129
338 12128
339 12127
340 12126
341 12125
342 12124
343 12123
344 12122
345 12121
346 12120
347 12119
356 13326
357 13325
358 13324
359 13323
360 13322
361 13321
362 13320
363 13293
364 13292
365 13291
366 13290
367 13289
368 13288
369 13287
370 13286
371 13285
372 13284
373 13283
374 13282
375 13281
376 13280
377 13279
378 13278
379 13277
380 13276
381 13275
382 13274
383 13273
384 13272
385 13271
386 13472
387 13471
388 13470
389 13469
390 13468
391 13467
392 13466
393 13465
394 13340
395 13339
396 13338
397 13337
398 13336
399 13335
400 13334
401 13333
402 13332
403 13331
404 13330
405 13329
406 13328
407 13327
416 14295
417 14294
418 14293
419 14292
420 14291
421 14290
422 14289
423 14288
424 14287
425 14286
426 14285
427 14284
428 14283
429 14282
430 14281
431 14280
432 13558
433 13557
434 13556
435 13555
436 13554
437 13553
438 13552
439 13551
440 13941
441 13940
442 13939
443 13938
444 13937
445 13936
446 13935
447 13934
448 13933
449 13932
450 13931
451 13930
452 13929
453 13928
454 13927
455 13926
456 13925
457 13924
458 13923
459 13922
460 13921
461 13920
462 13919
463 13918
464 13917
465 13916
468 14146
469 14145
470 14144
471 14143
472 14142
473 14141
474 14140
475 14139
476 14138
477 14137
478 14136
479 13725
480 13724
481 13723
482 13722
483 13721
484 13720
485 13719
486 13718
487 13949
488 13948
489 13947
490 13946
491 13945
492 13944
493 13943
494 13942
495 13550
496 13549
497 13548
498 13547
499 13546
500 13545
501 13544
502 13543
503 13542
504 13541
505 13540
506 13539
507 13538
508 13537
509 13536
510 13535
511 13907
512 13906
513 13905
514 13904
515 13903
516 13902
517 13901
518 13900
527 13353
528 13352
529 13351
530 13350
531 13349
532 13348
533 13347
534 13346
535 13345
536 13344
537 13343
538 13342
539 13341
540 13464
541 13463
542 13462
543 13461
544 13460
545 13459
546 13458
547 13457
548 13456
549 13455
550 13454
551 13453
552 13452
553 13451
554 13450
555 13449
556 13002
557 13001
558 13000
559 12999
560 12998
561 12997
562 12996
563 12995
564 13301
565 13300
566 13299
567 13298
568 13297
569 13296
570 13295
571 13294
572 13319
573 13318
574 13317
575 13316
576 13315
577 13314
578 13313
587 12524
588 12523
589 12522
590 12521
591 12520
592 12519
593 12518
594 12517
595 12516
596 12515
597 12514
598 12513
599 12512
600 12511
601 12510
602 12048
603 12047
604 12046
605 12045
606 12044
607 12043
608 12042
609 12041
610 12156
611 12155
612 12154
613 12153
614 12152
615 12151
616 12150
617 12149
618 11866
619 11865
620 11864
621 11863
622 11862
623 11861
624 11860
625 11859
626 11858
627 11857
628 11856
629 11855
630 11854
631 11853
632 11852
633 11851
634 11850
635 11849
636 11848
637 11847
638 11846
639 11845
648 11525
649 11524
650 11523
651 11522
652 11521
653 11520
654 11519
655 11518
656 11517
657 11516
658 11515
659 11514
660 11513
661 11512
662 11511
663 11797
664 11796
665 11795
666 11794
667 11793
668 11792
669 11791
670 11790
671 11789
672 11788
673 11787
674 11786
675 11785
676 11784
677 11783
678 11782
679 11433
680 11432
681 11431
682 11430
683 11429
684 11428
685 11427
686 11426
687 11485
688 11484
689 11483
690 11482
691 11481
692 11480
693 11479
694 11478
695 11477
696 11476
697 11475
698 11474
699 11473
708 10920
709 10919
710 10918
711 10917
712 10916
713 10915
714 10914
715 10913
716 10912
717 10911
718 10910
719 10909
720 10908
721 10907
722 10906
723 10905
724 10904
725 10231
726 10230
727 10229
728 10228
729 10227
730 10226
731 10225
732 10224
733 10489
734 10488
735 10487
736 10486
737 10485
738 10484
739 10483
740 10482
741 10323
742 10322
743 10321
744 10320
745 10319
746 10318
747 10317
748 10316
749 10315
750 10314
751 10313
752 10312
753 10311
754 10310
755 10309
756 10308
757 10307
758 10306
759 10305
760 10304
769 9889
770 9888
771 9887
772 9886
773 9885
774 9884
775 9883
776 9882
777 9881
778 9880
779 9616
780 9615
781 9614
782 9613
783 9612
784 9611
785 9610
786 10130
787 10129
788 10128
789 10127
790 10126
791 10125
792 10124
793 10123
794 10122
795 10121
796 10120
797 10119
798 10118
799 10117
800 10116
801 10115
802 9670
803 9669
804 9668
805 9667
806 9666
807 9665
808 9664
809 9663
810 9864
811 9863
812 9862
813 9861
814 9860
815 9859
816 9858
817 9857
818 9856
819 9855
820 9854
829 9263
830 9262
831 9261
832 9260
833 9259
834 9258
835 9257
836 9256
837 9255
838 9254
839 9253
840 9252
841 9251
842 9250
843 9249
844 9248
845 9247
846 9246
847 9245
848 8555
849 8554
850 8553
851 8552
852 8551
853 8550
854 8549
855 8548
856 8826
857 8825
858 8824
859 8823
860 8822
861 8821
862 8820
863 8819
864 8647
865 8646
866 8645
867 8644
868 8643
869 8642
870 8641
871 8640
872 8639
873 8638
874 8637
875 8636
876 8635
877 8634
878 8633
879 8632
880 8631
881 8630
890 8336
891 8335
892 8334
893 8333
894 8332
895 8331
896 8330
897 8329
898 8328
899 8327
900 8326
901 8325
902 8264
903 8263
904 8262
905 8261
906 8260
907 8259
908 8258
909 8257
910 8453
911 8452
912 8451
913 8450
914 8449
915 8448
916 8447
917 8446
918 8445
919 8444
920 8443
921 8442
922 8441
923 8440
924 8439
925 8438
926 7998
927 7997
928 7996
929 7995
930 7994
931 7993
932 7992
933 7991
934 8339
935 8338
936 8337
939 8018
940 8017
941 8016
942 8015
943 8014
944 8013
945 8012
946 8011
947 8010
948 8009
949 8008
950 8007
951 8006
952 8005
953 8004
954 8003
955 8002
956 8001
957 8000
958 7999
959 8437
960 8436
961 8435
962 8434
963 8433
964 8432
965 8431
966 8430
967 7911
968 7910
969 7909
970 7908
971 7907
972 7906
973 7905
974 7904
975 7823
976 7822
977 7821
978 7820
979 7819
980 7818
981 7817
982 7816
983 7815
984 7814
985 7813
986 7812
987 7811
988 7810
989 7809
990 7808
991 7807
992 7806
993 7805
1002 9144
1003 9143
1004 9142
1005 9141
1006 9140
1007 9139
1008 9138
1009 9137
1010 9136
1011 9135
1012 9170
1013 9169
1014 9168
1015 9167
1016 9166
1017 9165
1018 9164
1019 9163
1020 8570
1021 8569
1022 8568
1023 8567
1024 8566
1025 8565
1026 8564
1027 8563
1028 8562
1029 8561
1030 8560
1031 8559
1032 8558
1033 8557
1034 8556
1035 9244
1036 9243
1037 9242
1038 9241
1039 9240
1040 9239
1041 9238
1042 9237
1043 9204
1044 9203
1045 9202
1046 9201
1047 9200
1048 9199
1049 9198
1050 9197
1051 9196
1052 9195
1053 9194
1062 9689
1063 9688
1064 9687
1065 9686
1066 9685
1067 9684
1068 9683
1069 9682
1070 9681
1071 9680
1072 9679
1073 9678
1074 9677
1075 9676
1076 9675
1077 9674
1078 9673
1079 9672
1080 9671
1081 10114
1082 10113
1083 10112
1084 10111
1085 10110
1086 10109
1087 10108
1088 10107
1089 9958
1090 9957
1091 9956
1092 9955
1093 9954
1094 9953
1095 9952
1096 9951
1097 9426
1098 9425
1099 9424
1100 9423
1101 9422
1102 9421
1103 9420
1104 9419
1105 9418
1106 9417
1107 9416
1108 9415
1109 9414
1110 9413
1111 9412
1112 9411
1113 9410
1114 9409
1123 10833
1124 10832
1125 10831
1126 10830
1127 10829
1128 10828
1129 10827
1130 10826
1131 10825
1132 10824
1133 10823
1134 10822
1135 10861
1136 10860
1137 10859
1138 10858
1139 10857
1140 10856
1141 10855
1142 10854
1143 10246
1144 10245
1145 10244
1146 10243
1147 10242
1148 10241
1149 10240
1150 10239
1151 10238
1152 10237
1153 10236
1154 10235
1155 10234
1156 10233
1157 10232
1158 10903
1159 10902
1160 10901
1161 10900
1162 10899
1163 10898
1164 10897
1165 10896
1166 10895
1167 10894
1168 10893
1169 10892
1170 10891
1171 10890
1172 10889
1173 10888
1174 10887
1183 11453
1184 11452
1185 11451
1186 11450
1187 11449
1188 11448
1189 11447
1190 11446
1191 11445
1192 11444
1193 11443
1194 11442
1195 11441
1196 11440
1197 11439
1198 11438
1199 11437
1200 11436
1201 11435
1202 11434
1203 11781
1204 11780
1205 11779
1206 11778
1207 11777
1208 11776
1209 11775
1210 11774
1211 11361
1212 11360
1213 11359
1214 11358
1215 11357
1216 11356
1217 11355
1218 11354
1219 11234
1220 11233
1221 11232
1222 11231
1223 11230
1224 11229
1225 11228
1226 11227
1227 11226
1228 11225
1229 11224
1230 11223
1231 11222
1232 11221
1233 11220
1234 11219
1243 12494
1244 12493
1245 12492
1246 12491
1247 12490
1248 12489
1249 12488
1250 12487
1251 12486
1252 12485
1253 12484
1254 12483
1255 12482
1256 12481
1257 12573
1258 12572
1259 12571
1260 12570
1261 12569
1262 12568
1263 12567
1264 12566
1265 12063
1266 12062
1267 12061
1268 12060
1269 12059
1270 12058
1271 12057
1272 12056
1273 12055
1274 12054
1275 12053
1276 12052
1277 12051
1278 12050
1279 12049
1280 12509
1281 12508
1282 12507
1283 12506
1284 12505
1285 12504
1286 12503
1287 12502
1288 12501
1289 12500
1290 12499
1291 12498
1292 12497
1293 12496
1294 12495
1303 13050
1304 13049
1305 13048
1306 13047
1307 13046
1308 13045
1309 13044
1310 13017
1311 13016
1312 13015
1313 13014
1314 13013
1315 13012
1316 13011
1317 13010
1318 13009
1319 13008
1320 13007
1321 13006
1322 13005
1323 13004
1324 13003
1325 13448
1326 13447
1327 13446
1328 13445
1329 13444
1330 13443
1331 13442
1332 13441
1333 12930
1334 12929
1335 12928
1336 12927
1337 12926
1338 12925
1339 12924
1340 12923
1341 13064
1342 13063
1343 13062
1344 13061
1345 13060
1346 13059
1347 13058
1348 13057
1349 13056
1350 13055
1351 13054
1352 13053
1353 13052
1354 13051
1363 13915
1364 13914
1365 13913
1366 13912
1367 13911
1368 13910
1369 13909
1370 13908
1371 13534
1372 13533
1373 13532
1374 13531
1375 13530
1376 13529
1377 13528
1378 13527
1379 14214
1380 14213
1381 14212
1382 14211
1383 14210
1384 14209
1385 14208
1386 14207
1387 13740
1388 13739
1389 13738
1390 13737
1391 13736
1392 13735
1393 13734
1394 13733
1395 13732
1396 13731
1397 13730
1398 13729
1399 13728
1400 13727
1401 13726
1402 14135
1403 14134
1404 14133
1405 14132
1406 14131
1407 14130
1408 14129
1409 14128
1410 14127
1411 14126
1412 14125
1413 14124
1414 14123
1415 14122
1416 14121
1417 14120
1420 14093
1421 14092
1422 14091
1423 14090
1424 14089
1425 14088
1426 14087
1427 14086
1428 14085
1429 14084
1430 14083
1431 14082
1432 14081
1433 14080
1434 14079
1435 14078
1436 13629
1437 13628
1438 13627
1439 13626
1440 13625
1441 13624
1442 13623
1443 13622
1444 13748
1445 13747
1446 13746
1447 13745
1448 13744
1449 13743
1450 13742
1451 13741
1452 14206
1453 14205
1454 14204
1455 14203
1456 14202
1457 14201
1458 14200
1459 14199
1460 14198
1461 14197
1462 14196
1463 14195
1464 14194
1465 14193
1466 14192
1467 14191
1468 13794
1469 13793
1470 13792
1471 13791
1472 13790
1473 13789
1474 13788
1475 13787
1484 13077
1485 13076
1486 13075
1487 13074
1488 13073
1489 13072
1490 13071
1491 13070
1492 13069
1493 13068
1494 13067
1495 13066
1496 13065
1497 12922
1498 12921
1499 12920
1500 12919
1501 12918
1502 12917
1503 12916
1504 12915
1505 12914
1506 12913
1507 12912
1508 12911
1509 12910
1510 12909
1511 12908
1512 12907
1513 12726
1514 12725
1515 12724
1516 12723
1517 12722
1518 12721
1519 12720
1520 12719
1521 13025
1522 13024
1523 13023
1524 13022
1525 13021
1526 13020
1527 13019
1528 13018
1529 13043
1530 13042
1531 13041
1532 13040
1533 13039
1534 13038
1535 13037
1544 12338
1545 12337
1546 12336
1547 12335
1548 12334
1549 12333
1550 12332
1551 12331
1552 12330
1553 12329
1554 12328
1555 12327
1556 12326
1557 12325
1558 12324
1559 11945
1560 11944
1561 11943
1562 11942
1563 11941
1564 11940
1565 11939
1566 11938
1567 12071
1568 12070
1569 12069
1570 12068
1571 12067
1572 12066
1573 12065
1574 12064
1575 12565
1576 12564
1577 12563
1578 12562
1579 12561
1580 12560
1581 12559
1582 12558
1583 12557
1584 12556
1585 12555
1586 12554
1587 12553
1588 12552
1589 12551
1590 12550
1591 12549
1592 12548
1593 12547
1594 12546
1595 12545
1596 12544
1605 11249
1606 11248
1607 11247
1608 11246
1609 11245
1610 11244
1611 11243
1612 11242
1613 11241
1614 11240
1615 11239
1616 11238
1617 11237
1618 11236
1619 11235
1620 11353
1621 11352
1622 11351
1623 11350
1624 11349
1625 11348
1626 11347
1627 11346
1628 11345
1629 11344
1630 11343
1631 11342
1632 11341
1633 11340
1634 11339
1635 11338
1636 11157
1637 11156
1638 11155
1639 11154
1640 11153
1641 11152
1642 11151
1643 11150
1644 11209
1645 11208
1646 11207
1647 11206
1648 11205
1649 11204
1650 11203
1651 11202
1652 11201
1653 11200
1654 11199
1655 11198
1656 11197
1665 10734
1666 10733
1667 10732
1668 10731
1669 10730
1670 10729
1671 10728
1672 10727
1673 10726
1674 10725
1675 10724
1676 10723
1677 10722
1678 10721
1679 10720
1680 10719
1681 10718
1682 10402
1683 10401
1684 10400
1685 10399
1686 10398
1687 10397
1688 10396
1689 10395
1690 10254
1691 10253
1692 10252
1693 10251
1694 10250
1695 10249
1696 10248
1697 10247
1698 10853
1699 10852
1700 10851
1701 10850
1702 10849
1703 10848
1704 10847
1705 10846
1706 10845
1707 10844
1708 10843
1709 10842
1710 10841
1711 10840
1712 10839
1713 10838
1714 10837
1715 10836
1716 10835
1717 10834
1726 9565
1727 9564
1728 9563
1729 9562
1730 9561
1731 9560
1732 9559
1733 9558
1734 9557
1735 9556
1736 9433
1737 9432
1738 9431
1739 9430
1740 9429
1741 9428
1742 9427
1743 9950
1744 9949
1745 9948
1746 9947
1747 9946
1748 9945
1749 9944
1750 9943
1751 9942
1752 9941
1753 9940
1754 9939
1755 9938
1756 9937
1757 9936
1758 9935
1759 9487
1760 9486
1761 9485
1762 9484
1763 9483
1764 9482
1765 9481
1766 9480
1767 9540
1768 9539
1769 9538
1770 9537
1771 9536
1772 9535
1773 9534
1774 9533
1775 9532
1776 9531
1777 9530
1786 9077
1787 9076
1788 9075
1789 9074
1790 9073
1791 9072
1792 9071
1793 9070
1794 9069
1795 9068
1796 9067
1797 9066
1798 9065
1799 9064
1800 9063
1801 9062
1802 9061
1803 9060
1804 9059
1805 8726
1806 8725
1807 8724
1808 8723
1809 8722
1810 8721
1811 8720
1812 8719
1813 8578
1814 8577
1815 8576
1816 8575
1817 8574
1818 8573
1819 8572
1820 8571
1821 9162
1822 9161
1823 9160
1824 9159
1825 9158
1826 9157
1827 9156
1828 9155
1829 9154
1830 9153
1831 9152
1832 9151
1833 9150
1834 9149
1835 9148
1836 9147
1837 9146
1838 9145
1847 8237
1848 8236
1849 8235
1850 8234
1851 8233
1852 8232
1853 8231
1854 8230
1855 8229
1856 8228
1857 8227
1858 8226
1859 7831
1860 7830
1861 7829
1862 7828
1863 7827
1864 7826
1865 7825
1866 7824
1867 7903
1868 7902
1869 7901
1870 7900
1871 7899
1872 7898
1873 7897
1874 7896
1875 7895
1876 7894
1877 7893
1878 7892
1879 7891
1880 7890
1881 7889
1882 7888
1883 8051
1884 8050
1885 8049
1886 8048
1887 8047
1888 8046
1889 8045
1890 8044
1891 8207
1892 8206
1893 8205
1894 8204
1895 8203
1896 8202
1897 8201
1898 8200
1899 8199
1900 8198
1901 8197
1902 8196
1905 8216
1906 8215
1907 8214
1908 8213
1909 8212
1910 8211
1911 8210
1912 8209
1913 8208
1914 8043
1915 8042
1916 8041
1917 8040
1918 8039
1919 8038
1920 8037
1921 8036
1922 8421
1923 8420
1924 8419
1925 8418
1926 8417
1927 8416
1928 8415
1929 8414
1930 8144
1931 8143
1932 8142
1933 8141
1934 8140
1935 8139
1936 8138
1937 8137
1938 7838
1939 7837
1940 7836
1941 7835
1942 7834
1943 7833
1944 7832
1945 8225
1946 8224
1947 8223
1948 8222
1949 8221
1950 8220
1951 8219
1952 8218
1953 8217
1962 9007
1963 9006
1964 9005
1965 9004
1966 9003
1967 9002
1968 9001
1969 9000
1970 8999
1971 8998
1972 8997
1973 8996
1974 8995
1975 8994
1976 8993
1977 8585
1978 8584
1979 8583
1980 8582
1981 8581
1982 8580
1983 8579
1984 8718
1985 8717
1986 8716
1987 8715
1988 8714
1989 8713
1990 8712
1991 8711
1992 9228
1993 9227
1994 9226
1995 9225
1996 9224
1997 9223
1998 9222
1999 9221
2000 9220
2001 9219
2002 9218
2003 9217
2004 9216
2005 9215
2006 9214
2007 9213
2016 9548
2017 9547
2018 9546
2019 9545
2020 9544
2021 9543
2022 9542
2023 9541
2024 9479
2025 9478
2026 9477
2027 9476
2028 9475
2029 9474
2030 9473
2031 9472
2032 10098
2033 10097
2034 10096
2035 10095
2036 10094
2037 10093
2038 10092
2039 10091
2040 9761
2041 9760
2042 9759
2043 9758
2044 9757
2045 9756
2046 9755
2047 9754
2048 9441
2049 9440
2050 9439
2051 9438
2052 9437
2053 9436
2054 9435
2055 9434
2056 9555
2057 9554
2058 9553
2059 9552
2060 9551
2061 9550
2062 9549
2071 10700
2072 10699
2073 10698
2074 10697
2075 10696
2076 10695
2077 10694
2078 10693
2079 10692
2080 10691
2081 10690
2082 10689
2083 10688
2084 10687
2085 10686
2086 10685
2087 10684
2088 10261
2089 10260
2090 10259
2091 10258
2092 10257
2093 10256
2094 10255
2095 10394
2096 10393
2097 10392
2098 10391
2099 10390
2100 10389
2101 10388
2102 10387
2103 10776
2104 10775
2105 10774
2106 10773
2107 10772
2108 10771
2109 10770
2110 10769
2111 10768
2112 10767
2113 10766
2114 10765
2115 10764
2116 10763
2125 11218
2126 11217
2127 11216
2128 11215
2129 11214
2130 11213
2131 11212
2132 11211
2133 11210
2134 11149
2135 11148
2136 11147
2137 11146
2138 11145
2139 11144
2140 11143
2141 11142
2142 11765
2143 11764
2144 11763
2145 11762
2146 11761
2147 11760
2148 11759
2149 11758
2150 11628
2151 11627
2152 11626
2153 11625
2154 11624
2155 11623
2156 11622
2157 11621
2158 11098
2159 11097
2160 11096
2161 11095
2162 11094
2163 11093
2164 11092
2165 11091
2166 11090
2167 11089
2168 11088
2169 11087
2170 11086
2179 12357
2180 12356
2181 12355
2182 12354
2183 12353
2184 12352
2185 12351
2186 12350
2187 12349
2188 12348
2189 12347
2190 12403
2191 12402
2192 12401
2193 12400
2194 12399
2195 12398
2196 12397
2197 12396
2198 12078
2199 12077
2200 12076
2201 12075
2202 12074
2203 12073
2204 12072
2205 11937
2206 11936
2207 11935
2208 11934
2209 11933
2210 11932
2211 11931
2212 11930
2213 12439
2214 12438
2215 12437
2216 12436
2217 12435
2218 12434
2219 12433
2220 12432
2221 12431
2222 12430
2223 12429
2224 12428
2233 13036
2234 13035
2235 13034
2236 13033
2237 13032
2238 13031
2239 13030
2240 13029
2241 13028
2242 13027
2243 13026
2244 12718
2245 12717
2246 12716
2247 12715
2248 12714
2249 12713
2250 12712
2251 12711
2252 13432
2253 13431
2254 13430
2255 13429
2256 13428
2257 13427
2258 13426
2259 13425
2260 13222
2261 13221
2262 13220
2263 13219
2264 13218
2265 13217
2266 13216
2267 13215
2268 12832
2269 12831
2270 12830
2271 12829
2272 12828
2273 12827
2274 12826
2275 12825
2276 12824
2277 12823
2278 12822
2287 13825
2288 13824
2289 13823
2290 13822
2291 13821
2292 13820
2293 13819
2294 13818
2295 13817
2296 13816
2297 13815
2298 13814
2299 13813
2300 13873
2301 13872
2302 13871
2303 13870
2304 13869
2305 13868
2306 13867
2307 13866
2308 13755
2309 13754
2310 13753
2311 13752
2312 13751
2313 13750
2314 13749
2315 13621
2316 13620
2317 13619
2318 13618
2319 13617
2320 13616
2321 13615
2322 13614
2323 14106
2324 14105
2325 14104
2326 14103
2327 14102
2328 14101
2329 14100
2330 14099
2331 14098
2332 14097
2333 14096
2334 14095
2335 14094
2338 14119
2339 14118
2340 14117
2341 14116
2342 14115
2343 14114
2344 14113
2345 14112
2346 14111
2347 14110
2348 14109
2349 14108
2350 14107
2351 13613
2352 13612
2353 13611
2354 13610
2355 13609
2356 13608
2357 13607
2358 13606
2359 13964
2360 13963
2361 13962
2362 13961
2363 13960
2364 13959
2365 13958
2366 13957
2367 14222
2368 14221
2369 14220
2370 14219
2371 14218
2372 14217
2373 14216
2374 14215
2375 13526
2376 13525
2377 13524
2378 13523
2379 13522
2380 13521
2381 13520
2382 13519
2383 13518
2384 13517
2385 13516
2386 13515
2387 13514
2396 13118
2397 13117
2398 13116
2399 13115
2400 13114
2401 13113
2402 13112
2403 13111
2404 13110
2405 13109
2406 12938
2407 12937
2408 12936
2409 12935
2410 12934
2411 12933
2412 12932
2413 12931
2414 13440
2415 13439
2416 13438
2417 13437
2418 13436
2419 13435
2420 13434
2421 13433
2422 12710
2423 12709
2424 12708
2425 12707
2426 12706
2427 12705
2428 12704
2429 12703
2430 13089
2431 13088
2432 13087
2433 13086
2434 13085
2435 13084
2436 13083
2437 13082
2438 13081
2439 13080
2440 13079
2441 13078
2450 12451
2451 12450
2452 12449
2453 12448
2454 12447
2455 12446
2456 12445
2457 12444
2458 12443
2459 12442
2460 12441
2461 12440
2462 11929
2463 11928
2464 11927
2465 11926
2466 11925
2467 11924
2468 11923
2469 11922
2470 12171
2471 12170
2472 12169
2473 12168
2474 12167
2475 12166
2476 12165
2477 12164
2478 12581
2479 12580
2480 12579
2481 12578
2482 12577
2483 12576
2484 12575
2485 12574
2486 12480
2487 12479
2488 12478
2489 12477
2490 12476
2491 12475
2492 12474
2493 12473
2494 12472
2495 12471
2496 12470
2505 11290
2506 11289
2507 11288
2508 11287
2509 11286
2510 11285
2511 11284
2512 11283
2513 11282
2514 11281
2515 11280
2516 11279
2517 11369
2518 11368
2519 11367
2520 11366
2521 11365
2522 11364
2523 11363
2524 11362
2525 11773
2526 11772
2527 11771
2528 11770
2529 11769
2530 11768
2531 11767
2532 11766
2533 11141
2534 11140
2535 11139
2536 11138
2537 11137
2538 11136
2539 11135
2540 11134
2541 11259
2542 11258
2543 11257
2544 11256
2545 11255
2546 11254
2547 11253
2548 11252
2549 11251
2550 11250
2559 10790
2560 10789
2561 10788
2562 10787
2563 10786
2564 10785
2565 10784
2566 10783
2567 10782
2568 10781
2569 10780
2570 10779
2571 10778
2572 10777
2573 10386
2574 10385
2575 10384
2576 10383
2577 10382
2578 10381
2579 10380
2580 10379
2581 10504
2582 10503
2583 10502
2584 10501
2585 10500
2586 10499
2587 10498
2588 10497
2589 10869
2590 10868
2591 10867
2592 10866
2593 10865
2594 10864
2595 10863
2596 10862
2597 10821
2598 10820
2599 10819
2600 10818
2601 10817
2602 10816
2603 10815
2604 10814
2605 10813
2614 9638
2615 9637
2616 9636
2617 9635
2618 9634
2619 9633
2620 9632
2621 9631
2622 9630
2623 9629
2624 9628
2625 9627
2626 9626
2627 9625
2628 9966
2629 9965
2630 9964
2631 9963
2632 9962
2633 9961
2634 9960
2635 9959
2636 10106
2637 10105
2638 10104
2639 10103
2640 10102
2641 10101
2642 10100
2643 10099
2644 9471
2645 9470
2646 9469
2647 9468
2648 9467
2649 9466
2650 9465
2651 9464
2652 9463
2653 9462
2654 9461
2655 9460
2656 9459
2657 9458
2658 9457
2659 9456
2668 9212
2669 9211
2670 9210
2671 9209
2672 9208
2673 9207
2674 9206
2675 9205
2676 9236
2677 9235
2678 9234
2679 9233
2680 9232
2681 9231
2682 9230
2683 9229
2684 8710
2685 8709
2686 8708
2687 8707
2688 8706
2689 8705
2690 8704
2691 8703
2692 8841
2693 8840
2694 8839
2695 8838
2696 8837
2697 8836
2698 8835
2699 8834
2700 9178
2701 9177
2702 9176
2703 9175
2704 9174
2705 9173
2706 9172
2707 9171
2708 9134
2709 9133
2710 9132
2711 9131
2712 9130
2713 9129
2714 9128
2723 8288
2724 8287
2725 8286
2726 8285
2727 8284
2728 8283
2729 8282
2730 8281
2731 8280
2732 8279
2733 8278
2734 8277
2735 8276
2736 8275
2737 8274
2738 8273
2739 8272
2740 7919
2741 7918
2742 7917
2743 7916
2744 7915
2745 7914
2746 7913
2747 7912
2748 8429
2749 8428
2750 8427
2751 8426
2752 8425
2753 8424
2754 8423
2755 8422
2756 8035
2757 8034
2758 8033
2759 8032
2760 8031
2761 8030
2762 8029
2763 8028
2764 8027
2765 8026
2766 8025
2767 8024
2768 8023
2769 8022
2770 8021
2771 8020
2772 8019
2775 8348
2776 8347
2777 8346
2778 8345
2779 8344
2780 8343
2781 8342
2782 8341
2783 8340
2784 7990
2785 7989
2786 7988
2787 7987
2788 7986
2789 7985
2790 7984
2791 7983
2792 8378
2793 8377
2794 8376
2795 8375
2796 8374
2797 8373
2798 8372
2799 8371
2800 7927
2801 7926
2802 7925
2803 7924
2804 7923
2805 7922
2806 7921
2807 7920
2808 8271
2809 8270
2810 8269
2811 8268
2812 8267
2813 8266
2814 8265
2815 8324
2816 8323
2817 8322
2818 8321
2819 8320
2820 8319
2821 8318
2822 8317
2823 8316
2832 9193
2833 9192
2834 9191
2835 9190
2836 9189
2837 9188
2838 9187
2839 9186
2840 9185
2841 9184
2842 9183
2843 9182
2844 9181
2845 9180
2846 9179
2847 8833
2848 8832
2849 8831
2850 8830
2851 8829
2852 8828
2853 8827
2854 8547
2855 8546
2856 8545
2857 8544
2858 8543
2859 8542
2860 8541
2861 8540
2862 8787
2863 8786
2864 8785
2865 8784
2866 8783
2867 8782
2868 8781
2869 8780
2870 8779
2871 8778
2872 8777
2873 8776
2874 8775
2875 8774
2876 8773
2877 8772
2886 9872
2887 9871
2888 9870
2889 9869
2890 9868
2891 9867
2892 9866
2893 9865
2894 9662
2895 9661
2896 9660
2897 9659
2898 9658
2899 9657
2900 9656
2901 9655
2902 9982
2903 9981
2904 9980
2905 9979
2906 9978
2907 9977
2908 9976
2909 9975
2910 9974
2911 9973
2912 9972
2913 9971
2914 9970
2915 9969
2916 9968
2917 9967
2918 9624
2919 9623
2920 9622
2921 9621
2922 9620
2923 9619
2924 9618
2925 9617
2926 9879
2927 9878
2928 9877
2929 9876
2930 9875
2931 9874
2932 9873
2941 10886
2942 10885
2943 10884
2944 10883
2945 10882
2946 10881
2947 10880
2948 10879
2949 10878
2950 10877
2951 10876
2952 10875
2953 10874
2954 10873
2955 10872
2956 10871
2957 10870
2958 10496
2959 10495
2960 10494
2961 10493
2962 10492
2963 10491
2964 10490
2965 10223
2966 10222
2967 10221
2968 10220
2969 10219
2970 10218
2971 10217
2972 10216
2973 10962
2974 10961
2975 10960
2976 10959
2977 10958
2978 10957
2979 10956
2980 10955
2981 10954
2982 10953
2983 10952
2984 10951
2985 10950
2986 10949
2995 11494
2996 11493
2997 11492
2998 11491
2999 11490
3000 11489
3001 11488
3002 11487
3003 11486
3004 11425
3005 11424
3006 11423
3007 11422
3008 11421
3009 11420
3010 11419
3011 11418
3012 11668
3013 11667
3014 11666
3015 11665
3016 11664
3017 11663
3018 11662
3019 11661
3020 11377
3021 11376
3022 11375
3023 11374
3024 11373
3025 11372
3026 11371
3027 11370
3028 11278
3029 11277
3030 11276
3031 11275
3032 11274
3033 11273
3034 11272
3035 11271
3036 11270
3037 11269
3038 11268
3039 11267
3040 11266
3049 12543
3050 12542
3051 12541
3052 12540
3053 12539
3054 12538
3055 12537
3056 12536
3057 12535
3058 12534
3059 12533
3060 12589
3061 12588
3062 12587
3063 12586
3064 12585
3065 12584
3066 12583
3067 12582
3068 12163
3069 12162
3070 12161
3071 12160
3072 12159
3073 12158
3074 12157
3075 12040
3076 12039
3077 12038
3078 12037
3079 12036
3080 12035
3081 12034
3082 12033
3083 12625
3084 12624
3085 12623
3086 12622
3087 12621
3088 12620
3089 12619
3090 12618
3091 12617
3092 12616
3093 12615
3094 12614
3103 13312
3104 13311
3105 13310
3106 13309
3107 13308
3108 13307
3109 13306
3110 13305
3111 13304
3112 13303
3113 13302
3114 12994
3115 12993
3116 12992
3117 12991
3118 12990
3119 12989
3120 12988
3121 12987
3122 13262
3123 13261
3124 13260
3125 13259
3126 13258
3127 13257
3128 13256
3129 13255
3130 12946
3131 12945
3132 12944
3133 12943
3134 12942
3135 12941
3136 12940
3137 12939
3138 13108
3139 13107
3140 13106
3141 13105
3142 13104
3143 13103
3144 13102
3145 13101
3146 13100
3147 13099
3148 13098
3157 14169
3158 14168
3159 14167
3160 14166
3161 14165
3162 14164
3163 14163
3164 14162
3165 14161
3166 14160
3167 14159
3168 14158
3169 14157
3170 14230
3171 14229
3172 14228
3173 14227
3174 14226
3175 14225
3176 14224
3177 14223
3178 13956
3179 13955
3180 13954
3181 13953
3182 13952
3183 13951
3184 13950
3185 13717
3186 13716
3187 13715
3188 13714
3189 13713
3190 13712
3191 13711
3192 13710
3193 14261
3194 14260
3195 14259
3196 14258
3197 14257
3200 14266
3201 14265
3202 14264
3203 14263
3204 14262
3205 13709
3206 13708
3207 13707
3208 13706
3209 13705
3210 13704
3211 13703
3212 13702
3213 13574
3214 13573
3215 13572
3216 13571
3217 13570
3218 13569
3219 13568
3220 13567
3221 13566
3222 13565
3223 13564
3224 13563
3225 13562
3226 13561
3227 13560
3228 13559
3229 14279
3230 14278
3231 14277
3232 14276
3233 14275
3234 14274
3235 14273
3236 14272
3237 14271
3238 14270
3239 14269
3240 14268
3241 14267
3250 13490
3251 13489
3252 13488
3253 13487
3254 13486
3255 13485
3256 13484
3257 13483
3258 13482
3259 13481
3260 13480
3261 13479
3262 13478
3263 13477
3264 13476
3265 13475
3266 13474
3267 13473
3268 13270
3269 13269
3270 13268
3271 13267
3272 13266
3273 13265
3274 13264
3275 13263
3276 12986
3277 12985
3278 12984
3279 12983
3280 12982
3281 12981
3282 12980
3283 12979
3284 13365
3285 13364
3286 13363
3287 13362
3288 13361
3289 13360
3290 13359
3291 13358
3292 13357
3293 13356
3294 13355
3295 13354
3304 12637
3305 12636
3306 12635
3307 12634
3308 12633
3309 12632
3310 12631
3311 12630
3312 12629
3313 12628
3314 12627
3315 12626
3316 12032
3317 12031
3318 12030
3319 12029
3320 12028
3321 12027
3322 12026
3323 12025
3324 11890
3325 11889
3326 11888
3327 11887
3328 11886
3329 11885
3330 11884
3331 11883
3332 11882
3333 11881
3334 11880
3335 11879
3336 11878
3337 11877
3338 11876
3339 11875
3340 12648
3341 12647
3342 12646
3343 12645
3344 12644
3345 12643
3346 12642
3347 12641
3348 12640
3349 12639
3350 12638
3359 11825
3360 11824
3361 11823
3362 11822
3363 11821
3364 11820
3365 11819
3366 11818
3367 11817
3368 11816
3369 11815
3370 11814
3371 11813
3372 11812
3373 11811
3374 11810
3375 11809
3376 11808
3377 11807
3378 11806
3379 11676
3380 11675
3381 11674
3382 11673
3383 11672
3384 11671
3385 11670
3386 11669
3387 11417
3388 11416
3389 11415
3390 11414
3391 11413
3392 11412
3393 11411
3394 11410
3395 11535
3396 11534
3397 11533
3398 11532
3399 11531
3400 11530
3401 11529
3402 11528
3403 11527
3404 11526
3413 10976
3414 10975
3415 10974
3416 10973
3417 10972
3418 10971
3419 10970
3420 10969
3421 10968
3422 10967
3423 10966
3424 10965
3425 10964
3426 10963
3427 10215
3428 10214
3429 10213
3430 10212
3431 10211
3432 10210
3433 10209
3434 10208
3435 10347
3436 10346
3437 10345
3438 10344
3439 10343
3440 10342
3441 10341
3442 10340
3443 10339
3444 10338
3445 10337
3446 10336
3447 10335
3448 10334
3449 10333
3450 10332
3451 10985
3452 10984
3453 10983
3454 10982
3455 10981
3456 10980
3457 10979
3458 10978
3459 10977
3468 10160
3469 10159
3470 10158
3471 10157
3472 10156
3473 10155
3474 10154
3475 10153
3476 10152
3477 10151
3478 10150
3479 10149
3480 10148
3481 10147
3482 10146
3483 10145
3484 10144
3485 10143
3486 10142
3487 10141
3488 10140
3489 10139
3490 9990
3491 9989
3492 9988
3493 9987
3494 9986
3495 9985
3496 9984
3497 9983
3498 9654
3499 9653
3500 9652
3501 9651
3502 9650
3503 9649
3504 9648
3505 9647
3506 9646
3507 9645
3508 9644
3509 9643
3510 9642
3511 9641
3512 9640
3513 9639
3522 9323
3523 9322
3524 9321
3525 9320
3526 9319
3527 9318
3528 9317
3529 9316
3530 8795
3531 8794
3532 8793
3533 8792
3534 8791
3535 8790
3536 8789
3537 8788
3538 8539
3539 8538
3540 8537
3541 8536
3542 8535
3543 8534
3544 8533
3545 8532
3546 8671
3547 8670
3548 8669
3549 8668
3550 8667
3551 8666
3552 8665
3553 8664
3554 8663
3555 8662
3556 8661
3557 8660
3558 8659
3559 8658
3560 8657
3561 8656
3562 9294
3563 9293
3564 9292
3565 9291
3566 9290
3567 9289
3568 9288
3577 8486
3578 8485
3579 8484
3580 8483
3581 8482
3582 8481
3583 8480
3584 8479
3585 8478
3586 8477
3587 8476
3588 8475
3589 8474
3590 8473
3591 8472
3592 8471
3593 8470
3594 8469
3595 8468
3596 8467
3597 8466
3598 8465
3599 8464
3600 8463
3601 8462
3602 8386
3603 8385
3604 8384
3605 8383
3606 8382
3607 8381
3608 8380
3609 8379
3610 7982
3611 7981
3612 7980
3613 7979
3614 7978
3615 7977
3616 7976
3617 7975
3618 7974
3619 7973
3620 7972
3621 7971
3622 7970
3623 7969
3624 7968
3625 7967
3626 7966
3629 7965
3630 7964
3631 7963
3632 7962
3633 7961
3634 7960
3635 7959
3636 7958
3637 7957
3638 7956
3639 7955
3640 7954
3641 7953
3642 7952
3643 7951
3644 7950
3645 7949
3646 7948
3647 7947
3648 7946
3649 7945
3650 7944
3651 7943
3652 7942
3653 7941
3654 7940
3655 7939
3656 7938
3657 7937
3658 7936
3659 8301
3660 8300
3661 8299
3662 8298
3663 8297
3664 8296
3665 8295
3666 8294
3667 8293
3668 8292
3669 8291
3670 8290
3671 8289
3680 9287
3681 9286
3682 9285
3683 9284
3684 9283
3685 9282
3686 9281
3687 9280
3688 9279
3689 9278
3690 9277
3691 9276
3692 8678
3693 8677
3694 8676
3695 8675
3696 8674
3697 8673
3698 8672
3699 8531
3700 8530
3701 8529
3702 8528
3703 8527
3704 8526
3705 8525
3706 8524
3707 8523
3708 8522
3709 8521
3710 8520
3711 8519
3712 8518
3713 8517
3714 8516
3715 8515
3716 8514
3717 8513
3718 8512
3719 8511
3728 9830
3729 9829
3730 9828
3731 9827
3732 9826
3733 9825
3734 9824
3735 9823
3736 9822
3737 9821
3738 9820
3739 9819
3740 9818
3741 9817
3742 9816
3743 9815
3744 9814
3745 9813
3746 9812
3747 9811
3748 9810
3749 9809
3750 9808
3751 9807
3752 9806
3753 9805
3754 9804
3755 9803
3756 9802
3757 9842
3758 9841
3759 9840
3760 9839
3761 9838
3762 9837
3763 9836
3764 9835
3765 9834
3766 9833
3767 9832
3768 9831
3777 10948
3778 10947
3779 10946
3780 10945
3781 10944
3782 10943
3783 10942
3784 10941
3785 10940
3786 10939
3787 10938
3788 10937
3789 10936
3790 10935
3791 10354
3792 10353
3793 10352
3794 10351
3795 10350
3796 10349
3797 10348
3798 10207
3799 10206
3800 10205
3801 10204
3802 10203
3803 10202
3804 10201
3805 10200
3806 10199
3807 10198
3808 10197
3809 10196
3810 10195
3811 10194
3812 10193
3813 10192
3814 10191
3815 10190
3816 10189
3825 11541
3826 11540
3827 11539
3828 11538
3829 11537
3830 11536
3831 11409
3832 11408
3833 11407
3834 11406
3835 11405
3836 11404
3837 11403
3838 11402
3839 11401
3840 11400
3841 11399
3842 11398
3843 11397
3844 11396
3845 11395
3846 11394
3847 11393
3848 11392
3849 11391
3850 11390
3851 11389
3852 11388
3853 11387
3854 11386
3855 11463
3856 11462
3857 11461
3858 11460
3859 11459
3860 11458
3861 11457
3862 11456
3863 11455
3864 11454
3873 12613
3874 12612
3875 12611
3876 12610
3877 12609
3878 12608
3879 12607
3880 12606
3881 12605
3882 12604
3883 12603
3884 12602
3885 12601
3886 12600
3887 12599
3888 12598
3889 11897
3890 11896
3891 11895
3892 11894
3893 11893
3894 11892
3895 11891
3896 12024
3897 12023
3898 12022
3899 12021
3900 12020
3901 12019
3902 12018
3903 12017
3904 12016
3905 12015
3906 12014
3907 12013
3908 12012
3909 12011
3910 12010
3911 12009
3912 12008
3921 13373
3922 13372
3923 13371
3924 13370
3925 13369
3926 13368
3927 13367
3928 13366
3929 12978
3930 12977
3931 12976
3932 12975
3933 12974
3934 12973
3935 12972
3936 12971
3937 12970
3938 12969
3939 12968
3940 12967
3941 12966
3942 12965
3943 12964
3944 12963
3945 12962
3946 12961
3947 12960
3948 12959
3949 12958
3950 12957
3951 12956
3952 12955
3953 13126
3954 13125
3955 13124
3956 13123
3957 13122
3958 13121
3959 13120
3960 13119
3969 14256
3970 14255
3971 14254
3972 14253
3973 14252
3974 14251
3975 14250
3976 14249
3977 14248
3978 14247
3979 14246
3980 14245
3981 14244
3982 14243
3983 14242
3984 14241
3985 14240
3986 14239
3987 13581
3988 13580
3989 13579
3990 13578
3991 13577
3992 13576
3993 13575
3994 13701
3995 13700
3996 13699
3997 13698
3998 13697
3999 13696
4000 13695
4001 13694
4004 13597
4005 13596
4006 13595
4007 13594
4008 13593
4009 13592
4010 13591
4011 13590
4012 13589
4013 13588
4014 13587
4015 13586
4016 13585
4017 13584
4018 13583
4019 13582
4020 14238
4021 14237
4022 14236
4023 14235
4024 14234
4025 14233
4026 14232
4027 14231
4028 14156
4029 14155
4030 14154
4031 14153
4032 14152
4033 14151
4034 14150
4035 14149
4036 14148
4037 14147
4046 13133
4047 13132
4048 13131
4049 13130
4050 13129
4051 13128
4052 13127
4053 12954
4054 12953
4055 12952
4056 12951
4057 12950
4058 12949
4059 12948
4060 12947
4061 13254
4062 13253
4063 13252
4064 13251
4065 13250
4066 13249
4067 13248
4068 13247
4069 12694
4070 12693
4071 12692
4072 12691
4073 12690
4074 12689
4075 12688
4076 12687
4077 12686
4078 12685
4079 12684
4080 12683
4081 12682
4082 12681
4083 12680
4084 12679
4085 12678
4094 12469
4095 12468
4096 12467
4097 12466
4098 12465
4099 12464
4100 12463
4101 12462
4102 12461
4103 11913
4104 11912
4105 11911
4106 11910
4107 11909
4108 11908
4109 11907
4110 11906
4111 11905
4112 11904
4113 11903
4114 11902
4115 11901
4116 11900
4117 11899
4118 11898
4119 12597
4120 12596
4121 12595
4122 12594
4123 12593
4124 12592
4125 12591
4126 12590
4127 12532
4128 12531
4129 12530
4130 12529
4131 12528
4132 12527
4133 12526
4134 12525
4143 11472
4144 11471
4145 11470
4146 11469
4147 11468
4148 11467
4149 11466
4150 11465
4151 11464
4152 11385
4153 11384
4154 11383
4155 11382
4156 11381
4157 11380
4158 11379
4159 11378
4160 11660
4161 11659
4162 11658
4163 11657
4164 11656
4165 11655
4166 11654
4167 11653
4168 11125
4169 11124
4170 11123
4171 11122
4172 11121
4173 11120
4174 11119
4175 11118
4176 11117
4177 11116
4178 11115
4179 11114
4180 11113
4181 11112
4182 11111
4191 10812
4192 10811
4193 10810
4194 10809
4195 10808
4196 10807
4197 10806
4198 10805
4199 10804
4200 10803
4201 10802
4202 10370
4203 10369
4204 10368
4205 10367
4206 10366
4207 10365
4208 10364
4209 10363
4210 10362
4211 10361
4212 10360
4213 10359
4214 10358
4215 10357
4216 10356
4217 10355
4218 10934
4219 10933
4220 10932
4221 10931
4222 10930
4223 10929
4224 10928
4225 10927
4226 10926
4227 10925
4228 10924
4229 10923
4230 10922
4231 10921
4240 9853
4241 9852
4242 9851
4243 9850
4244 9849
4245 9848
4246 9847
4247 9846
4248 9845
4249 9844
4250 9843
4251 9801
4252 9800
4253 9799
4254 9798
4255 9797
4256 9796
4257 9795
4258 9794
4259 9793
4260 9792
4261 9791
4262 9790
4263 9789
4264 9788
4265 9787
4266 9786
4267 9578
4268 9577
4269 9576
4270 9575
4271 9574
4272 9573
4273 9572
4274 9571
4275 9570
4276 9569
4277 9568
4278 9567
4279 9566
4288 9127
4289 9126
4290 9125
4291 9124
4292 9123
4293 9122
4294 9121
4295 9120
4296 9119
4297 9118
4298 9117
4299 9116
4300 9115
4301 8694
4302 8693
4303 8692
4304 8691
4305 8690
4306 8689
4307 8688
4308 8687
4309 8686
4310 8685
4311 8684
4312 8683
4313 8682
4314 8681
4315 8680
4316 8679
4317 9275
4318 9274
4319 9273
4320 9272
4321 9271
4322 9270
4323 9269
4324 9268
4325 9267
4326 9266
4327 9265
4328 9264
4337 8315
4338 8314
4339 8313
4340 8312
4341 8311
4342 8310
4343 8309
4344 8308
4345 8307
4346 8306
4347 8305
4348 8304
4349 8303
4350 8302
4351 7935
4352 7934
4353 7933
4354 7932
4355 7931
4356 7930
4357 7929
4358 7928
4359 8370
4360 8369
4361 8368
4362 8367
4363 8366
4364 8365
4365 8364
4366 8363
4367 8362
4368 8361
4369 8360
4370 8359
4371 8358
4372 8357
4373 8356
4374 8355
4375 8354
4376 8353
4377 8352
4378 8351
4379 8350
4380 8349
4383 8168
4384 8167
4385 8166
4386 8165
4387 8164
4388 8163
4389 8162
4390 8161
4391 8160
4392 8159
4393 8158
4394 8157
4395 8156
4396 8155
4397 8154
4398 8153
4399 8181
4400 8180
4401 8179
4402 8178
4403 8177
4404 8176
4405 8175
4406 8174
4407 8173
4408 8172
4409 8171
4410 8170
4411 8169
4420 9101
4421 9100
4422 9099
4423 9098
4424 9097
4425 9096
4426 9095
4427 9094
4428 9093
4429 9092
4430 9091
4431 9090
4432 8848
4433 8847
4434 8846
4435 8845
4436 8844
4437 8843
4438 8842
4439 8702
4440 8701
4441 8700
4442 8699
4443 8698
4444 8697
4445 8696
4446 8695
4447 9114
4448 9113
4449 9112
4450 9111
4451 9110
4452 9109
4453 9108
4454 9107
4455 9106
4456 9105
4457 9104
4458 9103
4459 9102
4468 9591
4469 9590
4470 9589
4471 9588
4472 9587
4473 9586
4474 9585
4475 9584
4476 9583
4477 9582
4478 9581
4479 9580
4480 9579
4481 9785
4482 9784
4483 9783
4484 9782
4485 9781
4486 9780
4487 9779
4488 9778
4489 9777
4490 9776
4491 9775
4492 9774
4493 9773
4494 9772
4495 9771
4496 9770
4497 9518
4498 9517
4499 9516
4500 9515
4501 9514
4502 9513
4503 9512
4504 9511
4505 9510
4506 9509
4507 9508
4508 9507
4517 10762
4518 10761
4519 10760
4520 10759
4521 10758
4522 10757
4523 10756
4524 10755
4525 10754
4526 10753
4527 10752
4528 10751
4529 10750
4530 10749
4531 10511
4532 10510
4533 10509
4534 10508
4535 10507
4536 10506
4537 10505
4538 10378
4539 10377
4540 10376
4541 10375
4542 10374
4543 10373
4544 10372
4545 10371
4546 10801
4547 10800
4548 10799
4549 10798
4550 10797
4551 10796
4552 10795
4553 10794
4554 10793
4555 10792
4556 10791
4565 11265
4566 11264
4567 11263
4568 11262
4569 11261
4570 11260
4571 11133
4572 11132
4573 11131
4574 11130
4575 11129
4576 11128
4577 11127
4578 11126
4579 11652
4580 11651
4581 11650
4582 11649
4583 11648
4584 11647
4585 11646
4586 11645
4587 11644
4588 11643
4589 11642
4590 11641
4591 11640
4592 11639
4593 11638
4594 11637
4595 11187
4596 11186
4597 11185
4598 11184
4599 11183
4600 11182
4601 11181
4602 11180
4603 11179
4604 11178
4613 12427
4614 12426
4615 12425
4616 12424
4617 12423
4618 12422
4619 12421
4620 12420
4621 12419
4622 12418
4623 12417
4624 12416
4625 12415
4626 12414
4627 12413
4628 12412
4629 12178
4630 12177
4631 12176
4632 12175
4633 12174
4634 12173
4635 12172
4636 11921
4637 11920
4638 11919
4639 11918
4640 11917
4641 11916
4642 11915
4643 11914
4644 12460
4645 12459
4646 12458
4647 12457
4648 12456
4649 12455
4650 12454
4651 12453
4652 12452
4661 13097
4662 13096
4663 13095
4664 13094
4665 13093
4666 13092
4667 13091
4668 13090
4669 12702
4670 12701
4671 12700
4672 12699
4673 12698
4674 12697
4675 12696
4676 12695
4677 13246
4678 13245
4679 13244
4680 13243
4681 13242
4682 13241
4683 13240
4684 13239
4685 13238
4686 13237
4687 13236
4688 13235
4689 13234
4690 13233
4691 13232
4692 13231
4693 12850
4694 12849
4695 12848
4696 12847
4697 12846
4698 12845
4699 12844
4700 12843
4709 13899
4710 13898
4711 13897
4712 13896
4713 13895
4714 13894
4715 13893
4716 13892
4717 13891
4718 13890
4719 13889
4720 13888
4721 13887
4722 13886
4723 13885
4724 13884
4725 13883
4726 13882
4727 13971
4728 13970
4729 13969
4730 13968
4731 13967
4732 13966
4733 13965
4734 13605
4735 13604
4736 13603
4737 13602
4738 13601
4739 13600
4740 13599
4741 13598
4744 13987
4745 13986
4746 13985
4747 13984
4748 13983
4749 13982
4750 13981
4751 13980
4752 13979
4753 13978
4754 13977
4755 13976
4756 13975
4757 13974
4758 13973
4759 13972
4760 13881
4761 13880
4762 13879
4763 13878
4764 13877
4765 13876
4766 13875
4767 13874
4768 13812
4769 13811
4770 13810
4771 13809
4772 13808
4773 13807
4774 13806
4775 13805
4776 13804
4777 13803
4786 12857
4787 12856
4788 12855
4789 12854
4790 12853
4791 12852
4792 12851
4793 13230
4794 13229
4795 13228
4796 13227
4797 13226
4798 13225
4799 13224
4800 13223
4801 13424
4802 13423
4803 13422
4804 13421
4805 13420
4806 13419
4807 13418
4808 13417
4809 13150
4810 13149
4811 13148
4812 13147
4813 13146
4814 13145
4815 13144
4816 13143
4817 13142
4818 13141
4819 13140
4820 13139
4821 13138
4822 13137
4823 13136
4824 13135
4825 13134
4834 12283
4835 12282
4836 12281
4837 12280
4838 12279
4839 12278
4840 12277
4841 12276
4842 12275
4843 12194
4844 12193
4845 12192
4846 12191
4847 12190
4848 12189
4849 12188
4850 12187
4851 12186
4852 12185
4853 12184
4854 12183
4855 12182
4856 12181
4857 12180
4858 12179
4859 12411
4860 12410
4861 12409
4862 12408
4863 12407
4864 12406
4865 12405
4866 12404
4867 12346
4868 12345
4869 12344
4870 12343
4871 12342
4872 12341
4873 12340
4874 12339
4883 11196
4884 11195
4885 11194
4886 11193
4887 11192
4888 11191
4889 11190
4890 11189
4891 11188
4892 11636
4893 11635
4894 11634
4895 11633
4896 11632
4897 11631
4898 11630
4899 11629
4900 11757
4901 11756
4902 11755
4903 11754
4904 11753
4905 11752
4906 11751
4907 11750
4908 11556
4909 11555
4910 11554
4911 11553
4912 11552
4913 11551
4914 11550
4915 11549
4916 11548
4917 11547
4918 11546
4919 11545
4920 11544
4921 11543
4922 11542
4931 10626
4932 10625
4933 10624
4934 10623
4935 10622
4936 10621
4937 10620
4938 10619
4939 10618
4940 10617
4941 10616
4942 10527
4943 10526
4944 10525
4945 10524
4946 10523
4947 10522
4948 10521
4949 10520
4950 10519
4951 10518
4952 10517
4953 10516
4954 10515
4955 10514
4956 10513
4957 10512
4958 10748
4959 10747
4960 10746
4961 10745
4962 10744
4963 10743
4964 10742
4965 10741
4966 10740
4967 10739
4968 10738
4969 10737
4970 10736
4971 10735
4980 9529
4981 9528
4982 9527
4983 9526
4984 9525
4985 9524
4986 9523
4987 9522
4988 9521
4989 9520
4990 9519
4991 9769
4992 9768
4993 9767
4994 9766
4995 9765
4996 9764
4997 9763
4998 9762
4999 10090
5000 10089
5001 10088
5002 10087
5003 10086
5004 10085
5005 10084
5006 10083
5007 9395
5008 9394
5009 9393
5010 9392
5011 9391
5012 9390
5013 9389
5014 9388
5015 9387
5016 9386
5017 9385
5018 9384
5019 9383
5028 8941
5029 8940
5030 8939
5031 8938
5032 8937
5033 8936
5034 8935
5035 8934
5036 8933
5037 8932
5038 8931
5039 8930
5040 8929
5041 8864
5042 8863
5043 8862
5044 8861
5045 8860
5046 8859
5047 8858
5048 8857
5049 8856
5050 8855
5051 8854
5052 8853
5053 8852
5054 8851
5055 8850
5056 8849
5057 9089
5058 9088
5059 9087
5060 9086
5061 9085
5062 9084
5063 9083
5064 9082
5065 9081
5066 9080
5067 9079
5068 9078
5077 8195
5078 8194
5079 8193
5080 8192
5081 8191
5082 8190
5083 8189
5084 8188
5085 8187
5086 8186
5087 8185
5088 8184
5089 8183
5090 8182
5091 8152
5092 8151
5093 8150
5094 8149
5095 8148
5096 8147
5097 8146
5098 8145
5099 8413
5100 8412
5101 8411
5102 8410
5103 8409
5104 8408
5105 8407
5106 8406
5109 7735
5110 7734
5111 7733
5112 7732
5113 7731
5114 7730
5115 7729
5116 7728
5117 7727
5118 7726
5119 7725
5120 7724
5121 7723
5122 7722
5123 7721
5124 7720
5125 7748
5126 7747
5127 7746
5128 7745
5129 7744
5130 7743
5131 7742
5132 7741
5133 7740
5134 7739
5135 7738
5136 7737
5137 7736
5146 8510
5147 8509
5148 8508
5149 8507
5150 8506
5151 8505
5152 8504
5153 8503
5154 8502
5155 8501
5156 8500
5157 8499
5158 8600
5159 8599
5160 8598
5161 8597
5162 8596
5163 8595
5164 8594
5165 8872
5166 8871
5167 8870
5168 8869
5169 8868
5170 8867
5171 8866
5172 8865
5173 8928
5174 8927
5175 8926
5176 8925
5177 8924
5178 8923
5179 8922
5180 8921
5181 8920
5182 8919
5183 8918
5184 8917
5185 8916
5194 9408
5195 9407
5196 9406
5197 9405
5198 9404
5199 9403
5200 9402
5201 9401
5202 9400
5203 9399
5204 9398
5205 9397
5206 9396
5207 10082
5208 10081
5209 10080
5210 10079
5211 10078
5212 10077
5213 10076
5214 10075
5215 10074
5216 10073
5217 10072
5218 10071
5219 10070
5220 10069
5221 10068
5222 10067
5223 9335
5224 9334
5225 9333
5226 9332
5227 9331
5228 9330
5229 9329
5230 9328
5231 9327
5232 9326
5233 9325
5234 9324
5243 10188
5244 10187
5245 10186
5246 10185
5247 10184
5248 10183
5249 10182
5250 10181
5251 10180
5252 10179
5253 10178
5254 10177
5255 10176
5256 10175
5257 10276
5258 10275
5259 10274
5260 10273
5261 10272
5262 10271
5263 10270
5264 10535
5265 10534
5266 10533
5267 10532
5268 10531
5269 10530
5270 10529
5271 10528
5272 10615
5273 10614
5274 10613
5275 10612
5276 10611
5277 10610
5278 10609
5279 10608
5280 10607
5281 10606
5282 10605
5291 11085
5292 11084
5293 11083
5294 11082
5295 11081
5296 11080
5297 11564
5298 11563
5299 11562
5300 11561
5301 11560
5302 11559
5303 11558
5304 11557
5305 11749
5306 11748
5307 11747
5308 11746
5309 11745
5310 11744
5311 11743
5312 11742
5313 11741
5314 11740
5315 11739
5316 11738
5317 11737
5318 11736
5319 11735
5320 11734
5321 11007
5322 11006
5323 11005
5324 11004
5325 11003
5326 11002
5327 11001
5328 11000
5329 10999
5330 10998
5339 12007
5340 12006
5341 12005
5342 12004
5343 12003
5344 12002
5345 12001
5346 12000
5347 11999
5348 11998
5349 11997
5350 11996
5351 11995
5352 11994
5353 11993
5354 11992
5355 12093
5356 12092
5357 12091
5358 12090
5359 12089
5360 12088
5361 12087
5362 12202
5363 12201
5364 12200
5365 12199
5366 12198
5367 12197
5368 12196
5369 12195
5370 12274
5371 12273
5372 12272
5373 12271
5374 12270
5375 12269
5376 12268
5377 12267
5378 12266
5387 12821
5388 12820
5389 12819
5390 12818
5391 12817
5392 12816
5393 12815
5394 12814
5395 13158
5396 13157
5397 13156
5398 13155
5399 13154
5400 13153
5401 13152
5402 13151
5403 13416
5404 13415
5405 13414
5406 13413
5407 13412
5408 13411
5409 13410
5410 13409
5411 13408
5412 13407
5413 13406
5414 13405
5415 13404
5416 13403
5417 13402
5418 13401
5419 12670
5420 12669
5421 12668
5422 12667
5423 12666
5424 12665
5425 12664
5426 12663
5435 13693
5436 13692
5437 13691
5438 13690
5439 13689
5440 13688
5441 13687
5442 13686
5443 13685
5444 13684
5445 13683
5446 13682
5447 13681
5448 13680
5449 13679
5450 13678
5451 13677
5452 13676
5453 13770
5454 13769
5455 13768
5456 13767
5457 13766
5458 13765
5459 13764
5460 13995
5461 13994
5462 13993
5463 13992
5464 13991
5465 13990
5466 13989
5467 13988
5470 13786
5471 13785
5472 13784
5473 13783
5474 13782
5475 13781
5476 13780
5477 13779
5478 13778
5479 13777
5480 13776
5481 13775
5482 13774
5483 13773
5484 13772
5485 13771
5486 13675
5487 13674
5488 13673
5489 13672
5490 13671
5491 13670
5492 13669
5493 13668
5494 13500
5495 13499
5496 13498
5497 13497
5498 13496
5499 13495
5500 13494
5501 13493
5502 13492
5503 13491
5512 12677
5513 12676
5514 12675
5515 12674
5516 12673
5517 12672
5518 12671
5519 13400
5520 13399
5521 13398
5522 13397
5523 13396
5524 13395
5525 13394
5526 13393
5527 12882
5528 12881
5529 12880
5530 12879
5531 12878
5532 12877
5533 12876
5534 12875
5535 12874
5536 12873
5537 12872
5538 12871
5539 12870
5540 12869
5541 12868
5542 12867
5543 12866
5544 12865
5545 12864
5546 12863
5547 12862
5548 12861
5549 12860
5550 12859
5551 12858
5560 12118
5561 12117
5562 12116
5563 12115
5564 12114
5565 12113
5566 12112
5567 12111
5568 12110
5569 12109
5570 12108
5571 12107
5572 12106
5573 12105
5574 12104
5575 12103
5576 12102
5577 12101
5578 12100
5579 12099
5580 12098
5581 12097
5582 12096
5583 12095
5584 12094
5585 11991
5586 11990
5587 11989
5588 11988
5589 11987
5590 11986
5591 11985
5592 11984
5593 11833
5594 11832
5595 11831
5596 11830
5597 11829
5598 11828
5599 11827
5600 11826
5609 11016
5610 11015
5611 11014
5612 11013
5613 11012
5614 11011
5615 11010
5616 11009
5617 11008
5618 11733
5619 11732
5620 11731
5621 11730
5622 11729
5623 11728
5624 11727
5625 11726
5626 11313
5627 11312
5628 11311
5629 11310
5630 11309
5631 11308
5632 11307
5633 11306
5634 11305
5635 11304
5636 11303
5637 11302
5638 11301
5639 11300
5640 11299
5641 11298
5642 11297
5643 11296
5644 11295
5645 11294
5646 11293
5647 11292
5648 11291
5657 10303
5658 10302
5659 10301
5660 10300
5661 10299
5662 10298
5663 10297
5664 10296
5665 10295
5666 10294
5667 10293
5668 10292
5669 10291
5670 10290
5671 10289
5672 10288
5673 10287
5674 10286
5675 10285
5676 10284
5677 10283
5678 10282
5679 10281
5680 10280
5681 10279
5682 10278
5683 10277
5684 10174
5685 10173
5686 10172
5687 10171
5688 10170
5689 10169
5690 10168
5691 10167
5692 10166
5693 10165
5694 10164
5695 10163
5696 10162
5697 10161
5706 9346
5707 9345
5708 9344
5709 9343
5710 9342
5711 9341
5712 9340
5713 9339
5714 9338
5715 9337
5716 9336
5717 10066
5718 10065
5719 10064
5720 10063
5721 10062
5722 10061
5723 10060
5724 10059
5725 9910
5726 9909
5727 9908
5728 9907
5729 9906
5730 9905
5731 9904
5732 9903
5733 9902
5734 9901
5735 9900
5736 9899
5737 9898
5738 9897
5739 9896
5740 9895
5741 9894
5742 9893
5743 9892
5744 9891
5745 9890
5754 8629
5755 8628
5756 8627
5757 8626
5758 8625
5759 8624
5760 8623
5761 8622
5762 8621
5763 8620
5764 8619
5765 8618
5766 8617
5767 8616
5768 8615
5769 8614
5770 8613
5771 8612
5772 8611
5773 8610
5774 8609
5775 8608
5776 8607
5777 8606
5778 8605
5779 8604
5780 8603
5781 8602
5782 8601
5783 8498
5784 8497
5785 8496
5786 8495
5787 8494
5788 8493
5789 8492
5790 8491
5791 8490
5792 8489
5793 8488
5794 8487
5803 7762
5804 7761
5805 7760
5806 7759
5807 7758
5808 7757
5809 7756
5810 7755
5811 7754
5812 7753
5813 7752
5814 7751
5815 7750
5816 7749
5817 7719
5818 7718
5819 7717
5820 7716
5821 7715
5822 7714
5823 7713
5824 7712
5825 7863
5826 7862
5827 7861
5828 7860
5829 7859
5830 7858
5831 7857
5832 7856
5835 7783
5836 7782
5837 7781
5838 7780
5839 7779
5840 7778
5841 7777
5842 7776
5843 7775
5844 8096
5845 8095
5846 8094
5847 8093
5848 8092
5849 8091
5850 8090
5851 8089
5852 7871
5853 7870
5854 7869
5855 7868
5856 7867
5857 7866
5858 7865
5859 7864
5860 7711
5861 7710
5862 7709
5863 7708
5864 7707
5865 7706
5866 7705
5867 7704
5868 7703
5869 7702
5870 7701
5871 7700
5872 7699
5873 7698
5874 7697
5875 7792
5876 7791
5877 7790
5878 7789
5879 7788
5880 7787
5881 7786
5882 7785
5883 7784
5892 8771
5893 8770
5894 8769
5895 8768
5896 8767
5897 8766
5898 8765
5899 8764
5900 8763
5901 8762
5902 8761
5903 8760
5904 8759
5905 8758
5906 8757
5907 8756
5908 8755
5909 8754
5910 8753
5911 8752
5912 8751
5913 8750
5914 8888
5915 8887
5916 8886
5917 8885
5918 8884
5919 8883
5920 8882
5921 8881
5922 9042
5923 9041
5924 9040
5925 9039
5926 9038
5927 9037
5928 9036
5929 9035
5930 9034
5931 9033
5932 9032
5933 9031
5934 9030
5935 9029
5936 9028
5937 9027
5946 9365
5947 9364
5948 9363
5949 9362
5950 9361
5951 9360
5952 9359
5953 9358
5954 9713
5955 9712
5956 9711
5957 9710
5958 9709
5959 9708
5960 9707
5961 9706
5962 9918
5963 9917
5964 9916
5965 9915
5966 9914
5967 9913
5968 9912
5969 9911
5970 10058
5971 10057
5972 10056
5973 10055
5974 10054
5975 10053
5976 10052
5977 10051
5978 10050
5979 10049
5980 10048
5981 10047
5982 10046
5983 10045
5984 10044
5985 10043
5986 9372
5987 9371
5988 9370
5989 9369
5990 9368
5991 9367
5992 9366
6001 10449
6002 10448
6003 10447
6004 10446
6005 10445
6006 10444
6007 10443
6008 10442
6009 10441
6010 10440
6011 10439
6012 10438
6013 10437
6014 10436
6015 10435
6016 10434
6017 10433
6018 10432
6019 10431
6020 10430
6021 10429
6022 10428
6023 10427
6024 10426
6025 10551
6026 10550
6027 10549
6028 10548
6029 10547
6030 10546
6031 10545
6032 10544
6033 10590
6034 10589
6035 10588
6036 10587
6037 10586
6038 10585
6039 10584
6040 10583
6041 10582
6042 10581
6043 10580
6044 10579
6045 10578
6046 10577
6055 11038
6056 11037
6057 11036
6058 11035
6059 11034
6060 11033
6061 11032
6062 11031
6063 11030
6064 11580
6065 11579
6066 11578
6067 11577
6068 11576
6069 11575
6070 11574
6071 11573
6072 11321
6073 11320
6074 11319
6075 11318
6076 11317
6077 11316
6078 11315
6079 11314
6080 11725
6081 11724
6082 11723
6083 11722
6084 11721
6085 11720
6086 11719
6087 11718
6088 11717
6089 11716
6090 11715
6091 11714
6092 11713
6093 11712
6094 11711
6095 11710
6096 11709
6097 11708
6098 11707
6099 11706
6100 11705
6109 11844
6110 11843
6111 11842
6112 11841
6113 11840
6114 11839
6115 11838
6116 11837
6117 11836
6118 11835
6119 11834
6120 11983
6121 11982
6122 11981
6123 11980
6124 11979
6125 11978
6126 11977
6127 11976
6128 11975
6129 11974
6130 11973
6131 11972
6132 11971
6133 11970
6134 11969
6135 12218
6136 12217
6137 12216
6138 12215
6139 12214
6140 12213
6141 12212
6142 12211
6143 12253
6144 12252
6145 12251
6146 12250
6147 12249
6148 12248
6149 12247
6150 12246
6151 12245
6152 12244
6153 12243
6154 12242
6163 12760
6164 12759
6165 12758
6166 12757
6167 12756
6168 12755
6169 12754
6170 12753
6171 12752
6172 12751
6173 12750
6174 13174
6175 13173
6176 13172
6177 13171
6178 13170
6179 13169
6180 13168
6181 13167
6182 12890
6183 12889
6184 12888
6185 12887
6186 12886
6187 12885
6188 12884
6189 12883
6190 13392
6191 13391
6192 13390
6193 13389
6194 13388
6195 13387
6196 13386
6197 13385
6198 13384
6199 13383
6200 13382
6201 13381
6202 13380
6203 13379
6204 13378
6205 13377
6206 13376
6207 13375
6208 13374
6217 13513
6218 13512
6219 13511
6220 13510
6221 13509
6222 13508
6223 13507
6224 13506
6225 13505
6226 13504
6227 13503
6228 13502
6229 13501
6230 13667
6231 13666
6232 13665
6233 13664
6234 13663
6235 13662
6236 13661
6237 13660
6238 13659
6239 13658
6240 13657
6241 13656
6242 13655
6243 13654
6244 13653
6245 14011
6246 14010
6247 14009
6248 14008
6249 14007
6250 14006
6251 14005
6252 14004
6253 14048
6254 14047
6255 14046
6256 14045
6257 14044
6258 14043
6259 14042
6260 14041
6261 14040
6262 14039
6263 14038
6264 14037
6265 14036
6268 14061
6269 14060
6270 14059
6271 14058
6272 14057
6273 14056
6274 14055
6275 14054
6276 14053
6277 14052
6278 14051
6279 14050
6280 14049
6281 14003
6282 14002
6283 14001
6284 14000
6285 13999
6286 13998
6287 13997
6288 13996
6289 13763
6290 13762
6291 13761
6292 13760
6293 13759
6294 13758
6295 13757
6296 13756
6297 13865
6298 13864
6299 13863
6300 13862
6301 13861
6302 13860
6303 13859
6304 13858
6305 14182
6306 14181
6307 14180
6308 14179
6309 14178
6310 14177
6311 14176
6312 14175
6313 14174
6314 14173
6315 14172
6316 14171
6317 14170
6326 12842
6327 12841
6328 12840
6329 12839
6330 12838
6331 12837
6332 12836
6333 12835
6334 12834
6335 12833
6336 13214
6337 13213
6338 13212
6339 13211
6340 13210
6341 13209
6342 13208
6343 13207
6344 12898
6345 12897
6346 12896
6347 12895
6348 12894
6349 12893
6350 12892
6351 12891
6352 13166
6353 13165
6354 13164
6355 13163
6356 13162
6357 13161
6358 13160
6359 13159
6360 12813
6361 12812
6362 12811
6363 12810
6364 12809
6365 12808
6366 12807
6367 12806
6368 12805
6369 12804
6370 12803
6371 12802
6380 12265
6381 12264
6382 12263
6383 12262
6384 12261
6385 12260
6386 12259
6387 12258
6388 12257
6389 12256
6390 12255
6391 12254
6392 12210
6393 12209
6394 12208
6395 12207
6396 12206
6397 12205
6398 12204
6399 12203
6400 12086
6401 12085
6402 12084
6403 12083
6404 12082
6405 12081
6406 12080
6407 12079
6408 12395
6409 12394
6410 12393
6411 12392
6412 12391
6413 12390
6414 12389
6415 12388
6416 12294
6417 12293
6418 12292
6419 12291
6420 12290
6421 12289
6422 12288
6423 12287
6424 12286
6425 12285
6426 12284
6435 11110
6436 11109
6437 11108
6438 11107
6439 11106
6440 11105
6441 11104
6442 11103
6443 11102
6444 11101
6445 11100
6446 11099
6447 11620
6448 11619
6449 11618
6450 11617
6451 11616
6452 11615
6453 11614
6454 11613
6455 11329
6456 11328
6457 11327
6458 11326
6459 11325
6460 11324
6461 11323
6462 11322
6463 11572
6464 11571
6465 11570
6466 11569
6467 11568
6468 11567
6469 11566
6470 11565
6471 11079
6472 11078
6473 11077
6474 11076
6475 11075
6476 11074
6477 11073
6478 11072
6479 11071
6480 11070
6489 10604
6490 10603
6491 10602
6492 10601
6493 10600
6494 10599
6495 10598
6496 10597
6497 10596
6498 10595
6499 10594
6500 10593
6501 10592
6502 10591
6503 10543
6504 10542
6505 10541
6506 10540
6507 10539
6508 10538
6509 10537
6510 10536
6511 10269
6512 10268
6513 10267
6514 10266
6515 10265
6516 10264
6517 10263
6518 10262
6519 10683
6520 10682
6521 10681
6522 10680
6523 10679
6524 10678
6525 10677
6526 10676
6527 10635
6528 10634
6529 10633
6530 10632
6531 10631
6532 10630
6533 10629
6534 10628
6535 10627
6544 9455
6545 9454
6546 9453
6547 9452
6548 9451
6549 9450
6550 9449
6551 9448
6552 9447
6553 9446
6554 9445
6555 9444
6556 9443
6557 9442
6558 9753
6559 9752
6560 9751
6561 9750
6562 9749
6563 9748
6564 9747
6565 9746
6566 9926
6567 9925
6568 9924
6569 9923
6570 9922
6571 9921
6572 9920
6573 9919
6574 9705
6575 9704
6576 9703
6577 9702
6578 9701
6579 9700
6580 9699
6581 9698
6582 9697
6583 9696
6584 9695
6585 9694
6586 9693
6587 9692
6588 9691
6589 9690
6598 9026
6599 9025
6600 9024
6601 9023
6602 9022
6603 9021
6604 9020
6605 9019
6606 9050
6607 9049
6608 9048
6609 9047
6610 9046
6611 9045
6612 9044
6613 9043
6614 8880
6615 8879
6616 8878
6617 8877
6618 8876
6619 8875
6620 8874
6621 8873
6622 8593
6623 8592
6624 8591
6625 8590
6626 8589
6627 8588
6628 8587
6629 8586
6630 8992
6631 8991
6632 8990
6633 8989
6634 8988
6635 8987
6636 8986
6637 8985
6638 8948
6639 8947
6640 8946
6641 8945
6642 8944
6643 8943
6644 8942
6653 7855
6654 7854
6655 7853
6656 7852
6657 7851
6658 7850
6659 7849
6660 7848
6661 7847
6662 7846
6663 7845
6664 7844
6665 7843
6666 7842
6667 7841
6668 7840
6669 7839
6670 8136
6671 8135
6672 8134
6673 8133
6674 8132
6675 8131
6676 8130
6677 8129
6678 7879
6679 7878
6680 7877
6681 7876
6682 7875
6683 7874
6684 7873
6685 7872
6686 8088
6687 8087
6688 8086
6689 8085
6690 8084
6691 8083
6692 8082
6693 8081
6694 8080
6695 8079
6696 8078
6697 8077
6698 8076
6699 8075
6700 8074
6701 8073
6702 8072
6705 8071
6706 8070
6707 8069
6708 8068
6709 8067
6710 8066
6711 8065
6712 8064
6713 8063
6714 8062
6715 8061
6716 8060
6717 8059
6718 8058
6719 8057
6720 8056
6721 8055
6722 8054
6723 8053
6724 8052
6725 7887
6726 7886
6727 7885
6728 7884
6729 7883
6730 7882
6731 7881
6732 7880
6733 8128
6734 8127
6735 8126
6736 8125
6737 8124
6738 8123
6739 8122
6740 8121
6741 7688
6742 7687
6743 7686
6744 7685
6745 7684
6746 7683
6747 7682
6748 7681
6749 7680
6750 7679
6751 7678
6752 7677
6753 7676
6754 7675
6755 7674
6756 7673
6757 7672
6758 7671
6759 7670
6768 8958
6769 8957
6770 8956
6771 8955
6772 8954
6773 8953
6774 8952
6775 8951
6776 8950
6777 8949
6778 8984
6779 8983
6780 8982
6781 8981
6782 8980
6783 8979
6784 8978
6785 8977
6786 8741
6787 8740
6788 8739
6789 8738
6790 8737
6791 8736
6792 8735
6793 8734
6794 8733
6795 8732
6796 8731
6797 8730
6798 8729
6799 8728
6800 8727
6801 9058
6802 9057
6803 9056
6804 9055
6805 9054
6806 9053
6807 9052
6808 9051
6809 9018
6810 9017
6811 9016
6812 9015
6813 9014
6814 9013
6815 9012
6816 9011
6817 9010
6818 9009
6819 9008
6828 9506
6829 9505
6830 9504
6831 9503
6832 9502
6833 9501
6834 9500
6835 9499
6836 9498
6837 9497
6838 9496
6839 9495
6840 9494
6841 9493
6842 9492
6843 9491
6844 9490
6845 9489
6846 9488
6847 9934
6848 9933
6849 9932
6850 9931
6851 9930
6852 9929
6853 9928
6854 9927
6855 9745
6856 9744
6857 9743
6858 9742
6859 9741
6860 9740
6861 9739
6862 9738
6863 10035
6864 10034
6865 10033
6866 10032
6867 10031
6868 10030
6869 10029
6870 10028
6871 10027
6872 10026
6873 10025
6874 10024
6875 10023
6876 10022
6877 10021
6878 10020
6879 10019
6880 10018
6889 10647
6890 10646
6891 10645
6892 10644
6893 10643
6894 10642
6895 10641
6896 10640
6897 10639
6898 10638
6899 10637
6900 10636
6901 10675
6902 10674
6903 10673
6904 10672
6905 10671
6906 10670
6907 10669
6908 10668
6909 10417
6910 10416
6911 10415
6912 10414
6913 10413
6914 10412
6915 10411
6916 10410
6917 10409
6918 10408
6919 10407
6920 10406
6921 10405
6922 10404
6923 10403
6924 10717
6925 10716
6926 10715
6927 10714
6928 10713
6929 10712
6930 10711
6931 10710
6932 10709
6933 10708
6934 10707
6935 10706
6936 10705
6937 10704
6938 10703
6939 10702
6940 10701
6949 11177
6950 11176
6951 11175
6952 11174
6953 11173
6954 11172
6955 11171
6956 11170
6957 11169
6958 11168
6959 11167
6960 11166
6961 11165
6962 11164
6963 11163
6964 11162
6965 11161
6966 11160
6967 11159
6968 11158
6969 11337
6970 11336
6971 11335
6972 11334
6973 11333
6974 11332
6975 11331
6976 11330
6977 11612
6978 11611
6979 11610
6980 11609
6981 11608
6982 11607
6983 11606
6984 11605
6985 11054
6986 11053
6987 11052
6988 11051
6989 11050
6990 11049
6991 11048
6992 11047
6993 11046
6994 11045
6995 11044
6996 11043
6997 11042
6998 11041
6999 11040
7000 11039
7009 12308
7010 12307
7011 12306
7012 12305
7013 12304
7014 12303
7015 12302
7016 12301
7017 12300
7018 12299
7019 12298
7020 12297
7021 12296
7022 12295
7023 12387
7024 12386
7025 12385
7026 12384
7027 12383
7028 12382
7029 12381
7030 12380
7031 11960
7032 11959
7033 11958
7034 11957
7035 11956
7036 11955
7037 11954
7038 11953
7039 11952
7040 11951
7041 11950
7042 11949
7043 11948
7044 11947
7045 11946
7046 12323
7047 12322
7048 12321
7049 12320
7050 12319
7051 12318
7052 12317
7053 12316
7054 12315
7055 12314
7056 12313
7057 12312
7058 12311
7059 12310
7060 12309
7069 12774
7070 12773
7071 12772
7072 12771
7073 12770
7074 12769
7075 12768
7076 12741
7077 12740
7078 12739
7079 12738
7080 12737
7081 12736
7082 12735
7083 12734
7084 12733
7085 12732
7086 12731
7087 12730
7088 12729
7089 12728
7090 12727
7091 12906
7092 12905
7093 12904
7094 12903
7095 12902
7096 12901
7097 12900
7098 12899
7099 13206
7100 13205
7101 13204
7102 13203
7103 13202
7104 13201
7105 13200
7106 13199
7107 12788
7108 12787
7109 12786
7110 12785
7111 12784
7112 12783
7113 12782
7114 12781
7115 12780
7116 12779
7117 12778
7118 12777
7119 12776
7120 12775
7129 13802
7130 13801
7131 13800
7132 13799
7133 13798
7134 13797
7135 13796
7136 13795
7137 14190
7138 14189
7139 14188
7140 14187
7141 14186
7142 14185
7143 14184
7144 14183
7145 13857
7146 13856
7147 13855
7148 13854
7149 13853
7150 13852
7151 13851
7152 13850
7153 13644
7154 13643
7155 13642
7156 13641
7157 13640
7158 13639
7159 13638
7160 13637
7161 13636
7162 13635
7163 13634
7164 13633
7165 13632
7166 13631
7167 13630
7168 14077
7169 14076
7170 14075
7171 14074
7172 14073
7173 14072
7174 14071
7175 14070
7176 14069
7177 14068
7178 14067
7179 14066
7180 14065
7181 14064
7182 14063
7183 14062
7186 14035
7187 14034
7188 14033
7189 14032
7190 14031
7191 14030
7192 14029
7193 14028
7194 14027
7195 14026
7196 14025
7197 14024
7198 14023
7199 14022
7200 14021
7201 14020
7202 14019
7203 14018
7204 14017
7205 14016
7206 14015
7207 14014
7208 14013
7209 14012
7210 13652
7211 13651
7212 13650
7213 13649
7214 13648
7215 13647
7216 13646
7217 13645
7218 13849
7219 13848
7220 13847
7221 13846
7222 13845
7223 13844
7224 13843
7225 13842
7226 13841
7227 13840
7228 13839
7229 13838
7230 13837
7231 13836
7232 13835
7233 13834
7234 13833
7235 13832
7236 13831
7237 13830
7238 13829
7239 13828
7240 13827
7241 13826
7250 12801
7251 12800
7252 12799
7253 12798
7254 12797
7255 12796
7256 12795
7257 12794
7258 12793
7259 12792
7260 12791
7261 12790
7262 12789
7263 13198
7264 13197
7265 13196
7266 13195
7267 13194
7268 13193
7269 13192
7270 13191
7271 13190
7272 13189
7273 13188
7274 13187
7275 13186
7276 13185
7277 13184
7278 13183
7279 13182
7280 13181
7281 13180
7282 13179
7283 13178
7284 13177
7285 13176
7286 13175
7287 12749
7288 12748
7289 12747
7290 12746
7291 12745
7292 12744
7293 12743
7294 12742
7295 12767
7296 12766
7297 12765
7298 12764
7299 12763
7300 12762
7301 12761
7310 12241
7311 12240
7312 12239
7313 12238
7314 12237
7315 12236
7316 12235
7317 12234
7318 12233
7319 12232
7320 12231
7321 12230
7322 12229
7323 12228
7324 12227
7325 12226
7326 12225
7327 12224
7328 12223
7329 12222
7330 12221
7331 12220
7332 12219
7333 11968
7334 11967
7335 11966
7336 11965
7337 11964
7338 11963
7339 11962
7340 11961
7341 12379
7342 12378
7343 12377
7344 12376
7345 12375
7346 12374
7347 12373
7348 12372
7349 12371
7350 12370
7351 12369
7352 12368
7353 12367
7354 12366
7355 12365
7356 12364
7357 12363
7358 12362
7359 12361
7360 12360
7361 12359
7362 12358
7371 11069
7372 11068
7373 11067
7374 11066
7375 11065
7376 11064
7377 11063
7378 11062
7379 11061
7380 11060
7381 11059
7382 11058
7383 11057
7384 11056
7385 11055
7386 11604
7387 11603
7388 11602
7389 11601
7390 11600
7391 11599
7392 11598
7393 11597
7394 11596
7395 11595
7396 11594
7397 11593
7398 11592
7399 11591
7400 11590
7401 11589
7402 11588
7403 11587
7404 11586
7405 11585
7406 11584
7407 11583
7408 11582
7409 11581
7410 11029
7411 11028
7412 11027
7413 11026
7414 11025
7415 11024
7416 11023
7417 11022
7418 11021
7419 11020
7420 11019
7421 11018
7422 11017
7431 10576
7432 10575
7433 10574
7434 10573
7435 10572
7436 10571
7437 10570
7438 10569
7439 10568
7440 10567
7441 10566
7442 10565
7443 10564
7444 10563
7445 10562
7446 10561
7447 10560
7448 10559
7449 10558
7450 10557
7451 10556
7452 10555
7453 10554
7454 10553
7455 10552
7456 10425
7457 10424
7458 10423
7459 10422
7460 10421
7461 10420
7462 10419
7463 10418
7464 10667
7465 10666
7466 10665
7467 10664
7468 10663
7469 10662
7470 10661
7471 10660
7472 10659
7473 10658
7474 10657
7475 10656
7476 10655
7477 10654
7478 10653
7479 10652
7480 10651
7481 10650
7482 10649
7483 10648
7492 9382
7493 9381
7494 9380
7495 9379
7496 9378
7497 9377
7498 9376
7499 9375
7500 9374
7501 9373
7502 10042
7503 10041
7504 10040
7505 10039
7506 10038
7507 10037
7508 10036
7509 9737
7510 9736
7511 9735
7512 9734
7513 9733
7514 9732
7515 9731
7516 9730
7517 9729
7518 9728
7519 9727
7520 9726
7521 9725
7522 9724
7523 9723
7524 9722
7525 9721
7526 9720
7527 9719
7528 9718
7529 9717
7530 9716
7531 9715
7532 9714
7533 9357
7534 9356
7535 9355
7536 9354
7537 9353
7538 9352
7539 9351
7540 9350
7541 9349
7542 9348
7543 9347
7552 8915
7553 8914
7554 8913
7555 8912
7556 8911
7557 8910
7558 8909
7559 8908
7560 8907
7561 8906
7562 8905
7563 8904
7564 8903
7565 8902
7566 8901
7567 8900
7568 8899
7569 8898
7570 8897
7571 8896
7572 8895
7573 8894
7574 8893
7575 8892
7576 8891
7577 8890
7578 8889
7579 8749
7580 8748
7581 8747
7582 8746
7583 8745
7584 8744
7585 8743
7586 8742
7587 8976
7588 8975
7589 8974
7590 8973
7591 8972
7592 8971
7593 8970
7594 8969
7595 8968
7596 8967
7597 8966
7598 8965
7599 8964
7600 8963
7601 8962
7602 8961
7603 8960
7604 8959
7613 7804
7614 7803
7615 7802
7616 7801
7617 7800
7618 7799
7619 7798
7620 7797
7621 7796
7622 7795
7623 7794
7624 7793
7625 7696
7626 7695
7627 7694
7628 7693
7629 7692
7630 7691
7631 7690
7632 7689
7633 8120
7634 8119
7635 8118
7636 8117
7637 8116
7638 8115
7639 8114
7640 8113
7641 8112
7642 8111
7643 8110
7644 8109
7645 8108
7646 8107
7647 8106
7648 8105
7649 8104
7650 8103
7651 8102
7652 8101
7653 8100
7654 8099
7655 8098
7656 8097
7657 7774
7658 7773
7659 7772
7660 7771
7661 7770
7662 7769
7663 7768
7664 7767
7665 7766
7666 7765
7667 7764
7668 7763
0 8405
228 10450
348 12119
355 13326
519 13900
586 12524
707 10920
1001 9144
1242 12494
1302 13050
1604 11249
1657 11197
1839 9145
1961 9007
2008 9213
2015 9548
2124 11218
2613 9638
2660 9456
2824 8316
2994 11494
3405 11526
3627 7966
3865 11454
3913 12008
4086 12678
4605 11178
4660 13097
4708 13899
4826 13134
4833 12283
4875 12339
4930 10626
5076 8195
5138 7736
5469 13786
5833 7856
5884 7784
5938 9027
5945 9365
6000 10449
6427 12284
6488 10604
6590 9690
6645 8942
6652 7855
6703 8072
6941 10701
7001 11039
7008 12308
7061 12309
7068 12774
7121 12775
7184 14062
7249 12801
7370 11069
