0 8189
1 8188
2 8187
3 8186
4 8185
5 8184
6 8183
7 8182
8 8181
9 8180
10 8179
11 8178
12 8177
13 8176
14 8175
15 8174
16 8173
17 8172
18 8171
19 8170
20 8169
21 8168
22 8167
23 8166
24 8165
25 8164
26 8163
27 8162
28 8161
29 8160
30 8159
31 8158
32 8157
33 8156
34 8155
35 8154
36 8153
37 8152
38 8151
39 8150
40 8149
41 8148
42 8147
43 8146
44 8145
45 8144
46 8143
47 8142
48 8141
49 8140
50 8139
51 8138
52 8137
53 8136
54 8135
55 8134
56 8133
57 8132
58 8131
59 8130
60 8129
61 8128
62 8127
63 8126
64 8125
65 8124
66 8123
67 8122
68 7573
69 7572
70 7571
71 7570
72 7569
73 7568
74 7567
75 7566
76 7565
77 7564
78 7563
79 7562
80 7561
81 7560
82 7559
83 7558
84 7557
85 7556
86 7555
87 7554
88 7553
89 7552
90 7551
91 7550
92 7549
93 7548
94 7547
95 7546
96 7545
97 7544
98 7543
99 7542
100 7541
101 7540
102 7539
103 7538
104 7537
105 7536
106 7535
107 7534
108 7533
109 7532
110 7531
111 7530
112 7529
113 7528
114 7527
115 7526
116 7525
117 7524
118 7523
119 7522
120 7521
121 7520
122 7519
123 7518
124 7517
125 7516
126 7515
127 7514
128 7513
129 8816
130 8815
131 8814
132 8813
133 8812
134 8811
135 8810
136 8809
137 9898
138 9897
139 9896
140 9895
141 9894
142 9893
143 9892
144 9891
145 9890
146 9889
147 9888
148 9887
149 9886
150 9885
151 9884
152 9883
153 9882
154 9881
155 9880
156 9879
157 9878
158 9877
159 9876
160 9875
161 9874
162 9873
163 9872
164 9871
165 10086
166 10085
167 10084
168 10083
169 10082
170 10081
171 10080
172 10079
173 9061
174 9060
175 9059
176 9058
177 9057
178 9056
179 9055
180 9054
181 9053
182 9052
183 9051
184 9050
185 9049
186 9048
187 9047
188 9046
189 9045
190 9044
191 9043
192 9042
193 9041
194 9231
195 9230
196 9229
197 9228
198 9227
199 9226
200 9225
201 9224
202 9223
203 9222
204 9221
205 9220
206 9219
207 9218
208 9217
209 9216
210 9215
211 12018
212 12017
213 12016
214 12015
215 12014
216 12013
217 12012
218 12011
219 12010
220 12009
221 12008
222 12007
223 12006
224 12005
225 12004
226 12003
227 12002
228 12001
229 12000
230 11999
231 11998
232 11997
233 11996
234 11995
235 11994
236 11993
237 11992
238 11991
239 11990
240 11989
241 11988
242 11987
243 11986
244 11985
245 11984
246 11983
247 11982
248 11981
249 11980
250 11979
251 11978
252 11977
253 11976
254 11975
255 11974
256 11973
257 11972
258 11971
259 11970
260 11969
261 11968
262 11967
263 11966
264 11965
265 11964
266 11963
267 11962
268 11961
269 11960
270 11959
271 11958
272 11067
273 11066
274 11065
275 11064
276 11063
277 11062
278 11061
279 11060
280 11743
281 11742
282 11741
283 11740
284 11739
285 11738
286 11737
287 11736
288 11735
289 11734
290 11733
291 11732
292 11731
293 11730
294 11729
295 11728
296 11727
297 11726
298 11725
299 11724
300 11723
301 11722
302 11721
303 11720
304 11719
305 11718
306 11717
307 11716
308 12361
309 12360
310 12359
311 12358
312 12357
313 12356
314 12355
315 12354
316 10596
317 10595
318 10594
319 10593
320 10592
321 10591
322 10590
323 10589
324 10588
325 10587
326 10586
327 10585
328 10584
329 10583
330 10582
331 10581
332 10580
333 10579
334 10578
335 10577
336 10576
337 10768
338 10767
339 10766
340 10765
341 10764
342 10763
343 10762
344 10761
345 10760
346 10759
347 10758
348 10757
349 10756
350 10755
351 10754
352 10753
353 10752
354 12607
355 12606
356 12605
357 12604
358 12603
359 12602
360 12601
361 12600
362 12599
363 12598
364 12597
365 12596
366 12595
367 12594
368 12593
369 12592
370 12591
371 12590
372 12589
373 12588
374 12587
375 12586
376 12585
377 12584
378 12583
379 12582
380 12581
381 12580
382 12579
383 12578
384 12577
385 12576
386 12575
387 12574
388 12573
389 12572
390 12571
391 12570
392 12569
393 12568
394 12567
395 12566
396 12565
397 12564
398 12563
399 12562
400 12561
401 12560
402 12559
403 12558
404 12557
405 12556
406 12555
407 12554
408 12553
409 12552
410 12551
411 12550
412 12549
413 12548
414 12547
415 13583
416 13582
417 13581
418 13580
419 13579
420 13578
421 13577
422 13576
423 13611
424 13610
425 13609
426 13608
427 13607
428 13606
429 13605
430 13604
431 13603
432 13602
433 13601
436 13447
437 13446
438 13445
439 13444
440 13443
441 13442
442 13441
443 13440
444 13439
445 13438
446 13437
447 13575
448 13574
449 13573
450 13572
451 13571
452 13570
453 13569
454 13568
455 13567
456 13566
457 13565
458 13564
459 13563
460 13562
461 13561
462 13560
463 13111
464 13110
465 13109
466 13108
467 13107
468 13106
469 13105
470 13104
471 13176
472 13175
473 13174
474 13173
475 13172
476 13171
477 13170
478 13169
479 13168
480 13167
481 13166
482 13165
483 13164
484 13163
485 13162
486 13161
487 13160
488 13159
489 13158
490 13157
491 13156
492 13155
493 13154
494 13153
495 13152
496 13151
497 13150
498 13149
499 13274
500 13273
501 13272
502 13271
503 13270
504 13269
505 13268
506 13267
507 12614
508 12613
509 12612
510 12611
511 12610
512 12609
513 12608
514 10751
515 10750
516 10749
517 10748
518 10747
519 10746
520 10745
521 10744
522 10743
523 10742
524 10741
525 10740
526 10739
527 10738
528 10737
529 10736
530 10735
531 10734
532 10733
533 10732
534 10731
535 10730
536 10729
537 10728
538 10727
539 10726
540 10725
541 10724
542 10723
543 10722
544 10603
545 10602
546 10601
547 10600
548 10599
549 10598
550 10597
551 12353
552 12352
553 12351
554 12350
555 12349
556 12348
557 12347
558 12346
559 12345
560 12344
561 12343
562 12342
563 12341
564 12340
565 12339
566 12338
567 11763
568 11762
569 11761
570 11760
571 11759
572 11758
573 11757
574 11756
575 11755
576 11754
577 11753
578 11752
579 11751
580 11750
581 11749
582 11748
583 11747
584 11746
585 11745
586 11744
587 11059
588 11058
589 11057
590 11056
591 11055
592 11054
593 11053
594 11052
595 11051
596 11050
597 11049
598 11048
599 11047
600 11046
601 11045
602 11044
603 11351
604 11350
605 11349
606 11348
607 11347
608 11346
609 11345
610 11344
611 11416
612 11415
613 11414
614 11413
615 11412
616 11411
617 11410
618 11409
619 11408
620 11407
621 11406
622 11405
623 11404
624 11403
625 11402
626 11401
627 11400
628 11399
629 11398
630 11397
631 11396
632 11395
633 11394
634 11393
635 11392
636 11391
637 11390
638 11389
639 11514
640 11513
641 11512
642 11511
643 11510
644 11509
645 11508
646 11507
647 12025
648 12024
649 12023
650 12022
651 12021
652 12020
653 12019
654 9214
655 9213
656 9212
657 9211
658 9210
659 9209
660 9208
661 9207
662 9206
663 9205
664 9204
665 9203
666 9202
667 9201
668 9200
669 9199
670 9198
671 9197
672 9196
673 9195
674 9194
675 9193
676 9192
677 9191
678 9190
679 9189
680 9188
681 9187
682 9186
683 9185
684 9068
685 9067
686 9066
687 9065
688 9064
689 9063
690 9062
691 10078
692 10077
693 10076
694 10075
695 10074
696 10073
697 10072
698 10071
699 10070
700 10069
701 10068
702 10067
703 10066
704 10065
705 10064
706 10063
707 9918
708 9917
709 9916
710 9915
711 9914
712 9913
713 9912
714 9911
715 9910
716 9909
717 9908
718 9907
719 9906
720 9905
721 9904
722 9903
723 9902
724 9901
725 9900
726 9899
727 8808
728 8807
729 8806
730 8805
731 8804
732 8803
733 8802
734 8801
735 8800
736 8799
737 8798
738 8797
739 8796
740 8795
741 8794
742 8793
743 8792
744 8791
745 8790
746 8789
747 8788
748 8787
749 8786
750 8785
751 9571
752 9570
753 9569
754 9568
755 9567
756 9566
757 9565
758 9564
759 9563
760 9562
761 9561
762 9560
763 9559
764 9558
765 9557
766 9556
767 9555
768 9554
769 9553
770 9552
771 9551
772 9550
773 9549
774 9548
775 9547
776 9546
777 9545
778 9544
779 9669
780 9668
781 9667
782 9666
783 9665
784 9664
785 9663
786 9662
787 7580
788 7579
789 7578
790 7577
791 7576
792 7575
793 7574
794 8121
795 8120
796 8119
797 8118
798 8117
799 8116
800 8115
801 8114
802 8113
803 8112
804 8111
805 8110
806 8109
807 8108
808 8107
809 8106
810 8105
811 8104
812 8103
813 8102
814 8101
815 8100
816 8099
817 8098
818 8097
819 8096
820 8095
821 8094
822 8093
823 8092
824 8435
825 8434
826 8433
827 8432
828 8431
829 8430
830 8429
831 8428
832 8427
833 8426
834 8425
835 8424
836 8423
837 8422
838 8421
839 8420
840 8419
841 8418
842 8417
843 8416
844 8415
845 8414
846 8413
847 7965
848 7964
849 7963
850 7962
851 7961
852 7960
853 7959
854 7958
855 7957
856 7956
857 7955
858 7954
859 7953
860 7952
863 7979
864 7978
865 7977
866 7976
867 7975
868 7974
869 7973
870 7972
871 7971
872 7970
873 7969
874 7968
875 7967
876 7966
877 8412
878 8411
879 8410
880 8409
881 8408
882 8407
883 8406
884 8405
885 8041
886 8040
887 8039
888 8038
889 8037
890 8036
891 8035
892 8034
893 8210
894 8209
895 8208
896 8207
897 8206
898 8205
899 8204
900 8203
901 8202
902 8201
903 8200
904 8199
905 8198
906 8197
907 8196
908 8195
909 8194
910 8193
911 8192
912 8191
913 8190
914 8380
915 8379
916 8378
917 8377
918 8376
919 8375
920 8374
921 8373
922 8372
923 8371
924 8370
925 8369
926 8368
927 8367
928 8366
929 8365
930 8364
931 9685
932 9684
933 9683
934 9682
935 9681
936 9680
937 9679
938 9678
939 9677
940 9676
941 9675
942 9674
943 9673
944 9672
945 9671
946 9670
947 9543
948 9542
949 9541
950 9540
951 9539
952 9538
953 9537
954 9536
955 9535
956 9534
957 9533
958 9532
959 9531
960 9530
961 9529
962 9528
963 9527
964 9526
965 9525
966 9524
967 9523
968 9522
969 9521
970 9520
971 9519
972 9518
973 9517
974 9516
975 9515
976 9514
977 9513
978 9512
979 9511
980 9510
981 9509
982 9508
983 9507
984 9506
985 9505
986 9504
987 9503
988 9502
989 9501
990 9500
991 9499
992 9812
993 9811
994 9810
995 9809
996 9808
997 9807
998 9806
999 9805
1000 9938
1001 9937
1002 9936
1003 9935
1004 9934
1005 9933
1006 9932
1007 9931
1008 9930
1009 9929
1010 9928
1011 9927
1012 9926
1013 9925
1014 9924
1015 9923
1016 9922
1017 9921
1018 9920
1019 9919
1020 10062
1021 10061
1022 10060
1023 10059
1024 10058
1025 10057
1026 10056
1027 10055
1028 8694
1029 8693
1030 8692
1031 8691
1032 8690
1033 8689
1034 8688
1035 8687
1036 8870
1037 8869
1038 8868
1039 8867
1040 8866
1041 8865
1042 8864
1043 8863
1044 8862
1045 8861
1046 8860
1047 8859
1048 8858
1049 8857
1050 8856
1051 8855
1052 8854
1053 8853
1054 8852
1055 8851
1056 8850
1057 9040
1058 9039
1059 9038
1060 9037
1061 9036
1062 9035
1063 9034
1064 9033
1065 9032
1066 9031
1067 9030
1068 9029
1069 9028
1070 9027
1071 9026
1072 9025
1073 9024
1074 11530
1075 11529
1076 11528
1077 11527
1078 11526
1079 11525
1080 11524
1081 11523
1082 11522
1083 11521
1084 11520
1085 11519
1086 11518
1087 11517
1088 11516
1089 11515
1090 11388
1091 11387
1092 11386
1093 11385
1094 11384
1095 11383
1096 11382
1097 11381
1098 11380
1099 11379
1100 11378
1101 11377
1102 11376
1103 11375
1104 11374
1105 11373
1106 11372
1107 11371
1108 11370
1109 11369
1110 11368
1111 11367
1112 11366
1113 11365
1114 11364
1115 11363
1116 11362
1117 11361
1118 11360
1119 11359
1120 11358
1121 11357
1122 11356
1123 11355
1124 11354
1125 11353
1126 11352
1127 11043
1128 11042
1129 11041
1130 11040
1131 11039
1132 11038
1133 11037
1134 11036
1135 11657
1136 11656
1137 11655
1138 11654
1139 11653
1140 11652
1141 11651
1142 11650
1143 11783
1144 11782
1145 11781
1146 11780
1147 11779
1148 11778
1149 11777
1150 11776
1151 11775
1152 11774
1153 11773
1154 11772
1155 11771
1156 11770
1157 11769
1158 11768
1159 11767
1160 11766
1161 11765
1162 11764
1163 12337
1164 12336
1165 12335
1166 12334
1167 12333
1168 12332
1169 12331
1170 12330
1171 11253
1172 11252
1173 11251
1174 11250
1175 11249
1176 11248
1177 11247
1178 11246
1179 10403
1180 10402
1181 10401
1182 10400
1183 10399
1184 10398
1185 10397
1186 10396
1187 10395
1188 10394
1189 10393
1190 10392
1191 10391
1192 10390
1193 10389
1194 10388
1195 10387
1196 10386
1197 10385
1198 10384
1199 10383
1200 10575
1201 10574
1202 10573
1203 10572
1204 10571
1205 10570
1206 10569
1207 10568
1208 10567
1209 10566
1210 10565
1211 10564
1212 10563
1213 10562
1214 10561
1215 10560
1216 10559
1217 13290
1218 13289
1219 13288
1220 13287
1221 13286
1222 13285
1223 13284
1224 13283
1225 13282
1226 13281
1227 13280
1228 13279
1229 13278
1230 13277
1231 13276
1232 13275
1233 13148
1234 13147
1235 13146
1236 13145
1237 13144
1238 13143
1239 13142
1240 13141
1241 13140
1242 13139
1243 13138
1244 13137
1245 13136
1246 13135
1247 13134
1248 13133
1249 13132
1250 13131
1251 13130
1252 13129
1253 13128
1254 13127
1255 13126
1256 13125
1257 13124
1258 13123
1259 13122
1260 13121
1261 13120
1262 13119
1263 13118
1264 13117
1265 13116
1266 13115
1267 13114
1268 13113
1269 13112
1270 13559
1271 13558
1272 13557
1273 13556
1274 13555
1275 13554
1276 13553
1277 13552
1278 13417
1279 13416
1280 13415
1281 13414
1282 13413
1283 13412
1284 13411
1285 13410
1286 13476
1287 13475
1288 13474
1289 13473
1290 13472
1291 13471
1292 13470
1293 13469
1294 13468
1295 13467
1296 13466
1299 13487
1300 13486
1301 13485
1302 13484
1303 13483
1304 13482
1305 13481
1306 13480
1307 13479
1308 13478
1309 13477
1310 13409
1311 13408
1312 13407
1313 13406
1314 13405
1315 13404
1316 13403
1317 13402
1318 13401
1319 13400
1320 13399
1321 13398
1322 13397
1323 13396
1324 13395
1325 13394
1326 12903
1327 12902
1328 12901
1329 12900
1330 12899
1331 12898
1332 12897
1333 12896
1334 12968
1335 12967
1336 12966
1337 12965
1338 12964
1339 12963
1340 12962
1341 12961
1342 12960
1343 12959
1344 12958
1345 12957
1346 12956
1347 12955
1348 12954
1349 12953
1350 12952
1351 12951
1352 12950
1353 12949
1354 12948
1355 12947
1356 12946
1357 12945
1358 12944
1359 12943
1360 12942
1361 12941
1362 10815
1363 10814
1364 10813
1365 10812
1366 10811
1367 10810
1368 10809
1369 10808
1370 13297
1371 13296
1372 13295
1373 13294
1374 13293
1375 13292
1376 13291
1377 10558
1378 10557
1379 10556
1380 10555
1381 10554
1382 10553
1383 10552
1384 10551
1385 10550
1386 10549
1387 10548
1388 10547
1389 10546
1390 10545
1391 10544
1392 10543
1393 10542
1394 10541
1395 10540
1396 10539
1397 10538
1398 10537
1399 10536
1400 10535
1401 10534
1402 10533
1403 10532
1404 10531
1405 10530
1406 10529
1407 10410
1408 10409
1409 10408
1410 10407
1411 10406
1412 10405
1413 10404
1414 11245
1415 11244
1416 11243
1417 11242
1418 11241
1419 11240
1420 11239
1421 11238
1422 11237
1423 11236
1424 11235
1425 11234
1426 11233
1427 11232
1428 11231
1429 11230
1430 11803
1431 11802
1432 11801
1433 11800
1434 11799
1435 11798
1436 11797
1437 11796
1438 11795
1439 11794
1440 11793
1441 11792
1442 11791
1443 11790
1444 11789
1445 11788
1446 11787
1447 11786
1448 11785
1449 11784
1450 11649
1451 11648
1452 11647
1453 11646
1454 11645
1455 11644
1456 11643
1457 11642
1458 11641
1459 11640
1460 11639
1461 11638
1462 11637
1463 11636
1464 11635
1465 11634
1466 10217
1467 10216
1468 10215
1469 10214
1470 10213
1471 10212
1472 10211
1473 10210
1474 10282
1475 10281
1476 10280
1477 10279
1478 10278
1479 10277
1480 10276
1481 10275
1482 10274
1483 10273
1484 10272
1485 10271
1486 10270
1487 10269
1488 10268
1489 10267
1490 10266
1491 10265
1492 10264
1493 10263
1494 10262
1495 10261
1496 10260
1497 10259
1498 10258
1499 10257
1500 10256
1501 10255
1502 9278
1503 9277
1504 9276
1505 9275
1506 9274
1507 9273
1508 9272
1509 9271
1510 11537
1511 11536
1512 11535
1513 11534
1514 11533
1515 11532
1516 11531
1517 9023
1518 9022
1519 9021
1520 9020
1521 9019
1522 9018
1523 9017
1524 9016
1525 9015
1526 9014
1527 9013
1528 9012
1529 9011
1530 9010
1531 9009
1532 9008
1533 9007
1534 9006
1535 9005
1536 9004
1537 9003
1538 9002
1539 9001
1540 9000
1541 8999
1542 8998
1543 8997
1544 8996
1545 8995
1546 8994
1547 8877
1548 8876
1549 8875
1550 8874
1551 8873
1552 8872
1553 8871
1554 8686
1555 8685
1556 8684
1557 8683
1558 8682
1559 8681
1560 8680
1561 8679
1562 8678
1563 8677
1564 8676
1565 8675
1566 8674
1567 8673
1568 8672
1569 8671
1570 9958
1571 9957
1572 9956
1573 9955
1574 9954
1575 9953
1576 9952
1577 9951
1578 9950
1579 9949
1580 9948
1581 9947
1582 9946
1583 9945
1584 9944
1585 9943
1586 9942
1587 9941
1588 9940
1589 9939
1590 9804
1591 9803
1592 9802
1593 9801
1594 9800
1595 9799
1596 9798
1597 9797
1598 9796
1599 9795
1600 9794
1601 9793
1602 9792
1603 9791
1604 9790
1605 9789
1606 7152
1607 7151
1608 7150
1609 7149
1610 7148
1611 7147
1612 7146
1613 7145
1614 7028
1615 7027
1616 7026
1617 7025
1618 7024
1619 7023
1620 7022
1621 7021
1622 7020
1623 7019
1624 7018
1625 7017
1626 7016
1627 7015
1628 7014
1629 7013
1630 7012
1631 7011
1632 7010
1633 7009
1634 7008
1635 7007
1636 7006
1637 7005
1638 7004
1639 7003
1640 7002
1641 7001
1642 7000
1643 6999
1644 6998
1645 6997
1646 6996
1647 6995
1648 6994
1649 6993
1650 9692
1651 9691
1652 9690
1653 9689
1654 9688
1655 9687
1656 9686
1657 8363
1658 8362
1659 8361
1660 8360
1661 8359
1662 8358
1663 8357
1664 8356
1665 8355
1666 8354
1667 8353
1668 8352
1669 8351
1670 8350
1671 8349
1672 8348
1673 8347
1674 8346
1675 8345
1676 8344
1677 8343
1678 8342
1679 8341
1680 8340
1681 8339
1682 8338
1683 8337
1684 8336
1685 8335
1686 8334
1687 8217
1688 8216
1689 8215
1690 8214
1691 8213
1692 8212
1693 8211
1694 8033
1695 8032
1696 8031
1697 8030
1698 8029
1699 8028
1700 8027
1701 8026
1702 8025
1703 8024
1704 8023
1705 8022
1706 8021
1707 8020
1708 8019
1709 8018
1710 8017
1711 8016
1712 8015
1713 8014
1714 8013
1715 8012
1716 8011
1717 8010
1718 8009
1719 8008
1720 8007
1721 8006
1722 8005
1723 8004
1726 8003
1727 8002
1728 8001
1729 8000
1730 7999
1731 7998
1732 7997
1733 7996
1734 7995
1735 7994
1736 7993
1737 7992
1738 8396
1739 8395
1740 8394
1741 8393
1742 8392
1743 8391
1744 8390
1745 8389
1746 7903
1747 7902
1748 7901
1749 7900
1750 7899
1751 7898
1752 7897
1753 7896
1754 8225
1755 8224
1756 8223
1757 8222
1758 8221
1759 8220
1760 8219
1761 8218
1762 8333
1763 8332
1764 8331
1765 8330
1766 8329
1767 8328
1768 8327
1769 8326
1770 8325
1771 8324
1772 8323
1773 8322
1774 8321
1775 8320
1776 8319
1777 8318
1778 8317
1779 8316
1780 8315
1781 8314
1782 8313
1783 8312
1784 8311
1785 8310
1786 9700
1787 9699
1788 9698
1789 9697
1790 9696
1791 9695
1792 9694
1793 9693
1794 6992
1795 6991
1796 6990
1797 6989
1798 6988
1799 6987
1800 6986
1801 6985
1802 7052
1803 7051
1804 7050
1805 7049
1806 7048
1807 7047
1808 7046
1809 7045
1810 7044
1811 7043
1812 7042
1813 7041
1814 7040
1815 7039
1816 7038
1817 7037
1818 7036
1819 7035
1820 7034
1821 7033
1822 7032
1823 7031
1824 7030
1825 7029
1826 7144
1827 7143
1828 7142
1829 7141
1830 7140
1831 7139
1832 7138
1833 7137
1834 9490
1835 9489
1836 9488
1837 9487
1838 9486
1839 9485
1840 9484
1841 9483
1842 7412
1843 7411
1844 7410
1845 7409
1846 7408
1847 7407
1848 7406
1849 7405
1850 8580
1851 8579
1852 8578
1853 8577
1854 8576
1855 8575
1856 8574
1857 8573
1858 8572
1859 8571
1860 8570
1861 8569
1862 8568
1863 8567
1864 8566
1865 8565
1866 10046
1867 10045
1868 10044
1869 10043
1870 10042
1871 10041
1872 10040
1873 10039
1874 10038
1875 10037
1876 10036
1877 10035
1878 10034
1879 10033
1880 10032
1881 10031
1882 8885
1883 8884
1884 8883
1885 8882
1886 8881
1887 8880
1888 8879
1889 8878
1890 8993
1891 8992
1892 8991
1893 8990
1894 8989
1895 8988
1896 8987
1897 8986
1898 8985
1899 8984
1900 8983
1901 8982
1902 8981
1903 8980
1904 8979
1905 8978
1906 8977
1907 8976
1908 8975
1909 8974
1910 8973
1911 8972
1912 8971
1913 8970
1914 11545
1915 11544
1916 11543
1917 11542
1918 11541
1919 11540
1920 11539
1921 11538
1922 9270
1923 9269
1924 9268
1925 9267
1926 9266
1927 9265
1928 9264
1929 9263
1930 10306
1931 10305
1932 10304
1933 10303
1934 10302
1935 10301
1936 10300
1937 10299
1938 10298
1939 10297
1940 10296
1941 10295
1942 10294
1943 10293
1944 10292
1945 10291
1946 10290
1947 10289
1948 10288
1949 10287
1950 10286
1951 10285
1952 10284
1953 10283
1954 10209
1955 10208
1956 10207
1957 10206
1958 10205
1959 10204
1960 10203
1961 10202
1962 11027
1963 11026
1964 11025
1965 11024
1966 11023
1967 11022
1968 11021
1969 11020
1970 12287
1971 12286
1972 12285
1973 12284
1974 12283
1975 12282
1976 12281
1977 12280
1978 11139
1979 11138
1980 11137
1981 11136
1982 11135
1983 11134
1984 11133
1985 11132
1986 11131
1987 11130
1988 11129
1989 11128
1990 11127
1991 11126
1992 11125
1993 11124
1994 12321
1995 12320
1996 12319
1997 12318
1998 12317
1999 12316
2000 12315
2001 12314
2002 11883
2003 11882
2004 11881
2005 11880
2006 11879
2007 11878
2008 11877
2009 11876
2010 10418
2011 10417
2012 10416
2013 10415
2014 10414
2015 10413
2016 10412
2017 10411
2018 10528
2019 10527
2020 10526
2021 10525
2022 10524
2023 10523
2024 10522
2025 10521
2026 10520
2027 10519
2028 10518
2029 10517
2030 10516
2031 10515
2032 10514
2033 10513
2034 10512
2035 10511
2036 10510
2037 10509
2038 10508
2039 10507
2040 10506
2041 10505
2042 13305
2043 13304
2044 13303
2045 13302
2046 13301
2047 13300
2048 13299
2049 13298
2050 10807
2051 10806
2052 10805
2053 10804
2054 10803
2055 10802
2056 10801
2057 10800
2058 12992
2059 12991
2060 12990
2061 12989
2062 12988
2063 12987
2064 12986
2065 12985
2066 12984
2067 12983
2068 12982
2069 12981
2070 12980
2071 12979
2072 12978
2073 12977
2074 12976
2075 12975
2076 12974
2077 12973
2078 12972
2079 12971
2080 12970
2081 12969
2082 12895
2083 12894
2084 12893
2085 12892
2086 12891
2087 12890
2088 12889
2089 12888
2090 13543
2091 13542
2092 13541
2093 13540
2094 13539
2095 13538
2096 13537
2097 13536
2098 12876
2099 12875
2100 12874
2101 12873
2102 12872
2103 12871
2104 12870
2105 12869
2106 13496
2107 13495
2108 13494
2109 13493
2110 13492
2111 13491
2112 13490
2113 13489
2114 13488
2117 13465
2118 13464
2119 13463
2120 13462
2121 13461
2122 13460
2123 13459
2124 13458
2125 13457
2126 13425
2127 13424
2128 13423
2129 13422
2130 13421
2131 13420
2132 13419
2133 13418
2134 13551
2135 13550
2136 13549
2137 13548
2138 13547
2139 13546
2140 13545
2141 13544
2142 12887
2143 12886
2144 12885
2145 12884
2146 12883
2147 12882
2148 12881
2149 12880
2150 13015
2151 13014
2152 13013
2153 13012
2154 13011
2155 13010
2156 13009
2157 13008
2158 13007
2159 13006
2160 13005
2161 13004
2162 13003
2163 13002
2164 13001
2165 13000
2166 12999
2167 12998
2168 12997
2169 12996
2170 12995
2171 12994
2172 12993
2173 10799
2174 10798
2175 10797
2176 10796
2177 10795
2178 10794
2179 10793
2180 10792
2181 12629
2182 12628
2183 12627
2184 12626
2185 12625
2186 12624
2187 12623
2188 10697
2189 10696
2190 10695
2191 10694
2192 10693
2193 10692
2194 10691
2195 10690
2196 10689
2197 10688
2198 10687
2199 10686
2200 10685
2201 10684
2202 10683
2203 10682
2204 10681
2205 10680
2206 10679
2207 10678
2208 10677
2209 10676
2210 10675
2211 10674
2212 10618
2213 10617
2214 10616
2215 10615
2216 10614
2217 10613
2218 10612
2219 11261
2220 11260
2221 11259
2222 11258
2223 11257
2224 11256
2225 11255
2226 11254
2227 12329
2228 12328
2229 12327
2230 12326
2231 12325
2232 12324
2233 12323
2234 12322
2235 11123
2236 11122
2237 11121
2238 11120
2239 11119
2240 11118
2241 11117
2242 11116
2243 11115
2244 11114
2245 11113
2246 11112
2247 11111
2248 11110
2249 11109
2250 11108
2251 11665
2252 11664
2253 11663
2254 11662
2255 11661
2256 11660
2257 11659
2258 11658
2259 11035
2260 11034
2261 11033
2262 11032
2263 11031
2264 11030
2265 11029
2266 11028
2267 10201
2268 10200
2269 10199
2270 10198
2271 10197
2272 10196
2273 10195
2274 10194
2275 10329
2276 10328
2277 10327
2278 10326
2279 10325
2280 10324
2281 10323
2282 10322
2283 10321
2284 10320
2285 10319
2286 10318
2287 10317
2288 10316
2289 10315
2290 10314
2291 10313
2292 10312
2293 10311
2294 10310
2295 10309
2296 10308
2297 10307
2298 9262
2299 9261
2300 9260
2301 9259
2302 9258
2303 9257
2304 9256
2305 9255
2306 12040
2307 12039
2308 12038
2309 12037
2310 12036
2311 12035
2312 12034
2313 9160
2314 9159
2315 9158
2316 9157
2317 9156
2318 9155
2319 9154
2320 9153
2321 9152
2322 9151
2323 9150
2324 9149
2325 9148
2326 9147
2327 9146
2328 9145
2329 9144
2330 9143
2331 9142
2332 9141
2333 9140
2334 9139
2335 9138
2336 9137
2337 9083
2338 9082
2339 9081
2340 9080
2341 9079
2342 9078
2343 9077
2344 8702
2345 8701
2346 8700
2347 8699
2348 8698
2349 8697
2350 8696
2351 8695
2352 10054
2353 10053
2354 10052
2355 10051
2356 10050
2357 10049
2358 10048
2359 10047
2360 8564
2361 8563
2362 8562
2363 8561
2364 8560
2365 8559
2366 8558
2367 8557
2368 8556
2369 8555
2370 8554
2371 8553
2372 8552
2373 8551
2374 8550
2375 8549
2376 9820
2377 9819
2378 9818
2379 9817
2380 9816
2381 9815
2382 9814
2383 9813
2384 9498
2385 9497
2386 9496
2387 9495
2388 9494
2389 9493
2390 9492
2391 9491
2392 7136
2393 7135
2394 7134
2395 7133
2396 7132
2397 7131
2398 7130
2399 7129
2400 7075
2401 7074
2402 7073
2403 7072
2404 7071
2405 7070
2406 7069
2407 7068
2408 7067
2409 7066
2410 7065
2411 7064
2412 7063
2413 7062
2414 7061
2415 7060
2416 7059
2417 7058
2418 7057
2419 7056
2420 7055
2421 7054
2422 7053
2423 6984
2424 6983
2425 6982
2426 6981
2427 6980
2428 6979
2429 6978
2430 6977
2431 7595
2432 7594
2433 7593
2434 7592
2435 7591
2436 7590
2437 7589
2438 8527
2439 8526
2440 8525
2441 8524
2442 8523
2443 8522
2444 8521
2445 8520
2446 8519
2447 8518
2448 8517
2449 8516
2450 8515
2451 8514
2452 8513
2453 8512
2454 8511
2455 8510
2456 8509
2457 8508
2458 8507
2459 8506
2460 8505
2461 8504
2462 8450
2463 8449
2464 8448
2465 8447
2466 8446
2467 8445
2468 8444
2469 8049
2470 8048
2471 8047
2472 8046
2473 8045
2474 8044
2475 8043
2476 8042
2477 8404
2478 8403
2479 8402
2480 8401
2481 8400
2482 8399
2483 8398
2484 8397
2485 7991
2486 7990
2487 7989
2488 7988
2489 7987
2490 7986
2491 7985
2492 7984
2493 7983
2494 7982
2495 7981
2496 7980
2499 7951
2500 7950
2501 7949
2502 7948
2503 7947
2504 7946
2505 7945
2506 7944
2507 7943
2508 7942
2509 7941
2510 7940
2511 6838
2512 6837
2513 6836
2514 6835
2515 6834
2516 6833
2517 6832
2518 6831
2519 8057
2520 8056
2521 8055
2522 8054
2523 8053
2524 8052
2525 8051
2526 8050
2527 8443
2528 8442
2529 8441
2530 8440
2531 8439
2532 8438
2533 8437
2534 8436
2535 8091
2536 8090
2537 8089
2538 8088
2539 8087
2540 8086
2541 8085
2542 8084
2543 8083
2544 8082
2545 8541
2546 8540
2547 8539
2548 8538
2549 8537
2550 8536
2551 8535
2552 8534
2553 8533
2554 8532
2555 8531
2556 8530
2557 8529
2558 8528
2559 7588
2560 7587
2561 7586
2562 7585
2563 7584
2564 7583
2565 7582
2566 7581
2567 9661
2568 9660
2569 9659
2570 9658
2571 9657
2572 9656
2573 9655
2574 9654
2575 9595
2576 9594
2577 9593
2578 9592
2579 9591
2580 9590
2581 9589
2582 9588
2583 9587
2584 9586
2585 9585
2586 9584
2587 9583
2588 9582
2589 9581
2590 9580
2591 9579
2592 9578
2593 9577
2594 9576
2595 9575
2596 9574
2597 9573
2598 9572
2599 8784
2600 8783
2601 8782
2602 8781
2603 8780
2604 8779
2605 8778
2606 8777
2607 7504
2608 7503
2609 7502
2610 7501
2611 7500
2612 7499
2613 7498
2614 7497
2615 9828
2616 9827
2617 9826
2618 9825
2619 9824
2620 9823
2621 9822
2622 9821
2623 8548
2624 8547
2625 8546
2626 8545
2627 8544
2628 8543
2629 8542
2630 8849
2631 8848
2632 8847
2633 8846
2634 8845
2635 8844
2636 8843
2637 8842
2638 8841
2639 9862
2640 9861
2641 9860
2642 9859
2643 9858
2644 9857
2645 9856
2646 9855
2647 8710
2648 8709
2649 8708
2650 8707
2651 8706
2652 8705
2653 8704
2654 8703
2655 9076
2656 9075
2657 9074
2658 9073
2659 9072
2660 9071
2661 9070
2662 9069
2663 9184
2664 9183
2665 9182
2666 9181
2667 9180
2668 9179
2669 9178
2670 9177
2671 9176
2672 9175
2673 9174
2674 9173
2675 9172
2676 9171
2677 9170
2678 9169
2679 9168
2680 9167
2681 9166
2682 9165
2683 9164
2684 9163
2685 9162
2686 9161
2687 12033
2688 12032
2689 12031
2690 12030
2691 12029
2692 12028
2693 12027
2694 12026
2695 11506
2696 11505
2697 11504
2698 11503
2699 11502
2700 11501
2701 11500
2702 11499
2703 11440
2704 11439
2705 11438
2706 11437
2707 11436
2708 11435
2709 11434
2710 11433
2711 11432
2712 11431
2713 11430
2714 11429
2715 11428
2716 11427
2717 11426
2718 11425
2719 11424
2720 11423
2721 11422
2722 11421
2723 11420
2724 11419
2725 11418
2726 11417
2727 11343
2728 11342
2729 11341
2730 11340
2731 11339
2732 11338
2733 11337
2734 11336
2735 11949
2736 11948
2737 11947
2738 11946
2739 11945
2740 11944
2741 11943
2742 11942
2743 11673
2744 11672
2745 11671
2746 11670
2747 11669
2748 11668
2749 11667
2750 11666
2751 11107
2752 11106
2753 11105
2754 11104
2755 11103
2756 11102
2757 11101
2758 11100
2759 11099
2760 11098
2761 11097
2762 11096
2763 11095
2764 11094
2765 11093
2766 11092
2767 11707
2768 11706
2769 11705
2770 11704
2771 11703
2772 11702
2773 11701
2774 11700
2775 11269
2776 11268
2777 11267
2778 11266
2779 11265
2780 11264
2781 11263
2782 11262
2783 10611
2784 10610
2785 10609
2786 10608
2787 10607
2788 10606
2789 10605
2790 10604
2791 10721
2792 10720
2793 10719
2794 10718
2795 10717
2796 10716
2797 10715
2798 10714
2799 10713
2800 10712
2801 10711
2802 10710
2803 10709
2804 10708
2805 10707
2806 10706
2807 10705
2808 10704
2809 10703
2810 10702
2811 10701
2812 10700
2813 10699
2814 10698
2815 12622
2816 12621
2817 12620
2818 12619
2819 12618
2820 12617
2821 12616
2822 12615
2823 13266
2824 13265
2825 13264
2826 13263
2827 13262
2828 13261
2829 13260
2830 13259
2831 13200
2832 13199
2833 13198
2834 13197
2835 13196
2836 13195
2837 13194
2838 13193
2839 13192
2840 13191
2841 13190
2842 13189
2843 13188
2844 13187
2845 13186
2846 13185
2847 13184
2848 13183
2849 13182
2850 13181
2851 13180
2852 13179
2853 13178
2854 13177
2855 13103
2856 13102
2857 13101
2858 13100
2859 13099
2860 13098
2861 13097
2862 13096
2863 12538
2864 12537
2865 12536
2866 12535
2867 12534
2868 12533
2869 12532
2870 12531
2871 13433
2872 13432
2873 13431
2874 13430
2875 13429
2876 13428
2877 13427
2878 13426
2879 13456
2880 13455
2881 13454
2882 13453
2883 13452
2884 13451
2885 13450
2886 13449
2887 13448
2890 13600
2891 13599
2892 13598
2893 13597
2894 13596
2895 13595
2896 13594
2897 13593
2898 13592
2899 13591
2900 13590
2901 13589
2902 13588
2903 13587
2904 13586
2905 13585
2906 13584
2907 12546
2908 12545
2909 12544
2910 12543
2911 12542
2912 12541
2913 12540
2914 12539
2915 13095
2916 13094
2917 13093
2918 13092
2919 13091
2920 13090
2921 13089
2922 13088
2923 13223
2924 13222
2925 13221
2926 13220
2927 13219
2928 13218
2929 13217
2930 13216
2931 13215
2932 13214
2933 13213
2934 13212
2935 13211
2936 13210
2937 13209
2938 13208
2939 13207
2940 13206
2941 13205
2942 13204
2943 13203
2944 13202
2945 13201
2946 13258
2947 13257
2948 13256
2949 13255
2950 13254
2951 13253
2952 13252
2953 13251
2954 12462
2955 12461
2956 12460
2957 12459
2958 12458
2959 12457
2960 12456
2961 12455
2962 12454
2963 12453
2964 12452
2965 12451
2966 12450
2967 12449
2968 12448
2969 12447
2970 12446
2971 12445
2972 12444
2973 12443
2974 12442
2975 12441
2976 12440
2977 12439
2978 12438
2979 12437
2980 12436
2981 12435
2982 12434
2983 12433
2984 12432
2985 12376
2986 12375
2987 12374
2988 12373
2989 12372
2990 12371
2991 12370
2992 12369
2993 12368
2994 12367
2995 12366
2996 12365
2997 12364
2998 12363
2999 12362
3000 11715
3001 11714
3002 11713
3003 11712
3004 11711
3005 11710
3006 11709
3007 11708
3008 11091
3009 11090
3010 11089
3011 11088
3012 11087
3013 11086
3014 11085
3015 11084
3016 11083
3017 11082
3018 11081
3019 11080
3020 11079
3021 11078
3022 11077
3023 11076
3024 11075
3025 11074
3026 11073
3027 11072
3028 11071
3029 11070
3030 11069
3031 11068
3032 11957
3033 11956
3034 11955
3035 11954
3036 11953
3037 11952
3038 11951
3039 11950
3040 11335
3041 11334
3042 11333
3043 11332
3044 11331
3045 11330
3046 11329
3047 11328
3048 11463
3049 11462
3050 11461
3051 11460
3052 11459
3053 11458
3054 11457
3055 11456
3056 11455
3057 11454
3058 11453
3059 11452
3060 11451
3061 11450
3062 11449
3063 11448
3064 11447
3065 11446
3066 11445
3067 11444
3068 11443
3069 11442
3070 11441
3071 11498
3072 11497
3073 11496
3074 11495
3075 11494
3076 11493
3077 11492
3078 11491
3079 10185
3080 10184
3081 10183
3082 10182
3083 10181
3084 10180
3085 10179
3086 10178
3087 10177
3088 10176
3089 10175
3090 10174
3091 10173
3092 10172
3093 10171
3094 10170
3095 10169
3096 10168
3097 10167
3098 10166
3099 10165
3100 10164
3101 10163
3102 10162
3103 10161
3104 10160
3105 10159
3106 10158
3107 10157
3108 10156
3109 10155
3110 10101
3111 10100
3112 10099
3113 10098
3114 10097
3115 10096
3116 10095
3117 10094
3118 10093
3119 10092
3120 10091
3121 10090
3122 10089
3123 10088
3124 10087
3125 9870
3126 9869
3127 9868
3128 9867
3129 9866
3130 9865
3131 9864
3132 9863
3133 8840
3134 8839
3135 8838
3136 8837
3137 8836
3138 8835
3139 8834
3140 8833
3141 8832
3142 8831
3143 8830
3144 8829
3145 8828
3146 8827
3147 8826
3148 8825
3149 8824
3150 8823
3151 8822
3152 8821
3153 8820
3154 8819
3155 8818
3156 8817
3157 7512
3158 7511
3159 7510
3160 7509
3161 7508
3162 7507
3163 7506
3164 7505
3165 8776
3166 8775
3167 8774
3168 8773
3169 8772
3170 8771
3171 8770
3172 8769
3173 9618
3174 9617
3175 9616
3176 9615
3177 9614
3178 9613
3179 9612
3180 9611
3181 9610
3182 9609
3183 9608
3184 9607
3185 9606
3186 9605
3187 9604
3188 9603
3189 9602
3190 9601
3191 9600
3192 9599
3193 9598
3194 9597
3195 9596
3196 9653
3197 9652
3198 9651
3199 9650
3200 9649
3201 9648
3202 9647
3203 9646
3204 6945
3205 6944
3206 6943
3207 6942
3208 6941
3209 6940
3210 6939
3211 6938
3212 6937
3213 6936
3214 6935
3215 6934
3216 6933
3217 6932
3218 6931
3219 6930
3220 6929
3221 6928
3222 6927
3223 6926
3224 6925
3225 6924
3226 6923
3227 6922
3228 6921
3229 6920
3230 6919
3231 6918
3232 6917
3233 6916
3234 6915
3235 6861
3236 6860
3237 6859
3238 6858
3239 6857
3240 6856
3241 6855
3242 6854
3243 6853
3244 6852
3245 6851
3246 6850
3247 6849
3248 6848
3249 6847
3250 6846
3251 6845
3252 6844
3253 6843
3254 6842
3255 6841
3256 6840
3257 6839
3258 7939
3259 7938
3260 7937
3261 7936
3262 7935
3263 7934
3264 7933
3265 7932
3266 7931
3267 7930
3268 7929
3269 7928
3272 8081
3273 8080
3274 8079
3275 8078
3276 8077
3277 8076
3278 8075
3279 8074
3280 8073
3281 8072
3282 8071
3283 8070
3284 8069
3285 8068
3286 8067
3287 8066
3288 6869
3289 6868
3290 6867
3291 6866
3292 6865
3293 6864
3294 6863
3295 6862
3296 6914
3297 6913
3298 6912
3299 6911
3300 6910
3301 6909
3302 6908
3303 6907
3304 6906
3305 6905
3306 6904
3307 6903
3308 6902
3309 6901
3310 6900
3311 6899
3312 6898
3313 6897
3314 6896
3315 6953
3316 6952
3317 6951
3318 6950
3319 6949
3320 6948
3321 6947
3322 6946
3323 9645
3324 9644
3325 9643
3326 9642
3327 9641
3328 9640
3329 9639
3330 9638
3331 9637
3332 9636
3333 9635
3334 9634
3335 9633
3336 9632
3337 9631
3338 9630
3339 9629
3340 9628
3341 9627
3342 9626
3343 9625
3344 9624
3345 9623
3346 9622
3347 9621
3348 9620
3349 9619
3350 8768
3351 8767
3352 8766
3353 8765
3354 8764
3355 8763
3356 8762
3357 8761
3358 8760
3359 8759
3360 8758
3361 8757
3362 8756
3363 8755
3364 8754
3365 8753
3366 8752
3367 8751
3368 8750
3369 8749
3370 8748
3371 8747
3372 8746
3373 8745
3374 8744
3375 8743
3376 8742
3377 8741
3378 8740
3379 8739
3380 8738
3381 8737
3382 8736
3383 8735
3384 8734
3385 8733
3386 8732
3387 8731
3388 8730
3389 8729
3390 8728
3391 8727
3392 8726
3393 8725
3394 8724
3395 8723
3396 8722
3397 8721
3398 8720
3399 8719
3400 10109
3401 10108
3402 10107
3403 10106
3404 10105
3405 10104
3406 10103
3407 10102
3408 10154
3409 10153
3410 10152
3411 10151
3412 10150
3413 10149
3414 10148
3415 10147
3416 10146
3417 10145
3418 10144
3419 10143
3420 10142
3421 10141
3422 10140
3423 10139
3424 10138
3425 10137
3426 10136
3427 10193
3428 10192
3429 10191
3430 10190
3431 10189
3432 10188
3433 10187
3434 10186
3435 11490
3436 11489
3437 11488
3438 11487
3439 11486
3440 11485
3441 11484
3442 11483
3443 11482
3444 11481
3445 11480
3446 11479
3447 11478
3448 11477
3449 11476
3450 11475
3451 11474
3452 11473
3453 11472
3454 11471
3455 11470
3456 11469
3457 11468
3458 11467
3459 11466
3460 11465
3461 11464
3462 11327
3463 11326
3464 11325
3465 11324
3466 11323
3467 11322
3468 11321
3469 11320
3470 11319
3471 11318
3472 11317
3473 11316
3474 11315
3475 11314
3476 11313
3477 11312
3478 11311
3479 11310
3480 11309
3481 11308
3482 11307
3483 11306
3484 11305
3485 11304
3486 11303
3487 11302
3488 11301
3489 11300
3490 11299
3491 11298
3492 11297
3493 11296
3494 11295
3495 11294
3496 11293
3497 11292
3498 11291
3499 11290
3500 11289
3501 11288
3502 11287
3503 11286
3504 11285
3505 11284
3506 11283
3507 11282
3508 11281
3509 11280
3510 11279
3511 11278
3512 12384
3513 12383
3514 12382
3515 12381
3516 12380
3517 12379
3518 12378
3519 12377
3520 12431
3521 12430
3522 12429
3523 12428
3524 12427
3525 12426
3526 12425
3527 12424
3528 12423
3529 12422
3530 12421
3531 12420
3532 12419
3533 12418
3534 12417
3535 12416
3536 12415
3537 12414
3538 12413
3539 12412
3540 12470
3541 12469
3542 12468
3543 12467
3544 12466
3545 12465
3546 12464
3547 12463
3548 13250
3549 13249
3550 13248
3551 13247
3552 13246
3553 13245
3554 13244
3555 13243
3556 13242
3557 13241
3558 13240
3559 13239
3560 13238
3561 13237
3562 13236
3563 13235
3564 13234
3565 13233
3566 13232
3567 13231
3568 13230
3569 13229
3570 13228
3571 13227
3572 13226
3573 13225
3574 13224
3575 13087
3576 13086
3577 13085
3578 13084
3579 13083
3580 13082
3581 13081
3582 13080
3583 13079
3584 13078
3585 13077
3586 13076
3587 13075
3588 13074
3589 13073
3590 13072
3591 13071
3592 13070
3593 13069
3596 13436
3597 13435
3598 13434
3599 12530
3600 12529
3601 12528
3602 12527
3603 12526
3604 12525
3605 12524
3606 12523
3607 13060
3608 13059
3609 13058
3610 13057
3611 13056
3612 13055
3613 13054
3614 13053
3615 13052
3616 13051
3617 13050
3618 13049
3619 13048
3620 13047
3621 13046
3622 13045
3623 13044
3624 13043
3625 13042
3626 13041
3627 13040
3628 13039
3629 13038
3630 13037
3631 13036
3632 13035
3633 10783
3634 10782
3635 10781
3636 10780
3637 10779
3638 10778
3639 10777
3640 10776
3641 10775
3642 10774
3643 10773
3644 10772
3645 10771
3646 10770
3647 10769
3648 12411
3649 12410
3650 12409
3651 12408
3652 12407
3653 12406
3654 12405
3655 12404
3656 12403
3657 12402
3658 12401
3659 12400
3660 12399
3661 12398
3662 12397
3663 12396
3664 12395
3665 12394
3666 12393
3667 12392
3668 12391
3669 12390
3670 12389
3671 12388
3672 12387
3673 12386
3674 12385
3675 11277
3676 11276
3677 11275
3678 11274
3679 11273
3680 11272
3681 11271
3682 11270
3683 11699
3684 11698
3685 11697
3686 11696
3687 11695
3688 11694
3689 11693
3690 11692
3691 11691
3692 11690
3693 11689
3694 11688
3695 11687
3696 11686
3697 11685
3698 11684
3699 11683
3700 11682
3701 11681
3702 11680
3703 11679
3704 11678
3705 11677
3706 11676
3707 11675
3708 11674
3709 11941
3710 11940
3711 11939
3712 11938
3713 11937
3714 11936
3715 11935
3716 11934
3717 10374
3718 10373
3719 10372
3720 10371
3721 10370
3722 10369
3723 10368
3724 10367
3725 10366
3726 10365
3727 10364
3728 10363
3729 10362
3730 10361
3731 10360
3732 10359
3733 10358
3734 10357
3735 10356
3736 10355
3737 10354
3738 10353
3739 10352
3740 10351
3741 10350
3742 10349
3743 9246
3744 9245
3745 9244
3746 9243
3747 9242
3748 9241
3749 9240
3750 9239
3751 9238
3752 9237
3753 9236
3754 9235
3755 9234
3756 9233
3757 9232
3758 10135
3759 10134
3760 10133
3761 10132
3762 10131
3763 10130
3764 10129
3765 10128
3766 10127
3767 10126
3768 10125
3769 10124
3770 10123
3771 10122
3772 10121
3773 10120
3774 10119
3775 10118
3776 10117
3777 10116
3778 10115
3779 10114
3780 10113
3781 10112
3782 10111
3783 10110
3784 8718
3785 8717
3786 8716
3787 8715
3788 8714
3789 8713
3790 8712
3791 8711
3792 9854
3793 9853
3794 9852
3795 9851
3796 9850
3797 9849
3798 9848
3799 9847
3800 9846
3801 9845
3802 9844
3803 9843
3804 9842
3805 9841
3806 9840
3807 9839
3808 9838
3809 9837
3810 9836
3811 9835
3812 9834
3813 9833
3814 9832
3815 9831
3816 9830
3817 9829
3818 7496
3819 7495
3820 7494
3821 7493
3822 7492
3823 7491
3824 7490
3825 7489
3826 7120
3827 7119
3828 7118
3829 7117
3830 7116
3831 7115
3832 7114
3833 7113
3834 7112
3835 7111
3836 7110
3837 7109
3838 7108
3839 7107
3840 7106
3841 7105
3842 7104
3843 7103
3844 7102
3845 7101
3846 7100
3847 7099
3848 7098
3849 7097
3850 7096
3851 7095
3852 6968
3853 6967
3854 6966
3855 6965
3856 6964
3857 6963
3858 6962
3859 6961
3860 6960
3861 6959
3862 6958
3863 6957
3864 6956
3865 6955
3866 6954
3867 6895
3868 6894
3869 6893
3870 6892
3871 6891
3872 6890
3873 6889
3874 6888
3875 6887
3876 6886
3877 6885
3878 6884
3879 6883
3880 6882
3881 6881
3882 6880
3883 6879
3884 6878
3885 6877
3886 6876
3887 6875
3888 6874
3889 6873
3890 6872
3891 6871
3892 6870
3893 8065
3894 8064
3895 8063
3896 8062
3897 8061
3898 8060
3899 8059
3900 8058
3901 6830
3902 6829
3903 6828
3904 6827
3905 6826
3906 6825
3907 6824
3908 6823
3911 7927
3912 7926
3913 7925
3914 7924
3915 7923
3916 7922
3917 7921
3918 7920
3919 7919
3920 7918
3921 7917
3922 7916
3923 7915
3924 7914
3925 7913
3926 7912
3927 8458
3928 8457
3929 8456
3930 8455
3931 8454
3932 8453
3933 8452
3934 8451
3935 8503
3936 8502
3937 8501
3938 8500
3939 8499
3940 8498
3941 8497
3942 8496
3943 8495
3944 8494
3945 8493
3946 8492
3947 8491
3948 8490
3949 8489
3950 8488
3951 8487
3952 8486
3953 8485
3954 7603
3955 7602
3956 7601
3957 7600
3958 7599
3959 7598
3960 7597
3961 7596
3962 6976
3963 6975
3964 6974
3965 6973
3966 6972
3967 6971
3968 6970
3969 6969
3970 7094
3971 7093
3972 7092
3973 7091
3974 7090
3975 7089
3976 7088
3977 7087
3978 7086
3979 7085
3980 7084
3981 7083
3982 7082
3983 7081
3984 7080
3985 7079
3986 7078
3987 7077
3988 7076
3989 7128
3990 7127
3991 7126
3992 7125
3993 7124
3994 7123
3995 7122
3996 7121
3997 7488
3998 7487
3999 7486
4000 7485
4001 7484
4002 7483
4003 7482
4004 7481
4005 7480
4006 7479
4007 7478
4008 7477
4009 7476
4010 7475
4011 7474
4012 7473
4013 7472
4014 7471
4015 7470
4016 7469
4017 7468
4018 7467
4019 7466
4020 7465
4021 7464
4022 7463
4023 7462
4024 7461
4025 7460
4026 7459
4027 7458
4028 7457
4029 7456
4030 7455
4031 7454
4032 7453
4033 7452
4034 7451
4035 7450
4036 7449
4037 7448
4038 7447
4039 9091
4040 9090
4041 9089
4042 9088
4043 9087
4044 9086
4045 9085
4046 9084
4047 9136
4048 9135
4049 9134
4050 9133
4051 9132
4052 9131
4053 9130
4054 9129
4055 9128
4056 9127
4057 9126
4058 9125
4059 9124
4060 9123
4061 9122
4062 9121
4063 9120
4064 9119
4065 9118
4066 12048
4067 12047
4068 12046
4069 12045
4070 12044
4071 12043
4072 12042
4073 12041
4074 9254
4075 9253
4076 9252
4077 9251
4078 9250
4079 9249
4080 9248
4081 9247
4082 10348
4083 10347
4084 10346
4085 10345
4086 10344
4087 10343
4088 10342
4089 10341
4090 10340
4091 10339
4092 10338
4093 10337
4094 10336
4095 10335
4096 10334
4097 10333
4098 10332
4099 10331
4100 10330
4101 10382
4102 10381
4103 10380
4104 10379
4105 10378
4106 10377
4107 10376
4108 10375
4109 11933
4110 11932
4111 11931
4112 11930
4113 11929
4114 11928
4115 11927
4116 11926
4117 11925
4118 11924
4119 11923
4120 11922
4121 11921
4122 11920
4123 11919
4124 11918
4125 11917
4126 11916
4127 11915
4128 11914
4129 11913
4130 11912
4131 11911
4132 11910
4133 11909
4134 11908
4135 11907
4136 11906
4137 11905
4138 11904
4139 11903
4140 11902
4141 11901
4142 11900
4143 11899
4144 11898
4145 11897
4146 11896
4147 11895
4148 11894
4149 11893
4150 11892
4151 10626
4152 10625
4153 10624
4154 10623
4155 10622
4156 10621
4157 10620
4158 10619
4159 10673
4160 10672
4161 10671
4162 10670
4163 10669
4164 10668
4165 10667
4166 10666
4167 10665
4168 10664
4169 10663
4170 10662
4171 10661
4172 10660
4173 10659
4174 10658
4175 10657
4176 10656
4177 10655
4178 10654
4179 12637
4180 12636
4181 12635
4182 12634
4183 12633
4184 12632
4185 12631
4186 12630
4187 10791
4188 10790
4189 10789
4190 10788
4191 10787
4192 10786
4193 10785
4194 10784
4195 13034
4196 13033
4197 13032
4198 13031
4199 13030
4200 13029
4201 13028
4202 13027
4203 13026
4204 13025
4205 13024
4206 13023
4207 13022
4208 13021
4209 13020
4210 13019
4211 13018
4212 13017
4213 13016
4214 13068
4215 13067
4216 13066
4217 13065
4218 13064
4219 13063
4220 13062
4221 13061
4222 12522
4223 12521
4224 12520
4225 12519
4226 12518
4227 12517
4228 12516
4229 12515
4230 12514
4231 12513
4232 12512
4235 12879
4236 12878
4237 12877
4238 13535
4239 13534
4240 13533
4241 13532
4242 13531
4243 13530
4244 13529
4245 13528
4246 12804
4247 12803
4248 12802
4249 12801
4250 12800
4251 12799
4252 12798
4253 12797
4254 12796
4255 12795
4256 12794
4257 12793
4258 12792
4259 12791
4260 12790
4261 12789
4262 12788
4263 12787
4264 12786
4265 12785
4266 12784
4267 12783
4268 12782
4269 12781
4270 12780
4271 12779
4272 12652
4273 12651
4274 12650
4275 12649
4276 12648
4277 12647
4278 12646
4279 12645
4280 12644
4281 12643
4282 12642
4283 12641
4284 12640
4285 12639
4286 12638
4287 10653
4288 10652
4289 10651
4290 10650
4291 10649
4292 10648
4293 10647
4294 10646
4295 10645
4296 10644
4297 10643
4298 10642
4299 10641
4300 10640
4301 10639
4302 10638
4303 10637
4304 10636
4305 10635
4306 10634
4307 10633
4308 10632
4309 10631
4310 10630
4311 10629
4312 10628
4313 10627
4314 11891
4315 11890
4316 11889
4317 11888
4318 11887
4319 11886
4320 11885
4321 11884
4322 12313
4323 12312
4324 12311
4325 12310
4326 12309
4327 12308
4328 12307
4329 12306
4330 12305
4331 12304
4332 12303
4333 12302
4334 12301
4335 12300
4336 12299
4337 12298
4338 12297
4339 12296
4340 12295
4341 12294
4342 12293
4343 12292
4344 12291
4345 12290
4346 12289
4347 12288
4348 11019
4349 11018
4350 11017
4351 11016
4352 11015
4353 11014
4354 11013
4355 11012
4356 12215
4357 12214
4358 12213
4359 12212
4360 12211
4361 12210
4362 12209
4363 12208
4364 12207
4365 12206
4366 12205
4367 12204
4368 12203
4369 12202
4370 12201
4371 12200
4372 12199
4373 12198
4374 12197
4375 12196
4376 12195
4377 12194
4378 12193
4379 12192
4380 12191
4381 12190
4382 12063
4383 12062
4384 12061
4385 12060
4386 12059
4387 12058
4388 12057
4389 12056
4390 12055
4391 12054
4392 12053
4393 12052
4394 12051
4395 12050
4396 12049
4397 9117
4398 9116
4399 9115
4400 9114
4401 9113
4402 9112
4403 9111
4404 9110
4405 9109
4406 9108
4407 9107
4408 9106
4409 9105
4410 9104
4411 9103
4412 9102
4413 9101
4414 9100
4415 9099
4416 9098
4417 9097
4418 9096
4419 9095
4420 9094
4421 9093
4422 9092
4423 7446
4424 7445
4425 7444
4426 7443
4427 7442
4428 7441
4429 7440
4430 7439
4431 7438
4432 7437
4433 7436
4434 7435
4435 7434
4436 7433
4437 7432
4438 7431
4439 7430
4440 7429
4441 7428
4442 7427
4443 7426
4444 7425
4445 7424
4446 7423
4447 7422
4448 7421
4449 7420
4450 7419
4451 7418
4452 7417
4453 7416
4454 7415
4455 7414
4456 7413
4457 9482
4458 9481
4459 9480
4460 9479
4461 9478
4462 9477
4463 9476
4464 9475
4465 7340
4466 7339
4467 7338
4468 7337
4469 7336
4470 7335
4471 7334
4472 7333
4473 7332
4474 7331
4475 7330
4476 7329
4477 7328
4478 7327
4479 7326
4480 7325
4481 7324
4482 7323
4483 7322
4484 7321
4485 7320
4486 7319
4487 7318
4488 7317
4489 7316
4490 7315
4491 7618
4492 7617
4493 7616
4494 7615
4495 7614
4496 7613
4497 7612
4498 7611
4499 7610
4500 7609
4501 7608
4502 7607
4503 7606
4504 7605
4505 7604
4506 8484
4507 8483
4508 8482
4509 8481
4510 8480
4511 8479
4512 8478
4513 8477
4514 8476
4515 8475
4516 8474
4517 8473
4518 8472
4519 8471
4520 8470
4521 8469
4522 8468
4523 8467
4524 8466
4525 8465
4526 8464
4527 8463
4528 8462
4529 8461
4530 8460
4531 8459
4532 7911
4533 7910
4534 7909
4535 7908
4536 7907
4537 7906
4538 7905
4539 7904
4540 8388
4541 8387
4542 8386
4543 8385
4544 8384
4545 8383
4546 8382
4547 8381
4550 7798
4551 7797
4552 7796
4553 7795
4554 7794
4555 7793
4556 7792
4557 7791
4558 7790
4559 7789
4560 7788
4561 7787
4562 7786
4563 7785
4564 7784
4565 7783
4566 7782
4567 7781
4568 7780
4569 7779
4570 7778
4571 7777
4572 7776
4573 7775
4574 7774
4575 8240
4576 8239
4577 8238
4578 8237
4579 8236
4580 8235
4581 8234
4582 8233
4583 8285
4584 8284
4585 8283
4586 8282
4587 8281
4588 8280
4589 8279
4590 8278
4591 8277
4592 8276
4593 8275
4594 8274
4595 8273
4596 8272
4597 8271
4598 8270
4599 8269
4600 8268
4601 8267
4602 9715
4603 9714
4604 9713
4605 9712
4606 9711
4607 9710
4608 9709
4609 9708
4610 7626
4611 7625
4612 7624
4613 7623
4614 7622
4615 7621
4616 7620
4617 7619
4618 7314
4619 7313
4620 7312
4621 7311
4622 7310
4623 7309
4624 7308
4625 7307
4626 7306
4627 7305
4628 7304
4629 7303
4630 7302
4631 7301
4632 7300
4633 7299
4634 7298
4635 7297
4636 7296
4637 7348
4638 7347
4639 7346
4640 7345
4641 7344
4642 7343
4643 7342
4644 7341
4645 9474
4646 9473
4647 9472
4648 9471
4649 9470
4650 9469
4651 9468
4652 9467
4653 9466
4654 9465
4655 9464
4656 9463
4657 9462
4658 9461
4659 9460
4660 9459
4661 9458
4662 9457
4663 9456
4664 9455
4665 9454
4666 9453
4667 9452
4668 9451
4669 9450
4670 9449
4671 9448
4672 9447
4673 9446
4674 9445
4675 9444
4676 9443
4677 9442
4678 9441
4679 9440
4680 9439
4681 9438
4682 9437
4683 9436
4684 9435
4685 9434
4686 9433
4687 8900
4688 8899
4689 8898
4690 8897
4691 8896
4692 8895
4693 8894
4694 8893
4695 8945
4696 8944
4697 8943
4698 8942
4699 8941
4700 8940
4701 8939
4702 8938
4703 8937
4704 8936
4705 8935
4706 8934
4707 8933
4708 8932
4709 8931
4710 8930
4711 8929
4712 8928
4713 8927
4714 11560
4715 11559
4716 11558
4717 11557
4718 11556
4719 11555
4720 11554
4721 11553
4722 12071
4723 12070
4724 12069
4725 12068
4726 12067
4727 12066
4728 12065
4729 12064
4730 12189
4731 12188
4732 12187
4733 12186
4734 12185
4735 12184
4736 12183
4737 12182
4738 12181
4739 12180
4740 12179
4741 12178
4742 12177
4743 12176
4744 12175
4745 12174
4746 12173
4747 12172
4748 12171
4749 12223
4750 12222
4751 12221
4752 12220
4753 12219
4754 12218
4755 12217
4756 12216
4757 11011
4758 11010
4759 11009
4760 11008
4761 11007
4762 11006
4763 11005
4764 11004
4765 11003
4766 11002
4767 11001
4768 11000
4769 10999
4770 10998
4771 10997
4772 10996
4773 10995
4774 10994
4775 10993
4776 10992
4777 10991
4778 10990
4779 10989
4780 10988
4781 10987
4782 10986
4783 10985
4784 10984
4785 10983
4786 10982
4787 10981
4788 10980
4789 10979
4790 10978
4791 10977
4792 10976
4793 10975
4794 10974
4795 10973
4796 10972
4797 10971
4798 10970
4799 10433
4800 10432
4801 10431
4802 10430
4803 10429
4804 10428
4805 10427
4806 10426
4807 10480
4808 10479
4809 10478
4810 10477
4811 10476
4812 10475
4813 10474
4814 10473
4815 10472
4816 10471
4817 10470
4818 10469
4819 10468
4820 10467
4821 10466
4822 10465
4823 10464
4824 10463
4825 10462
4826 10461
4827 13320
4828 13319
4829 13318
4830 13317
4831 13316
4832 13315
4833 13314
4834 13313
4835 12660
4836 12659
4837 12658
4838 12657
4839 12656
4840 12655
4841 12654
4842 12653
4843 12778
4844 12777
4845 12776
4846 12775
4847 12774
4848 12773
4849 12772
4850 12771
4851 12770
4852 12769
4853 12768
4854 12767
4855 12766
4856 12765
4857 12764
4858 12763
4859 12762
4860 12761
4861 12760
4862 12812
4863 12811
4864 12810
4865 12809
4866 12808
4867 12807
4868 12806
4869 12805
4870 13527
4871 13526
4872 13525
4873 13524
4874 13523
4875 13522
4876 13521
4877 13520
4878 13519
4879 13518
4880 13517
4881 13516
4882 13515
4883 13514
4884 13513
4885 13512
4886 13511
4887 13510
4888 13509
4889 13508
4890 13507
4891 13506
4894 12484
4895 12483
4896 12482
4897 12481
4898 12480
4899 12479
4900 12478
4901 12477
4902 12476
4903 12475
4904 12474
4905 12473
4906 12472
4907 12471
4908 13369
4909 13368
4910 13367
4911 13366
4912 13365
4913 13364
4914 13363
4915 13362
4916 13361
4917 13360
4918 13359
4919 13358
4920 13357
4921 13356
4922 13355
4923 13354
4924 13353
4925 13352
4926 13351
4927 13350
4928 13349
4929 13348
4930 13347
4931 13346
4932 13345
4933 13344
4934 13343
4935 13342
4936 13341
4937 13340
4938 13339
4939 13338
4940 13337
4941 13336
4942 13335
4943 13334
4944 13333
4945 13332
4946 13331
4947 13330
4948 13329
4949 13328
4950 13327
4951 13326
4952 13325
4953 13324
4954 13323
4955 13322
4956 13321
4957 10460
4958 10459
4959 10458
4960 10457
4961 10456
4962 10455
4963 10454
4964 10453
4965 10452
4966 10451
4967 10450
4968 10449
4969 10448
4970 10447
4971 10446
4972 10445
4973 10444
4974 10443
4975 10442
4976 10441
4977 10440
4978 10439
4979 10438
4980 10437
4981 10436
4982 10435
4983 10434
4984 10969
4985 10968
4986 10967
4987 10966
4988 10965
4989 10964
4990 10963
4991 10962
4992 11205
4993 11204
4994 11203
4995 11202
4996 11201
4997 11200
4998 11199
4999 11198
5000 11197
5001 11196
5002 11195
5003 11194
5004 11193
5005 11192
5006 11191
5007 11190
5008 11189
5009 11188
5010 11187
5011 11186
5012 11185
5013 11184
5014 11183
5015 11182
5016 11181
5017 11180
5018 11609
5019 11608
5020 11607
5021 11606
5022 11605
5023 11604
5024 11603
5025 11602
5026 11601
5027 11600
5028 11599
5029 11598
5030 11597
5031 11596
5032 11595
5033 11594
5034 11593
5035 11592
5036 11591
5037 11590
5038 11589
5039 11588
5040 11587
5041 11586
5042 11585
5043 11584
5044 11583
5045 11582
5046 11581
5047 11580
5048 11579
5049 11578
5050 11577
5051 11576
5052 11575
5053 11574
5054 11573
5055 11572
5056 11571
5057 11570
5058 11569
5059 11568
5060 11567
5061 11566
5062 11565
5063 11564
5064 11563
5065 11562
5066 11561
5067 8926
5068 8925
5069 8924
5070 8923
5071 8922
5072 8921
5073 8920
5074 8919
5075 8918
5076 8917
5077 8916
5078 8915
5079 8914
5080 8913
5081 8912
5082 8911
5083 8910
5084 8909
5085 8908
5086 8907
5087 8906
5088 8905
5089 8904
5090 8903
5091 8902
5092 8901
5093 9432
5094 9431
5095 9430
5096 9429
5097 9428
5098 9427
5099 9426
5100 9425
5101 8646
5102 8645
5103 8644
5104 8643
5105 8642
5106 8641
5107 8640
5108 8639
5109 8638
5110 8637
5111 8636
5112 8635
5113 8634
5114 8633
5115 8632
5116 8631
5117 8630
5118 8629
5119 8628
5120 8627
5121 8626
5122 8625
5123 8624
5124 8623
5125 8622
5126 8621
5127 9764
5128 9763
5129 9762
5130 9761
5131 9760
5132 9759
5133 9758
5134 9757
5135 9756
5136 9755
5137 9754
5138 9753
5139 9752
5140 9751
5141 9750
5142 9749
5143 9748
5144 9747
5145 9746
5146 9745
5147 9744
5148 9743
5149 9742
5150 9741
5151 9740
5152 9739
5153 9738
5154 9737
5155 9736
5156 9735
5157 9734
5158 9733
5159 9732
5160 9731
5161 9730
5162 9729
5163 9728
5164 9727
5165 9726
5166 9725
5167 9724
5168 9723
5169 9722
5170 9721
5171 9720
5172 9719
5173 9718
5174 9717
5175 9716
5176 8266
5177 8265
5178 8264
5179 8263
5180 8262
5181 8261
5182 8260
5183 8259
5184 8258
5185 8257
5186 8256
5187 8255
5188 8254
5189 8253
5190 8252
5191 8251
5192 8250
5193 8249
5194 8248
5195 8247
5196 8246
5197 8245
5198 8244
5199 8243
5200 8242
5201 8241
5202 7773
5203 7772
5204 7771
5205 7770
5206 7769
5207 7768
5208 7767
5209 7766
5210 7839
5211 7838
5212 7837
5213 7836
5214 7835
5215 7834
5216 7833
5217 7832
5218 7831
5219 7830
5220 7829
5221 7828
5222 7827
5223 7826
5224 7825
5225 7824
5226 7823
5229 7822
5230 7821
5231 7820
5232 7819
5233 7818
5234 7817
5235 7816
5236 7815
5237 7814
5238 7813
5239 7812
5240 7811
5241 7847
5242 7846
5243 7845
5244 7844
5245 7843
5246 7842
5247 7841
5248 7840
5249 7765
5250 7764
5251 7763
5252 7762
5253 7761
5254 7760
5255 7759
5256 7758
5257 7757
5258 7756
5259 7755
5260 7754
5261 7753
5262 7752
5263 7751
5264 7750
5265 7674
5266 7673
5267 7672
5268 7671
5269 7670
5270 7669
5271 7668
5272 7667
5273 7666
5274 7665
5275 7664
5276 7663
5277 7662
5278 7661
5279 7660
5280 7659
5281 7658
5282 7657
5283 7656
5284 7655
5285 7654
5286 7653
5287 7652
5288 7651
5289 7650
5290 7649
5291 7648
5292 7647
5293 7646
5294 7645
5295 7644
5296 7643
5297 7642
5298 7641
5299 7640
5300 7639
5301 7638
5302 7637
5303 7636
5304 7635
5305 7272
5306 7271
5307 7270
5308 7269
5309 7268
5310 7267
5311 7266
5312 7265
5313 7264
5314 7263
5315 7262
5316 7261
5317 7260
5318 7259
5319 7258
5320 7257
5321 7256
5322 7255
5323 7254
5324 7253
5325 7252
5326 7251
5327 7250
5328 7249
5329 7364
5330 7363
5331 7362
5332 7361
5333 7360
5334 7359
5335 7358
5336 7357
5337 9772
5338 9771
5339 9770
5340 9769
5341 9768
5342 9767
5343 9766
5344 9765
5345 8620
5346 8619
5347 8618
5348 8617
5349 8616
5350 8615
5351 8614
5352 8613
5353 8612
5354 8611
5355 8610
5356 8609
5357 8608
5358 8607
5359 8606
5360 8605
5361 8604
5362 8603
5363 8602
5364 8601
5365 8600
5366 8599
5367 8598
5368 8597
5369 8654
5370 8653
5371 8652
5372 8651
5373 8650
5374 8649
5375 8648
5376 8647
5377 9424
5378 9423
5379 9422
5380 9421
5381 9420
5382 9419
5383 9418
5384 9417
5385 9416
5386 9415
5387 9414
5388 9413
5389 9412
5390 9411
5391 9410
5392 9409
5393 9333
5394 9332
5395 9331
5396 9330
5397 9329
5398 9328
5399 9327
5400 9326
5401 9325
5402 9324
5403 9323
5404 9322
5405 9321
5406 9320
5407 9319
5408 9318
5409 9317
5410 9316
5411 9315
5412 9314
5413 9313
5414 9312
5415 9311
5416 9310
5417 9309
5418 9308
5419 9307
5420 9306
5421 9305
5422 9304
5423 9303
5424 9302
5425 12087
5426 12086
5427 12085
5428 12084
5429 12083
5430 12082
5431 12081
5432 12080
5433 12147
5434 12146
5435 12145
5436 12144
5437 12143
5438 12142
5439 12141
5440 12140
5441 12139
5442 12138
5443 12137
5444 12136
5445 12135
5446 12134
5447 12133
5448 12132
5449 12131
5450 12130
5451 12129
5452 12128
5453 12127
5454 12126
5455 12125
5456 12124
5457 12239
5458 12238
5459 12237
5460 12236
5461 12235
5462 12234
5463 12233
5464 12232
5465 11617
5466 11616
5467 11615
5468 11614
5469 11613
5470 11612
5471 11611
5472 11610
5473 11179
5474 11178
5475 11177
5476 11176
5477 11175
5478 11174
5479 11173
5480 11172
5481 11171
5482 11170
5483 11169
5484 11168
5485 11167
5486 11166
5487 11165
5488 11164
5489 11163
5490 11162
5491 11161
5492 11160
5493 11159
5494 11158
5495 11157
5496 11156
5497 11213
5498 11212
5499 11211
5500 11210
5501 11209
5502 11208
5503 11207
5504 11206
5505 10961
5506 10960
5507 10959
5508 10958
5509 10957
5510 10956
5511 10955
5512 10954
5513 10953
5514 10952
5515 10951
5516 10950
5517 10949
5518 10948
5519 10947
5520 10946
5521 10870
5522 10869
5523 10868
5524 10867
5525 10866
5526 10865
5527 10864
5528 10863
5529 10862
5530 10861
5531 10860
5532 10859
5533 10858
5534 10857
5535 10856
5536 10855
5537 10854
5538 10853
5539 10852
5540 10851
5541 10850
5542 10849
5543 10848
5544 10847
5545 10846
5546 10845
5547 10844
5548 10843
5549 10842
5550 10841
5551 10840
5552 10839
5553 12676
5554 12675
5555 12674
5556 12673
5557 12672
5558 12671
5559 12670
5560 12669
5561 12736
5562 12735
5563 12734
5564 12733
5565 12732
5566 12731
5567 12730
5568 12729
5569 12728
5570 12727
5571 12726
5572 12725
5573 12724
5574 12723
5575 12722
5576 12721
5577 12720
5578 12719
5579 12718
5580 12717
5581 12716
5582 12715
5583 12714
5584 12713
5585 12828
5586 12827
5587 12826
5588 12825
5589 12824
5590 12823
5591 12822
5592 12821
5593 13377
5594 13376
5595 13375
5596 13374
5597 13373
5598 13372
5599 13371
5600 13370
5601 12501
5602 12500
5603 12499
5604 12498
5605 12497
5606 12496
5607 12495
5608 12494
5609 12493
5610 12492
5611 12491
5612 12490
5613 12489
5614 12488
5615 12487
5616 12486
5617 12485
5620 13505
5621 13504
5622 13503
5623 13502
5624 13501
5625 13500
5626 13499
5627 13498
5628 13497
5629 12868
5630 12867
5631 12866
5632 12865
5633 12864
5634 12863
5635 12862
5636 12861
5637 13385
5638 13384
5639 13383
5640 13382
5641 13381
5642 13380
5643 13379
5644 13378
5645 12820
5646 12819
5647 12818
5648 12817
5649 12816
5650 12815
5651 12814
5652 12813
5653 12759
5654 12758
5655 12757
5656 12756
5657 12755
5658 12754
5659 12753
5660 12752
5661 12751
5662 12750
5663 12749
5664 12748
5665 12747
5666 12746
5667 12745
5668 12744
5669 12743
5670 12742
5671 12741
5672 12740
5673 12739
5674 12738
5675 12737
5676 12668
5677 12667
5678 12666
5679 12665
5680 12664
5681 12663
5682 12662
5683 12661
5684 13312
5685 13311
5686 13310
5687 13309
5688 13308
5689 13307
5690 13306
5691 10504
5692 10503
5693 10502
5694 10501
5695 10500
5696 10499
5697 10498
5698 10497
5699 10496
5700 10495
5701 10494
5702 10493
5703 10492
5704 10491
5705 10490
5706 10489
5707 10488
5708 10487
5709 10486
5710 10485
5711 10484
5712 10483
5713 10482
5714 10481
5715 10425
5716 10424
5717 10423
5718 10422
5719 10421
5720 10420
5721 10419
5722 11875
5723 11874
5724 11873
5725 11872
5726 11871
5727 11870
5728 11869
5729 11868
5730 11221
5731 11220
5732 11219
5733 11218
5734 11217
5735 11216
5736 11215
5737 11214
5738 11155
5739 11154
5740 11153
5741 11152
5742 11151
5743 11150
5744 11149
5745 11148
5746 11147
5747 11146
5748 11145
5749 11144
5750 11143
5751 11142
5752 11141
5753 11140
5754 12279
5755 12278
5756 12277
5757 12276
5758 12275
5759 12274
5760 12273
5761 12272
5762 11625
5763 11624
5764 11623
5765 11622
5766 11621
5767 11620
5768 11619
5769 11618
5770 12231
5771 12230
5772 12229
5773 12228
5774 12227
5775 12226
5776 12225
5777 12224
5778 12170
5779 12169
5780 12168
5781 12167
5782 12166
5783 12165
5784 12164
5785 12163
5786 12162
5787 12161
5788 12160
5789 12159
5790 12158
5791 12157
5792 12156
5793 12155
5794 12154
5795 12153
5796 12152
5797 12151
5798 12150
5799 12149
5800 12148
5801 12079
5802 12078
5803 12077
5804 12076
5805 12075
5806 12074
5807 12073
5808 12072
5809 11552
5810 11551
5811 11550
5812 11549
5813 11548
5814 11547
5815 11546
5816 8969
5817 8968
5818 8967
5819 8966
5820 8965
5821 8964
5822 8963
5823 8962
5824 8961
5825 8960
5826 8959
5827 8958
5828 8957
5829 8956
5830 8955
5831 8954
5832 8953
5833 8952
5834 8951
5835 8950
5836 8949
5837 8948
5838 8947
5839 8946
5840 8892
5841 8891
5842 8890
5843 8889
5844 8888
5845 8887
5846 8886
5847 10030
5848 10029
5849 10028
5850 10027
5851 10026
5852 10025
5853 10024
5854 10023
5855 8662
5856 8661
5857 8660
5858 8659
5859 8658
5860 8657
5861 8656
5862 8655
5863 8596
5864 8595
5865 8594
5866 8593
5867 8592
5868 8591
5869 8590
5870 8589
5871 8588
5872 8587
5873 8586
5874 8585
5875 8584
5876 8583
5877 8582
5878 8581
5879 7404
5880 7403
5881 7402
5882 7401
5883 7400
5884 7399
5885 7398
5886 7397
5887 9780
5888 9779
5889 9778
5890 9777
5891 9776
5892 9775
5893 9774
5894 9773
5895 7356
5896 7355
5897 7354
5898 7353
5899 7352
5900 7351
5901 7350
5902 7349
5903 7295
5904 7294
5905 7293
5906 7292
5907 7291
5908 7290
5909 7289
5910 7288
5911 7287
5912 7286
5913 7285
5914 7284
5915 7283
5916 7282
5917 7281
5918 7280
5919 7279
5920 7278
5921 7277
5922 7276
5923 7275
5924 7274
5925 7273
5926 7634
5927 7633
5928 7632
5929 7631
5930 7630
5931 7629
5932 7628
5933 7627
5934 9707
5935 9706
5936 9705
5937 9704
5938 9703
5939 9702
5940 9701
5941 8309
5942 8308
5943 8307
5944 8306
5945 8305
5946 8304
5947 8303
5948 8302
5949 8301
5950 8300
5951 8299
5952 8298
5953 8297
5954 8296
5955 8295
5956 8294
5957 8293
5958 8292
5959 8291
5960 8290
5961 8289
5962 8288
5963 8287
5964 8286
5965 8232
5966 8231
5967 8230
5968 8229
5969 8228
5970 8227
5971 8226
5972 7895
5973 7894
5974 7893
5975 7892
5976 7891
5977 7890
5978 7889
5979 7888
5980 7855
5981 7854
5982 7853
5983 7852
5984 7851
5985 7850
5986 7849
5987 7848
5988 7810
5989 7809
5990 7808
5991 7807
5992 7806
5993 7805
5994 7804
5995 7803
5996 7802
5997 7801
5998 7800
5999 7799
6002 7863
6003 7862
6004 7861
6005 7860
6006 7859
6007 7858
6008 7857
6009 7856
6010 7887
6011 7886
6012 7885
6013 7884
6014 7883
6015 7882
6016 7881
6017 7880
6018 7742
6019 7741
6020 7740
6021 7739
6022 7738
6023 7737
6024 7736
6025 7735
6026 7734
6027 7733
6028 7732
6029 7731
6030 7730
6031 7729
6032 7728
6033 7727
6034 7726
6035 7725
6036 7724
6037 7723
6038 7722
6039 7721
6040 7720
6041 7719
6042 7718
6043 7717
6044 7716
6045 7715
6046 7714
6047 7713
6048 7712
6049 7711
6050 7710
6051 7709
6052 7708
6053 7707
6054 7706
6055 7705
6056 7205
6057 7204
6058 7203
6059 7202
6060 7201
6061 7200
6062 7199
6063 7198
6064 7197
6065 7196
6066 7195
6067 7194
6068 7193
6069 7192
6070 7191
6071 7190
6072 7189
6073 7188
6074 7187
6075 7186
6076 7185
6077 7184
6078 7183
6079 7182
6080 7181
6081 7180
6082 7179
6083 7178
6084 7177
6085 7176
6086 7175
6087 7174
6088 7173
6089 7172
6090 7171
6091 7170
6092 7169
6093 7168
6094 7167
6095 7166
6096 7165
6097 7164
6098 7163
6099 7162
6100 7161
6101 7160
6102 7159
6103 7158
6104 7157
6105 7156
6106 7155
6107 7154
6108 7153
6109 9788
6110 9787
6111 9786
6112 9785
6113 9784
6114 9783
6115 9782
6116 9781
6117 7396
6118 7395
6119 7394
6120 7393
6121 7392
6122 7391
6123 7390
6124 7389
6125 9978
6126 9977
6127 9976
6128 9975
6129 9974
6130 9973
6131 9972
6132 9971
6133 9970
6134 9969
6135 9968
6136 9967
6137 9966
6138 9965
6139 9964
6140 9963
6141 9962
6142 9961
6143 9960
6144 9959
6145 8670
6146 8669
6147 8668
6148 8667
6149 8666
6150 8665
6151 8664
6152 8663
6153 10022
6154 10021
6155 10020
6156 10019
6157 10018
6158 10017
6159 10016
6160 10015
6161 9401
6162 9400
6163 9399
6164 9398
6165 9397
6166 9396
6167 9395
6168 9394
6169 9393
6170 9392
6171 9391
6172 9390
6173 9389
6174 9388
6175 9387
6176 9386
6177 9385
6178 9384
6179 9383
6180 9382
6181 9381
6182 9380
6183 9379
6184 9378
6185 9377
6186 9376
6187 9375
6188 9374
6189 9373
6190 9372
6191 9371
6192 9370
6193 9369
6194 9368
6195 9367
6196 9366
6197 9365
6198 9364
6199 9294
6200 9293
6201 9292
6202 9291
6203 9290
6204 9289
6205 9288
6206 9287
6207 9286
6208 9285
6209 9284
6210 9283
6211 9282
6212 9281
6213 9280
6214 9279
6215 10254
6216 10253
6217 10252
6218 10251
6219 10250
6220 10249
6221 10248
6222 10247
6223 10246
6224 10245
6225 10244
6226 10243
6227 10242
6228 10241
6229 10240
6230 10239
6231 10238
6232 10237
6233 10236
6234 10235
6235 10234
6236 10233
6237 10232
6238 10231
6239 10230
6240 10229
6241 10228
6242 10227
6243 10226
6244 10225
6245 10224
6246 10223
6247 10222
6248 10221
6249 10220
6250 10219
6251 10218
6252 11633
6253 11632
6254 11631
6255 11630
6256 11629
6257 11628
6258 11627
6259 11626
6260 12271
6261 12270
6262 12269
6263 12268
6264 12267
6265 12266
6266 12265
6267 12264
6268 11823
6269 11822
6270 11821
6271 11820
6272 11819
6273 11818
6274 11817
6275 11816
6276 11815
6277 11814
6278 11813
6279 11812
6280 11811
6281 11810
6282 11809
6283 11808
6284 11807
6285 11806
6286 11805
6287 11804
6288 11229
6289 11228
6290 11227
6291 11226
6292 11225
6293 11224
6294 11223
6295 11222
6296 11867
6297 11866
6298 11865
6299 11864
6300 11863
6301 11862
6302 11861
6303 11860
6304 10938
6305 10937
6306 10936
6307 10935
6308 10934
6309 10933
6310 10932
6311 10931
6312 10930
6313 10929
6314 10928
6315 10927
6316 10926
6317 10925
6318 10924
6319 10923
6320 10922
6321 10921
6322 10920
6323 10919
6324 10918
6325 10917
6326 10916
6327 10915
6328 10914
6329 10913
6330 10912
6331 10911
6332 10910
6333 10909
6334 10908
6335 10907
6336 10906
6337 10905
6338 10904
6339 10903
6340 10902
6341 10901
6342 10831
6343 10830
6344 10829
6345 10828
6346 10827
6347 10826
6348 10825
6349 10824
6350 10823
6351 10822
6352 10821
6353 10820
6354 10819
6355 10818
6356 10817
6357 10816
6358 12940
6359 12939
6360 12938
6361 12937
6362 12936
6363 12935
6364 12934
6365 12933
6366 12932
6367 12931
6368 12930
6369 12929
6370 12928
6371 12927
6372 12926
6373 12925
6374 12924
6375 12923
6376 12922
6377 12921
6378 12920
6379 12919
6380 12918
6381 12917
6382 12916
6383 12915
6384 12914
6385 12913
6386 12912
6387 12911
6388 12910
6389 12909
6390 12908
6391 12907
6392 12906
6393 12905
6394 12904
6395 13393
6396 13392
6397 13391
6398 13390
6399 13389
6400 13388
6401 13387
6402 13386
6403 12860
6404 12859
6405 12858
6406 12857
6407 12856
6408 12855
6409 12854
6410 12853
6411 12506
6412 12505
6413 12504
6414 12503
6415 12502
6418 12511
6419 12510
6420 12509
6421 12508
6422 12507
6423 12852
6424 12851
6425 12850
6426 12849
6427 12848
6428 12847
6429 12846
6430 12845
6431 12844
6432 12843
6433 12842
6434 12841
6435 12840
6436 12839
6437 12838
6438 12837
6439 12836
6440 12835
6441 12834
6442 12833
6443 12832
6444 12831
6445 12830
6446 12829
6447 12712
6448 12711
6449 12710
6450 12709
6451 12708
6452 12707
6453 12706
6454 12705
6455 12704
6456 12703
6457 12702
6458 12701
6459 12700
6460 12699
6461 12698
6462 12697
6463 12696
6464 12695
6465 12694
6466 12693
6467 12692
6468 12691
6469 12690
6470 12689
6471 12688
6472 12687
6473 12686
6474 12685
6475 12684
6476 12683
6477 12682
6478 12681
6479 12680
6480 12679
6481 12678
6482 12677
6483 10838
6484 10837
6485 10836
6486 10835
6487 10834
6488 10833
6489 10832
6490 10900
6491 10899
6492 10898
6493 10897
6494 10896
6495 10895
6496 10894
6497 10893
6498 10892
6499 10891
6500 10890
6501 10889
6502 10888
6503 10887
6504 10886
6505 10885
6506 10884
6507 10883
6508 10882
6509 10881
6510 10880
6511 10879
6512 10878
6513 10877
6514 10876
6515 10875
6516 10874
6517 10873
6518 10872
6519 10871
6520 10945
6521 10944
6522 10943
6523 10942
6524 10941
6525 10940
6526 10939
6527 11859
6528 11858
6529 11857
6530 11856
6531 11855
6532 11854
6533 11853
6534 11852
6535 11851
6536 11850
6537 11849
6538 11848
6539 11847
6540 11846
6541 11845
6542 11844
6543 11843
6544 11842
6545 11841
6546 11840
6547 11839
6548 11838
6549 11837
6550 11836
6551 11835
6552 11834
6553 11833
6554 11832
6555 11831
6556 11830
6557 11829
6558 11828
6559 11827
6560 11826
6561 11825
6562 11824
6563 12263
6564 12262
6565 12261
6566 12260
6567 12259
6568 12258
6569 12257
6570 12256
6571 12255
6572 12254
6573 12253
6574 12252
6575 12251
6576 12250
6577 12249
6578 12248
6579 12247
6580 12246
6581 12245
6582 12244
6583 12243
6584 12242
6585 12241
6586 12240
6587 12123
6588 12122
6589 12121
6590 12120
6591 12119
6592 12118
6593 12117
6594 12116
6595 12115
6596 12114
6597 12113
6598 12112
6599 12111
6600 12110
6601 12109
6602 12108
6603 12107
6604 12106
6605 12105
6606 12104
6607 12103
6608 12102
6609 12101
6610 12100
6611 12099
6612 12098
6613 12097
6614 12096
6615 12095
6616 12094
6617 12093
6618 12092
6619 12091
6620 12090
6621 12089
6622 12088
6623 9301
6624 9300
6625 9299
6626 9298
6627 9297
6628 9296
6629 9295
6630 9363
6631 9362
6632 9361
6633 9360
6634 9359
6635 9358
6636 9357
6637 9356
6638 9355
6639 9354
6640 9353
6641 9352
6642 9351
6643 9350
6644 9349
6645 9348
6646 9347
6647 9346
6648 9345
6649 9344
6650 9343
6651 9342
6652 9341
6653 9340
6654 9339
6655 9338
6656 9337
6657 9336
6658 9335
6659 9334
6660 9408
6661 9407
6662 9406
6663 9405
6664 9404
6665 9403
6666 9402
6667 10014
6668 10013
6669 10012
6670 10011
6671 10010
6672 10009
6673 10008
6674 10007
6675 10006
6676 10005
6677 10004
6678 10003
6679 10002
6680 10001
6681 10000
6682 9999
6683 9998
6684 9997
6685 9996
6686 9995
6687 9994
6688 9993
6689 9992
6690 9991
6691 9990
6692 9989
6693 9988
6694 9987
6695 9986
6696 9985
6697 9984
6698 9983
6699 9982
6700 9981
6701 9980
6702 9979
6703 7388
6704 7387
6705 7386
6706 7385
6707 7384
6708 7383
6709 7382
6710 7381
6711 7380
6712 7379
6713 7378
6714 7377
6715 7376
6716 7375
6717 7374
6718 7373
6719 7372
6720 7371
6721 7370
6722 7369
6723 7368
6724 7367
6725 7366
6726 7365
6727 7248
6728 7247
6729 7246
6730 7245
6731 7244
6732 7243
6733 7242
6734 7241
6735 7240
6736 7239
6737 7238
6738 7237
6739 7236
6740 7235
6741 7234
6742 7233
6743 7232
6744 7231
6745 7230
6746 7229
6747 7228
6748 7227
6749 7226
6750 7225
6751 7224
6752 7223
6753 7222
6754 7221
6755 7220
6756 7219
6757 7218
6758 7217
6759 7216
6760 7215
6761 7214
6762 7213
6763 7212
6764 7211
6765 7210
6766 7209
6767 7208
6768 7207
6769 7206
6770 7704
6771 7703
6772 7702
6773 7701
6774 7700
6775 7699
6776 7698
6777 7697
6778 7696
6779 7695
6780 7694
6781 7693
6782 7692
6783 7691
6784 7690
6785 7689
6786 7688
6787 7687
6788 7686
6789 7685
6790 7684
6791 7683
6792 7682
6793 7681
6794 7680
6795 7679
6796 7678
6797 7677
6798 7676
6799 7675
6800 7749
6801 7748
6802 7747
6803 7746
6804 7745
6805 7744
6806 7743
6807 7879
6808 7878
6809 7877
6810 7876
6811 7875
6812 7874
6813 7873
6814 7872
6815 7871
6816 7870
6817 7869
6818 7868
6819 7867
6820 7866
6821 7865
6822 7864
4549 7798
6001 7863
