1 8010
2 8009
3 8008
4 8007
5 8006
6 8005
7 8004
8 8003
9 8002
10 8001
11 8000
12 7999
13 7998
14 7997
15 7996
16 7995
17 7994
18 7993
19 7992
20 7991
21 7990
22 7989
23 8072
24 8071
25 8070
26 8069
27 8068
28 8067
29 8066
30 8065
31 7811
32 7810
33 7809
34 7808
35 7807
36 7806
37 7805
38 7804
39 7803
40 7802
41 7801
42 7800
43 7799
44 7798
45 7797
46 7796
47 7795
48 7794
49 7793
50 7792
51 7791
56 8908
57 8907
58 8906
59 8905
60 8904
61 8903
62 8902
63 8901
64 8900
65 8899
66 8898
67 8897
68 8896
69 8895
70 8894
71 8893
72 8892
73 8635
74 8634
75 8633
76 8632
77 8631
78 8630
79 8629
80 8628
81 8627
82 8626
83 8625
84 8624
85 8623
86 8622
87 8621
88 8620
89 8619
90 8618
91 8617
92 8616
93 8615
94 8614
95 8613
96 8612
97 8611
98 8610
99 8609
100 8608
101 8607
102 8606
103 8605
108 9570
109 9569
110 9568
111 9567
112 9566
113 9565
114 9564
115 9563
116 9562
117 9561
118 9560
119 9559
120 9558
121 9557
122 9556
123 9555
124 9554
125 9553
126 9552
127 9551
128 9550
129 9549
130 9548
131 9547
132 9546
133 9545
134 9544
135 9543
136 9542
137 9541
138 9646
139 9645
140 9644
141 9643
142 9642
143 9641
144 9640
145 9639
146 9467
147 9466
148 9465
149 9464
150 9463
151 9462
152 9461
153 9460
154 9459
159 10420
160 10419
161 10418
162 10417
163 10416
164 10415
165 10414
166 10413
167 10412
168 10411
169 10410
170 10409
171 10408
172 10407
173 10406
174 10405
175 10404
176 10403
177 10402
178 10276
179 10275
180 10274
181 10273
182 10272
183 10271
184 10270
185 10269
186 9982
187 9981
188 9980
189 9979
190 9978
191 9977
192 9976
193 9975
194 9974
195 9973
196 9972
197 9971
198 9970
199 9969
200 9968
201 9967
202 9966
203 9965
204 9964
205 9963
206 9962
211 11179
212 11178
213 11177
214 11176
215 11175
216 11174
217 11173
218 11172
219 11171
220 11170
221 11169
222 11168
223 11167
224 11166
225 11165
226 11164
227 11163
228 10709
229 10708
230 10707
231 10706
232 10705
233 10704
234 10703
235 10702
236 10701
237 10700
238 10699
239 10698
240 10697
241 10696
242 10695
243 10694
244 10693
245 10692
246 10691
247 10690
248 10689
249 10688
250 10687
251 10686
252 10685
253 10684
254 10683
255 10682
256 10681
257 10680
258 10679
263 11841
264 11840
265 11839
266 11838
267 11837
268 11836
269 11835
270 11834
271 11833
272 11832
273 11831
274 11830
275 11829
276 11828
277 11827
278 11826
279 11825
280 11824
281 11823
282 11822
283 11821
284 11820
285 11819
286 11818
287 11817
288 11816
289 11815
290 11814
291 11813
292 11812
293 11917
294 11916
295 11915
296 11914
297 11913
298 11912
299 11911
300 11910
301 11738
302 11737
303 11736
304 11735
305 11734
306 11733
307 11732
308 11731
309 11730
314 12697
315 12696
316 12695
317 12694
318 12693
319 12692
320 12691
321 12690
322 12689
323 12688
324 12687
325 12686
326 12685
327 12684
328 12683
329 12682
330 12681
331 12680
332 12679
333 12551
334 12550
335 12549
336 12548
337 12547
338 12546
339 12545
340 12544
341 12255
342 12254
343 12253
344 12252
345 12251
346 12250
347 12249
348 12248
349 12247
350 12246
351 12245
352 12244
353 12243
354 12242
355 12241
356 12240
357 12239
358 12238
359 12237
360 12236
361 12235
366 13450
367 13449
368 13448
369 13447
370 13446
371 13445
372 13444
373 13443
374 13442
375 13441
376 13440
377 13439
378 13438
379 13437
380 13436
381 13435
382 13434
383 12984
384 12983
385 12982
386 12981
387 12980
388 12979
389 12978
390 12977
391 12976
392 12975
393 12974
394 12973
395 12972
396 12971
397 12970
398 12969
399 12968
400 12967
401 12966
402 12965
403 12964
404 12963
405 12962
406 12961
407 12960
408 12959
409 12958
410 12957
411 12956
412 12955
413 12954
418 14014
419 14013
420 14012
421 14011
422 14010
423 14009
424 14008
425 14007
426 14006
427 14005
428 14004
429 14003
430 14002
431 14001
432 14000
433 13999
434 13998
435 13997
436 13996
437 13995
438 13994
439 13993
440 13992
441 13991
442 13990
443 13989
444 13988
445 13987
446 13986
447 13985
448 14161
449 14160
450 14159
451 14158
452 14157
453 14156
454 14155
455 14154
456 14189
457 14188
458 14187
459 14186
460 14185
461 14184
462 14183
463 14182
464 14181
465 14180
466 14179
469 14025
470 14024
471 14023
472 14022
473 14021
474 14020
475 14019
476 14018
477 14017
478 14016
479 14015
480 14153
481 14152
482 14151
483 14150
484 14149
485 14148
486 14147
487 14146
488 14145
489 14144
490 14143
491 14142
492 14141
493 14140
494 14139
495 14138
496 13789
497 13788
498 13787
499 13786
500 13785
501 13784
502 13783
503 13782
504 13916
505 13915
506 13914
507 13913
508 13912
509 13911
510 13910
511 13909
512 13908
513 13907
514 13906
515 13905
516 13904
521 13368
522 13367
523 13366
524 13365
525 13364
526 13363
527 13362
528 13361
529 13360
530 13359
531 13358
532 13357
533 13356
534 13355
535 13354
536 12762
537 12761
538 12760
539 12759
540 12758
541 12757
542 12756
543 12755
544 12991
545 12990
546 12989
547 12988
548 12987
549 12986
550 12985
551 13433
552 13432
553 13431
554 13430
555 13429
556 13428
557 13427
558 13426
559 13425
560 13424
561 13423
562 13422
563 13421
564 13420
565 13419
566 13418
567 13417
572 12630
573 12629
574 12628
575 12627
576 12626
577 12625
578 12624
579 12623
580 12622
581 12621
582 12620
583 12619
584 12618
585 12262
586 12261
587 12260
588 12259
589 12258
590 12257
591 12256
592 12543
593 12542
594 12541
595 12540
596 12539
597 12538
598 12537
599 12536
600 12535
601 12534
602 12533
603 12532
604 12531
605 12530
606 12529
607 12528
608 12370
609 12369
610 12368
611 12367
612 12366
613 12365
614 12364
615 12363
616 12362
617 12361
618 12360
623 11747
624 11746
625 11745
626 11744
627 11743
628 11742
629 11741
630 11740
631 11739
632 11909
633 11908
634 11907
635 11906
636 11905
637 11904
638 11903
639 11902
640 11901
641 11900
642 11899
643 11898
644 11897
645 11896
646 11895
647 11894
648 11582
649 11581
650 11580
651 11579
652 11578
653 11577
654 11576
655 11575
656 11717
657 11716
658 11715
659 11714
660 11713
661 11712
662 11711
663 11710
664 11709
665 11708
666 11707
667 11706
668 11705
673 11097
674 11096
675 11095
676 11094
677 11093
678 11092
679 11091
680 11090
681 11089
682 11088
683 11087
684 11086
685 11085
686 11084
687 11083
688 10486
689 10485
690 10484
691 10483
692 10482
693 10481
694 10480
695 10479
696 10716
697 10715
698 10714
699 10713
700 10712
701 10711
702 10710
703 11162
704 11161
705 11160
706 11159
707 11158
708 11157
709 11156
710 11155
711 11154
712 11153
713 11152
714 11151
715 11150
716 11149
717 11148
718 11147
719 11146
724 10354
725 10353
726 10352
727 10351
728 10350
729 10349
730 10348
731 10347
732 10346
733 10345
734 10344
735 10343
736 10342
737 9989
738 9988
739 9987
740 9986
741 9985
742 9984
743 9983
744 10268
745 10267
746 10266
747 10265
748 10264
749 10263
750 10262
751 10261
752 10260
753 10259
754 10258
755 10257
756 10256
757 10255
758 10254
759 10253
760 10095
761 10094
762 10093
763 10092
764 10091
765 10090
766 10089
767 10088
768 10087
769 10086
770 10085
775 9476
776 9475
777 9474
778 9473
779 9472
780 9471
781 9470
782 9469
783 9468
784 9638
785 9637
786 9636
787 9635
788 9634
789 9633
790 9632
791 9631
792 9630
793 9629
794 9628
795 9627
796 9626
797 9625
798 9624
799 9623
800 9311
801 9310
802 9309
803 9308
804 9307
805 9306
806 9305
807 9304
808 9446
809 9445
810 9444
811 9443
812 9442
813 9441
814 9440
815 9439
816 9438
817 9437
818 9436
819 9435
820 9434
825 8826
826 8825
827 8824
828 8823
829 8822
830 8821
831 8820
832 8819
833 8818
834 8817
835 8816
836 8815
837 8814
838 8813
839 8812
840 8215
841 8214
842 8213
843 8212
844 8211
845 8210
846 8209
847 8208
848 8642
849 8641
850 8640
851 8639
852 8638
853 8637
854 8636
855 8891
856 8890
857 8889
858 8888
859 8887
860 8886
861 8885
862 8884
863 8883
864 8882
865 8881
866 8880
867 8879
868 8878
869 8877
870 8876
871 8875
876 8132
877 8131
878 8130
879 8129
880 8128
881 8127
882 8126
883 8125
884 8124
885 8123
886 8122
887 8121
888 8120
889 7818
890 7817
891 7816
892 7815
893 7814
894 7813
895 7812
896 8064
897 8063
898 8062
899 8061
900 8060
901 8059
902 8058
903 8057
904 8056
905 8055
906 8054
907 8053
908 8052
909 8051
910 8050
911 8049
912 8048
913 8047
914 8046
915 8045
916 8044
917 8043
918 8042
919 8041
920 8040
921 8039
922 8038
923 8037
924 8036
925 8035
928 7446
929 7445
930 7444
931 7443
932 7442
933 7441
934 7440
935 7439
936 7438
937 7437
938 7436
939 7435
940 7434
941 7433
942 7432
943 7431
944 7430
945 7429
946 7428
947 7427
948 7426
949 7425
950 7924
951 7923
952 7922
953 7921
954 7920
955 7919
956 7918
957 7917
958 7916
959 7915
960 7914
961 7913
962 7912
963 7911
964 7910
965 7909
966 7908
967 7907
968 7906
969 7905
970 7904
971 7903
972 7902
973 7901
974 7900
975 7899
976 7898
977 7897
978 7896
983 8748
984 8747
985 8746
986 8745
987 8744
988 8743
989 8742
990 8741
991 8740
992 8739
993 8738
994 8737
995 8736
996 8735
997 8734
998 8733
999 8732
1000 8231
1001 8230
1002 8229
1003 8228
1004 8227
1005 8226
1006 8225
1007 8224
1008 8223
1009 8222
1010 8221
1011 8220
1012 8219
1013 8218
1014 8217
1015 8216
1016 8811
1017 8810
1018 8809
1019 8808
1020 8807
1021 8806
1022 8805
1023 8804
1024 8803
1025 8802
1026 8801
1027 8800
1028 8799
1029 8798
1030 8797
1035 9333
1036 9332
1037 9331
1038 9330
1039 9329
1040 9328
1041 9327
1042 9326
1043 9325
1044 9324
1045 9323
1046 9322
1047 9321
1048 9320
1049 9319
1050 9318
1051 9317
1052 9316
1053 9315
1054 9314
1055 9313
1056 9312
1057 9622
1058 9621
1059 9620
1060 9619
1061 9618
1062 9617
1063 9616
1064 9615
1065 9405
1066 9404
1067 9403
1068 9402
1069 9401
1070 9400
1071 9399
1072 9398
1073 9216
1074 9215
1075 9214
1076 9213
1077 9212
1078 9211
1079 9210
1080 9209
1081 9208
1086 10106
1087 10105
1088 10104
1089 10103
1090 10102
1091 10101
1092 10100
1093 10099
1094 10098
1095 10097
1096 10096
1097 10252
1098 10251
1099 10250
1100 10249
1101 10248
1102 10247
1103 10246
1104 10245
1105 10168
1106 10167
1107 10166
1108 10165
1109 10164
1110 10163
1111 10162
1112 10161
1113 9756
1114 9755
1115 9754
1116 9753
1117 9752
1118 9751
1119 9750
1120 9749
1121 9748
1122 9747
1123 9746
1124 9745
1125 9744
1126 9743
1127 9742
1128 9741
1129 9740
1130 9739
1131 9738
1132 9737
1133 9736
1138 11019
1139 11018
1140 11017
1141 11016
1142 11015
1143 11014
1144 11013
1145 11012
1146 11011
1147 11010
1148 11009
1149 11008
1150 11007
1151 11006
1152 11005
1153 11004
1154 11003
1155 10502
1156 10501
1157 10500
1158 10499
1159 10498
1160 10497
1161 10496
1162 10495
1163 10494
1164 10493
1165 10492
1166 10491
1167 10490
1168 10489
1169 10488
1170 10487
1171 11082
1172 11081
1173 11080
1174 11079
1175 11078
1176 11077
1177 11076
1178 11075
1179 11074
1180 11073
1181 11072
1182 11071
1183 11070
1184 11069
1185 11068
1190 11604
1191 11603
1192 11602
1193 11601
1194 11600
1195 11599
1196 11598
1197 11597
1198 11596
1199 11595
1200 11594
1201 11593
1202 11592
1203 11591
1204 11590
1205 11589
1206 11588
1207 11587
1208 11586
1209 11585
1210 11584
1211 11583
1212 11893
1213 11892
1214 11891
1215 11890
1216 11889
1217 11888
1218 11887
1219 11886
1220 11676
1221 11675
1222 11674
1223 11673
1224 11672
1225 11671
1226 11670
1227 11669
1228 11487
1229 11486
1230 11485
1231 11484
1232 11483
1233 11482
1234 11481
1235 11480
1236 11479
1241 12381
1242 12380
1243 12379
1244 12378
1245 12377
1246 12376
1247 12375
1248 12374
1249 12373
1250 12372
1251 12371
1252 12527
1253 12526
1254 12525
1255 12524
1256 12523
1257 12522
1258 12521
1259 12520
1260 12443
1261 12442
1262 12441
1263 12440
1264 12439
1265 12438
1266 12437
1267 12436
1268 12181
1269 12180
1270 12179
1271 12178
1272 12177
1273 12176
1274 12175
1275 12174
1276 12173
1277 12172
1278 12171
1279 12170
1280 12169
1281 12168
1282 12167
1283 12166
1284 12165
1285 12164
1286 12163
1287 12162
1288 12161
1293 13292
1294 13291
1295 13290
1296 13289
1297 13288
1298 13287
1299 13286
1300 13285
1301 13284
1302 13283
1303 13282
1304 13281
1305 13280
1306 13279
1307 13278
1308 13277
1309 13276
1310 12778
1311 12777
1312 12776
1313 12775
1314 12774
1315 12773
1316 12772
1317 12771
1318 12770
1319 12769
1320 12768
1321 12767
1322 12766
1323 12765
1324 12764
1325 12763
1326 13353
1327 13352
1328 13351
1329 13350
1330 13349
1331 13348
1332 13347
1333 13346
1334 13345
1335 13344
1336 13343
1337 13342
1338 13341
1339 13340
1340 13339
1345 13811
1346 13810
1347 13809
1348 13808
1349 13807
1350 13806
1351 13805
1352 13804
1353 13803
1354 13802
1355 13801
1356 13800
1357 13799
1358 13798
1359 13797
1360 13796
1361 13795
1362 13794
1363 13793
1364 13792
1365 13791
1366 13790
1367 14137
1368 14136
1369 14135
1370 14134
1371 14133
1372 14132
1373 14131
1374 14130
1375 13884
1376 13883
1377 13882
1378 13881
1379 13880
1380 13879
1381 13878
1382 13877
1383 14054
1384 14053
1385 14052
1386 14051
1387 14050
1388 14049
1389 14048
1390 14047
1391 14046
1392 14045
1393 14044
1396 14065
1397 14064
1398 14063
1399 14062
1400 14061
1401 14060
1402 14059
1403 14058
1404 14057
1405 14056
1406 14055
1407 13876
1408 13875
1409 13874
1410 13873
1411 13872
1412 13871
1413 13870
1414 13869
1415 13868
1416 13867
1417 13866
1418 13865
1419 13864
1420 13863
1421 13862
1422 13861
1423 13586
1424 13585
1425 13584
1426 13583
1427 13582
1428 13581
1429 13580
1430 13579
1431 13713
1432 13712
1433 13711
1434 13710
1435 13709
1436 13708
1437 13707
1438 13706
1439 13705
1440 13704
1441 13703
1442 13702
1443 13701
1448 13210
1449 13209
1450 13208
1451 13207
1452 13206
1453 13205
1454 13204
1455 13203
1456 13202
1457 13201
1458 13200
1459 13199
1460 13198
1461 13197
1462 13196
1463 12908
1464 12907
1465 12906
1466 12905
1467 12904
1468 12903
1469 12902
1470 12901
1471 12785
1472 12784
1473 12783
1474 12782
1475 12781
1476 12780
1477 12779
1478 13275
1479 13274
1480 13273
1481 13272
1482 13271
1483 13270
1484 13269
1485 13268
1486 13267
1487 13266
1488 13265
1489 13264
1490 13263
1491 13262
1492 13261
1493 13260
1494 13259
1499 12341
1500 12340
1501 12339
1502 12338
1503 12337
1504 12336
1505 12335
1506 12334
1507 12333
1508 12332
1509 12331
1510 12330
1511 12329
1512 12188
1513 12187
1514 12186
1515 12185
1516 12184
1517 12183
1518 12182
1519 12435
1520 12434
1521 12433
1522 12432
1523 12431
1524 12430
1525 12429
1526 12428
1527 12427
1528 12426
1529 12425
1530 12424
1531 12423
1532 12422
1533 12421
1534 12420
1535 12149
1536 12148
1537 12147
1538 12146
1539 12145
1540 12144
1541 12143
1542 12142
1543 12141
1544 12140
1545 12139
1550 11496
1551 11495
1552 11494
1553 11493
1554 11492
1555 11491
1556 11490
1557 11489
1558 11488
1559 11668
1560 11667
1561 11666
1562 11665
1563 11664
1564 11663
1565 11662
1566 11661
1567 11660
1568 11659
1569 11658
1570 11657
1571 11656
1572 11655
1573 11654
1574 11653
1575 11331
1576 11330
1577 11329
1578 11328
1579 11327
1580 11326
1581 11325
1582 11324
1583 11466
1584 11465
1585 11464
1586 11463
1587 11462
1588 11461
1589 11460
1590 11459
1591 11458
1592 11457
1593 11456
1594 11455
1595 11454
1600 10937
1601 10936
1602 10935
1603 10934
1604 10933
1605 10932
1606 10931
1607 10930
1608 10929
1609 10928
1610 10927
1611 10926
1612 10925
1613 10924
1614 10923
1615 10633
1616 10632
1617 10631
1618 10630
1619 10629
1620 10628
1621 10627
1622 10626
1623 10509
1624 10508
1625 10507
1626 10506
1627 10505
1628 10504
1629 10503
1630 11002
1631 11001
1632 11000
1633 10999
1634 10998
1635 10997
1636 10996
1637 10995
1638 10994
1639 10993
1640 10992
1641 10991
1642 10990
1643 10989
1644 10988
1645 10987
1646 10986
1651 10067
1652 10066
1653 10065
1654 10064
1655 10063
1656 10062
1657 10061
1658 10060
1659 10059
1660 10058
1661 10057
1662 10056
1663 10055
1664 9763
1665 9762
1666 9761
1667 9760
1668 9759
1669 9758
1670 9757
1671 10160
1672 10159
1673 10158
1674 10157
1675 10156
1676 10155
1677 10154
1678 10153
1679 10152
1680 10151
1681 10150
1682 10149
1683 10148
1684 10147
1685 10146
1686 10145
1687 9869
1688 9868
1689 9867
1690 9866
1691 9865
1692 9864
1693 9863
1694 9862
1695 9861
1696 9860
1697 9859
1702 9225
1703 9224
1704 9223
1705 9222
1706 9221
1707 9220
1708 9219
1709 9218
1710 9217
1711 9397
1712 9396
1713 9395
1714 9394
1715 9393
1716 9392
1717 9391
1718 9390
1719 9389
1720 9388
1721 9387
1722 9386
1723 9385
1724 9384
1725 9383
1726 9382
1727 9060
1728 9059
1729 9058
1730 9057
1731 9056
1732 9055
1733 9054
1734 9053
1735 9195
1736 9194
1737 9193
1738 9192
1739 9191
1740 9190
1741 9189
1742 9188
1743 9187
1744 9186
1745 9185
1746 9184
1747 9183
1752 8580
1753 8579
1754 8578
1755 8577
1756 8576
1757 8575
1758 8574
1759 8573
1760 8572
1761 8571
1762 8570
1763 8569
1764 8568
1765 8567
1766 8566
1767 8362
1768 8361
1769 8360
1770 8359
1771 8358
1772 8357
1773 8356
1774 8355
1775 8238
1776 8237
1777 8236
1778 8235
1779 8234
1780 8233
1781 8232
1782 8731
1783 8730
1784 8729
1785 8728
1786 8727
1787 8726
1788 8725
1789 8724
1790 8723
1791 8722
1792 8721
1793 8720
1794 8719
1795 8718
1796 8717
1797 8716
1798 8715
1803 7878
1804 7877
1805 7876
1806 7875
1807 7874
1808 7873
1809 7872
1810 7871
1811 7870
1812 7869
1813 7868
1814 7867
1815 7866
1816 7507
1817 7506
1818 7505
1819 7504
1820 7503
1821 7502
1822 7501
1823 7500
1824 7499
1825 7498
1826 7497
1827 7496
1828 7495
1829 7494
1830 7493
1831 7492
1832 7491
1833 7490
1834 7489
1835 7488
1836 7487
1837 7486
1838 7485
1839 7484
1840 7483
1841 7482
1842 7481
1843 7480
1844 7479
1845 7478
1846 7477
1847 7476
1848 7475
1849 7474
1850 7473
1851 7472
1852 7471
1855 7470
1856 7469
1857 7468
1858 7467
1859 7466
1860 7465
1861 7464
1862 7463
1863 7462
1864 7461
1865 7460
1866 7459
1867 7416
1868 7415
1869 7414
1870 7413
1871 7412
1872 7411
1873 7410
1874 7409
1875 7766
1876 7765
1877 7764
1878 7763
1879 7762
1880 7761
1881 7760
1882 7759
1883 7515
1884 7514
1885 7513
1886 7512
1887 7511
1888 7510
1889 7509
1890 7508
1891 7865
1892 7864
1893 7863
1894 7862
1895 7861
1896 7860
1897 7859
1898 7858
1899 7857
1900 7856
1905 8550
1906 8549
1907 8548
1908 8547
1909 8546
1910 8545
1911 8544
1912 8543
1913 8542
1914 8541
1915 8540
1916 8539
1917 8538
1918 8537
1919 8246
1920 8245
1921 8244
1922 8243
1923 8242
1924 8241
1925 8240
1926 8239
1927 8354
1928 8353
1929 8352
1930 8351
1931 8350
1932 8349
1933 8348
1934 8347
1935 8702
1936 8701
1937 8700
1938 8699
1939 8698
1940 8697
1941 8696
1942 8695
1943 8694
1944 8693
1945 8692
1946 8691
1951 9207
1952 9206
1953 9205
1954 9204
1955 9203
1956 9202
1957 9201
1958 9200
1959 9199
1960 9198
1961 9197
1962 9196
1963 9052
1964 9051
1965 9050
1966 9049
1967 9048
1968 9047
1969 9046
1970 9045
1971 9606
1972 9605
1973 9604
1974 9603
1975 9602
1976 9601
1977 9600
1978 9599
1979 9170
1980 9169
1981 9168
1982 9167
1983 9166
1984 9165
1985 9164
1986 9163
1987 9005
1988 9004
1989 9003
1990 9002
1991 9001
1992 9000
1993 8999
1998 10044
1999 10043
2000 10042
2001 10041
2002 10040
2003 10039
2004 10038
2005 10037
2006 10036
2007 10236
2008 10235
2009 10234
2010 10233
2011 10232
2012 10231
2013 10230
2014 10229
2015 9931
2016 9930
2017 9929
2018 9928
2019 9927
2020 9926
2021 9925
2022 9924
2023 9771
2024 9770
2025 9769
2026 9768
2027 9767
2028 9766
2029 9765
2030 9764
2031 10054
2032 10053
2033 10052
2034 10051
2035 10050
2036 10049
2037 10048
2038 10047
2039 10046
2040 10045
2045 10907
2046 10906
2047 10905
2048 10904
2049 10903
2050 10902
2051 10901
2052 10900
2053 10899
2054 10898
2055 10897
2056 10896
2057 10895
2058 10894
2059 10517
2060 10516
2061 10515
2062 10514
2063 10513
2064 10512
2065 10511
2066 10510
2067 10625
2068 10624
2069 10623
2070 10622
2071 10621
2072 10620
2073 10619
2074 10618
2075 10973
2076 10972
2077 10971
2078 10970
2079 10969
2080 10968
2081 10967
2082 10966
2083 10965
2084 10964
2085 10963
2086 10962
2091 11478
2092 11477
2093 11476
2094 11475
2095 11474
2096 11473
2097 11472
2098 11471
2099 11470
2100 11469
2101 11468
2102 11467
2103 11323
2104 11322
2105 11321
2106 11320
2107 11319
2108 11318
2109 11317
2110 11316
2111 11877
2112 11876
2113 11875
2114 11874
2115 11873
2116 11872
2117 11871
2118 11870
2119 11441
2120 11440
2121 11439
2122 11438
2123 11437
2124 11436
2125 11435
2126 11434
2127 11276
2128 11275
2129 11274
2130 11273
2131 11272
2132 11271
2133 11270
2138 12318
2139 12317
2140 12316
2141 12315
2142 12314
2143 12313
2144 12312
2145 12311
2146 12310
2147 12511
2148 12510
2149 12509
2150 12508
2151 12507
2152 12506
2153 12505
2154 12504
2155 12204
2156 12203
2157 12202
2158 12201
2159 12200
2160 12199
2161 12198
2162 12197
2163 12196
2164 12195
2165 12194
2166 12193
2167 12192
2168 12191
2169 12190
2170 12189
2171 12328
2172 12327
2173 12326
2174 12325
2175 12324
2176 12323
2177 12322
2178 12321
2179 12320
2180 12319
2185 13180
2186 13179
2187 13178
2188 13177
2189 13176
2190 13175
2191 13174
2192 13173
2193 13172
2194 13171
2195 13170
2196 13169
2197 13168
2198 13167
2199 12793
2200 12792
2201 12791
2202 12790
2203 12789
2204 12788
2205 12787
2206 12786
2207 12900
2208 12899
2209 12898
2210 12897
2211 12896
2212 12895
2213 12894
2214 12893
2215 13246
2216 13245
2217 13244
2218 13243
2219 13242
2220 13241
2221 13240
2222 13239
2223 13238
2224 13237
2225 13236
2226 13235
2231 13725
2232 13724
2233 13723
2234 13722
2235 13721
2236 13720
2237 13719
2238 13718
2239 13717
2240 13716
2241 13715
2242 13714
2243 13578
2244 13577
2245 13576
2246 13575
2247 13574
2248 13573
2249 13572
2250 13571
2251 14121
2252 14120
2253 14119
2254 14118
2255 14117
2256 14116
2257 14115
2258 14114
2259 13697
2260 13696
2261 13695
2262 13694
2263 13693
2264 13692
2265 13691
2266 13690
2267 14074
2268 14073
2269 14072
2270 14071
2271 14070
2272 14069
2273 14068
2274 14067
2275 14066
2278 14043
2279 14042
2280 14041
2281 14040
2282 14039
2283 14038
2284 14037
2285 14036
2286 14035
2287 13892
2288 13891
2289 13890
2290 13889
2291 13888
2292 13887
2293 13886
2294 13885
2295 14129
2296 14128
2297 14127
2298 14126
2299 14125
2300 14124
2301 14123
2302 14122
2303 13570
2304 13569
2305 13568
2306 13567
2307 13566
2308 13565
2309 13564
2310 13563
2311 13736
2312 13735
2313 13734
2314 13733
2315 13732
2316 13731
2317 13730
2318 13729
2319 13728
2320 13727
2321 13726
2326 13258
2327 13257
2328 13256
2329 13255
2330 13254
2331 13253
2332 13252
2333 13251
2334 13250
2335 13249
2336 13248
2337 13247
2338 12892
2339 12891
2340 12890
2341 12889
2342 12888
2343 12887
2344 12886
2345 12885
2346 13006
2347 13005
2348 13004
2349 13003
2350 13002
2351 13001
2352 13000
2353 13324
2354 13323
2355 13322
2356 13321
2357 13320
2358 13319
2359 13318
2360 13317
2361 13316
2362 13315
2363 13314
2364 13313
2365 13312
2366 13311
2371 12359
2372 12358
2373 12357
2374 12356
2375 12355
2376 12354
2377 12353
2378 12352
2379 12351
2380 12350
2381 12277
2382 12276
2383 12275
2384 12274
2385 12273
2386 12272
2387 12271
2388 12451
2389 12450
2390 12449
2391 12448
2392 12447
2393 12446
2394 12445
2395 12444
2396 12519
2397 12518
2398 12517
2399 12516
2400 12515
2401 12514
2402 12513
2403 12512
2404 12309
2405 12308
2406 12307
2407 12306
2408 12305
2409 12304
2410 12303
2411 12302
2412 12301
2417 11530
2418 11529
2419 11528
2420 11527
2421 11526
2422 11525
2423 11524
2424 11684
2425 11683
2426 11682
2427 11681
2428 11680
2429 11679
2430 11678
2431 11677
2432 11885
2433 11884
2434 11883
2435 11882
2436 11881
2437 11880
2438 11879
2439 11878
2440 11315
2441 11314
2442 11313
2443 11312
2444 11311
2445 11310
2446 11309
2447 11308
2448 11507
2449 11506
2450 11505
2451 11504
2452 11503
2453 11502
2454 11501
2455 11500
2456 11499
2457 11498
2458 11497
2463 10985
2464 10984
2465 10983
2466 10982
2467 10981
2468 10980
2469 10979
2470 10978
2471 10977
2472 10976
2473 10975
2474 10974
2475 10617
2476 10616
2477 10615
2478 10614
2479 10613
2480 10612
2481 10611
2482 10610
2483 10731
2484 10730
2485 10729
2486 10728
2487 10727
2488 10726
2489 10725
2490 11053
2491 11052
2492 11051
2493 11050
2494 11049
2495 11048
2496 11047
2497 11046
2498 11045
2499 11044
2500 11043
2501 11042
2502 11041
2503 11040
2508 10084
2509 10083
2510 10082
2511 10081
2512 10080
2513 10079
2514 10078
2515 10077
2516 10076
2517 10075
2518 10004
2519 10003
2520 10002
2521 10001
2522 10000
2523 9999
2524 9998
2525 10176
2526 10175
2527 10174
2528 10173
2529 10172
2530 10171
2531 10170
2532 10169
2533 10244
2534 10243
2535 10242
2536 10241
2537 10240
2538 10239
2539 10238
2540 10237
2541 10035
2542 10034
2543 10033
2544 10032
2545 10031
2546 10030
2547 10029
2548 10028
2549 10027
2554 9259
2555 9258
2556 9257
2557 9256
2558 9255
2559 9254
2560 9253
2561 9413
2562 9412
2563 9411
2564 9410
2565 9409
2566 9408
2567 9407
2568 9406
2569 9614
2570 9613
2571 9612
2572 9611
2573 9610
2574 9609
2575 9608
2576 9607
2577 9044
2578 9043
2579 9042
2580 9041
2581 9040
2582 9039
2583 9038
2584 9037
2585 9236
2586 9235
2587 9234
2588 9233
2589 9232
2590 9231
2591 9230
2592 9229
2593 9228
2594 9227
2595 9226
2600 8714
2601 8713
2602 8712
2603 8711
2604 8710
2605 8709
2606 8708
2607 8707
2608 8706
2609 8705
2610 8704
2611 8703
2612 8346
2613 8345
2614 8344
2615 8343
2616 8342
2617 8341
2618 8340
2619 8339
2620 8657
2621 8656
2622 8655
2623 8654
2624 8653
2625 8652
2626 8651
2627 8782
2628 8781
2629 8780
2630 8779
2631 8778
2632 8777
2633 8776
2634 8775
2635 8774
2636 8773
2637 8772
2638 8771
2639 8770
2640 8769
2645 7895
2646 7894
2647 7893
2648 7892
2649 7891
2650 7890
2651 7889
2652 7888
2653 7887
2654 7886
2655 7833
2656 7832
2657 7831
2658 7830
2659 7829
2660 7828
2661 7827
2662 7932
2663 7931
2664 7930
2665 7929
2666 7928
2667 7927
2668 7926
2669 7925
2670 7424
2671 7423
2672 7422
2673 7421
2674 7420
2675 7419
2676 7418
2677 7417
2678 7458
2679 7457
2680 7456
2681 7455
2682 7454
2683 7453
2684 7452
2685 7451
2686 7450
2687 7449
2688 7448
2689 7447
2692 8034
2693 8033
2694 8032
2695 8031
2696 8030
2697 8029
2698 8028
2699 8027
2700 8026
2701 8025
2702 8024
2703 8023
2704 7980
2705 7979
2706 7978
2707 7977
2708 7976
2709 7975
2710 7974
2711 7973
2712 7940
2713 7939
2714 7938
2715 7937
2716 7936
2717 7935
2718 7934
2719 7933
2720 7826
2721 7825
2722 7824
2723 7823
2724 7822
2725 7821
2726 7820
2727 7819
2728 8119
2729 8118
2730 8117
2731 8116
2732 8115
2733 8114
2734 8113
2735 8112
2736 8111
2737 8110
2742 8796
2743 8795
2744 8794
2745 8793
2746 8792
2747 8791
2748 8790
2749 8789
2750 8788
2751 8787
2752 8786
2753 8785
2754 8784
2755 8783
2756 8650
2757 8649
2758 8648
2759 8647
2760 8646
2761 8645
2762 8644
2763 8643
2764 8207
2765 8206
2766 8205
2767 8204
2768 8203
2769 8202
2770 8201
2771 8200
2772 8862
2773 8861
2774 8860
2775 8859
2776 8858
2777 8857
2778 8856
2779 8855
2780 8854
2781 8853
2782 8852
2783 8851
2788 9458
2789 9457
2790 9456
2791 9455
2792 9454
2793 9453
2794 9452
2795 9451
2796 9450
2797 9449
2798 9448
2799 9447
2800 9303
2801 9302
2802 9301
2803 9300
2804 9299
2805 9298
2806 9297
2807 9296
2808 9532
2809 9531
2810 9530
2811 9529
2812 9528
2813 9527
2814 9526
2815 9525
2816 9421
2817 9420
2818 9419
2819 9418
2820 9417
2821 9416
2822 9415
2823 9414
2824 9252
2825 9251
2826 9250
2827 9249
2828 9248
2829 9247
2830 9246
2835 10331
2836 10330
2837 10329
2838 10328
2839 10327
2840 10326
2841 10325
2842 10324
2843 10323
2844 10393
2845 10392
2846 10391
2847 10390
2848 10389
2849 10388
2850 10387
2851 10386
2852 10184
2853 10183
2854 10182
2855 10181
2856 10180
2857 10179
2858 10178
2859 10177
2860 9997
2861 9996
2862 9995
2863 9994
2864 9993
2865 9992
2866 9991
2867 9990
2868 10341
2869 10340
2870 10339
2871 10338
2872 10337
2873 10336
2874 10335
2875 10334
2876 10333
2877 10332
2882 11067
2883 11066
2884 11065
2885 11064
2886 11063
2887 11062
2888 11061
2889 11060
2890 11059
2891 11058
2892 11057
2893 11056
2894 11055
2895 11054
2896 10724
2897 10723
2898 10722
2899 10721
2900 10720
2901 10719
2902 10718
2903 10717
2904 10478
2905 10477
2906 10476
2907 10475
2908 10474
2909 10473
2910 10472
2911 10471
2912 11133
2913 11132
2914 11131
2915 11130
2916 11129
2917 11128
2918 11127
2919 11126
2920 11125
2921 11124
2922 11123
2923 11122
2928 11729
2929 11728
2930 11727
2931 11726
2932 11725
2933 11724
2934 11723
2935 11722
2936 11721
2937 11720
2938 11719
2939 11718
2940 11574
2941 11573
2942 11572
2943 11571
2944 11570
2945 11569
2946 11568
2947 11567
2948 11803
2949 11802
2950 11801
2951 11800
2952 11799
2953 11798
2954 11797
2955 11796
2956 11692
2957 11691
2958 11690
2959 11689
2960 11688
2961 11687
2962 11686
2963 11685
2964 11523
2965 11522
2966 11521
2967 11520
2968 11519
2969 11518
2970 11517
2975 12607
2976 12606
2977 12605
2978 12604
2979 12603
2980 12602
2981 12601
2982 12600
2983 12599
2984 12670
2985 12669
2986 12668
2987 12667
2988 12666
2989 12665
2990 12664
2991 12663
2992 12459
2993 12458
2994 12457
2995 12456
2996 12455
2997 12454
2998 12453
2999 12452
3000 12270
3001 12269
3002 12268
3003 12267
3004 12266
3005 12265
3006 12264
3007 12263
3008 12617
3009 12616
3010 12615
3011 12614
3012 12613
3013 12612
3014 12611
3015 12610
3016 12609
3017 12608
3022 13338
3023 13337
3024 13336
3025 13335
3026 13334
3027 13333
3028 13332
3029 13331
3030 13330
3031 13329
3032 13328
3033 13327
3034 13326
3035 13325
3036 12999
3037 12998
3038 12997
3039 12996
3040 12995
3041 12994
3042 12993
3043 12992
3044 12754
3045 12753
3046 12752
3047 12751
3048 12750
3049 12749
3050 12748
3051 12747
3052 13404
3053 13403
3054 13402
3055 13401
3056 13400
3057 13399
3058 13398
3059 13397
3060 13396
3061 13395
3062 13394
3063 13393
3068 13928
3069 13927
3070 13926
3071 13925
3072 13924
3073 13923
3074 13922
3075 13921
3076 13920
3077 13919
3078 13918
3079 13917
3080 13781
3081 13780
3082 13779
3083 13778
3084 13777
3085 13776
3086 13775
3087 13774
3088 13976
3089 13975
3090 13974
3091 13973
3092 13972
3093 13971
3094 13970
3095 13969
3096 13900
3097 13899
3098 13898
3099 13897
3100 13896
3101 13895
3102 13894
3103 13893
3104 14034
3105 14033
3106 14032
3107 14031
3108 14030
3109 14029
3110 14028
3111 14027
3112 14026
3115 14178
3116 14177
3117 14176
3118 14175
3119 14174
3120 14173
3121 14172
3122 14171
3123 14170
3124 14169
3125 14168
3126 14167
3127 14166
3128 14165
3129 14164
3130 14163
3131 14162
3132 13984
3133 13983
3134 13982
3135 13981
3136 13980
3137 13979
3138 13978
3139 13977
3140 13773
3141 13772
3142 13771
3143 13770
3144 13769
3145 13768
3146 13767
3147 13766
3148 13939
3149 13938
3150 13937
3151 13936
3152 13935
3153 13934
3154 13933
3155 13932
3156 13931
3157 13930
3158 13929
3163 13416
3164 13415
3165 13414
3166 13413
3167 13412
3168 13411
3169 13410
3170 13409
3171 13408
3172 13407
3173 13406
3174 13405
3175 12746
3176 12745
3177 12744
3178 12743
3179 12742
3180 12741
3181 12740
3182 12739
3183 12853
3184 12852
3185 12851
3186 12850
3187 12849
3188 12848
3189 12847
3190 12846
3191 12845
3192 12844
3193 12843
3194 12842
3195 12841
3196 12840
3197 12839
3198 12838
3199 12837
3200 12836
3201 12835
3202 12834
3203 12833
3208 12648
3209 12647
3210 12646
3211 12645
3212 12644
3213 12643
3214 12642
3215 12641
3216 12640
3217 12639
3218 12566
3219 12565
3220 12564
3221 12563
3222 12562
3223 12561
3224 12560
3225 12559
3226 12558
3227 12557
3228 12556
3229 12555
3230 12554
3231 12553
3232 12552
3233 12678
3234 12677
3235 12676
3236 12675
3237 12674
3238 12673
3239 12672
3240 12671
3241 12598
3242 12597
3243 12596
3244 12595
3245 12594
3246 12593
3247 12592
3248 12591
3249 12590
3254 11932
3255 11931
3256 11930
3257 11929
3258 11928
3259 11927
3260 11926
3261 11925
3262 11924
3263 11923
3264 11922
3265 11921
3266 11920
3267 11919
3268 11918
3269 11811
3270 11810
3271 11809
3272 11808
3273 11807
3274 11806
3275 11805
3276 11804
3277 11566
3278 11565
3279 11564
3280 11563
3281 11562
3282 11561
3283 11560
3284 11559
3285 11758
3286 11757
3287 11756
3288 11755
3289 11754
3290 11753
3291 11752
3292 11751
3293 11750
3294 11749
3295 11748
3300 11145
3301 11144
3302 11143
3303 11142
3304 11141
3305 11140
3306 11139
3307 11138
3308 11137
3309 11136
3310 11135
3311 11134
3312 10470
3313 10469
3314 10468
3315 10467
3316 10466
3317 10465
3318 10464
3319 10463
3320 10578
3321 10577
3322 10576
3323 10575
3324 10574
3325 10573
3326 10572
3327 10571
3328 10570
3329 10569
3330 10568
3331 10567
3332 10566
3333 10565
3334 10564
3335 10563
3336 10562
3337 10561
3338 10560
3339 10559
3340 10558
3345 10371
3346 10370
3347 10369
3348 10368
3349 10367
3350 10366
3351 10365
3352 10364
3353 10363
3354 10362
3355 10291
3356 10290
3357 10289
3358 10288
3359 10287
3360 10286
3361 10285
3362 10284
3363 10283
3364 10282
3365 10281
3366 10280
3367 10279
3368 10278
3369 10277
3370 10401
3371 10400
3372 10399
3373 10398
3374 10397
3375 10396
3376 10395
3377 10394
3378 10322
3379 10321
3380 10320
3381 10319
3382 10318
3383 10317
3384 10316
3385 10315
3386 10314
3391 9661
3392 9660
3393 9659
3394 9658
3395 9657
3396 9656
3397 9655
3398 9654
3399 9653
3400 9652
3401 9651
3402 9650
3403 9649
3404 9648
3405 9647
3406 9540
3407 9539
3408 9538
3409 9537
3410 9536
3411 9535
3412 9534
3413 9533
3414 9295
3415 9294
3416 9293
3417 9292
3418 9291
3419 9290
3420 9289
3421 9288
3422 9487
3423 9486
3424 9485
3425 9484
3426 9483
3427 9482
3428 9481
3429 9480
3430 9479
3431 9478
3432 9477
3437 8874
3438 8873
3439 8872
3440 8871
3441 8870
3442 8869
3443 8868
3444 8867
3445 8866
3446 8865
3447 8864
3448 8863
3449 8199
3450 8198
3451 8197
3452 8196
3453 8195
3454 8194
3455 8193
3456 8192
3457 8307
3458 8306
3459 8305
3460 8304
3461 8303
3462 8302
3463 8301
3464 8300
3465 8299
3466 8298
3467 8297
3468 8296
3469 8295
3470 8294
3471 8293
3472 8292
3473 8291
3474 8290
3475 8289
3476 8288
3477 8287
3482 8149
3483 8148
3484 8147
3485 8146
3486 8145
3487 8144
3488 8143
3489 8142
3490 8141
3491 8140
3492 8087
3493 8086
3494 8085
3495 8084
3496 8083
3497 8082
3498 8081
3499 8080
3500 8079
3501 8078
3502 8077
3503 8076
3504 8075
3505 8074
3506 8073
3507 7988
3508 7987
3509 7986
3510 7985
3511 7984
3512 7983
3513 7982
3514 7981
3515 8022
3516 8021
3517 8020
3518 8019
3519 8018
3520 8017
3521 8016
3522 8015
3523 8014
3524 8013
3525 8012
3526 8011
3529 7964
3530 7963
3531 7962
3532 7961
3533 7960
3534 7959
3535 7958
3536 7957
3537 7956
3538 7955
3539 7954
3540 7953
3541 7952
3542 7951
3543 7950
3544 7949
3545 8095
3546 8094
3547 8093
3548 8092
3549 8091
3550 8090
3551 8089
3552 8088
3553 8139
3554 8138
3555 8137
3556 8136
3557 8135
3558 8134
3559 8133
3564 8850
3565 8849
3566 8848
3567 8847
3568 8846
3569 8845
3570 8844
3571 8843
3572 8842
3573 8841
3574 8840
3575 8839
3576 8315
3577 8314
3578 8313
3579 8312
3580 8311
3581 8310
3582 8309
3583 8308
3584 8191
3585 8190
3586 8189
3587 8188
3588 8187
3589 8186
3590 8185
3591 8184
3592 8183
3593 8182
3594 8181
3595 8180
3596 8179
3597 8178
3598 8177
3599 8176
3600 8175
3601 8174
3606 9496
3607 9495
3608 9494
3609 9493
3610 9492
3611 9491
3612 9490
3613 9489
3614 9488
3615 9287
3616 9286
3617 9285
3618 9284
3619 9283
3620 9282
3621 9281
3622 9280
3623 9279
3624 9278
3625 9277
3626 9276
3627 9275
3628 9274
3629 9273
3630 9272
3631 9271
3632 9270
3633 9269
3634 9268
3635 9267
3636 9266
3637 9265
3638 9264
3639 9263
3640 9262
3641 9261
3642 9260
3647 10214
3648 10213
3649 10212
3650 10211
3651 10210
3652 10209
3653 10208
3654 10207
3655 10206
3656 10205
3657 10204
3658 10203
3659 10202
3660 10201
3661 10200
3662 10199
3663 10198
3664 10197
3665 10196
3666 10195
3667 10194
3668 10193
3669 10299
3670 10298
3671 10297
3672 10296
3673 10295
3674 10294
3675 10293
3676 10292
3677 10361
3678 10360
3679 10359
3680 10358
3681 10357
3682 10356
3683 10355
3688 11121
3689 11120
3690 11119
3691 11118
3692 11117
3693 11116
3694 11115
3695 11114
3696 11113
3697 11112
3698 11111
3699 11110
3700 10586
3701 10585
3702 10584
3703 10583
3704 10582
3705 10581
3706 10580
3707 10579
3708 10462
3709 10461
3710 10460
3711 10459
3712 10458
3713 10457
3714 10456
3715 10455
3716 10454
3717 10453
3718 10452
3719 10451
3720 10450
3721 10449
3722 10448
3723 10447
3724 10446
3725 10445
3730 11767
3731 11766
3732 11765
3733 11764
3734 11763
3735 11762
3736 11761
3737 11760
3738 11759
3739 11558
3740 11557
3741 11556
3742 11555
3743 11554
3744 11553
3745 11552
3746 11551
3747 11550
3748 11549
3749 11548
3750 11547
3751 11546
3752 11545
3753 11544
3754 11543
3755 11542
3756 11541
3757 11540
3758 11539
3759 11538
3760 11537
3761 11536
3762 11535
3763 11534
3764 11533
3765 11532
3766 11531
3771 12489
3772 12488
3773 12487
3774 12486
3775 12485
3776 12484
3777 12483
3778 12482
3779 12481
3780 12480
3781 12479
3782 12478
3783 12477
3784 12476
3785 12475
3786 12474
3787 12473
3788 12472
3789 12471
3790 12470
3791 12469
3792 12468
3793 12574
3794 12573
3795 12572
3796 12571
3797 12570
3798 12569
3799 12568
3800 12567
3801 12638
3802 12637
3803 12636
3804 12635
3805 12634
3806 12633
3807 12632
3808 12631
3813 13392
3814 13391
3815 13390
3816 13389
3817 13388
3818 13387
3819 13386
3820 13385
3821 13384
3822 13383
3823 13382
3824 13381
3825 12861
3826 12860
3827 12859
3828 12858
3829 12857
3830 12856
3831 12855
3832 12854
3833 12738
3834 12737
3835 12736
3836 12735
3837 12734
3838 12733
3839 12732
3840 12731
3841 12730
3842 12729
3843 12728
3844 12727
3845 12726
3846 12725
3847 12724
3848 12723
3849 12722
3854 13949
3855 13948
3856 13947
3857 13946
3858 13945
3859 13944
3860 13943
3861 13942
3862 13941
3863 13940
3864 13765
3865 13764
3866 13763
3867 13762
3868 13761
3869 13760
3870 13759
3871 13758
3872 13757
3873 13756
3874 13755
3875 13754
3876 13753
3877 13752
3878 13751
3879 13750
3880 13749
3881 13748
3882 13747
3885 13903
3886 13902
3887 13901
3888 13968
3889 13967
3890 13966
3891 13965
3892 13964
3893 13963
3894 13962
3895 13961
3896 13554
3897 13553
3898 13552
3899 13551
3900 13550
3901 13549
3902 13548
3903 13547
3904 13546
3905 13545
3906 13544
3907 13543
3908 13542
3909 13541
3910 13540
3911 13539
3912 13538
3917 13310
3918 13309
3919 13308
3920 13307
3921 13306
3922 13305
3923 13304
3924 13303
3925 13302
3926 12876
3927 12875
3928 12874
3929 12873
3930 12872
3931 12871
3932 12870
3933 12869
3934 12868
3935 12867
3936 12866
3937 12865
3938 12864
3939 12863
3940 12862
3941 13380
3942 13379
3943 13378
3944 13377
3945 13376
3946 13375
3947 13374
3948 13373
3949 13372
3950 13371
3951 13370
3952 13369
3957 12589
3958 12588
3959 12587
3960 12586
3961 12585
3962 12584
3963 12583
3964 12582
3965 12581
3966 12580
3967 12579
3968 12578
3969 12577
3970 12576
3971 12575
3972 12467
3973 12466
3974 12465
3975 12464
3976 12463
3977 12462
3978 12461
3979 12460
3980 12662
3981 12661
3982 12660
3983 12659
3984 12658
3985 12657
3986 12656
3987 12655
3988 12654
3989 12653
3990 12652
3991 12651
3992 12650
3993 12649
3998 11704
3999 11703
4000 11702
4001 11701
4002 11700
4003 11699
4004 11698
4005 11697
4006 11696
4007 11695
4008 11694
4009 11693
4010 11795
4011 11794
4012 11793
4013 11792
4014 11791
4015 11790
4016 11789
4017 11788
4018 11299
4019 11298
4020 11297
4021 11296
4022 11295
4023 11294
4024 11293
4025 11292
4026 11291
4027 11290
4028 11289
4029 11288
4030 11287
4031 11286
4032 11285
4033 11284
4038 11039
4039 11038
4040 11037
4041 11036
4042 11035
4043 11034
4044 11033
4045 11032
4046 11031
4047 11030
4048 10601
4049 10600
4050 10599
4051 10598
4052 10597
4053 10596
4054 10595
4055 10594
4056 10593
4057 10592
4058 10591
4059 10590
4060 10589
4061 10588
4062 10587
4063 11109
4064 11108
4065 11107
4066 11106
4067 11105
4068 11104
4069 11103
4070 11102
4071 11101
4072 11100
4073 11099
4074 11098
4079 10313
4080 10312
4081 10311
4082 10310
4083 10309
4084 10308
4085 10307
4086 10306
4087 10305
4088 10304
4089 10303
4090 10302
4091 10301
4092 10300
4093 10192
4094 10191
4095 10190
4096 10189
4097 10188
4098 10187
4099 10186
4100 10185
4101 10385
4102 10384
4103 10383
4104 10382
4105 10381
4106 10380
4107 10379
4108 10378
4109 10377
4110 10376
4111 10375
4112 10374
4113 10373
4114 10372
4119 9433
4120 9432
4121 9431
4122 9430
4123 9429
4124 9428
4125 9427
4126 9426
4127 9425
4128 9424
4129 9423
4130 9422
4131 9524
4132 9523
4133 9522
4134 9521
4135 9520
4136 9519
4137 9518
4138 9517
4139 9028
4140 9027
4141 9026
4142 9025
4143 9024
4144 9023
4145 9022
4146 9021
4147 9020
4148 9019
4149 9018
4150 9017
4151 9016
4152 9015
4153 9014
4154 9013
4159 8768
4160 8767
4161 8766
4162 8765
4163 8764
4164 8763
4165 8762
4166 8761
4167 8760
4168 8759
4169 8330
4170 8329
4171 8328
4172 8327
4173 8326
4174 8325
4175 8324
4176 8323
4177 8322
4178 8321
4179 8320
4180 8319
4181 8318
4182 8317
4183 8316
4184 8838
4185 8837
4186 8836
4187 8835
4188 8834
4189 8833
4190 8832
4191 8831
4192 8830
4193 8829
4194 8828
4195 8827
4200 8109
4201 8108
4202 8107
4203 8106
4204 8105
4205 8104
4206 8103
4207 8102
4208 8101
4209 8100
4210 8099
4211 8098
4212 8097
4213 8096
4214 7948
4215 7947
4216 7946
4217 7945
4218 7944
4219 7943
4220 7942
4221 7941
4222 7972
4223 7971
4224 7970
4225 7969
4226 7968
4227 7967
4228 7966
4229 7965
4232 7790
4233 7789
4234 7788
4235 7787
4236 7786
4237 7785
4238 7784
4239 7783
4240 7782
4241 7781
4242 7780
4243 7779
4244 7778
4245 7777
4246 7776
4247 7775
4248 7841
4249 7840
4250 7839
4251 7838
4252 7837
4253 7836
4254 7835
4255 7834
4256 7885
4257 7884
4258 7883
4259 7882
4260 7881
4261 7880
4262 7879
4267 8604
4268 8603
4269 8602
4270 8601
4271 8600
4272 8599
4273 8598
4274 8597
4275 8596
4276 8595
4277 8594
4278 8593
4279 8665
4280 8664
4281 8663
4282 8662
4283 8661
4284 8660
4285 8659
4286 8658
4287 8338
4288 8337
4289 8336
4290 8335
4291 8334
4292 8333
4293 8332
4294 8331
4295 8758
4296 8757
4297 8756
4298 8755
4299 8754
4300 8753
4301 8752
4302 8751
4303 8750
4304 8749
4309 9245
4310 9244
4311 9243
4312 9242
4313 9241
4314 9240
4315 9239
4316 9238
4317 9237
4318 9036
4319 9035
4320 9034
4321 9033
4322 9032
4323 9031
4324 9030
4325 9029
4326 9516
4327 9515
4328 9514
4329 9513
4330 9512
4331 9511
4332 9510
4333 9509
4334 9508
4335 9507
4336 9506
4337 9505
4338 9504
4339 9503
4340 9502
4341 9501
4342 9500
4343 9499
4344 9498
4345 9497
4350 9961
4351 9960
4352 9959
4353 9958
4354 9957
4355 9956
4356 9955
4357 9954
4358 9953
4359 9952
4360 9951
4361 9950
4362 9949
4363 9948
4364 9947
4365 9946
4366 9945
4367 9944
4368 9943
4369 9942
4370 9941
4371 9940
4372 10012
4373 10011
4374 10010
4375 10009
4376 10008
4377 10007
4378 10006
4379 10005
4380 10074
4381 10073
4382 10072
4383 10071
4384 10070
4385 10069
4386 10068
4391 10961
4392 10960
4393 10959
4394 10958
4395 10957
4396 10956
4397 10955
4398 10954
4399 10953
4400 10952
4401 10951
4402 10950
4403 10739
4404 10738
4405 10737
4406 10736
4407 10735
4408 10734
4409 10733
4410 10732
4411 10609
4412 10608
4413 10607
4414 10606
4415 10605
4416 10604
4417 10603
4418 10602
4419 11029
4420 11028
4421 11027
4422 11026
4423 11025
4424 11024
4425 11023
4426 11022
4427 11021
4428 11020
4433 11516
4434 11515
4435 11514
4436 11513
4437 11512
4438 11511
4439 11510
4440 11509
4441 11508
4442 11307
4443 11306
4444 11305
4445 11304
4446 11303
4447 11302
4448 11301
4449 11300
4450 11787
4451 11786
4452 11785
4453 11784
4454 11783
4455 11782
4456 11781
4457 11780
4458 11779
4459 11778
4460 11777
4461 11776
4462 11775
4463 11774
4464 11773
4465 11772
4466 11771
4467 11770
4468 11769
4469 11768
4474 12234
4475 12233
4476 12232
4477 12231
4478 12230
4479 12229
4480 12228
4481 12227
4482 12226
4483 12225
4484 12224
4485 12223
4486 12222
4487 12221
4488 12220
4489 12219
4490 12218
4491 12217
4492 12216
4493 12215
4494 12214
4495 12213
4496 12285
4497 12284
4498 12283
4499 12282
4500 12281
4501 12280
4502 12279
4503 12278
4504 12349
4505 12348
4506 12347
4507 12346
4508 12345
4509 12344
4510 12343
4511 12342
4516 13234
4517 13233
4518 13232
4519 13231
4520 13230
4521 13229
4522 13228
4523 13227
4524 13226
4525 13225
4526 13224
4527 13223
4528 13014
4529 13013
4530 13012
4531 13011
4532 13010
4533 13009
4534 13008
4535 13007
4536 12884
4537 12883
4538 12882
4539 12881
4540 12880
4541 12879
4542 12878
4543 12877
4544 13301
4545 13300
4546 13299
4547 13298
4548 13297
4549 13296
4550 13295
4551 13294
4552 13293
4557 13746
4558 13745
4559 13744
4560 13743
4561 13742
4562 13741
4563 13740
4564 13739
4565 13738
4566 13737
4567 13562
4568 13561
4569 13560
4570 13559
4571 13558
4572 13557
4573 13556
4574 13555
4575 13960
4576 13959
4577 13958
4578 13957
4579 13956
4580 13955
4581 13954
4582 13953
4583 13952
4584 13951
4585 13950
4588 13700
4589 13699
4590 13698
4591 14113
4592 14112
4593 14111
4594 14110
4595 14109
4596 14108
4597 14107
4598 14106
4599 13625
4600 13624
4601 13623
4602 13622
4603 13621
4604 13620
4605 13619
4606 13618
4607 13617
4608 13616
4609 13615
4610 13614
4611 13613
4612 13612
4613 13611
4614 13610
4615 13609
4620 13152
4621 13151
4622 13150
4623 13149
4624 13148
4625 13147
4626 13146
4627 13145
4628 13144
4629 13029
4630 13028
4631 13027
4632 13026
4633 13025
4634 13024
4635 13023
4636 13022
4637 13021
4638 13020
4639 13019
4640 13018
4641 13017
4642 13016
4643 13015
4644 13222
4645 13221
4646 13220
4647 13219
4648 13218
4649 13217
4650 13216
4651 13215
4652 13214
4653 13213
4654 13212
4655 13211
4660 12300
4661 12299
4662 12298
4663 12297
4664 12296
4665 12295
4666 12294
4667 12293
4668 12292
4669 12291
4670 12290
4671 12289
4672 12288
4673 12287
4674 12286
4675 12212
4676 12211
4677 12210
4678 12209
4679 12208
4680 12207
4681 12206
4682 12205
4683 12503
4684 12502
4685 12501
4686 12500
4687 12499
4688 12498
4689 12497
4690 12496
4691 12495
4692 12494
4693 12493
4694 12492
4695 12491
4696 12490
4701 11453
4702 11452
4703 11451
4704 11450
4705 11449
4706 11448
4707 11447
4708 11446
4709 11445
4710 11444
4711 11443
4712 11442
4713 11869
4714 11868
4715 11867
4716 11866
4717 11865
4718 11864
4719 11863
4720 11862
4721 11369
4722 11368
4723 11367
4724 11366
4725 11365
4726 11364
4727 11363
4728 11362
4729 11361
4730 11360
4731 11359
4732 11358
4733 11357
4734 11356
4735 11355
4736 11354
4741 10879
4742 10878
4743 10877
4744 10876
4745 10875
4746 10874
4747 10873
4748 10872
4749 10871
4750 10870
4751 10754
4752 10753
4753 10752
4754 10751
4755 10750
4756 10749
4757 10748
4758 10747
4759 10746
4760 10745
4761 10744
4762 10743
4763 10742
4764 10741
4765 10740
4766 10949
4767 10948
4768 10947
4769 10946
4770 10945
4771 10944
4772 10943
4773 10942
4774 10941
4775 10940
4776 10939
4777 10938
4782 10026
4783 10025
4784 10024
4785 10023
4786 10022
4787 10021
4788 10020
4789 10019
4790 10018
4791 10017
4792 10016
4793 10015
4794 10014
4795 10013
4796 9939
4797 9938
4798 9937
4799 9936
4800 9935
4801 9934
4802 9933
4803 9932
4804 10228
4805 10227
4806 10226
4807 10225
4808 10224
4809 10223
4810 10222
4811 10221
4812 10220
4813 10219
4814 10218
4815 10217
4816 10216
4817 10215
4822 9182
4823 9181
4824 9180
4825 9179
4826 9178
4827 9177
4828 9176
4829 9175
4830 9174
4831 9173
4832 9172
4833 9171
4834 9598
4835 9597
4836 9596
4837 9595
4838 9594
4839 9593
4840 9592
4841 9591
4842 9098
4843 9097
4844 9096
4845 9095
4846 9094
4847 9093
4848 9092
4849 9091
4850 9090
4851 9089
4852 9088
4853 9087
4854 9086
4855 9085
4856 9084
4857 9083
4862 8690
4863 8689
4864 8688
4865 8687
4866 8686
4867 8685
4868 8684
4869 8683
4870 8682
4871 8681
4872 8680
4873 8679
4874 8678
4875 8677
4876 8676
4877 8675
4878 8674
4879 8673
4880 8672
4881 8671
4882 8670
4883 8669
4884 8668
4885 8667
4886 8666
4887 8592
4888 8591
4889 8590
4890 8589
4891 8588
4892 8587
4893 8586
4894 8585
4895 8584
4896 8583
4897 8582
4898 8581
4903 7855
4904 7854
4905 7853
4906 7852
4907 7851
4908 7850
4909 7849
4910 7848
4911 7847
4912 7846
4913 7845
4914 7844
4915 7843
4916 7842
4917 7774
4918 7773
4919 7772
4920 7771
4921 7770
4922 7769
4923 7768
4924 7767
4925 7408
4926 7407
4927 7406
4928 7405
4929 7404
4930 7403
4931 7402
4932 7401
4935 7661
4936 7660
4937 7659
4938 7658
4939 7657
4940 7656
4941 7655
4942 7654
4943 7653
4944 7652
4945 7651
4946 7650
4947 7649
4948 7648
4949 7647
4950 7646
4951 7645
4952 7644
4953 7643
4954 7642
4955 7641
4956 7640
4957 7639
4958 7638
4959 7637
4960 7530
4961 7529
4962 7528
4963 7527
4964 7526
4965 7525
4966 7524
4967 7523
4968 7574
4969 7573
4970 7572
4971 7571
4972 7570
4973 7569
4974 7568
4979 8173
4980 8172
4981 8171
4982 8170
4983 8169
4984 8168
4985 8167
4986 8166
4987 8165
4988 8164
4989 8163
4990 8162
4991 8261
4992 8260
4993 8259
4994 8258
4995 8257
4996 8256
4997 8255
4998 8254
4999 8425
5000 8424
5001 8423
5002 8422
5003 8421
5004 8420
5005 8419
5006 8418
5007 8417
5008 8416
5009 8415
5010 8414
5011 8413
5012 8412
5013 8411
5014 8410
5015 8409
5016 8408
5021 8998
5022 8997
5023 8996
5024 8995
5025 8994
5026 8993
5027 8992
5028 8991
5029 8990
5030 9106
5031 9105
5032 9104
5033 9103
5034 9102
5035 9101
5036 9100
5037 9099
5038 9590
5039 9589
5040 9588
5041 9587
5042 9586
5043 9585
5044 9584
5045 9583
5046 9582
5047 9581
5048 9580
5049 9579
5050 9578
5051 9577
5052 9576
5053 9575
5054 9574
5055 9573
5056 9572
5057 9571
5062 9735
5063 9734
5064 9733
5065 9732
5066 9731
5067 9730
5068 9729
5069 9728
5070 9727
5071 9726
5072 9725
5073 9724
5074 9723
5075 9722
5076 9721
5077 9720
5078 9719
5079 9718
5080 9717
5081 9716
5082 9715
5083 9714
5084 9786
5085 9785
5086 9784
5087 9783
5088 9782
5089 9781
5090 9780
5091 9779
5092 9848
5093 9847
5094 9846
5095 9845
5096 9844
5097 9843
5098 9842
5103 10444
5104 10443
5105 10442
5106 10441
5107 10440
5108 10439
5109 10438
5110 10437
5111 10436
5112 10435
5113 10434
5114 10433
5115 10532
5116 10531
5117 10530
5118 10529
5119 10528
5120 10527
5121 10526
5122 10525
5123 10762
5124 10761
5125 10760
5126 10759
5127 10758
5128 10757
5129 10756
5130 10755
5131 10869
5132 10868
5133 10867
5134 10866
5135 10865
5136 10864
5137 10863
5138 10862
5139 10861
5140 10860
5145 11269
5146 11268
5147 11267
5148 11266
5149 11265
5150 11264
5151 11263
5152 11262
5153 11261
5154 11377
5155 11376
5156 11375
5157 11374
5158 11373
5159 11372
5160 11371
5161 11370
5162 11861
5163 11860
5164 11859
5165 11858
5166 11857
5167 11856
5168 11855
5169 11854
5170 11853
5171 11852
5172 11851
5173 11850
5174 11849
5175 11848
5176 11847
5177 11846
5178 11845
5179 11844
5180 11843
5181 11842
5186 12006
5187 12005
5188 12004
5189 12003
5190 12002
5191 12001
5192 12000
5193 11999
5194 11998
5195 11997
5196 11996
5197 11995
5198 11994
5199 11993
5200 11992
5201 11991
5202 11990
5203 11989
5204 11988
5205 11987
5206 11986
5207 11985
5208 12064
5209 12063
5210 12062
5211 12061
5212 12060
5213 12059
5214 12058
5215 12057
5216 12128
5217 12127
5218 12126
5219 12125
5220 12124
5221 12123
5222 12122
5223 12121
5228 12721
5229 12720
5230 12719
5231 12718
5232 12717
5233 12716
5234 12715
5235 12714
5236 12713
5237 12712
5238 12711
5239 12710
5240 12808
5241 12807
5242 12806
5243 12805
5244 12804
5245 12803
5246 12802
5247 12801
5248 13037
5249 13036
5250 13035
5251 13034
5252 13033
5253 13032
5254 13031
5255 13030
5256 13143
5257 13142
5258 13141
5259 13140
5260 13139
5261 13138
5262 13137
5263 13136
5264 13135
5269 13537
5270 13536
5271 13535
5272 13534
5273 13533
5274 13532
5275 13531
5276 13530
5277 13529
5278 13528
5279 13633
5280 13632
5281 13631
5282 13630
5283 13629
5284 13628
5285 13627
5286 13626
5287 14105
5288 14104
5289 14103
5290 14102
5291 14101
5292 14100
5293 14099
5294 14098
5295 14097
5296 14096
5297 14095
5298 14094
5299 14093
5300 14092
5301 14091
5302 14090
5303 14089
5304 14088
5305 14087
5306 14086
5307 14085
5308 14084
5311 13464
5312 13463
5313 13462
5314 13461
5315 13460
5316 13459
5317 13458
5318 13457
5319 13456
5320 13455
5321 13454
5322 13453
5323 13452
5324 13451
5325 13836
5326 13835
5327 13834
5328 13833
5329 13832
5330 13831
5331 13830
5332 13829
5333 13828
5334 13827
5335 13826
5336 13825
5337 13824
5338 13823
5339 13822
5340 13821
5341 13820
5342 13819
5343 13818
5344 13817
5345 13816
5346 13815
5347 13814
5348 13813
5349 13812
5354 12832
5355 12831
5356 12830
5357 12829
5358 12828
5359 12827
5360 12826
5361 12825
5362 12824
5363 12823
5364 12822
5365 12821
5366 12820
5367 12819
5368 12818
5369 12817
5370 12816
5371 12815
5372 12814
5373 12813
5374 12812
5375 12811
5376 12810
5377 12809
5378 12709
5379 12708
5380 12707
5381 12706
5382 12705
5383 12704
5384 12703
5385 12702
5386 12701
5387 12700
5388 12699
5389 12698
5394 12079
5395 12078
5396 12077
5397 12076
5398 12075
5399 12074
5400 12073
5401 12072
5402 12071
5403 12070
5404 12069
5405 12068
5406 12067
5407 12066
5408 12065
5409 11984
5410 11983
5411 11982
5412 11981
5413 11980
5414 11979
5415 11978
5416 11977
5417 12395
5418 12394
5419 12393
5420 12392
5421 12391
5422 12390
5423 12389
5424 12388
5425 12387
5426 12386
5427 12385
5428 12384
5429 12383
5430 12382
5435 11206
5436 11205
5437 11204
5438 11203
5439 11202
5440 11201
5441 11200
5442 11199
5443 11198
5444 11197
5445 11196
5446 11195
5447 11628
5448 11627
5449 11626
5450 11625
5451 11624
5452 11623
5453 11622
5454 11621
5455 11620
5456 11619
5457 11618
5458 11617
5459 11616
5460 11615
5461 11614
5462 11613
5463 11612
5464 11611
5465 11610
5466 11609
5467 11608
5468 11607
5469 11606
5470 11605
5475 10557
5476 10556
5477 10555
5478 10554
5479 10553
5480 10552
5481 10551
5482 10550
5483 10549
5484 10548
5485 10547
5486 10546
5487 10545
5488 10544
5489 10543
5490 10542
5491 10541
5492 10540
5493 10539
5494 10538
5495 10537
5496 10536
5497 10535
5498 10534
5499 10533
5500 10432
5501 10431
5502 10430
5503 10429
5504 10428
5505 10427
5506 10426
5507 10425
5508 10424
5509 10423
5510 10422
5511 10421
5516 9800
5517 9799
5518 9798
5519 9797
5520 9796
5521 9795
5522 9794
5523 9793
5524 9792
5525 9791
5526 9790
5527 9789
5528 9788
5529 9787
5530 9713
5531 9712
5532 9711
5533 9710
5534 9709
5535 9708
5536 9707
5537 9706
5538 10120
5539 10119
5540 10118
5541 10117
5542 10116
5543 10115
5544 10114
5545 10113
5546 10112
5547 10111
5548 10110
5549 10109
5550 10108
5551 10107
5556 8935
5557 8934
5558 8933
5559 8932
5560 8931
5561 8930
5562 8929
5563 8928
5564 8927
5565 8926
5566 8925
5567 8924
5568 9357
5569 9356
5570 9355
5571 9354
5572 9353
5573 9352
5574 9351
5575 9350
5576 9349
5577 9348
5578 9347
5579 9346
5580 9345
5581 9344
5582 9343
5583 9342
5584 9341
5585 9340
5586 9339
5587 9338
5588 9337
5589 9336
5590 9335
5591 9334
5596 8286
5597 8285
5598 8284
5599 8283
5600 8282
5601 8281
5602 8280
5603 8279
5604 8278
5605 8277
5606 8276
5607 8275
5608 8274
5609 8273
5610 8272
5611 8271
5612 8270
5613 8269
5614 8268
5615 8267
5616 8266
5617 8265
5618 8264
5619 8263
5620 8262
5621 8161
5622 8160
5623 8159
5624 8158
5625 8157
5626 8156
5627 8155
5628 8154
5629 8153
5630 8152
5631 8151
5632 8150
5637 7544
5638 7543
5639 7542
5640 7541
5641 7540
5642 7539
5643 7538
5644 7537
5645 7536
5646 7535
5647 7534
5648 7533
5649 7532
5650 7531
5651 7636
5652 7635
5653 7634
5654 7633
5655 7632
5656 7631
5657 7630
5658 7629
5659 7702
5660 7701
5661 7700
5662 7699
5663 7698
5664 7697
5665 7696
5666 7695
5667 7694
5668 7693
5669 7692
5670 7691
5671 7690
5672 7689
5673 7688
5674 7687
5675 7686
5678 7685
5679 7684
5680 7683
5681 7682
5682 7681
5683 7680
5684 7679
5685 7678
5686 7677
5687 7676
5688 7675
5689 7674
5690 7710
5691 7709
5692 7708
5693 7707
5694 7706
5695 7705
5696 7704
5697 7703
5698 7628
5699 7627
5700 7626
5701 7625
5702 7624
5703 7623
5704 7622
5705 7621
5706 7620
5707 7619
5708 7618
5709 7617
5710 7616
5711 7615
5712 7614
5713 7613
5714 7554
5715 7553
5716 7552
5717 7551
5718 7550
5719 7549
5720 7548
5721 7547
5722 7546
5723 7545
5728 8407
5729 8406
5730 8405
5731 8404
5732 8403
5733 8402
5734 8401
5735 8400
5736 8399
5737 8398
5738 8397
5739 8396
5740 8395
5741 8394
5742 8393
5743 8392
5744 8391
5745 8390
5746 8389
5747 8388
5748 8387
5749 8386
5750 8441
5751 8440
5752 8439
5753 8438
5754 8437
5755 8436
5756 8435
5757 8434
5758 8476
5759 8475
5760 8474
5761 8473
5762 8472
5763 8471
5764 8470
5765 8469
5766 8468
5767 8467
5768 8466
5769 8465
5774 8960
5775 8959
5776 8958
5777 8957
5778 8956
5779 8955
5780 8954
5781 8953
5782 8952
5783 8951
5784 8950
5785 8949
5786 9122
5787 9121
5788 9120
5789 9119
5790 9118
5791 9117
5792 9116
5793 9115
5794 9365
5795 9364
5796 9363
5797 9362
5798 9361
5799 9360
5800 9359
5801 9358
5802 8923
5803 8922
5804 8921
5805 8920
5806 8919
5807 8918
5808 8917
5809 8916
5810 8915
5811 8914
5812 8913
5813 8912
5814 8911
5815 8910
5816 8909
5821 9818
5822 9817
5823 9816
5824 9815
5825 9814
5826 9813
5827 9812
5828 9811
5829 9810
5830 10128
5831 10127
5832 10126
5833 10125
5834 10124
5835 10123
5836 10122
5837 10121
5838 9705
5839 9704
5840 9703
5841 9702
5842 9701
5843 9700
5844 9699
5845 9698
5846 9697
5847 9696
5848 9695
5849 9694
5850 9693
5851 9692
5852 9691
5853 9690
5854 9828
5855 9827
5856 9826
5857 9825
5858 9824
5859 9823
5860 9822
5861 9821
5862 9820
5863 9819
5868 10678
5869 10677
5870 10676
5871 10675
5872 10674
5873 10673
5874 10672
5875 10671
5876 10670
5877 10669
5878 10668
5879 10667
5880 10666
5881 10665
5882 10664
5883 10663
5884 10662
5885 10661
5886 10660
5887 10659
5888 10658
5889 10657
5890 10778
5891 10777
5892 10776
5893 10775
5894 10774
5895 10773
5896 10772
5897 10771
5898 10813
5899 10812
5900 10811
5901 10810
5902 10809
5903 10808
5904 10807
5905 10806
5906 10805
5907 10804
5908 10803
5909 10802
5914 11231
5915 11230
5916 11229
5917 11228
5918 11227
5919 11226
5920 11225
5921 11224
5922 11223
5923 11222
5924 11221
5925 11220
5926 11393
5927 11392
5928 11391
5929 11390
5930 11389
5931 11388
5932 11387
5933 11386
5934 11636
5935 11635
5936 11634
5937 11633
5938 11632
5939 11631
5940 11630
5941 11629
5942 11194
5943 11193
5944 11192
5945 11191
5946 11190
5947 11189
5948 11188
5949 11187
5950 11186
5951 11185
5952 11184
5953 11183
5954 11182
5955 11181
5956 11180
5961 12097
5962 12096
5963 12095
5964 12094
5965 12093
5966 12092
5967 12091
5968 12090
5969 12089
5970 12403
5971 12402
5972 12401
5973 12400
5974 12399
5975 12398
5976 12397
5977 12396
5978 11976
5979 11975
5980 11974
5981 11973
5982 11972
5983 11971
5984 11970
5985 11969
5986 11968
5987 11967
5988 11966
5989 11965
5990 11964
5991 11963
5992 11962
5993 11961
5994 12107
5995 12106
5996 12105
5997 12104
5998 12103
5999 12102
6000 12101
6001 12100
6002 12099
6003 12098
6008 12953
6009 12952
6010 12951
6011 12950
6012 12949
6013 12948
6014 12947
6015 12946
6016 12945
6017 12944
6018 12943
6019 12942
6020 12941
6021 12940
6022 12939
6023 12938
6024 12937
6025 12936
6026 12935
6027 12934
6028 12933
6029 12932
6030 13053
6031 13052
6032 13051
6033 13050
6034 13049
6035 13048
6036 13047
6037 13046
6038 13088
6039 13087
6040 13086
6041 13085
6042 13084
6043 13083
6044 13082
6045 13081
6046 13080
6047 13079
6048 13078
6049 13077
6054 13506
6055 13505
6056 13504
6057 13503
6058 13502
6059 13501
6060 13500
6061 13499
6062 13498
6063 13497
6064 13496
6065 13495
6066 13649
6067 13648
6068 13647
6069 13646
6070 13645
6071 13644
6072 13643
6073 13642
6074 13844
6075 13843
6076 13842
6077 13841
6078 13840
6079 13839
6080 13838
6081 13837
6082 13481
6083 13480
6084 13479
6085 13478
6086 13477
6087 13476
6088 13475
6089 13474
6090 13473
6091 13472
6092 13471
6093 13470
6094 13469
6095 13468
6096 13467
6097 13466
6098 13465
6101 14083
6102 14082
6103 14081
6104 14080
6105 14079
6106 14078
6107 14077
6108 14076
6109 14075
6110 13689
6111 13688
6112 13687
6113 13686
6114 13685
6115 13684
6116 13683
6117 13682
6118 13852
6119 13851
6120 13850
6121 13849
6122 13848
6123 13847
6124 13846
6125 13845
6126 13641
6127 13640
6128 13639
6129 13638
6130 13637
6131 13636
6132 13635
6133 13634
6134 13527
6135 13526
6136 13525
6137 13524
6138 13523
6139 13522
6140 13521
6141 13520
6142 13519
6143 13518
6144 13517
6149 13100
6150 13099
6151 13098
6152 13097
6153 13096
6154 13095
6155 13094
6156 13093
6157 13092
6158 13091
6159 13090
6160 13089
6161 13045
6162 13044
6163 13043
6164 13042
6165 13041
6166 13040
6167 13039
6168 13038
6169 12800
6170 12799
6171 12798
6172 12797
6173 12796
6174 12795
6175 12794
6176 13166
6177 13165
6178 13164
6179 13163
6180 13162
6181 13161
6182 13160
6183 13159
6184 13158
6185 13157
6186 13156
6187 13155
6188 13154
6189 13153
6194 12138
6195 12137
6196 12136
6197 12135
6198 12134
6199 12133
6200 12132
6201 12131
6202 12130
6203 12129
6204 12056
6205 12055
6206 12054
6207 12053
6208 12052
6209 12051
6210 12050
6211 12049
6212 12048
6213 12047
6214 12046
6215 12045
6216 12044
6217 12043
6218 12042
6219 12411
6220 12410
6221 12409
6222 12408
6223 12407
6224 12406
6225 12405
6226 12404
6227 12088
6228 12087
6229 12086
6230 12085
6231 12084
6232 12083
6233 12082
6234 12081
6235 12080
6240 11283
6241 11282
6242 11281
6243 11280
6244 11279
6245 11278
6246 11277
6247 11433
6248 11432
6249 11431
6250 11430
6251 11429
6252 11428
6253 11427
6254 11426
6255 11644
6256 11643
6257 11642
6258 11641
6259 11640
6260 11639
6261 11638
6262 11637
6263 11385
6264 11384
6265 11383
6266 11382
6267 11381
6268 11380
6269 11379
6270 11378
6271 11260
6272 11259
6273 11258
6274 11257
6275 11256
6276 11255
6277 11254
6278 11253
6279 11252
6280 11251
6281 11250
6286 10825
6287 10824
6288 10823
6289 10822
6290 10821
6291 10820
6292 10819
6293 10818
6294 10817
6295 10816
6296 10815
6297 10814
6298 10770
6299 10769
6300 10768
6301 10767
6302 10766
6303 10765
6304 10764
6305 10763
6306 10524
6307 10523
6308 10522
6309 10521
6310 10520
6311 10519
6312 10518
6313 10893
6314 10892
6315 10891
6316 10890
6317 10889
6318 10888
6319 10887
6320 10886
6321 10885
6322 10884
6323 10883
6324 10882
6325 10881
6326 10880
6331 9858
6332 9857
6333 9856
6334 9855
6335 9854
6336 9853
6337 9852
6338 9851
6339 9850
6340 9849
6341 9778
6342 9777
6343 9776
6344 9775
6345 9774
6346 9773
6347 9772
6348 9923
6349 9922
6350 9921
6351 9920
6352 9919
6353 9918
6354 9917
6355 9916
6356 10136
6357 10135
6358 10134
6359 10133
6360 10132
6361 10131
6362 10130
6363 10129
6364 9809
6365 9808
6366 9807
6367 9806
6368 9805
6369 9804
6370 9803
6371 9802
6372 9801
6377 9012
6378 9011
6379 9010
6380 9009
6381 9008
6382 9007
6383 9006
6384 9162
6385 9161
6386 9160
6387 9159
6388 9158
6389 9157
6390 9156
6391 9155
6392 9373
6393 9372
6394 9371
6395 9370
6396 9369
6397 9368
6398 9367
6399 9366
6400 9114
6401 9113
6402 9112
6403 9111
6404 9110
6405 9109
6406 9108
6407 9107
6408 8989
6409 8988
6410 8987
6411 8986
6412 8985
6413 8984
6414 8983
6415 8982
6416 8981
6417 8980
6418 8979
6423 8488
6424 8487
6425 8486
6426 8485
6427 8484
6428 8483
6429 8482
6430 8481
6431 8480
6432 8479
6433 8478
6434 8477
6435 8433
6436 8432
6437 8431
6438 8430
6439 8429
6440 8428
6441 8427
6442 8426
6443 8253
6444 8252
6445 8251
6446 8250
6447 8249
6448 8248
6449 8247
6450 8536
6451 8535
6452 8534
6453 8533
6454 8532
6455 8531
6456 8530
6457 8529
6458 8528
6459 8527
6460 8526
6461 8525
6462 8524
6463 8523
6468 7584
6469 7583
6470 7582
6471 7581
6472 7580
6473 7579
6474 7578
6475 7577
6476 7576
6477 7575
6478 7522
6479 7521
6480 7520
6481 7519
6482 7518
6483 7517
6484 7516
6485 7758
6486 7757
6487 7756
6488 7755
6489 7754
6490 7753
6491 7752
6492 7751
6493 7718
6494 7717
6495 7716
6496 7715
6497 7714
6498 7713
6499 7712
6500 7711
6501 7673
6502 7672
6503 7671
6504 7670
6505 7669
6506 7668
6507 7667
6508 7666
6509 7665
6510 7664
6511 7663
6512 7662
6515 7726
6516 7725
6517 7724
6518 7723
6519 7722
6520 7721
6521 7720
6522 7719
6523 7750
6524 7749
6525 7748
6526 7747
6527 7746
6528 7745
6529 7744
6530 7743
6531 7605
6532 7604
6533 7603
6534 7602
6535 7601
6536 7600
6537 7599
6538 7598
6539 7597
6540 7596
6541 7595
6542 7594
6543 7593
6544 7592
6545 7591
6546 7590
6547 7589
6548 7588
6549 7587
6550 7586
6551 7585
6556 8522
6557 8521
6558 8520
6559 8519
6560 8518
6561 8517
6562 8516
6563 8515
6564 8514
6565 8513
6566 8512
6567 8511
6568 8510
6569 8509
6570 8508
6571 8507
6572 8506
6573 8378
6574 8377
6575 8376
6576 8375
6577 8374
6578 8373
6579 8372
6580 8371
6581 8370
6582 8369
6583 8368
6584 8367
6585 8366
6586 8365
6587 8364
6588 8363
6589 8565
6590 8564
6591 8563
6592 8562
6593 8561
6594 8560
6595 8559
6596 8558
6597 8557
6598 8556
6599 8555
6600 8554
6601 8553
6602 8552
6603 8551
6608 9082
6609 9081
6610 9080
6611 9079
6612 9078
6613 9077
6614 9076
6615 9075
6616 9074
6617 9073
6618 9072
6619 9071
6620 9070
6621 9069
6622 9068
6623 9067
6624 9066
6625 9065
6626 9064
6627 9063
6628 9062
6629 9061
6630 9381
6631 9380
6632 9379
6633 9378
6634 9377
6635 9376
6636 9375
6637 9374
6638 9154
6639 9153
6640 9152
6641 9151
6642 9150
6643 9149
6644 9148
6645 9147
6646 8969
6647 8968
6648 8967
6649 8966
6650 8965
6651 8964
6652 8963
6653 8962
6654 8961
6659 9880
6660 9879
6661 9878
6662 9877
6663 9876
6664 9875
6665 9874
6666 9873
6667 9872
6668 9871
6669 9870
6670 10144
6671 10143
6672 10142
6673 10141
6674 10140
6675 10139
6676 10138
6677 10137
6678 9915
6679 9914
6680 9913
6681 9912
6682 9911
6683 9910
6684 9909
6685 9908
6686 9682
6687 9681
6688 9680
6689 9679
6690 9678
6691 9677
6692 9676
6693 9675
6694 9674
6695 9673
6696 9672
6697 9671
6698 9670
6699 9669
6700 9668
6701 9667
6702 9666
6703 9665
6704 9664
6705 9663
6706 9662
6711 10859
6712 10858
6713 10857
6714 10856
6715 10855
6716 10854
6717 10853
6718 10852
6719 10851
6720 10850
6721 10849
6722 10848
6723 10847
6724 10846
6725 10845
6726 10844
6727 10843
6728 10649
6729 10648
6730 10647
6731 10646
6732 10645
6733 10644
6734 10643
6735 10642
6736 10641
6737 10640
6738 10639
6739 10638
6740 10637
6741 10636
6742 10635
6743 10634
6744 10922
6745 10921
6746 10920
6747 10919
6748 10918
6749 10917
6750 10916
6751 10915
6752 10914
6753 10913
6754 10912
6755 10911
6756 10910
6757 10909
6758 10908
6763 11353
6764 11352
6765 11351
6766 11350
6767 11349
6768 11348
6769 11347
6770 11346
6771 11345
6772 11344
6773 11343
6774 11342
6775 11341
6776 11340
6777 11339
6778 11338
6779 11337
6780 11336
6781 11335
6782 11334
6783 11333
6784 11332
6785 11652
6786 11651
6787 11650
6788 11649
6789 11648
6790 11647
6791 11646
6792 11645
6793 11425
6794 11424
6795 11423
6796 11422
6797 11421
6798 11420
6799 11419
6800 11418
6801 11240
6802 11239
6803 11238
6804 11237
6805 11236
6806 11235
6807 11234
6808 11233
6809 11232
6814 12160
6815 12159
6816 12158
6817 12157
6818 12156
6819 12155
6820 12154
6821 12153
6822 12152
6823 12151
6824 12150
6825 12419
6826 12418
6827 12417
6828 12416
6829 12415
6830 12414
6831 12413
6832 12412
6833 12041
6834 12040
6835 12039
6836 12038
6837 12037
6838 12036
6839 12035
6840 12034
6841 11953
6842 11952
6843 11951
6844 11950
6845 11949
6846 11948
6847 11947
6848 11946
6849 11945
6850 11944
6851 11943
6852 11942
6853 11941
6854 11940
6855 11939
6856 11938
6857 11937
6858 11936
6859 11935
6860 11934
6861 11933
6866 13134
6867 13133
6868 13132
6869 13131
6870 13130
6871 13129
6872 13128
6873 13127
6874 13126
6875 13125
6876 13124
6877 13123
6878 13122
6879 13121
6880 13120
6881 13119
6882 13118
6883 12924
6884 12923
6885 12922
6886 12921
6887 12920
6888 12919
6889 12918
6890 12917
6891 12916
6892 12915
6893 12914
6894 12913
6895 12912
6896 12911
6897 12910
6898 12909
6899 13195
6900 13194
6901 13193
6902 13192
6903 13191
6904 13190
6905 13189
6906 13188
6907 13187
6908 13186
6909 13185
6910 13184
6911 13183
6912 13182
6913 13181
6918 13608
6919 13607
6920 13606
6921 13605
6922 13604
6923 13603
6924 13602
6925 13601
6926 13600
6927 13599
6928 13598
6929 13597
6930 13596
6931 13595
6932 13594
6933 13593
6934 13592
6935 13591
6936 13590
6937 13589
6938 13588
6939 13587
6940 13860
6941 13859
6942 13858
6943 13857
6944 13856
6945 13855
6946 13854
6947 13853
6948 13681
6949 13680
6950 13679
6951 13678
6952 13677
6953 13676
6954 13675
6955 13674
6956 13511
6957 13510
6958 13509
6959 13508
6960 13507
6963 13516
6964 13515
6965 13514
6966 13513
6967 13512
6968 13673
6969 13672
6970 13671
6971 13670
6972 13669
6973 13668
6974 13667
6975 13666
6976 13665
6977 13664
6978 13663
6979 13662
6980 13661
6981 13660
6982 13659
6983 13658
6984 13657
6985 13656
6986 13655
6987 13654
6988 13653
6989 13652
6990 13651
6991 13650
6992 13494
6993 13493
6994 13492
6995 13491
6996 13490
6997 13489
6998 13488
6999 13487
7000 13486
7001 13485
7002 13484
7003 13483
7004 13482
7009 13076
7010 13075
7011 13074
7012 13073
7013 13072
7014 13071
7015 13070
7016 13069
7017 13068
7018 13067
7019 13066
7020 13065
7021 13064
7022 13063
7023 13062
7024 13061
7025 13060
7026 13059
7027 13058
7028 13057
7029 13056
7030 13055
7031 13054
7032 12931
7033 12930
7034 12929
7035 12928
7036 12927
7037 12926
7038 12925
7039 13117
7040 13116
7041 13115
7042 13114
7043 13113
7044 13112
7045 13111
7046 13110
7047 13109
7048 13108
7049 13107
7050 13106
7051 13105
7052 13104
7053 13103
7054 13102
7055 13101
7060 12120
7061 12119
7062 12118
7063 12117
7064 12116
7065 12115
7066 12114
7067 12113
7068 12112
7069 12111
7070 12110
7071 12109
7072 12108
7073 11960
7074 11959
7075 11958
7076 11957
7077 11956
7078 11955
7079 11954
7080 12033
7081 12032
7082 12031
7083 12030
7084 12029
7085 12028
7086 12027
7087 12026
7088 12025
7089 12024
7090 12023
7091 12022
7092 12021
7093 12020
7094 12019
7095 12018
7096 12017
7097 12016
7098 12015
7099 12014
7100 12013
7101 12012
7102 12011
7103 12010
7104 12009
7105 12008
7106 12007
7111 11249
7112 11248
7113 11247
7114 11246
7115 11245
7116 11244
7117 11243
7118 11242
7119 11241
7120 11417
7121 11416
7122 11415
7123 11414
7124 11413
7125 11412
7126 11411
7127 11410
7128 11409
7129 11408
7130 11407
7131 11406
7132 11405
7133 11404
7134 11403
7135 11402
7136 11401
7137 11400
7138 11399
7139 11398
7140 11397
7141 11396
7142 11395
7143 11394
7144 11219
7145 11218
7146 11217
7147 11216
7148 11215
7149 11214
7150 11213
7151 11212
7152 11211
7153 11210
7154 11209
7155 11208
7156 11207
7161 10801
7162 10800
7163 10799
7164 10798
7165 10797
7166 10796
7167 10795
7168 10794
7169 10793
7170 10792
7171 10791
7172 10790
7173 10789
7174 10788
7175 10787
7176 10786
7177 10785
7178 10784
7179 10783
7180 10782
7181 10781
7182 10780
7183 10779
7184 10656
7185 10655
7186 10654
7187 10653
7188 10652
7189 10651
7190 10650
7191 10842
7192 10841
7193 10840
7194 10839
7195 10838
7196 10837
7197 10836
7198 10835
7199 10834
7200 10833
7201 10832
7202 10831
7203 10830
7204 10829
7205 10828
7206 10827
7207 10826
7212 9841
7213 9840
7214 9839
7215 9838
7216 9837
7217 9836
7218 9835
7219 9834
7220 9833
7221 9832
7222 9831
7223 9830
7224 9829
7225 9689
7226 9688
7227 9687
7228 9686
7229 9685
7230 9684
7231 9683
7232 9907
7233 9906
7234 9905
7235 9904
7236 9903
7237 9902
7238 9901
7239 9900
7240 9899
7241 9898
7242 9897
7243 9896
7244 9895
7245 9894
7246 9893
7247 9892
7248 9891
7249 9890
7250 9889
7251 9888
7252 9887
7253 9886
7254 9885
7255 9884
7256 9883
7257 9882
7258 9881
7263 8978
7264 8977
7265 8976
7266 8975
7267 8974
7268 8973
7269 8972
7270 8971
7271 8970
7272 9146
7273 9145
7274 9144
7275 9143
7276 9142
7277 9141
7278 9140
7279 9139
7280 9138
7281 9137
7282 9136
7283 9135
7284 9134
7285 9133
7286 9132
7287 9131
7288 9130
7289 9129
7290 9128
7291 9127
7292 9126
7293 9125
7294 9124
7295 9123
7296 8948
7297 8947
7298 8946
7299 8945
7300 8944
7301 8943
7302 8942
7303 8941
7304 8940
7305 8939
7306 8938
7307 8937
7308 8936
7313 8464
7314 8463
7315 8462
7316 8461
7317 8460
7318 8459
7319 8458
7320 8457
7321 8456
7322 8455
7323 8454
7324 8453
7325 8452
7326 8451
7327 8450
7328 8449
7329 8448
7330 8447
7331 8446
7332 8445
7333 8444
7334 8443
7335 8442
7336 8385
7337 8384
7338 8383
7339 8382
7340 8381
7341 8380
7342 8379
7343 8505
7344 8504
7345 8503
7346 8502
7347 8501
7348 8500
7349 8499
7350 8498
7351 8497
7352 8496
7353 8495
7354 8494
7355 8493
7356 8492
7357 8491
7358 8490
7359 8489
7364 7567
7365 7566
7366 7565
7367 7564
7368 7563
7369 7562
7370 7561
7371 7560
7372 7559
7373 7558
7374 7557
7375 7556
7376 7555
7377 7612
7378 7611
7379 7610
7380 7609
7381 7608
7382 7607
7383 7606
7384 7742
7385 7741
7386 7740
7387 7739
7388 7738
7389 7737
7390 7736
7391 7735
7392 7734
7393 7733
7394 7732
7395 7731
7396 7730
7397 7729
7398 7728
7399 7727
313 12697
417 14014
517 13904
622 11747
669 11705
1031 8797
1137 11019
1240 12381
1701 9225
2041 10045
2044 10907
2276 14066
2738 8110
2831 9246
3114 14178
3207 12648
3250 12590
3341 10558
3726 10445
3770 12489
3809 12631
3850 12722
3956 12589
4078 10313
4115 10372
4155 9013
4158 8768
4199 8109
4263 7879
4659 12300
4818 10215
4902 7855
4933 7401
5061 9735
5141 10860
5309 14084
5310 13464
5353 12832
5431 12382
5474 10557
5552 10107
5820 9818
6007 12953
6330 9858
6373 9801
6607 9082
6710 10859
6759 10908
6917 13608
7056 13101
7262 8978
