0 8713
1 8712
2 8711
3 8710
4 8709
5 8708
6 8707
7 8706
8 8451
9 8450
10 8449
11 8448
12 8447
13 8446
14 8445
15 8444
16 8306
17 8305
18 8304
19 8303
20 8302
21 8301
22 8300
23 8299
24 8298
25 8297
26 8296
27 8295
28 8294
29 8293
30 8292
31 8291
32 8290
33 8289
34 8288
35 8287
36 8286
45 9472
46 9471
47 9470
48 9469
49 9468
50 9467
51 9466
52 9465
53 9464
54 9463
55 9462
56 9461
57 9460
58 9459
59 9458
60 9457
61 9456
62 8975
63 8974
64 8973
65 8972
66 8971
67 8970
68 8969
69 8968
70 8967
71 8966
72 8965
73 8964
74 8963
75 8962
76 8961
77 8960
78 8959
79 8958
80 8957
81 8956
82 8955
83 8954
84 8953
85 8952
86 8951
87 8950
88 8949
89 8948
90 8947
91 8946
92 8945
101 10134
102 10133
103 10132
104 10131
105 10130
106 10129
107 10128
108 10127
109 10126
110 10125
111 10124
112 10123
113 10122
114 10121
115 10120
116 10119
117 10118
118 10117
119 10116
120 10115
121 10114
122 10113
123 10112
124 10111
125 10110
126 10109
127 10108
128 10107
129 10106
130 10105
131 10210
132 10209
133 10208
134 10207
135 10206
136 10205
137 10204
138 10203
139 10031
140 10030
141 10029
142 10028
143 10027
144 10026
145 10025
146 10024
147 10023
156 10984
157 10983
158 10982
159 10981
160 10980
161 10979
162 10978
163 10977
164 10976
165 10975
166 10974
167 10973
168 10972
169 10971
170 10970
171 10969
172 10968
173 10967
174 10966
175 10822
176 10821
177 10820
178 10819
179 10818
180 10817
181 10816
182 10815
183 10898
184 10897
185 10896
186 10895
187 10894
188 10893
189 10892
190 10891
191 10890
192 10889
193 10888
194 10887
195 10886
196 10885
197 10884
198 10883
199 10882
200 10881
201 10880
202 10879
203 10878
212 11743
213 11742
214 11741
215 11740
216 11739
217 11738
218 11737
219 11736
220 11735
221 11734
222 11733
223 11732
224 11731
225 11730
226 11729
227 11728
228 11727
229 11273
230 11272
231 11271
232 11270
233 11269
234 11268
235 11267
236 11266
237 11265
238 11264
239 11263
240 11262
241 11261
242 11260
243 11259
244 11258
245 11257
246 11256
247 11255
248 11254
249 11253
250 11252
251 11251
252 11250
253 11249
254 11248
255 11247
256 11246
257 11245
258 11244
259 11243
268 12405
269 12404
270 12403
271 12402
272 12401
273 12400
274 12399
275 12398
276 12397
277 12396
278 12395
279 12394
280 12393
281 12392
282 12391
283 12390
284 12389
285 12388
286 12387
287 12386
288 12385
289 12384
290 12383
291 12382
292 12381
293 12380
294 12379
295 12378
296 12377
297 12376
298 12481
299 12480
300 12479
301 12478
302 12477
303 12476
304 12475
305 12474
306 12302
307 12301
308 12300
309 12299
310 12298
311 12297
312 12296
313 12295
314 12294
323 13261
324 13260
325 13259
326 13258
327 13257
328 13256
329 13255
330 13254
331 13253
332 13252
333 13251
334 13250
335 13249
336 13248
337 13247
338 13246
339 13245
340 13244
341 13243
342 13115
343 13114
344 13113
345 13112
346 13111
347 13110
348 13109
349 13108
350 12819
351 12818
352 12817
353 12816
354 12815
355 12814
356 12813
357 12812
358 12811
359 12810
360 12809
361 12808
362 12807
363 12806
364 12805
365 12804
366 12803
367 12802
368 12801
369 12800
370 12799
379 14014
380 14013
381 14012
382 14011
383 14010
384 14009
385 14008
386 14007
387 14006
388 14005
389 14004
390 14003
391 14002
392 14001
393 14000
394 13999
395 13998
396 13548
397 13547
398 13546
399 13545
400 13544
401 13543
402 13542
403 13541
404 13540
405 13539
406 13538
407 13537
408 13536
409 13535
410 13534
411 13533
412 13532
413 13531
414 13530
415 13529
416 13528
417 13527
418 13526
419 13525
420 13524
421 13523
422 13522
423 13521
424 13520
425 13519
426 13518
435 14763
436 14762
437 14761
438 14760
439 14759
440 14758
441 14757
442 14756
443 14755
444 14754
445 14753
446 14752
447 14751
448 14750
449 14749
450 14748
451 14747
452 14746
453 14745
454 14744
455 14743
456 14742
457 14741
458 14740
459 14739
460 14738
461 14737
462 14736
463 14735
464 14734
465 14549
466 14548
467 14547
468 14546
469 14545
470 14544
471 14543
472 14542
473 14672
474 14671
475 14670
476 14669
477 14668
480 14677
481 14676
482 14675
483 14674
484 14673
485 14541
486 14540
487 14539
488 14538
489 14537
490 14536
491 14535
492 14534
493 14533
494 14532
495 14531
496 14530
497 14529
498 14528
499 14527
500 14526
501 14620
502 14619
503 14618
504 14617
505 14616
506 14615
507 14614
508 14613
509 14655
510 14654
511 14653
512 14652
513 14651
514 14650
515 14649
516 14648
517 14647
518 14646
519 14645
520 14644
521 14643
530 13932
531 13931
532 13930
533 13929
534 13928
535 13927
536 13926
537 13925
538 13924
539 13923
540 13922
541 13921
542 13920
543 13919
544 13918
545 13326
546 13325
547 13324
548 13323
549 13322
550 13321
551 13320
552 13319
553 13555
554 13554
555 13553
556 13552
557 13551
558 13550
559 13549
560 13997
561 13996
562 13995
563 13994
564 13993
565 13992
566 13991
567 13990
568 13989
569 13988
570 13987
571 13986
572 13985
573 13984
574 13983
575 13982
576 13981
585 13194
586 13193
587 13192
588 13191
589 13190
590 13189
591 13188
592 13187
593 13186
594 13185
595 13184
596 13183
597 13182
598 12826
599 12825
600 12824
601 12823
602 12822
603 12821
604 12820
605 13107
606 13106
607 13105
608 13104
609 13103
610 13102
611 13101
612 13100
613 13099
614 13098
615 13097
616 13096
617 13095
618 13094
619 13093
620 13092
621 12934
622 12933
623 12932
624 12931
625 12930
626 12929
627 12928
628 12927
629 12926
630 12925
631 12924
640 12311
641 12310
642 12309
643 12308
644 12307
645 12306
646 12305
647 12304
648 12303
649 12473
650 12472
651 12471
652 12470
653 12469
654 12468
655 12467
656 12466
657 12465
658 12464
659 12463
660 12462
661 12461
662 12460
663 12459
664 12458
665 12146
666 12145
667 12144
668 12143
669 12142
670 12141
671 12140
672 12139
673 12281
674 12280
675 12279
676 12278
677 12277
678 12276
679 12275
680 12274
681 12273
682 12272
683 12271
684 12270
685 12269
694 11661
695 11660
696 11659
697 11658
698 11657
699 11656
700 11655
701 11654
702 11653
703 11652
704 11651
705 11650
706 11649
707 11648
708 11647
709 11050
710 11049
711 11048
712 11047
713 11046
714 11045
715 11044
716 11043
717 11280
718 11279
719 11278
720 11277
721 11276
722 11275
723 11274
724 11726
725 11725
726 11724
727 11723
728 11722
729 11721
730 11720
731 11719
732 11718
733 11717
734 11716
735 11715
736 11714
737 11713
738 11712
739 11711
740 11710
749 10918
750 10917
751 10916
752 10915
753 10914
754 10913
755 10912
756 10911
757 10910
758 10909
759 10908
760 10907
761 10906
762 10905
763 10904
764 10903
765 10902
766 10901
767 10900
768 10899
769 10814
770 10813
771 10812
772 10811
773 10810
774 10809
775 10808
776 10807
777 10806
778 10805
779 10804
780 10803
781 10802
782 10801
783 10800
784 10799
785 10637
786 10636
787 10635
788 10634
789 10633
790 10632
791 10631
792 10630
793 10629
794 10628
795 10627
804 10040
805 10039
806 10038
807 10037
808 10036
809 10035
810 10034
811 10033
812 10032
813 10202
814 10201
815 10200
816 10199
817 10198
818 10197
819 10196
820 10195
821 10194
822 10193
823 10192
824 10191
825 10190
826 10189
827 10188
828 10187
829 9843
830 9842
831 9841
832 9840
833 9839
834 9838
835 9837
836 9836
837 10010
838 10009
839 10008
840 10007
841 10006
842 10005
843 10004
844 10003
845 10002
846 10001
847 10000
848 9999
849 9998
858 9414
859 9413
860 9412
861 9411
862 9410
863 9409
864 9408
865 9407
866 9406
867 9405
868 9404
869 9403
870 9402
871 9401
872 9400
873 9399
874 9398
875 9397
876 9396
877 9395
878 9394
879 9393
880 9392
881 8982
882 8981
883 8980
884 8979
885 8978
886 8977
887 8976
888 9455
889 9454
890 9453
891 9452
892 9451
893 9450
894 9449
895 9448
896 9447
897 9446
898 9445
899 9444
900 9443
901 9442
902 9441
903 9440
904 9439
913 8511
914 8510
915 8509
916 8508
917 8507
918 8506
919 8505
920 8504
921 8503
922 8502
923 8501
924 8500
925 8499
926 8313
927 8312
928 8311
929 8310
930 8309
931 8308
932 8307
933 8443
934 8442
935 8441
936 8440
937 8439
938 8438
939 8437
940 8436
941 8435
942 8434
943 8433
944 8432
945 8431
946 8430
947 8429
948 8428
951 8574
952 8573
953 8572
954 8571
955 8570
956 8569
957 8568
958 8567
959 8566
960 8565
961 8564
962 8563
963 8562
964 8561
965 8560
966 8559
967 8558
968 8557
969 8556
970 8555
971 8554
972 8553
973 8636
974 8635
975 8634
976 8633
977 8632
978 8631
979 8630
980 8629
981 7995
982 7994
983 7993
984 7992
985 7991
986 7990
987 7989
988 7988
989 7987
990 7986
991 7985
992 7984
993 7983
994 7982
995 7981
996 7980
997 7979
998 7978
999 7977
1000 7976
1001 7975
1010 9285
1011 9284
1012 9283
1013 9282
1014 9281
1015 9280
1016 9279
1017 9278
1018 9277
1019 9276
1020 9275
1021 9274
1022 9273
1023 9272
1024 9271
1025 9270
1026 9269
1027 8768
1028 8767
1029 8766
1030 8765
1031 8764
1032 8763
1033 8762
1034 8761
1035 8760
1036 8759
1037 8758
1038 8757
1039 8756
1040 8755
1041 8754
1042 8753
1043 8752
1044 8751
1045 8750
1046 8749
1047 8748
1048 8747
1049 8746
1050 8745
1051 8744
1052 8743
1053 8742
1054 8741
1055 8740
1056 8739
1057 8738
1066 9865
1067 9864
1068 9863
1069 9862
1070 9861
1071 9860
1072 9859
1073 9858
1074 9857
1075 9856
1076 9855
1077 9854
1078 9853
1079 9852
1080 9851
1081 9850
1082 9849
1083 9848
1084 9847
1085 9846
1086 9845
1087 9844
1088 10186
1089 10185
1090 10184
1091 10183
1092 10182
1093 10181
1094 10180
1095 10179
1096 9969
1097 9968
1098 9967
1099 9966
1100 9965
1101 9964
1102 9963
1103 9962
1104 9748
1105 9747
1106 9746
1107 9745
1108 9744
1109 9743
1110 9742
1111 9741
1112 9740
1121 10648
1122 10647
1123 10646
1124 10645
1125 10644
1126 10643
1127 10642
1128 10641
1129 10640
1130 10639
1131 10638
1132 10798
1133 10797
1134 10796
1135 10795
1136 10794
1137 10793
1138 10792
1139 10791
1140 10790
1141 10789
1142 10788
1143 10787
1144 10786
1145 10785
1146 10784
1147 10783
1148 10782
1149 10781
1150 10780
1151 10779
1152 10778
1153 10777
1154 10776
1155 10775
1156 10774
1157 10773
1158 10772
1159 10771
1160 10770
1161 10769
1162 10768
1163 10767
1164 10766
1165 10765
1166 10764
1167 10763
1168 10762
1177 11583
1178 11582
1179 11581
1180 11580
1181 11579
1182 11578
1183 11577
1184 11576
1185 11575
1186 11574
1187 11573
1188 11572
1189 11571
1190 11570
1191 11569
1192 11568
1193 11567
1194 11066
1195 11065
1196 11064
1197 11063
1198 11062
1199 11061
1200 11060
1201 11059
1202 11058
1203 11057
1204 11056
1205 11055
1206 11054
1207 11053
1208 11052
1209 11051
1210 11646
1211 11645
1212 11644
1213 11643
1214 11642
1215 11641
1216 11640
1217 11639
1218 11638
1219 11637
1220 11636
1221 11635
1222 11634
1223 11633
1224 11632
1233 12168
1234 12167
1235 12166
1236 12165
1237 12164
1238 12163
1239 12162
1240 12161
1241 12160
1242 12159
1243 12158
1244 12157
1245 12156
1246 12155
1247 12154
1248 12153
1249 12152
1250 12151
1251 12150
1252 12149
1253 12148
1254 12147
1255 12457
1256 12456
1257 12455
1258 12454
1259 12453
1260 12452
1261 12451
1262 12450
1263 12240
1264 12239
1265 12238
1266 12237
1267 12236
1268 12235
1269 12234
1270 12233
1271 12051
1272 12050
1273 12049
1274 12048
1275 12047
1276 12046
1277 12045
1278 12044
1279 12043
1288 12945
1289 12944
1290 12943
1291 12942
1292 12941
1293 12940
1294 12939
1295 12938
1296 12937
1297 12936
1298 12935
1299 13091
1300 13090
1301 13089
1302 13088
1303 13087
1304 13086
1305 13085
1306 13084
1307 13007
1308 13006
1309 13005
1310 13004
1311 13003
1312 13002
1313 13001
1314 13000
1315 12745
1316 12744
1317 12743
1318 12742
1319 12741
1320 12740
1321 12739
1322 12738
1323 12737
1324 12736
1325 12735
1326 12734
1327 12733
1328 12732
1329 12731
1330 12730
1331 12729
1332 12728
1333 12727
1334 12726
1335 12725
1344 13856
1345 13855
1346 13854
1347 13853
1348 13852
1349 13851
1350 13850
1351 13849
1352 13848
1353 13847
1354 13846
1355 13845
1356 13844
1357 13843
1358 13842
1359 13841
1360 13840
1361 13342
1362 13341
1363 13340
1364 13339
1365 13338
1366 13337
1367 13336
1368 13335
1369 13334
1370 13333
1371 13332
1372 13331
1373 13330
1374 13329
1375 13328
1376 13327
1377 13917
1378 13916
1379 13915
1380 13914
1381 13913
1382 13912
1383 13911
1384 13910
1385 13909
1386 13908
1387 13907
1388 13906
1389 13905
1390 13904
1391 13903
1400 14642
1401 14641
1402 14640
1403 14639
1404 14638
1405 14637
1406 14636
1407 14635
1408 14634
1409 14633
1410 14632
1411 14631
1412 14630
1413 14629
1414 14628
1415 14627
1416 14626
1417 14625
1418 14624
1419 14623
1420 14622
1421 14621
1422 14525
1423 14524
1424 14523
1425 14522
1426 14521
1427 14520
1428 14519
1429 14518
1430 14383
1431 14382
1432 14381
1433 14380
1434 14379
1435 14378
1436 14377
1437 14376
1438 14442
1439 14441
1440 14440
1441 14439
1442 14438
1443 14437
1444 14436
1445 14435
1446 14434
1447 14433
1448 14432
1451 14453
1452 14452
1453 14451
1454 14450
1455 14449
1456 14448
1457 14447
1458 14446
1459 14445
1460 14444
1461 14443
1462 14375
1463 14374
1464 14373
1465 14372
1466 14371
1467 14370
1468 14369
1469 14368
1470 14367
1471 14366
1472 14365
1473 14364
1474 14363
1475 14362
1476 14361
1477 14360
1478 14150
1479 14149
1480 14148
1481 14147
1482 14146
1483 14145
1484 14144
1485 14143
1486 14277
1487 14276
1488 14275
1489 14274
1490 14273
1491 14272
1492 14271
1493 14270
1494 14269
1495 14268
1496 14267
1497 14266
1498 14265
1507 13774
1508 13773
1509 13772
1510 13771
1511 13770
1512 13769
1513 13768
1514 13767
1515 13766
1516 13765
1517 13764
1518 13763
1519 13762
1520 13761
1521 13760
1522 13472
1523 13471
1524 13470
1525 13469
1526 13468
1527 13467
1528 13466
1529 13465
1530 13349
1531 13348
1532 13347
1533 13346
1534 13345
1535 13344
1536 13343
1537 13839
1538 13838
1539 13837
1540 13836
1541 13835
1542 13834
1543 13833
1544 13832
1545 13831
1546 13830
1547 13829
1548 13828
1549 13827
1550 13826
1551 13825
1552 13824
1553 13823
1562 12905
1563 12904
1564 12903
1565 12902
1566 12901
1567 12900
1568 12899
1569 12898
1570 12897
1571 12896
1572 12895
1573 12894
1574 12893
1575 12752
1576 12751
1577 12750
1578 12749
1579 12748
1580 12747
1581 12746
1582 12999
1583 12998
1584 12997
1585 12996
1586 12995
1587 12994
1588 12993
1589 12992
1590 12991
1591 12990
1592 12989
1593 12988
1594 12987
1595 12986
1596 12985
1597 12984
1598 12713
1599 12712
1600 12711
1601 12710
1602 12709
1603 12708
1604 12707
1605 12706
1606 12705
1607 12704
1608 12703
1617 12060
1618 12059
1619 12058
1620 12057
1621 12056
1622 12055
1623 12054
1624 12053
1625 12052
1626 12232
1627 12231
1628 12230
1629 12229
1630 12228
1631 12227
1632 12226
1633 12225
1634 12224
1635 12223
1636 12222
1637 12221
1638 12220
1639 12219
1640 12218
1641 12217
1642 11895
1643 11894
1644 11893
1645 11892
1646 11891
1647 11890
1648 11889
1649 11888
1650 12030
1651 12029
1652 12028
1653 12027
1654 12026
1655 12025
1656 12024
1657 12023
1658 12022
1659 12021
1660 12020
1661 12019
1662 12018
1671 11501
1672 11500
1673 11499
1674 11498
1675 11497
1676 11496
1677 11495
1678 11494
1679 11493
1680 11492
1681 11491
1682 11490
1683 11489
1684 11488
1685 11487
1686 11197
1687 11196
1688 11195
1689 11194
1690 11193
1691 11192
1692 11191
1693 11190
1694 11073
1695 11072
1696 11071
1697 11070
1698 11069
1699 11068
1700 11067
1701 11566
1702 11565
1703 11564
1704 11563
1705 11562
1706 11561
1707 11560
1708 11559
1709 11558
1710 11557
1711 11556
1712 11555
1713 11554
1714 11553
1715 11552
1716 11551
1717 11550
1726 10609
1727 10608
1728 10607
1729 10606
1730 10605
1731 10604
1732 10603
1733 10602
1734 10601
1735 10600
1736 10599
1737 10598
1738 10597
1739 10360
1740 10359
1741 10358
1742 10357
1743 10356
1744 10355
1745 10354
1746 10353
1747 10352
1748 10351
1749 10350
1750 10349
1751 10348
1752 10347
1753 10346
1754 10345
1755 10344
1756 10343
1757 10342
1758 10341
1759 10340
1760 10339
1761 10338
1762 10466
1763 10465
1764 10464
1765 10463
1766 10462
1767 10461
1768 10460
1769 10459
1770 10458
1771 10457
1772 10456
1781 9757
1782 9756
1783 9755
1784 9754
1785 9753
1786 9752
1787 9751
1788 9750
1789 9749
1790 9961
1791 9960
1792 9959
1793 9958
1794 9957
1795 9956
1796 9955
1797 9954
1798 9953
1799 9952
1800 9951
1801 9950
1802 9949
1803 9948
1804 9947
1805 9946
1806 9624
1807 9623
1808 9622
1809 9621
1810 9620
1811 9619
1812 9618
1813 9617
1814 9727
1815 9726
1816 9725
1817 9724
1818 9723
1819 9722
1820 9721
1821 9720
1822 9719
1823 9718
1824 9717
1825 9716
1826 9715
1835 9203
1836 9202
1837 9201
1838 9200
1839 9199
1840 9198
1841 9197
1842 9196
1843 9195
1844 9194
1845 9193
1846 9192
1847 9191
1848 9190
1849 9189
1850 8899
1851 8898
1852 8897
1853 8896
1854 8895
1855 8894
1856 8893
1857 8892
1858 8775
1859 8774
1860 8773
1861 8772
1862 8771
1863 8770
1864 8769
1865 9268
1866 9267
1867 9266
1868 9265
1869 9264
1870 9263
1871 9262
1872 9261
1873 9260
1874 9259
1875 9258
1876 9257
1877 9256
1878 9255
1879 9254
1880 9253
1881 9252
1890 8373
1891 8372
1892 8371
1893 8370
1894 8369
1895 8368
1896 8367
1897 8366
1898 8365
1899 8364
1900 8363
1901 8362
1902 8361
1903 8002
1904 8001
1905 8000
1906 7999
1907 7998
1908 7997
1909 7996
1910 8628
1911 8627
1912 8626
1913 8625
1914 8624
1915 8623
1916 8622
1917 8621
1918 8620
1919 8619
1920 8618
1921 8617
1922 8616
1923 8615
1924 8614
1925 8613
1926 8612
1927 8611
1928 8610
1929 8609
1930 8608
1931 8607
1932 8606
1933 8605
1934 8604
1935 8603
1936 8602
1937 8601
1938 8600
1939 8599
1942 8598
1943 8597
1944 8596
1945 8595
1946 8594
1947 8593
1948 8592
1949 8591
1950 8590
1951 8589
1952 8588
1953 8587
1954 8544
1955 8543
1956 8542
1957 8541
1958 8540
1959 8539
1960 8538
1961 8537
1962 8261
1963 8260
1964 8259
1965 8258
1966 8257
1967 8256
1968 8255
1969 8254
1970 8010
1971 8009
1972 8008
1973 8007
1974 8006
1975 8005
1976 8004
1977 8003
1978 8360
1979 8359
1980 8358
1981 8357
1982 8356
1983 8355
1984 8354
1985 8353
1986 8352
1987 8351
1996 9173
1997 9172
1998 9171
1999 9170
2000 9169
2001 9168
2002 9167
2003 9166
2004 9165
2005 9164
2006 9163
2007 9162
2008 9161
2009 9160
2010 8783
2011 8782
2012 8781
2013 8780
2014 8779
2015 8778
2016 8777
2017 8776
2018 8891
2019 8890
2020 8889
2021 8888
2022 8887
2023 8886
2024 8885
2025 8884
2026 9239
2027 9238
2028 9237
2029 9236
2030 9235
2031 9234
2032 9233
2033 9232
2034 9231
2035 9230
2036 9229
2037 9228
2046 9739
2047 9738
2048 9737
2049 9736
2050 9735
2051 9734
2052 9733
2053 9732
2054 9731
2055 9730
2056 9729
2057 9728
2058 9616
2059 9615
2060 9614
2061 9613
2062 9612
2063 9611
2064 9610
2065 9609
2066 10170
2067 10169
2068 10168
2069 10167
2070 10166
2071 10165
2072 10164
2073 10163
2074 9702
2075 9701
2076 9700
2077 9699
2078 9698
2079 9697
2080 9696
2081 9695
2082 9569
2083 9568
2084 9567
2085 9566
2086 9565
2087 9564
2088 9563
2097 10586
2098 10585
2099 10584
2100 10583
2101 10582
2102 10581
2103 10580
2104 10579
2105 10578
2106 10707
2107 10706
2108 10705
2109 10704
2110 10703
2111 10702
2112 10701
2113 10700
2114 10699
2115 10698
2116 10697
2117 10696
2118 10695
2119 10694
2120 10693
2121 10692
2122 10368
2123 10367
2124 10366
2125 10365
2126 10364
2127 10363
2128 10362
2129 10361
2130 10596
2131 10595
2132 10594
2133 10593
2134 10592
2135 10591
2136 10590
2137 10589
2138 10588
2139 10587
2148 11471
2149 11470
2150 11469
2151 11468
2152 11467
2153 11466
2154 11465
2155 11464
2156 11463
2157 11462
2158 11461
2159 11460
2160 11459
2161 11458
2162 11081
2163 11080
2164 11079
2165 11078
2166 11077
2167 11076
2168 11075
2169 11074
2170 11189
2171 11188
2172 11187
2173 11186
2174 11185
2175 11184
2176 11183
2177 11182
2178 11537
2179 11536
2180 11535
2181 11534
2182 11533
2183 11532
2184 11531
2185 11530
2186 11529
2187 11528
2188 11527
2189 11526
2198 12042
2199 12041
2200 12040
2201 12039
2202 12038
2203 12037
2204 12036
2205 12035
2206 12034
2207 12033
2208 12032
2209 12031
2210 11887
2211 11886
2212 11885
2213 11884
2214 11883
2215 11882
2216 11881
2217 11880
2218 12441
2219 12440
2220 12439
2221 12438
2222 12437
2223 12436
2224 12435
2225 12434
2226 12005
2227 12004
2228 12003
2229 12002
2230 12001
2231 12000
2232 11999
2233 11998
2234 11840
2235 11839
2236 11838
2237 11837
2238 11836
2239 11835
2240 11834
2249 12882
2250 12881
2251 12880
2252 12879
2253 12878
2254 12877
2255 12876
2256 12875
2257 12874
2258 13075
2259 13074
2260 13073
2261 13072
2262 13071
2263 13070
2264 13069
2265 13068
2266 12768
2267 12767
2268 12766
2269 12765
2270 12764
2271 12763
2272 12762
2273 12761
2274 12760
2275 12759
2276 12758
2277 12757
2278 12756
2279 12755
2280 12754
2281 12753
2282 12892
2283 12891
2284 12890
2285 12889
2286 12888
2287 12887
2288 12886
2289 12885
2290 12884
2291 12883
2300 13744
2301 13743
2302 13742
2303 13741
2304 13740
2305 13739
2306 13738
2307 13737
2308 13736
2309 13735
2310 13734
2311 13733
2312 13732
2313 13731
2314 13357
2315 13356
2316 13355
2317 13354
2318 13353
2319 13352
2320 13351
2321 13350
2322 13464
2323 13463
2324 13462
2325 13461
2326 13460
2327 13459
2328 13458
2329 13457
2330 13810
2331 13809
2332 13808
2333 13807
2334 13806
2335 13805
2336 13804
2337 13803
2338 13802
2339 13801
2340 13800
2341 13799
2350 14289
2351 14288
2352 14287
2353 14286
2354 14285
2355 14284
2356 14283
2357 14282
2358 14281
2359 14280
2360 14279
2361 14278
2362 14142
2363 14141
2364 14140
2365 14139
2366 14138
2367 14137
2368 14136
2369 14135
2370 14509
2371 14508
2372 14507
2373 14506
2374 14505
2375 14504
2376 14503
2377 14502
2378 14261
2379 14260
2380 14259
2381 14258
2382 14257
2383 14256
2384 14255
2385 14254
2386 14462
2387 14461
2388 14460
2389 14459
2390 14458
2391 14457
2392 14456
2393 14455
2394 14454
2397 14431
2398 14430
2399 14429
2400 14428
2401 14427
2402 14426
2403 14425
2404 14424
2405 14423
2406 14391
2407 14390
2408 14389
2409 14388
2410 14387
2411 14386
2412 14385
2413 14384
2414 14517
2415 14516
2416 14515
2417 14514
2418 14513
2419 14512
2420 14511
2421 14510
2422 14134
2423 14133
2424 14132
2425 14131
2426 14130
2427 14129
2428 14128
2429 14127
2430 14300
2431 14299
2432 14298
2433 14297
2434 14296
2435 14295
2436 14294
2437 14293
2438 14292
2439 14291
2440 14290
2449 13822
2450 13821
2451 13820
2452 13819
2453 13818
2454 13817
2455 13816
2456 13815
2457 13814
2458 13813
2459 13812
2460 13811
2461 13456
2462 13455
2463 13454
2464 13453
2465 13452
2466 13451
2467 13450
2468 13449
2469 13570
2470 13569
2471 13568
2472 13567
2473 13566
2474 13565
2475 13564
2476 13888
2477 13887
2478 13886
2479 13885
2480 13884
2481 13883
2482 13882
2483 13881
2484 13880
2485 13879
2486 13878
2487 13877
2488 13876
2489 13875
2498 12923
2499 12922
2500 12921
2501 12920
2502 12919
2503 12918
2504 12917
2505 12916
2506 12915
2507 12914
2508 12841
2509 12840
2510 12839
2511 12838
2512 12837
2513 12836
2514 12835
2515 13015
2516 13014
2517 13013
2518 13012
2519 13011
2520 13010
2521 13009
2522 13008
2523 13083
2524 13082
2525 13081
2526 13080
2527 13079
2528 13078
2529 13077
2530 13076
2531 12873
2532 12872
2533 12871
2534 12870
2535 12869
2536 12868
2537 12867
2538 12866
2539 12865
2548 12094
2549 12093
2550 12092
2551 12091
2552 12090
2553 12089
2554 12088
2555 12248
2556 12247
2557 12246
2558 12245
2559 12244
2560 12243
2561 12242
2562 12241
2563 12449
2564 12448
2565 12447
2566 12446
2567 12445
2568 12444
2569 12443
2570 12442
2571 11879
2572 11878
2573 11877
2574 11876
2575 11875
2576 11874
2577 11873
2578 11872
2579 12071
2580 12070
2581 12069
2582 12068
2583 12067
2584 12066
2585 12065
2586 12064
2587 12063
2588 12062
2589 12061
2598 11549
2599 11548
2600 11547
2601 11546
2602 11545
2603 11544
2604 11543
2605 11542
2606 11541
2607 11540
2608 11539
2609 11538
2610 11181
2611 11180
2612 11179
2613 11178
2614 11177
2615 11176
2616 11175
2617 11174
2618 11295
2619 11294
2620 11293
2621 11292
2622 11291
2623 11290
2624 11289
2625 11617
2626 11616
2627 11615
2628 11614
2629 11613
2630 11612
2631 11611
2632 11610
2633 11609
2634 11608
2635 11607
2636 11606
2637 11605
2638 11604
2647 10626
2648 10625
2649 10624
2650 10623
2651 10622
2652 10621
2653 10620
2654 10619
2655 10618
2656 10617
2657 10546
2658 10545
2659 10544
2660 10543
2661 10542
2662 10541
2663 10540
2664 10723
2665 10722
2666 10721
2667 10720
2668 10719
2669 10718
2670 10717
2671 10716
2672 10715
2673 10714
2674 10713
2675 10712
2676 10711
2677 10710
2678 10709
2679 10708
2680 10577
2681 10576
2682 10575
2683 10574
2684 10573
2685 10572
2686 10571
2687 10570
2688 10569
2697 9791
2698 9790
2699 9789
2700 9788
2701 9787
2702 9786
2703 9785
2704 9977
2705 9976
2706 9975
2707 9974
2708 9973
2709 9972
2710 9971
2711 9970
2712 10178
2713 10177
2714 10176
2715 10175
2716 10174
2717 10173
2718 10172
2719 10171
2720 9608
2721 9607
2722 9606
2723 9605
2724 9604
2725 9603
2726 9602
2727 9601
2728 9768
2729 9767
2730 9766
2731 9765
2732 9764
2733 9763
2734 9762
2735 9761
2736 9760
2737 9759
2738 9758
2747 9251
2748 9250
2749 9249
2750 9248
2751 9247
2752 9246
2753 9245
2754 9244
2755 9243
2756 9242
2757 9241
2758 9240
2759 8883
2760 8882
2761 8881
2762 8880
2763 8879
2764 8878
2765 8877
2766 8876
2767 8997
2768 8996
2769 8995
2770 8994
2771 8993
2772 8992
2773 8991
2774 9319
2775 9318
2776 9317
2777 9316
2778 9315
2779 9314
2780 9313
2781 9312
2782 9311
2783 9310
2784 9309
2785 9308
2786 9307
2787 9306
2796 8390
2797 8389
2798 8388
2799 8387
2800 8386
2801 8385
2802 8384
2803 8383
2804 8382
2805 8381
2806 8328
2807 8327
2808 8326
2809 8325
2810 8324
2811 8323
2812 8322
2813 8644
2814 8643
2815 8642
2816 8641
2817 8640
2818 8639
2819 8638
2820 8637
2821 8552
2822 8551
2823 8550
2824 8549
2825 8548
2826 8547
2827 8546
2828 8545
2829 8586
2830 8585
2831 8584
2832 8583
2833 8582
2834 8581
2835 8580
2836 8579
2837 8578
2838 8577
2839 8576
2840 8575
2843 8427
2844 8426
2845 8425
2846 8424
2847 8423
2848 8422
2849 8421
2850 8420
2851 8419
2852 8418
2853 8417
2854 8416
2855 8415
2856 8414
2857 8413
2858 8412
2859 8411
2860 8410
2861 8409
2862 8408
2863 8652
2864 8651
2865 8650
2866 8649
2867 8648
2868 8647
2869 8646
2870 8645
2871 8321
2872 8320
2873 8319
2874 8318
2875 8317
2876 8316
2877 8315
2878 8314
2879 8498
2880 8497
2881 8496
2882 8495
2883 8494
2884 8493
2885 8492
2886 8491
2887 8490
2888 8489
2897 9333
2898 9332
2899 9331
2900 9330
2901 9329
2902 9328
2903 9327
2904 9326
2905 9325
2906 9324
2907 9323
2908 9322
2909 9321
2910 9320
2911 8990
2912 8989
2913 8988
2914 8987
2915 8986
2916 8985
2917 8984
2918 8983
2919 9391
2920 9390
2921 9389
2922 9388
2923 9387
2924 9386
2925 9385
2926 9384
2927 9426
2928 9425
2929 9424
2930 9423
2931 9422
2932 9421
2933 9420
2934 9419
2935 9418
2936 9417
2937 9416
2938 9415
2947 10022
2948 10021
2949 10020
2950 10019
2951 10018
2952 10017
2953 10016
2954 10015
2955 10014
2956 10013
2957 10012
2958 10011
2959 9835
2960 9834
2961 9833
2962 9832
2963 9831
2964 9830
2965 9829
2966 9828
2967 10096
2968 10095
2969 10094
2970 10093
2971 10092
2972 10091
2973 10090
2974 10089
2975 9985
2976 9984
2977 9983
2978 9982
2979 9981
2980 9980
2981 9979
2982 9978
2983 9784
2984 9783
2985 9782
2986 9781
2987 9780
2988 9779
2989 9778
2998 10877
2999 10876
3000 10875
3001 10874
3002 10873
3003 10872
3004 10871
3005 10870
3006 10869
3007 10957
3008 10956
3009 10955
3010 10954
3011 10953
3012 10952
3013 10951
3014 10950
3015 10731
3016 10730
3017 10729
3018 10728
3019 10727
3020 10726
3021 10725
3022 10724
3023 10539
3024 10538
3025 10537
3026 10536
3027 10535
3028 10534
3029 10533
3030 10532
3031 10531
3032 10530
3033 10529
3034 10528
3035 10527
3036 10526
3037 10525
3038 10524
3039 10523
3040 10522
3049 11631
3050 11630
3051 11629
3052 11628
3053 11627
3054 11626
3055 11625
3056 11624
3057 11623
3058 11622
3059 11621
3060 11620
3061 11619
3062 11618
3063 11288
3064 11287
3065 11286
3066 11285
3067 11284
3068 11283
3069 11282
3070 11281
3071 11042
3072 11041
3073 11040
3074 11039
3075 11038
3076 11037
3077 11036
3078 11035
3079 11697
3080 11696
3081 11695
3082 11694
3083 11693
3084 11692
3085 11691
3086 11690
3087 11689
3088 11688
3089 11687
3090 11686
3099 12293
3100 12292
3101 12291
3102 12290
3103 12289
3104 12288
3105 12287
3106 12286
3107 12285
3108 12284
3109 12283
3110 12282
3111 12138
3112 12137
3113 12136
3114 12135
3115 12134
3116 12133
3117 12132
3118 12131
3119 12367
3120 12366
3121 12365
3122 12364
3123 12363
3124 12362
3125 12361
3126 12360
3127 12256
3128 12255
3129 12254
3130 12253
3131 12252
3132 12251
3133 12250
3134 12249
3135 12087
3136 12086
3137 12085
3138 12084
3139 12083
3140 12082
3141 12081
3150 13171
3151 13170
3152 13169
3153 13168
3154 13167
3155 13166
3156 13165
3157 13164
3158 13163
3159 13234
3160 13233
3161 13232
3162 13231
3163 13230
3164 13229
3165 13228
3166 13227
3167 13023
3168 13022
3169 13021
3170 13020
3171 13019
3172 13018
3173 13017
3174 13016
3175 12834
3176 12833
3177 12832
3178 12831
3179 12830
3180 12829
3181 12828
3182 12827
3183 13181
3184 13180
3185 13179
3186 13178
3187 13177
3188 13176
3189 13175
3190 13174
3191 13173
3192 13172
3201 13902
3202 13901
3203 13900
3204 13899
3205 13898
3206 13897
3207 13896
3208 13895
3209 13894
3210 13893
3211 13892
3212 13891
3213 13890
3214 13889
3215 13563
3216 13562
3217 13561
3218 13560
3219 13559
3220 13558
3221 13557
3222 13556
3223 13318
3224 13317
3225 13316
3226 13315
3227 13314
3228 13313
3229 13312
3230 13311
3231 13968
3232 13967
3233 13966
3234 13965
3235 13964
3236 13963
3237 13962
3238 13961
3239 13960
3240 13959
3241 13958
3242 13957
3251 14667
3252 14666
3253 14665
3254 14664
3255 14663
3256 14662
3257 14661
3258 14660
3259 14659
3260 14658
3261 14657
3262 14656
3263 14612
3264 14611
3265 14610
3266 14609
3267 14608
3268 14607
3269 14606
3270 14605
3271 14725
3272 14724
3273 14723
3274 14722
3275 14721
3276 14720
3277 14719
3278 14718
3279 14399
3280 14398
3281 14397
3282 14396
3283 14395
3284 14394
3285 14393
3286 14392
3287 14422
3288 14421
3289 14420
3290 14419
3291 14418
3292 14417
3293 14416
3294 14415
3295 14414
3298 14566
3299 14565
3300 14564
3301 14563
3302 14562
3303 14561
3304 14560
3305 14559
3306 14558
3307 14557
3308 14556
3309 14555
3310 14554
3311 14553
3312 14552
3313 14551
3314 14550
3315 14733
3316 14732
3317 14731
3318 14730
3319 14729
3320 14728
3321 14727
3322 14726
3323 14604
3324 14603
3325 14602
3326 14601
3327 14600
3328 14599
3329 14598
3330 14597
3331 14688
3332 14687
3333 14686
3334 14685
3335 14684
3336 14683
3337 14682
3338 14681
3339 14680
3340 14679
3341 14678
3350 13980
3351 13979
3352 13978
3353 13977
3354 13976
3355 13975
3356 13974
3357 13973
3358 13972
3359 13971
3360 13970
3361 13969
3362 13310
3363 13309
3364 13308
3365 13307
3366 13306
3367 13305
3368 13304
3369 13303
3370 13417
3371 13416
3372 13415
3373 13414
3374 13413
3375 13412
3376 13411
3377 13410
3378 13409
3379 13408
3380 13407
3381 13406
3382 13405
3383 13404
3384 13403
3385 13402
3386 13401
3387 13400
3388 13399
3389 13398
3390 13397
3399 13212
3400 13211
3401 13210
3402 13209
3403 13208
3404 13207
3405 13206
3406 13205
3407 13204
3408 13203
3409 13130
3410 13129
3411 13128
3412 13127
3413 13126
3414 13125
3415 13124
3416 13123
3417 13122
3418 13121
3419 13120
3420 13119
3421 13118
3422 13117
3423 13116
3424 13242
3425 13241
3426 13240
3427 13239
3428 13238
3429 13237
3430 13236
3431 13235
3432 13162
3433 13161
3434 13160
3435 13159
3436 13158
3437 13157
3438 13156
3439 13155
3440 13154
3449 12496
3450 12495
3451 12494
3452 12493
3453 12492
3454 12491
3455 12490
3456 12489
3457 12488
3458 12487
3459 12486
3460 12485
3461 12484
3462 12483
3463 12482
3464 12375
3465 12374
3466 12373
3467 12372
3468 12371
3469 12370
3470 12369
3471 12368
3472 12130
3473 12129
3474 12128
3475 12127
3476 12126
3477 12125
3478 12124
3479 12123
3480 12322
3481 12321
3482 12320
3483 12319
3484 12318
3485 12317
3486 12316
3487 12315
3488 12314
3489 12313
3490 12312
3499 11709
3500 11708
3501 11707
3502 11706
3503 11705
3504 11704
3505 11703
3506 11702
3507 11701
3508 11700
3509 11699
3510 11698
3511 11034
3512 11033
3513 11032
3514 11031
3515 11030
3516 11029
3517 11028
3518 11027
3519 11142
3520 11141
3521 11140
3522 11139
3523 11138
3524 11137
3525 11136
3526 11135
3527 11134
3528 11133
3529 11132
3530 11131
3531 11130
3532 11129
3533 11128
3534 11127
3535 11126
3536 11125
3537 11124
3538 11123
3539 11122
3548 10935
3549 10934
3550 10933
3551 10932
3552 10931
3553 10930
3554 10929
3555 10928
3556 10927
3557 10926
3558 10837
3559 10836
3560 10835
3561 10834
3562 10833
3563 10832
3564 10831
3565 10830
3566 10829
3567 10828
3568 10827
3569 10826
3570 10825
3571 10824
3572 10823
3573 10965
3574 10964
3575 10963
3576 10962
3577 10961
3578 10960
3579 10959
3580 10958
3581 10868
3582 10867
3583 10866
3584 10865
3585 10864
3586 10863
3587 10862
3588 10861
3589 10860
3598 10225
3599 10224
3600 10223
3601 10222
3602 10221
3603 10220
3604 10219
3605 10218
3606 10217
3607 10216
3608 10215
3609 10214
3610 10213
3611 10212
3612 10211
3613 10104
3614 10103
3615 10102
3616 10101
3617 10100
3618 10099
3619 10098
3620 10097
3621 9827
3622 9826
3623 9825
3624 9824
3625 9823
3626 9822
3627 9821
3628 9820
3629 10051
3630 10050
3631 10049
3632 10048
3633 10047
3634 10046
3635 10045
3636 10044
3637 10043
3638 10042
3639 10041
3648 9438
3649 9437
3650 9436
3651 9435
3652 9434
3653 9433
3654 9432
3655 9431
3656 9430
3657 9429
3658 9428
3659 9427
3660 9383
3661 9382
3662 9381
3663 9380
3664 9379
3665 9378
3666 9377
3667 9376
3668 8844
3669 8843
3670 8842
3671 8841
3672 8840
3673 8839
3674 8838
3675 8837
3676 8836
3677 8835
3678 8834
3679 8833
3680 8832
3681 8831
3682 8830
3683 8829
3684 8828
3685 8827
3686 8826
3687 8825
3688 8824
3697 8528
3698 8527
3699 8526
3700 8525
3701 8524
3702 8523
3703 8522
3704 8521
3705 8520
3706 8519
3707 8466
3708 8465
3709 8464
3710 8463
3711 8462
3712 8461
3713 8460
3714 8459
3715 8458
3716 8457
3717 8456
3718 8455
3719 8454
3720 8453
3721 8452
3722 8705
3723 8704
3724 8703
3725 8702
3726 8701
3727 8700
3728 8699
3729 8698
3730 8697
3731 8696
3732 8695
3733 8694
3734 8693
3735 8692
3736 8691
3737 8690
3738 8689
3739 8688
3740 8687
3741 8686
3744 8685
3745 8684
3746 8683
3747 8682
3748 8681
3749 8680
3750 8679
3751 8678
3752 8677
3753 8676
3754 8675
3755 8674
3756 8673
3757 8672
3758 8671
3759 8670
3760 8669
3761 8668
3762 8667
3763 8666
3764 8665
3765 8664
3766 8663
3767 8662
3768 8661
3769 8474
3770 8473
3771 8472
3772 8471
3773 8470
3774 8469
3775 8468
3776 8467
3777 8518
3778 8517
3779 8516
3780 8515
3781 8514
3782 8513
3783 8512
3792 9357
3793 9356
3794 9355
3795 9354
3796 9353
3797 9352
3798 9351
3799 9350
3800 9349
3801 9348
3802 9347
3803 9346
3804 8852
3805 8851
3806 8850
3807 8849
3808 8848
3809 8847
3810 8846
3811 8845
3812 9375
3813 9374
3814 9373
3815 9372
3816 9371
3817 9370
3818 9369
3819 9368
3820 9367
3821 9366
3822 9365
3823 9364
3824 9363
3825 9362
3826 9361
3827 9360
3828 9359
3829 9358
3838 10060
3839 10059
3840 10058
3841 10057
3842 10056
3843 10055
3844 10054
3845 10053
3846 10052
3847 9819
3848 9818
3849 9817
3850 9816
3851 9815
3852 9814
3853 9813
3854 9812
3855 9811
3856 9810
3857 9809
3858 9808
3859 9807
3860 9806
3861 9805
3862 9804
3863 9803
3864 9802
3865 9801
3866 9800
3867 9799
3868 9798
3869 9797
3870 9796
3871 9795
3872 9794
3873 9793
3874 9792
3883 10761
3884 10760
3885 10759
3886 10758
3887 10757
3888 10756
3889 10755
3890 10754
3891 10753
3892 10752
3893 10751
3894 10750
3895 10749
3896 10748
3897 10747
3898 10746
3899 10745
3900 10744
3901 10743
3902 10742
3903 10741
3904 10740
3905 10845
3906 10844
3907 10843
3908 10842
3909 10841
3910 10840
3911 10839
3912 10838
3913 10925
3914 10924
3915 10923
3916 10922
3917 10921
3918 10920
3919 10919
3928 11685
3929 11684
3930 11683
3931 11682
3932 11681
3933 11680
3934 11679
3935 11678
3936 11677
3937 11676
3938 11675
3939 11674
3940 11150
3941 11149
3942 11148
3943 11147
3944 11146
3945 11145
3946 11144
3947 11143
3948 11026
3949 11025
3950 11024
3951 11023
3952 11022
3953 11021
3954 11020
3955 11019
3956 11018
3957 11017
3958 11016
3959 11015
3960 11014
3961 11013
3962 11012
3963 11011
3964 11010
3965 11009
3974 12331
3975 12330
3976 12329
3977 12328
3978 12327
3979 12326
3980 12325
3981 12324
3982 12323
3983 12122
3984 12121
3985 12120
3986 12119
3987 12118
3988 12117
3989 12116
3990 12115
3991 12114
3992 12113
3993 12112
3994 12111
3995 12110
3996 12109
3997 12108
3998 12107
3999 12106
4000 12105
4001 12104
4002 12103
4003 12102
4004 12101
4005 12100
4006 12099
4007 12098
4008 12097
4009 12096
4010 12095
4019 13053
4020 13052
4021 13051
4022 13050
4023 13049
4024 13048
4025 13047
4026 13046
4027 13045
4028 13044
4029 13043
4030 13042
4031 13041
4032 13040
4033 13039
4034 13038
4035 13037
4036 13036
4037 13035
4038 13034
4039 13033
4040 13032
4041 13138
4042 13137
4043 13136
4044 13135
4045 13134
4046 13133
4047 13132
4048 13131
4049 13202
4050 13201
4051 13200
4052 13199
4053 13198
4054 13197
4055 13196
4056 13195
4065 13956
4066 13955
4067 13954
4068 13953
4069 13952
4070 13951
4071 13950
4072 13949
4073 13948
4074 13947
4075 13946
4076 13945
4077 13425
4078 13424
4079 13423
4080 13422
4081 13421
4082 13420
4083 13419
4084 13418
4085 13302
4086 13301
4087 13300
4088 13299
4089 13298
4090 13297
4091 13296
4092 13295
4093 13294
4094 13293
4095 13292
4096 13291
4097 13290
4098 13289
4099 13288
4100 13287
4101 13286
4110 14698
4111 14697
4112 14696
4113 14695
4114 14694
4115 14693
4116 14692
4117 14691
4118 14690
4119 14689
4120 14596
4121 14595
4122 14594
4123 14593
4124 14592
4125 14591
4126 14590
4127 14589
4128 14588
4129 14587
4130 14586
4131 14585
4132 14584
4133 14583
4134 14582
4135 14581
4136 14580
4137 14579
4138 14578
4139 14577
4140 14576
4141 14575
4142 14574
4143 14573
4144 14572
4145 14571
4146 14570
4147 14569
4148 14568
4149 14567
4152 14413
4153 14412
4154 14411
4155 14410
4156 14409
4157 14408
4158 14407
4159 14406
4160 14405
4161 14404
4162 14403
4163 14402
4164 14401
4165 14400
4166 14717
4167 14716
4168 14715
4169 14714
4170 14713
4171 14712
4172 14711
4173 14710
4174 14118
4175 14117
4176 14116
4177 14115
4178 14114
4179 14113
4180 14112
4181 14111
4182 14110
4183 14109
4184 14108
4185 14107
4186 14106
4187 14105
4188 14104
4189 14103
4190 14102
4199 13874
4200 13873
4201 13872
4202 13871
4203 13870
4204 13869
4205 13868
4206 13867
4207 13866
4208 13440
4209 13439
4210 13438
4211 13437
4212 13436
4213 13435
4214 13434
4215 13433
4216 13432
4217 13431
4218 13430
4219 13429
4220 13428
4221 13427
4222 13426
4223 13944
4224 13943
4225 13942
4226 13941
4227 13940
4228 13939
4229 13938
4230 13937
4231 13936
4232 13935
4233 13934
4234 13933
4243 13153
4244 13152
4245 13151
4246 13150
4247 13149
4248 13148
4249 13147
4250 13146
4251 13145
4252 13144
4253 13143
4254 13142
4255 13141
4256 13140
4257 13139
4258 13031
4259 13030
4260 13029
4261 13028
4262 13027
4263 13026
4264 13025
4265 13024
4266 13226
4267 13225
4268 13224
4269 13223
4270 13222
4271 13221
4272 13220
4273 13219
4274 13218
4275 13217
4276 13216
4277 13215
4278 13214
4279 13213
4288 12268
4289 12267
4290 12266
4291 12265
4292 12264
4293 12263
4294 12262
4295 12261
4296 12260
4297 12259
4298 12258
4299 12257
4300 12359
4301 12358
4302 12357
4303 12356
4304 12355
4305 12354
4306 12353
4307 12352
4308 11863
4309 11862
4310 11861
4311 11860
4312 11859
4313 11858
4314 11857
4315 11856
4316 11855
4317 11854
4318 11853
4319 11852
4320 11851
4321 11850
4322 11849
4323 11848
4332 11603
4333 11602
4334 11601
4335 11600
4336 11599
4337 11598
4338 11597
4339 11596
4340 11595
4341 11594
4342 11165
4343 11164
4344 11163
4345 11162
4346 11161
4347 11160
4348 11159
4349 11158
4350 11157
4351 11156
4352 11155
4353 11154
4354 11153
4355 11152
4356 11151
4357 11673
4358 11672
4359 11671
4360 11670
4361 11669
4362 11668
4363 11667
4364 11666
4365 11665
4366 11664
4367 11663
4368 11662
4377 10859
4378 10858
4379 10857
4380 10856
4381 10855
4382 10854
4383 10853
4384 10852
4385 10851
4386 10850
4387 10849
4388 10848
4389 10847
4390 10846
4391 10739
4392 10738
4393 10737
4394 10736
4395 10735
4396 10734
4397 10733
4398 10732
4399 10949
4400 10948
4401 10947
4402 10946
4403 10945
4404 10944
4405 10943
4406 10942
4407 10941
4408 10940
4409 10939
4410 10938
4411 10937
4412 10936
4421 9997
4422 9996
4423 9995
4424 9994
4425 9993
4426 9992
4427 9991
4428 9990
4429 9989
4430 9988
4431 9987
4432 9986
4433 10088
4434 10087
4435 10086
4436 10085
4437 10084
4438 10083
4439 10082
4440 10081
4441 9592
4442 9591
4443 9590
4444 9589
4445 9588
4446 9587
4447 9586
4448 9585
4449 9584
4450 9583
4451 9582
4452 9581
4453 9580
4454 9579
4455 9578
4456 9577
4465 9305
4466 9304
4467 9303
4468 9302
4469 9301
4470 9300
4471 9299
4472 9298
4473 9297
4474 9296
4475 8867
4476 8866
4477 8865
4478 8864
4479 8863
4480 8862
4481 8861
4482 8860
4483 8859
4484 8858
4485 8857
4486 8856
4487 8855
4488 8854
4489 8853
4490 9345
4491 9344
4492 9343
4493 9342
4494 9341
4495 9340
4496 9339
4497 9338
4498 9337
4499 9336
4500 9335
4501 9334
4510 8488
4511 8487
4512 8486
4513 8485
4514 8484
4515 8483
4516 8482
4517 8481
4518 8480
4519 8479
4520 8478
4521 8477
4522 8476
4523 8475
4524 8660
4525 8659
4526 8658
4527 8657
4528 8656
4529 8655
4530 8654
4531 8653
4532 8407
4533 8406
4534 8405
4535 8404
4536 8403
4537 8402
4538 8401
4539 8400
4540 8399
4541 8398
4542 8397
4543 8396
4544 8395
4545 8394
4546 8393
4547 8392
4548 8391
4551 8285
4552 8284
4553 8283
4554 8282
4555 8281
4556 8280
4557 8279
4558 8278
4559 8277
4560 8276
4561 8275
4562 8274
4563 8273
4564 8272
4565 8271
4566 8270
4567 8336
4568 8335
4569 8334
4570 8333
4571 8332
4572 8331
4573 8330
4574 8329
4575 8380
4576 8379
4577 8378
4578 8377
4579 8376
4580 8375
4581 8374
4590 9227
4591 9226
4592 9225
4593 9224
4594 9223
4595 9222
4596 9221
4597 9220
4598 9219
4599 9218
4600 9217
4601 9216
4602 9005
4603 9004
4604 9003
4605 9002
4606 9001
4607 9000
4608 8999
4609 8998
4610 8875
4611 8874
4612 8873
4613 8872
4614 8871
4615 8870
4616 8869
4617 8868
4618 9295
4619 9294
4620 9293
4621 9292
4622 9291
4623 9290
4624 9289
4625 9288
4626 9287
4627 9286
4636 9777
4637 9776
4638 9775
4639 9774
4640 9773
4641 9772
4642 9771
4643 9770
4644 9769
4645 9600
4646 9599
4647 9598
4648 9597
4649 9596
4650 9595
4651 9594
4652 9593
4653 10080
4654 10079
4655 10078
4656 10077
4657 10076
4658 10075
4659 10074
4660 10073
4661 10072
4662 10071
4663 10070
4664 10069
4665 10068
4666 10067
4667 10066
4668 10065
4669 10064
4670 10063
4671 10062
4672 10061
4681 10521
4682 10520
4683 10519
4684 10518
4685 10517
4686 10516
4687 10515
4688 10514
4689 10513
4690 10512
4691 10511
4692 10510
4693 10509
4694 10508
4695 10507
4696 10506
4697 10505
4698 10504
4699 10503
4700 10502
4701 10501
4702 10500
4703 10554
4704 10553
4705 10552
4706 10551
4707 10550
4708 10549
4709 10548
4710 10547
4711 10616
4712 10615
4713 10614
4714 10613
4715 10612
4716 10611
4717 10610
4726 11525
4727 11524
4728 11523
4729 11522
4730 11521
4731 11520
4732 11519
4733 11518
4734 11517
4735 11516
4736 11515
4737 11514
4738 11303
4739 11302
4740 11301
4741 11300
4742 11299
4743 11298
4744 11297
4745 11296
4746 11173
4747 11172
4748 11171
4749 11170
4750 11169
4751 11168
4752 11167
4753 11166
4754 11593
4755 11592
4756 11591
4757 11590
4758 11589
4759 11588
4760 11587
4761 11586
4762 11585
4763 11584
4772 12080
4773 12079
4774 12078
4775 12077
4776 12076
4777 12075
4778 12074
4779 12073
4780 12072
4781 11871
4782 11870
4783 11869
4784 11868
4785 11867
4786 11866
4787 11865
4788 11864
4789 12351
4790 12350
4791 12349
4792 12348
4793 12347
4794 12346
4795 12345
4796 12344
4797 12343
4798 12342
4799 12341
4800 12340
4801 12339
4802 12338
4803 12337
4804 12336
4805 12335
4806 12334
4807 12333
4808 12332
4817 12798
4818 12797
4819 12796
4820 12795
4821 12794
4822 12793
4823 12792
4824 12791
4825 12790
4826 12789
4827 12788
4828 12787
4829 12786
4830 12785
4831 12784
4832 12783
4833 12782
4834 12781
4835 12780
4836 12779
4837 12778
4838 12777
4839 12849
4840 12848
4841 12847
4842 12846
4843 12845
4844 12844
4845 12843
4846 12842
4847 12913
4848 12912
4849 12911
4850 12910
4851 12909
4852 12908
4853 12907
4854 12906
4863 13798
4864 13797
4865 13796
4866 13795
4867 13794
4868 13793
4869 13792
4870 13791
4871 13790
4872 13789
4873 13788
4874 13787
4875 13578
4876 13577
4877 13576
4878 13575
4879 13574
4880 13573
4881 13572
4882 13571
4883 13448
4884 13447
4885 13446
4886 13445
4887 13444
4888 13443
4889 13442
4890 13441
4891 13865
4892 13864
4893 13863
4894 13862
4895 13861
4896 13860
4897 13859
4898 13858
4899 13857
4908 14310
4909 14309
4910 14308
4911 14307
4912 14306
4913 14305
4914 14304
4915 14303
4916 14302
4917 14301
4918 14126
4919 14125
4920 14124
4921 14123
4922 14122
4923 14121
4924 14120
4925 14119
4926 14709
4927 14708
4928 14707
4929 14706
4930 14705
4931 14704
4932 14703
4933 14702
4934 14701
4935 14700
4936 14699
4939 14264
4940 14263
4941 14262
4942 14501
4943 14500
4944 14499
4945 14498
4946 14497
4947 14496
4948 14495
4949 14494
4950 14189
4951 14188
4952 14187
4953 14186
4954 14185
4955 14184
4956 14183
4957 14182
4958 14181
4959 14180
4960 14179
4961 14178
4962 14177
4963 14176
4964 14175
4965 14174
4966 14173
4975 13716
4976 13715
4977 13714
4978 13713
4979 13712
4980 13711
4981 13710
4982 13709
4983 13708
4984 13593
4985 13592
4986 13591
4987 13590
4988 13589
4989 13588
4990 13587
4991 13586
4992 13585
4993 13584
4994 13583
4995 13582
4996 13581
4997 13580
4998 13579
4999 13786
5000 13785
5001 13784
5002 13783
5003 13782
5004 13781
5005 13780
5006 13779
5007 13778
5008 13777
5009 13776
5010 13775
5019 12864
5020 12863
5021 12862
5022 12861
5023 12860
5024 12859
5025 12858
5026 12857
5027 12856
5028 12855
5029 12854
5030 12853
5031 12852
5032 12851
5033 12850
5034 12776
5035 12775
5036 12774
5037 12773
5038 12772
5039 12771
5040 12770
5041 12769
5042 13067
5043 13066
5044 13065
5045 13064
5046 13063
5047 13062
5048 13061
5049 13060
5050 13059
5051 13058
5052 13057
5053 13056
5054 13055
5055 13054
5064 12017
5065 12016
5066 12015
5067 12014
5068 12013
5069 12012
5070 12011
5071 12010
5072 12009
5073 12008
5074 12007
5075 12006
5076 12433
5077 12432
5078 12431
5079 12430
5080 12429
5081 12428
5082 12427
5083 12426
5084 11933
5085 11932
5086 11931
5087 11930
5088 11929
5089 11928
5090 11927
5091 11926
5092 11925
5093 11924
5094 11923
5095 11922
5096 11921
5097 11920
5098 11919
5099 11918
5108 11443
5109 11442
5110 11441
5111 11440
5112 11439
5113 11438
5114 11437
5115 11436
5116 11435
5117 11434
5118 11318
5119 11317
5120 11316
5121 11315
5122 11314
5123 11313
5124 11312
5125 11311
5126 11310
5127 11309
5128 11308
5129 11307
5130 11306
5131 11305
5132 11304
5133 11513
5134 11512
5135 11511
5136 11510
5137 11509
5138 11508
5139 11507
5140 11506
5141 11505
5142 11504
5143 11503
5144 11502
5153 10568
5154 10567
5155 10566
5156 10565
5157 10564
5158 10563
5159 10562
5160 10561
5161 10560
5162 10559
5163 10558
5164 10557
5165 10556
5166 10555
5167 10499
5168 10498
5169 10497
5170 10496
5171 10495
5172 10494
5173 10493
5174 10492
5175 10491
5176 10490
5177 10489
5178 10488
5179 10487
5180 10486
5181 10485
5182 10484
5183 10483
5184 10482
5185 10481
5186 10480
5187 10479
5188 10478
5197 9714
5198 9713
5199 9712
5200 9711
5201 9710
5202 9709
5203 9708
5204 9707
5205 9706
5206 9705
5207 9704
5208 9703
5209 10162
5210 10161
5211 10160
5212 10159
5213 10158
5214 10157
5215 10156
5216 10155
5217 9881
5218 9880
5219 9879
5220 9878
5221 9877
5222 9876
5223 9875
5224 9874
5225 9873
5226 9872
5227 9871
5228 9870
5229 9869
5230 9868
5231 9867
5232 9866
5241 9145
5242 9144
5243 9143
5244 9142
5245 9141
5246 9140
5247 9139
5248 9138
5249 9137
5250 9136
5251 9020
5252 9019
5253 9018
5254 9017
5255 9016
5256 9015
5257 9014
5258 9013
5259 9012
5260 9011
5261 9010
5262 9009
5263 9008
5264 9007
5265 9006
5266 9215
5267 9214
5268 9213
5269 9212
5270 9211
5271 9210
5272 9209
5273 9208
5274 9207
5275 9206
5276 9205
5277 9204
5286 8350
5287 8349
5288 8348
5289 8347
5290 8346
5291 8345
5292 8344
5293 8343
5294 8342
5295 8341
5296 8340
5297 8339
5298 8338
5299 8337
5300 8269
5301 8268
5302 8267
5303 8266
5304 8265
5305 8264
5306 8263
5307 8262
5308 8536
5309 8535
5310 8534
5311 8533
5312 8532
5313 8531
5314 8530
5315 8529
5318 8156
5319 8155
5320 8154
5321 8153
5322 8152
5323 8151
5324 8150
5325 8149
5326 8148
5327 8147
5328 8146
5329 8145
5330 8144
5331 8143
5332 8142
5333 8141
5334 8140
5335 8139
5336 8138
5337 8137
5338 8136
5339 8135
5340 8134
5341 8133
5342 8132
5343 8025
5344 8024
5345 8023
5346 8022
5347 8021
5348 8020
5349 8019
5350 8018
5351 8069
5352 8068
5353 8067
5354 8066
5355 8065
5356 8064
5357 8063
5366 8737
5367 8736
5368 8735
5369 8734
5370 8733
5371 8732
5372 8731
5373 8730
5374 8729
5375 8728
5376 8727
5377 8726
5378 8798
5379 8797
5380 8796
5381 8795
5382 8794
5383 8793
5384 8792
5385 8791
5386 9028
5387 9027
5388 9026
5389 9025
5390 9024
5391 9023
5392 9022
5393 9021
5394 9135
5395 9134
5396 9133
5397 9132
5398 9131
5399 9130
5400 9129
5401 9128
5402 9127
5403 9126
5412 9562
5413 9561
5414 9560
5415 9559
5416 9558
5417 9557
5418 9556
5419 9555
5420 9554
5421 9889
5422 9888
5423 9887
5424 9886
5425 9885
5426 9884
5427 9883
5428 9882
5429 10154
5430 10153
5431 10152
5432 10151
5433 10150
5434 10149
5435 10148
5436 10147
5437 10146
5438 10145
5439 10144
5440 10143
5441 10142
5442 10141
5443 10140
5444 10139
5445 10138
5446 10137
5447 10136
5448 10135
5457 10299
5458 10298
5459 10297
5460 10296
5461 10295
5462 10294
5463 10293
5464 10292
5465 10291
5466 10290
5467 10289
5468 10288
5469 10287
5470 10286
5471 10285
5472 10284
5473 10283
5474 10282
5475 10281
5476 10280
5477 10279
5478 10278
5479 10383
5480 10382
5481 10381
5482 10380
5483 10379
5484 10378
5485 10377
5486 10376
5487 10445
5488 10444
5489 10443
5490 10442
5491 10441
5492 10440
5493 10439
5502 11008
5503 11007
5504 11006
5505 11005
5506 11004
5507 11003
5508 11002
5509 11001
5510 11000
5511 10999
5512 10998
5513 10997
5514 11096
5515 11095
5516 11094
5517 11093
5518 11092
5519 11091
5520 11090
5521 11089
5522 11326
5523 11325
5524 11324
5525 11323
5526 11322
5527 11321
5528 11320
5529 11319
5530 11433
5531 11432
5532 11431
5533 11430
5534 11429
5535 11428
5536 11427
5537 11426
5538 11425
5539 11424
5548 11833
5549 11832
5550 11831
5551 11830
5552 11829
5553 11828
5554 11827
5555 11826
5556 11825
5557 11941
5558 11940
5559 11939
5560 11938
5561 11937
5562 11936
5563 11935
5564 11934
5565 12425
5566 12424
5567 12423
5568 12422
5569 12421
5570 12420
5571 12419
5572 12418
5573 12417
5574 12416
5575 12415
5576 12414
5577 12413
5578 12412
5579 12411
5580 12410
5581 12409
5582 12408
5583 12407
5584 12406
5593 12570
5594 12569
5595 12568
5596 12567
5597 12566
5598 12565
5599 12564
5600 12563
5601 12562
5602 12561
5603 12560
5604 12559
5605 12558
5606 12557
5607 12556
5608 12555
5609 12554
5610 12553
5611 12552
5612 12551
5613 12550
5614 12549
5615 12628
5616 12627
5617 12626
5618 12625
5619 12624
5620 12623
5621 12622
5622 12621
5623 12692
5624 12691
5625 12690
5626 12689
5627 12688
5628 12687
5629 12686
5630 12685
5639 13285
5640 13284
5641 13283
5642 13282
5643 13281
5644 13280
5645 13279
5646 13278
5647 13277
5648 13276
5649 13275
5650 13274
5651 13372
5652 13371
5653 13370
5654 13369
5655 13368
5656 13367
5657 13366
5658 13365
5659 13601
5660 13600
5661 13599
5662 13598
5663 13597
5664 13596
5665 13595
5666 13594
5667 13707
5668 13706
5669 13705
5670 13704
5671 13703
5672 13702
5673 13701
5674 13700
5675 13699
5684 14101
5685 14100
5686 14099
5687 14098
5688 14097
5689 14096
5690 14095
5691 14094
5692 14093
5693 14092
5694 14197
5695 14196
5696 14195
5697 14194
5698 14193
5699 14192
5700 14191
5701 14190
5702 14493
5703 14492
5704 14491
5705 14490
5706 14489
5707 14488
5708 14487
5709 14486
5710 14485
5711 14484
5712 14483
5713 14482
5714 14481
5715 14480
5716 14479
5717 14478
5718 14477
5719 14476
5720 14475
5721 14474
5722 14473
5723 14472
5726 14028
5727 14027
5728 14026
5729 14025
5730 14024
5731 14023
5732 14022
5733 14021
5734 14020
5735 14019
5736 14018
5737 14017
5738 14016
5739 14015
5740 14335
5741 14334
5742 14333
5743 14332
5744 14331
5745 14330
5746 14329
5747 14328
5748 14327
5749 14326
5750 14325
5751 14324
5752 14323
5753 14322
5754 14321
5755 14320
5756 14319
5757 14318
5758 14317
5759 14316
5760 14315
5761 14314
5762 14313
5763 14312
5764 14311
5773 13396
5774 13395
5775 13394
5776 13393
5777 13392
5778 13391
5779 13390
5780 13389
5781 13388
5782 13387
5783 13386
5784 13385
5785 13384
5786 13383
5787 13382
5788 13381
5789 13380
5790 13379
5791 13378
5792 13377
5793 13376
5794 13375
5795 13374
5796 13373
5797 13273
5798 13272
5799 13271
5800 13270
5801 13269
5802 13268
5803 13267
5804 13266
5805 13265
5806 13264
5807 13263
5808 13262
5817 12643
5818 12642
5819 12641
5820 12640
5821 12639
5822 12638
5823 12637
5824 12636
5825 12635
5826 12634
5827 12633
5828 12632
5829 12631
5830 12630
5831 12629
5832 12548
5833 12547
5834 12546
5835 12545
5836 12544
5837 12543
5838 12542
5839 12541
5840 12959
5841 12958
5842 12957
5843 12956
5844 12955
5845 12954
5846 12953
5847 12952
5848 12951
5849 12950
5850 12949
5851 12948
5852 12947
5853 12946
5862 11770
5863 11769
5864 11768
5865 11767
5866 11766
5867 11765
5868 11764
5869 11763
5870 11762
5871 11761
5872 11760
5873 11759
5874 12192
5875 12191
5876 12190
5877 12189
5878 12188
5879 12187
5880 12186
5881 12185
5882 12184
5883 12183
5884 12182
5885 12181
5886 12180
5887 12179
5888 12178
5889 12177
5890 12176
5891 12175
5892 12174
5893 12173
5894 12172
5895 12171
5896 12170
5897 12169
5906 11121
5907 11120
5908 11119
5909 11118
5910 11117
5911 11116
5912 11115
5913 11114
5914 11113
5915 11112
5916 11111
5917 11110
5918 11109
5919 11108
5920 11107
5921 11106
5922 11105
5923 11104
5924 11103
5925 11102
5926 11101
5927 11100
5928 11099
5929 11098
5930 11097
5931 10996
5932 10995
5933 10994
5934 10993
5935 10992
5936 10991
5937 10990
5938 10989
5939 10988
5940 10987
5941 10986
5942 10985
5951 10397
5952 10396
5953 10395
5954 10394
5955 10393
5956 10392
5957 10391
5958 10390
5959 10389
5960 10388
5961 10387
5962 10386
5963 10385
5964 10384
5965 10277
5966 10276
5967 10275
5968 10274
5969 10273
5970 10272
5971 10271
5972 10270
5973 10313
5974 10312
5975 10311
5976 10310
5977 10309
5978 10308
5979 10307
5980 10306
5981 10305
5982 10304
5983 10303
5984 10302
5985 10301
5986 10300
5995 9499
5996 9498
5997 9497
5998 9496
5999 9495
6000 9494
6001 9493
6002 9492
6003 9491
6004 9490
6005 9489
6006 9488
6007 9670
6008 9669
6009 9668
6010 9667
6011 9666
6012 9665
6013 9664
6014 9663
6015 9662
6016 9661
6017 9660
6018 9659
6019 9658
6020 9657
6021 9656
6022 9655
6023 9654
6024 9653
6025 9652
6026 9651
6027 9650
6028 9649
6029 9648
6030 9647
6039 8823
6040 8822
6041 8821
6042 8820
6043 8819
6044 8818
6045 8817
6046 8816
6047 8815
6048 8814
6049 8813
6050 8812
6051 8811
6052 8810
6053 8809
6054 8808
6055 8807
6056 8806
6057 8805
6058 8804
6059 8803
6060 8802
6061 8801
6062 8800
6063 8799
6064 8725
6065 8724
6066 8723
6067 8722
6068 8721
6069 8720
6070 8719
6071 8718
6072 8717
6073 8716
6074 8715
6075 8714
6084 8039
6085 8038
6086 8037
6087 8036
6088 8035
6089 8034
6090 8033
6091 8032
6092 8031
6093 8030
6094 8029
6095 8028
6096 8027
6097 8026
6098 8131
6099 8130
6100 8129
6101 8128
6102 8127
6103 8126
6104 8125
6105 8124
6106 8197
6107 8196
6108 8195
6109 8194
6110 8193
6111 8192
6112 8191
6113 8190
6114 8189
6115 8188
6116 8187
6117 8186
6118 8185
6119 8184
6120 8183
6121 8182
6122 8181
6125 8180
6126 8179
6127 8178
6128 8177
6129 8176
6130 8175
6131 8174
6132 8173
6133 8172
6134 8171
6135 8170
6136 8169
6137 8205
6138 8204
6139 8203
6140 8202
6141 8201
6142 8200
6143 8199
6144 8198
6145 8123
6146 8122
6147 8121
6148 8120
6149 8119
6150 8118
6151 8117
6152 8116
6153 8115
6154 8114
6155 8113
6156 8112
6157 8111
6158 8110
6159 8109
6160 8108
6161 8049
6162 8048
6163 8047
6164 8046
6165 8045
6166 8044
6167 8043
6168 8042
6169 8041
6170 8040
6179 8944
6180 8943
6181 8942
6182 8941
6183 8940
6184 8939
6185 8938
6186 8937
6187 8936
6188 8935
6189 8934
6190 8933
6191 8932
6192 8931
6193 8930
6194 8929
6195 8928
6196 8927
6197 8926
6198 8925
6199 8924
6200 8923
6201 9044
6202 9043
6203 9042
6204 9041
6205 9040
6206 9039
6207 9038
6208 9037
6209 9079
6210 9078
6211 9077
6212 9076
6213 9075
6214 9074
6215 9073
6216 9072
6217 9071
6218 9070
6219 9069
6220 9068
6229 9524
6230 9523
6231 9522
6232 9521
6233 9520
6234 9519
6235 9518
6236 9517
6237 9516
6238 9515
6239 9514
6240 9513
6241 9905
6242 9904
6243 9903
6244 9902
6245 9901
6246 9900
6247 9899
6248 9898
6249 9678
6250 9677
6251 9676
6252 9675
6253 9674
6254 9673
6255 9672
6256 9671
6257 9487
6258 9486
6259 9485
6260 9484
6261 9483
6262 9482
6263 9481
6264 9480
6265 9479
6266 9478
6267 9477
6268 9476
6269 9475
6270 9474
6271 9473
6280 10415
6281 10414
6282 10413
6283 10412
6284 10411
6285 10410
6286 10409
6287 10408
6288 10407
6289 10321
6290 10320
6291 10319
6292 10318
6293 10317
6294 10316
6295 10315
6296 10314
6297 10269
6298 10268
6299 10267
6300 10266
6301 10265
6302 10264
6303 10263
6304 10262
6305 10261
6306 10260
6307 10259
6308 10258
6309 10257
6310 10256
6311 10255
6312 10254
6313 10425
6314 10424
6315 10423
6316 10422
6317 10421
6318 10420
6319 10419
6320 10418
6321 10417
6322 10416
6331 11242
6332 11241
6333 11240
6334 11239
6335 11238
6336 11237
6337 11236
6338 11235
6339 11234
6340 11233
6341 11232
6342 11231
6343 11230
6344 11229
6345 11228
6346 11227
6347 11226
6348 11225
6349 11224
6350 11223
6351 11222
6352 11221
6353 11342
6354 11341
6355 11340
6356 11339
6357 11338
6358 11337
6359 11336
6360 11335
6361 11377
6362 11376
6363 11375
6364 11374
6365 11373
6366 11372
6367 11371
6368 11370
6369 11369
6370 11368
6371 11367
6372 11366
6381 11795
6382 11794
6383 11793
6384 11792
6385 11791
6386 11790
6387 11789
6388 11788
6389 11787
6390 11786
6391 11785
6392 11784
6393 11957
6394 11956
6395 11955
6396 11954
6397 11953
6398 11952
6399 11951
6400 11950
6401 12200
6402 12199
6403 12198
6404 12197
6405 12196
6406 12195
6407 12194
6408 12193
6409 11758
6410 11757
6411 11756
6412 11755
6413 11754
6414 11753
6415 11752
6416 11751
6417 11750
6418 11749
6419 11748
6420 11747
6421 11746
6422 11745
6423 11744
6432 12661
6433 12660
6434 12659
6435 12658
6436 12657
6437 12656
6438 12655
6439 12654
6440 12653
6441 12967
6442 12966
6443 12965
6444 12964
6445 12963
6446 12962
6447 12961
6448 12960
6449 12540
6450 12539
6451 12538
6452 12537
6453 12536
6454 12535
6455 12534
6456 12533
6457 12532
6458 12531
6459 12530
6460 12529
6461 12528
6462 12527
6463 12526
6464 12525
6465 12671
6466 12670
6467 12669
6468 12668
6469 12667
6470 12666
6471 12665
6472 12664
6473 12663
6474 12662
6483 13517
6484 13516
6485 13515
6486 13514
6487 13513
6488 13512
6489 13511
6490 13510
6491 13509
6492 13508
6493 13507
6494 13506
6495 13505
6496 13504
6497 13503
6498 13502
6499 13501
6500 13500
6501 13499
6502 13498
6503 13497
6504 13496
6505 13617
6506 13616
6507 13615
6508 13614
6509 13613
6510 13612
6511 13611
6512 13610
6513 13652
6514 13651
6515 13650
6516 13649
6517 13648
6518 13647
6519 13646
6520 13645
6521 13644
6522 13643
6523 13642
6524 13641
6533 14070
6534 14069
6535 14068
6536 14067
6537 14066
6538 14065
6539 14064
6540 14063
6541 14062
6542 14061
6543 14060
6544 14059
6545 14213
6546 14212
6547 14211
6548 14210
6549 14209
6550 14208
6551 14207
6552 14206
6553 14343
6554 14342
6555 14341
6556 14340
6557 14339
6558 14338
6559 14337
6560 14336
6561 14045
6562 14044
6563 14043
6564 14042
6565 14041
6566 14040
6567 14039
6568 14038
6569 14037
6570 14036
6571 14035
6572 14034
6573 14033
6574 14032
6575 14031
6576 14030
6577 14029
6580 14471
6581 14470
6582 14469
6583 14468
6584 14467
6585 14466
6586 14465
6587 14464
6588 14463
6589 14253
6590 14252
6591 14251
6592 14250
6593 14249
6594 14248
6595 14247
6596 14246
6597 14351
6598 14350
6599 14349
6600 14348
6601 14347
6602 14346
6603 14345
6604 14344
6605 14205
6606 14204
6607 14203
6608 14202
6609 14201
6610 14200
6611 14199
6612 14198
6613 14091
6614 14090
6615 14089
6616 14088
6617 14087
6618 14086
6619 14085
6620 14084
6621 14083
6622 14082
6623 14081
6632 13664
6633 13663
6634 13662
6635 13661
6636 13660
6637 13659
6638 13658
6639 13657
6640 13656
6641 13655
6642 13654
6643 13653
6644 13609
6645 13608
6646 13607
6647 13606
6648 13605
6649 13604
6650 13603
6651 13602
6652 13364
6653 13363
6654 13362
6655 13361
6656 13360
6657 13359
6658 13358
6659 13730
6660 13729
6661 13728
6662 13727
6663 13726
6664 13725
6665 13724
6666 13723
6667 13722
6668 13721
6669 13720
6670 13719
6671 13718
6672 13717
6681 12702
6682 12701
6683 12700
6684 12699
6685 12698
6686 12697
6687 12696
6688 12695
6689 12694
6690 12693
6691 12620
6692 12619
6693 12618
6694 12617
6695 12616
6696 12615
6697 12614
6698 12613
6699 12612
6700 12611
6701 12610
6702 12609
6703 12608
6704 12607
6705 12606
6706 12975
6707 12974
6708 12973
6709 12972
6710 12971
6711 12970
6712 12969
6713 12968
6714 12652
6715 12651
6716 12650
6717 12649
6718 12648
6719 12647
6720 12646
6721 12645
6722 12644
6731 11847
6732 11846
6733 11845
6734 11844
6735 11843
6736 11842
6737 11841
6738 11997
6739 11996
6740 11995
6741 11994
6742 11993
6743 11992
6744 11991
6745 11990
6746 12208
6747 12207
6748 12206
6749 12205
6750 12204
6751 12203
6752 12202
6753 12201
6754 11949
6755 11948
6756 11947
6757 11946
6758 11945
6759 11944
6760 11943
6761 11942
6762 11824
6763 11823
6764 11822
6765 11821
6766 11820
6767 11819
6768 11818
6769 11817
6770 11816
6771 11815
6772 11814
6781 11389
6782 11388
6783 11387
6784 11386
6785 11385
6786 11384
6787 11383
6788 11382
6789 11381
6790 11380
6791 11379
6792 11378
6793 11334
6794 11333
6795 11332
6796 11331
6797 11330
6798 11329
6799 11328
6800 11327
6801 11088
6802 11087
6803 11086
6804 11085
6805 11084
6806 11083
6807 11082
6808 11457
6809 11456
6810 11455
6811 11454
6812 11453
6813 11452
6814 11451
6815 11450
6816 11449
6817 11448
6818 11447
6819 11446
6820 11445
6821 11444
6830 10455
6831 10454
6832 10453
6833 10452
6834 10451
6835 10450
6836 10449
6837 10448
6838 10447
6839 10446
6840 10375
6841 10374
6842 10373
6843 10372
6844 10371
6845 10370
6846 10369
6847 10691
6848 10690
6849 10689
6850 10688
6851 10687
6852 10686
6853 10685
6854 10684
6855 10329
6856 10328
6857 10327
6858 10326
6859 10325
6860 10324
6861 10323
6862 10322
6863 10406
6864 10405
6865 10404
6866 10403
6867 10402
6868 10401
6869 10400
6870 10399
6871 10398
6880 9576
6881 9575
6882 9574
6883 9573
6884 9572
6885 9571
6886 9570
6887 9694
6888 9693
6889 9692
6890 9691
6891 9690
6892 9689
6893 9688
6894 9687
6895 9686
6896 9685
6897 9684
6898 9683
6899 9682
6900 9681
6901 9680
6902 9679
6903 9897
6904 9896
6905 9895
6906 9894
6907 9893
6908 9892
6909 9891
6910 9890
6911 9553
6912 9552
6913 9551
6914 9550
6915 9549
6916 9548
6917 9547
6918 9546
6919 9545
6920 9544
6921 9543
6930 9091
6931 9090
6932 9089
6933 9088
6934 9087
6935 9086
6936 9085
6937 9084
6938 9083
6939 9082
6940 9081
6941 9080
6942 9036
6943 9035
6944 9034
6945 9033
6946 9032
6947 9031
6948 9030
6949 9029
6950 8790
6951 8789
6952 8788
6953 8787
6954 8786
6955 8785
6956 8784
6957 9159
6958 9158
6959 9157
6960 9156
6961 9155
6962 9154
6963 9153
6964 9152
6965 9151
6966 9150
6967 9149
6968 9148
6969 9147
6970 9146
6979 8079
6980 8078
6981 8077
6982 8076
6983 8075
6984 8074
6985 8073
6986 8072
6987 8071
6988 8070
6989 8017
6990 8016
6991 8015
6992 8014
6993 8013
6994 8012
6995 8011
6996 8253
6997 8252
6998 8251
6999 8250
7000 8249
7001 8248
7002 8247
7003 8246
7004 8213
7005 8212
7006 8211
7007 8210
7008 8209
7009 8208
7010 8207
7011 8206
7012 8168
7013 8167
7014 8166
7015 8165
7016 8164
7017 8163
7018 8162
7019 8161
7020 8160
7021 8159
7022 8158
7023 8157
7026 8221
7027 8220
7028 8219
7029 8218
7030 8217
7031 8216
7032 8215
7033 8214
7034 8245
7035 8244
7036 8243
7037 8242
7038 8241
7039 8240
7040 8239
7041 8238
7042 8100
7043 8099
7044 8098
7045 8097
7046 8096
7047 8095
7048 8094
7049 8093
7050 8092
7051 8091
7052 8090
7053 8089
7054 8088
7055 8087
7056 8086
7057 8085
7058 8084
7059 8083
7060 8082
7061 8081
7062 8080
7071 9125
7072 9124
7073 9123
7074 9122
7075 9121
7076 9120
7077 9119
7078 9118
7079 9117
7080 9116
7081 9115
7082 9114
7083 9113
7084 9112
7085 9111
7086 9110
7087 9109
7088 8915
7089 8914
7090 8913
7091 8912
7092 8911
7093 8910
7094 8909
7095 8908
7096 8907
7097 8906
7098 8905
7099 8904
7100 8903
7101 8902
7102 8901
7103 8900
7104 9188
7105 9187
7106 9186
7107 9185
7108 9184
7109 9183
7110 9182
7111 9181
7112 9180
7113 9179
7114 9178
7115 9177
7116 9176
7117 9175
7118 9174
7127 9646
7128 9645
7129 9644
7130 9643
7131 9642
7132 9641
7133 9640
7134 9639
7135 9638
7136 9637
7137 9636
7138 9635
7139 9634
7140 9633
7141 9632
7142 9631
7143 9630
7144 9629
7145 9628
7146 9627
7147 9626
7148 9625
7149 9945
7150 9944
7151 9943
7152 9942
7153 9941
7154 9940
7155 9939
7156 9938
7157 9937
7158 9936
7159 9935
7160 9934
7161 9933
7162 9932
7163 9931
7164 9930
7165 9533
7166 9532
7167 9531
7168 9530
7169 9529
7170 9528
7171 9527
7172 9526
7173 9525
7182 10477
7183 10476
7184 10475
7185 10474
7186 10473
7187 10472
7188 10471
7189 10470
7190 10469
7191 10468
7192 10467
7193 10337
7194 10336
7195 10335
7196 10334
7197 10333
7198 10332
7199 10331
7200 10330
7201 10683
7202 10682
7203 10681
7204 10680
7205 10679
7206 10678
7207 10677
7208 10676
7209 10246
7210 10245
7211 10244
7212 10243
7213 10242
7214 10241
7215 10240
7216 10239
7217 10238
7218 10237
7219 10236
7220 10235
7221 10234
7222 10233
7223 10232
7224 10231
7225 10230
7226 10229
7227 10228
7228 10227
7229 10226
7238 11423
7239 11422
7240 11421
7241 11420
7242 11419
7243 11418
7244 11417
7245 11416
7246 11415
7247 11414
7248 11413
7249 11412
7250 11411
7251 11410
7252 11409
7253 11408
7254 11407
7255 11213
7256 11212
7257 11211
7258 11210
7259 11209
7260 11208
7261 11207
7262 11206
7263 11205
7264 11204
7265 11203
7266 11202
7267 11201
7268 11200
7269 11199
7270 11198
7271 11486
7272 11485
7273 11484
7274 11483
7275 11482
7276 11481
7277 11480
7278 11479
7279 11478
7280 11477
7281 11476
7282 11475
7283 11474
7284 11473
7285 11472
7294 11917
7295 11916
7296 11915
7297 11914
7298 11913
7299 11912
7300 11911
7301 11910
7302 11909
7303 11908
7304 11907
7305 11906
7306 11905
7307 11904
7308 11903
7309 11902
7310 11901
7311 11900
7312 11899
7313 11898
7314 11897
7315 11896
7316 12216
7317 12215
7318 12214
7319 12213
7320 12212
7321 12211
7322 12210
7323 12209
7324 11989
7325 11988
7326 11987
7327 11986
7328 11985
7329 11984
7330 11983
7331 11982
7332 11804
7333 11803
7334 11802
7335 11801
7336 11800
7337 11799
7338 11798
7339 11797
7340 11796
7349 12724
7350 12723
7351 12722
7352 12721
7353 12720
7354 12719
7355 12718
7356 12717
7357 12716
7358 12715
7359 12714
7360 12983
7361 12982
7362 12981
7363 12980
7364 12979
7365 12978
7366 12977
7367 12976
7368 12605
7369 12604
7370 12603
7371 12602
7372 12601
7373 12600
7374 12599
7375 12598
7376 12517
7377 12516
7378 12515
7379 12514
7380 12513
7381 12512
7382 12511
7383 12510
7384 12509
7385 12508
7386 12507
7387 12506
7388 12505
7389 12504
7390 12503
7391 12502
7392 12501
7393 12500
7394 12499
7395 12498
7396 12497
7405 13698
7406 13697
7407 13696
7408 13695
7409 13694
7410 13693
7411 13692
7412 13691
7413 13690
7414 13689
7415 13688
7416 13687
7417 13686
7418 13685
7419 13684
7420 13683
7421 13682
7422 13488
7423 13487
7424 13486
7425 13485
7426 13484
7427 13483
7428 13482
7429 13481
7430 13480
7431 13479
7432 13478
7433 13477
7434 13476
7435 13475
7436 13474
7437 13473
7438 13759
7439 13758
7440 13757
7441 13756
7442 13755
7443 13754
7444 13753
7445 13752
7446 13751
7447 13750
7448 13749
7449 13748
7450 13747
7451 13746
7452 13745
7461 14172
7462 14171
7463 14170
7464 14169
7465 14168
7466 14167
7467 14166
7468 14165
7469 14164
7470 14163
7471 14162
7472 14161
7473 14160
7474 14159
7475 14158
7476 14157
7477 14156
7478 14155
7479 14154
7480 14153
7481 14152
7482 14151
7483 14359
7484 14358
7485 14357
7486 14356
7487 14355
7488 14354
7489 14353
7490 14352
7491 14245
7492 14244
7493 14243
7494 14242
7495 14241
7496 14240
7497 14239
7498 14238
7499 14075
7500 14074
7501 14073
7502 14072
7503 14071
7506 14080
7507 14079
7508 14078
7509 14077
7510 14076
7511 14237
7512 14236
7513 14235
7514 14234
7515 14233
7516 14232
7517 14231
7518 14230
7519 14229
7520 14228
7521 14227
7522 14226
7523 14225
7524 14224
7525 14223
7526 14222
7527 14221
7528 14220
7529 14219
7530 14218
7531 14217
7532 14216
7533 14215
7534 14214
7535 14058
7536 14057
7537 14056
7538 14055
7539 14054
7540 14053
7541 14052
7542 14051
7543 14050
7544 14049
7545 14048
7546 14047
7547 14046
7556 13640
7557 13639
7558 13638
7559 13637
7560 13636
7561 13635
7562 13634
7563 13633
7564 13632
7565 13631
7566 13630
7567 13629
7568 13628
7569 13627
7570 13626
7571 13625
7572 13624
7573 13623
7574 13622
7575 13621
7576 13620
7577 13619
7578 13618
7579 13495
7580 13494
7581 13493
7582 13492
7583 13491
7584 13490
7585 13489
7586 13681
7587 13680
7588 13679
7589 13678
7590 13677
7591 13676
7592 13675
7593 13674
7594 13673
7595 13672
7596 13671
7597 13670
7598 13669
7599 13668
7600 13667
7601 13666
7602 13665
7611 12684
7612 12683
7613 12682
7614 12681
7615 12680
7616 12679
7617 12678
7618 12677
7619 12676
7620 12675
7621 12674
7622 12673
7623 12672
7624 12524
7625 12523
7626 12522
7627 12521
7628 12520
7629 12519
7630 12518
7631 12597
7632 12596
7633 12595
7634 12594
7635 12593
7636 12592
7637 12591
7638 12590
7639 12589
7640 12588
7641 12587
7642 12586
7643 12585
7644 12584
7645 12583
7646 12582
7647 12581
7648 12580
7649 12579
7650 12578
7651 12577
7652 12576
7653 12575
7654 12574
7655 12573
7656 12572
7657 12571
7666 11813
7667 11812
7668 11811
7669 11810
7670 11809
7671 11808
7672 11807
7673 11806
7674 11805
7675 11981
7676 11980
7677 11979
7678 11978
7679 11977
7680 11976
7681 11975
7682 11974
7683 11973
7684 11972
7685 11971
7686 11970
7687 11969
7688 11968
7689 11967
7690 11966
7691 11965
7692 11964
7693 11963
7694 11962
7695 11961
7696 11960
7697 11959
7698 11958
7699 11783
7700 11782
7701 11781
7702 11780
7703 11779
7704 11778
7705 11777
7706 11776
7707 11775
7708 11774
7709 11773
7710 11772
7711 11771
7720 11365
7721 11364
7722 11363
7723 11362
7724 11361
7725 11360
7726 11359
7727 11358
7728 11357
7729 11356
7730 11355
7731 11354
7732 11353
7733 11352
7734 11351
7735 11350
7736 11349
7737 11348
7738 11347
7739 11346
7740 11345
7741 11344
7742 11343
7743 11220
7744 11219
7745 11218
7746 11217
7747 11216
7748 11215
7749 11214
7750 11406
7751 11405
7752 11404
7753 11403
7754 11402
7755 11401
7756 11400
7757 11399
7758 11398
7759 11397
7760 11396
7761 11395
7762 11394
7763 11393
7764 11392
7765 11391
7766 11390
7775 10438
7776 10437
7777 10436
7778 10435
7779 10434
7780 10433
7781 10432
7782 10431
7783 10430
7784 10429
7785 10428
7786 10427
7787 10426
7788 10253
7789 10252
7790 10251
7791 10250
7792 10249
7793 10248
7794 10247
7795 10675
7796 10674
7797 10673
7798 10672
7799 10671
7800 10670
7801 10669
7802 10668
7803 10667
7804 10666
7805 10665
7806 10664
7807 10663
7808 10662
7809 10661
7810 10660
7811 10659
7812 10658
7813 10657
7814 10656
7815 10655
7816 10654
7817 10653
7818 10652
7819 10651
7820 10650
7821 10649
7830 9542
7831 9541
7832 9540
7833 9539
7834 9538
7835 9537
7836 9536
7837 9535
7838 9534
7839 9929
7840 9928
7841 9927
7842 9926
7843 9925
7844 9924
7845 9923
7846 9922
7847 9921
7848 9920
7849 9919
7850 9918
7851 9917
7852 9916
7853 9915
7854 9914
7855 9913
7856 9912
7857 9911
7858 9910
7859 9909
7860 9908
7861 9907
7862 9906
7863 9512
7864 9511
7865 9510
7866 9509
7867 9508
7868 9507
7869 9506
7870 9505
7871 9504
7872 9503
7873 9502
7874 9501
7875 9500
7884 9067
7885 9066
7886 9065
7887 9064
7888 9063
7889 9062
7890 9061
7891 9060
7892 9059
7893 9058
7894 9057
7895 9056
7896 9055
7897 9054
7898 9053
7899 9052
7900 9051
7901 9050
7902 9049
7903 9048
7904 9047
7905 9046
7906 9045
7907 8922
7908 8921
7909 8920
7910 8919
7911 8918
7912 8917
7913 8916
7914 9108
7915 9107
7916 9106
7917 9105
7918 9104
7919 9103
7920 9102
7921 9101
7922 9100
7923 9099
7924 9098
7925 9097
7926 9096
7927 9095
7928 9094
7929 9093
7930 9092
7939 8062
7940 8061
7941 8060
7942 8059
7943 8058
7944 8057
7945 8056
7946 8055
7947 8054
7948 8053
7949 8052
7950 8051
7951 8050
7952 8107
7953 8106
7954 8105
7955 8104
7956 8103
7957 8102
7958 8101
7959 8237
7960 8236
7961 8235
7962 8234
7963 8233
7964 8232
7965 8231
7966 8230
7967 8229
7968 8228
7969 8227
7970 8226
7971 8225
7972 8224
7973 8223
7974 8222
100 10134
148 10023
267 12405
478 14668
522 14643
639 12311
1065 9865
1343 13856
1399 14642
1882 9252
1940 8599
2292 12883
2540 12865
2547 12094
2889 8489
2997 10877
3149 13171
3448 12496
3973 12331
4057 13195
4331 11603
4509 8488
4549 8391
4635 9777
4680 10521
4907 14310
4967 14173
5100 11918
5456 10299
5547 11833
5683 14101
5765 14311
5816 12643
5905 11121
5950 10397
6279 10415
6330 11242
6475 12662
6578 14029
6723 12644
7119 9174
7174 9525
7286 11472
7341 11796
7404 13698
7460 14172
7719 11365
7767 11390
7931 9092
