6658 7282
6657 7283
6656 7284
6655 7285
6654 7286
6653 7287
6652 7288
6651 7289
6650 7290
6649 7291
6648 7292
6647 7293
6646 7294
6645 7295
6644 7296
6643 7857
6642 7858
6641 7859
6640 7860
6639 7861
6638 7862
6637 7863
6636 7864
6635 7865
6634 7866
6633 7867
6632 7868
6631 7869
6630 7870
6629 7871
6628 7872
6627 7873
6626 7874
6625 7875
6624 7764
6623 7765
6622 7766
6621 7767
6620 7768
6619 7769
6618 7770
6617 7771
6616 7772
6615 7773
6614 7774
6613 7775
6612 7776
6611 7777
6610 7736
6609 7737
6608 7738
6607 7739
6606 7740
6605 7741
6604 7742
6603 8103
6602 8104
6601 8105
6600 8106
6599 8107
6598 8108
6597 8109
6596 8110
6595 8111
6594 8112
6593 8113
6592 8114
6591 8115
6590 10914
6589 10915
6588 10916
6587 10917
6586 10918
6585 10919
6584 10920
6583 10921
6582 10922
6581 10923
6580 10924
6579 10925
6578 10926
6577 10927
6576 10928
6575 10929
6574 10930
6573 10931
6572 10932
6571 10933
6570 10934
6569 10935
6568 10936
6567 10937
6566 10938
6565 10939
6564 10940
6563 10941
6562 10942
6561 10943
6560 10944
6559 10945
6558 10946
6557 10947
6556 10948
6555 10949
6554 10950
6553 10951
6552 10952
6551 10953
6550 10954
6549 10955
6548 10956
6547 10957
6546 10958
6545 10959
6544 10960
6543 10961
6542 10962
6541 10963
6540 10964
6539 10965
6538 10966
6537 10967
6536 10968
6535 10969
6534 10970
6533 10971
6532 10972
6531 10973
6530 10974
6529 9314
6528 9315
6527 9316
6526 9317
6525 9318
6524 9319
6523 9320
6522 9321
6521 9322
6520 9323
6519 9324
6518 9325
6517 9326
6516 9327
6515 9328
6514 9329
6513 9330
6512 9331
6511 9332
6510 9333
6509 9334
6508 9335
6507 9336
6506 9337
6505 9338
6504 9339
6503 9340
6502 9341
6501 9342
6500 9343
6499 9344
6498 9345
6497 9346
6496 9347
6495 9348
6494 9349
6493 9350
6492 9351
6491 9352
6490 9353
6489 9354
6488 9355
6487 9356
6486 9357
6485 8214
6484 8215
6483 8216
6482 8217
6481 8218
6480 8219
6479 8220
6478 8221
6477 8222
6476 8223
6475 8224
6474 8225
6473 8226
6472 8227
6471 8228
6470 8229
6469 8230
6468 8231
6467 8232
6466 8233
6465 8234
6464 8235
6463 8236
6462 8237
6461 8238
6460 8239
6459 8240
6458 8241
6457 8242
6456 8243
6455 8244
6454 8245
6453 8246
6452 8247
6451 8248
6450 8249
6449 8250
6448 8251
6447 8252
6446 8253
6445 8254
6444 8255
6443 8256
6442 8257
6441 8258
6440 8259
6439 8260
6438 8261
6437 8262
6436 8263
6435 8264
6434 8265
6433 8266
6432 8267
6431 8268
6430 8269
6429 8270
6428 8271
6427 8272
6426 8273
6425 8274
6424 13062
6423 13063
6422 13064
6421 13065
6420 13066
6419 13067
6418 13068
6417 13069
6416 13070
6415 13071
6414 13072
6413 13073
6412 13074
6411 13075
6410 13076
6409 13077
6408 13078
6407 13079
6406 13080
6405 13081
6404 13082
6403 13083
6402 13084
6401 13085
6400 13086
6399 13087
6398 13088
6397 13089
6396 13090
6395 13091
6394 13092
6393 13093
6392 13094
6391 13095
6390 7970
6389 7971
6388 7972
6387 7973
6386 7974
6385 7975
6384 7976
6383 7977
6382 7978
6381 7979
6380 13171
6379 13172
6378 13173
6377 13174
6376 13175
6375 13176
6374 13177
6373 13178
6372 13179
6371 13180
6370 13181
6369 13182
6368 13183
6367 13184
6366 13185
6365 13186
6364 13187
6363 13188
6362 13189
6361 13190
6360 7226
6359 7227
6358 7228
6357 7229
6356 7230
6355 7231
6354 7232
6353 7233
6352 7234
6351 7235
6350 7236
6349 13334
6348 13335
6347 13336
6346 13337
6345 13338
6344 13339
6341 7210
6340 7211
6339 7212
6338 7213
6337 7214
6336 7215
6335 7216
6334 7217
6333 7218
6332 7219
6331 7220
6330 7221
6329 7222
6328 7223
6327 7224
6326 7225
6325 13191
6324 13192
6323 13193
6322 13194
6321 13195
6320 13196
6319 13197
6318 13198
6317 13199
6316 13200
6315 13201
6314 13202
6313 13203
6312 13204
6311 13205
6310 13206
6309 13207
6308 13208
6307 13209
6306 13210
6305 13211
6304 13212
6303 13213
6302 13214
6301 13215
6300 13216
6299 13217
6298 13218
6297 13219
6296 13220
6295 13221
6294 13222
6293 13031
6292 13032
6291 13033
6290 13034
6289 13035
6288 13036
6287 13037
6286 13038
6285 13039
6284 13040
6283 13041
6282 13042
6281 13043
6280 13044
6279 13045
6278 13046
6277 13047
6276 13048
6275 13049
6274 13050
6273 13051
6272 13052
6271 13053
6270 13054
6269 13055
6268 13056
6267 13057
6266 13058
6265 13059
6264 13060
6263 13061
6262 8275
6261 8276
6260 8277
6259 8278
6258 8279
6257 8280
6256 8281
6255 8282
6254 8283
6253 8284
6252 8285
6251 8286
6250 8287
6249 8288
6248 8289
6247 8290
6246 8291
6245 8292
6244 8293
6243 8294
6242 8295
6241 12017
6240 12018
6239 12019
6238 12020
6237 12021
6236 12022
6235 12023
6234 12024
6233 12025
6232 12026
6231 12027
6230 12028
6229 12029
6228 12030
6227 9087
6226 9088
6225 9089
6224 9090
6223 9091
6222 9092
6221 9093
6220 9094
6219 9095
6218 9096
6217 9097
6216 9098
6215 9099
6214 9100
6213 9101
6212 9102
6211 9103
6210 9104
6209 9105
6208 9106
6207 9107
6206 9108
6205 9109
6204 9110
6203 9111
6202 9112
6201 9113
6200 9114
6199 9115
6198 9439
6197 9440
6196 9441
6195 9442
6194 9443
6193 9444
6192 9445
6191 9446
6190 9447
6189 9448
6188 9449
6187 9450
6186 9451
6185 9287
6184 9288
6183 9289
6182 9290
6181 9291
6180 9292
6179 9293
6178 9294
6177 9295
6176 9296
6175 9297
6174 9298
6173 9299
6172 9300
6171 9301
6170 9302
6169 9303
6168 9304
6167 9305
6166 9306
6165 9307
6164 9308
6163 9309
6162 9310
6161 9311
6160 9312
6159 9313
6158 10975
6157 10976
6156 10977
6155 10978
6154 10979
6153 10980
6152 10981
6151 10982
6150 10983
6149 10984
6148 10985
6147 10986
6146 10987
6145 10988
6144 10989
6143 10990
6142 10991
6141 10992
6140 10993
6139 10994
6138 10995
6137 10996
6136 10997
6135 10998
6134 10999
6133 11000
6132 11001
6131 11002
6130 11003
6129 11004
6128 11005
6127 11006
6126 11007
6125 11008
6124 11009
6123 11010
6122 11011
6121 11012
6120 11013
6119 11014
6118 11015
6117 11016
6116 11017
6115 11018
6114 11019
6113 11020
6112 11021
6111 11022
6110 11023
6109 11024
6108 11025
6107 11026
6106 11027
6105 11028
6104 11029
6103 11030
6102 11031
6101 8087
6100 8088
6099 8089
6098 8090
6097 8091
6096 8092
6095 8093
6094 8094
6093 8095
6092 8096
6091 8097
6090 8098
6089 8099
6088 8100
6087 8101
6086 8102
6085 7743
6084 7744
6083 7745
6082 7746
6081 7747
6080 7748
6079 7749
6078 7750
6077 7751
6076 7752
6075 7753
6074 7754
6073 7755
6072 7756
6071 7757
6070 7758
6069 7759
6068 7760
6067 7761
6066 7762
6065 7763
6064 7876
6063 7877
6062 7878
6061 7879
6060 7880
6059 7881
6058 7882
6057 7883
6056 7884
6055 7885
6054 7886
6053 7887
6052 7888
6051 7889
6050 7890
6049 7891
6048 7892
6047 7893
6046 7894
6045 7895
6044 7896
6043 7897
6042 7898
6041 7899
6040 7900
6039 7901
6038 7902
6037 7903
6036 7904
6035 7905
6034 7906
6033 7907
6032 7908
6031 7909
6028 7438
6027 7439
6026 7440
6025 7441
6024 7442
6023 7443
6022 7444
6021 7445
6020 7446
6019 7447
6018 7448
6017 7449
6016 7450
6015 7451
6014 7452
6013 7453
6012 7454
6011 7455
6010 7456
6009 7457
6008 7458
6007 7459
6006 7460
6005 7461
6004 7462
6003 7463
6002 7464
6001 7465
6000 7466
5999 7467
5998 7468
5997 7469
5996 7470
5995 7471
5994 10686
5993 10687
5992 10688
5991 10689
5990 10690
5989 10691
5988 10692
5987 10693
5986 10694
5985 10695
5984 10696
5983 10697
5982 10698
5981 10699
5980 10700
5979 10701
5978 10702
5977 10703
5976 10704
5975 10705
5974 10706
5973 10707
5972 10708
5971 10709
5970 10710
5969 10711
5968 10712
5967 10713
5966 10714
5965 10715
5964 10716
5963 10717
5962 10718
5961 10719
5960 10720
5959 10721
5958 10722
5957 10723
5956 10724
5955 10725
5954 10726
5953 10727
5952 10728
5951 10729
5950 10730
5949 10731
5948 10732
5947 10733
5946 10734
5945 10735
5944 10736
5943 10737
5942 10738
5941 10739
5940 10740
5939 10741
5938 10742
5937 10743
5936 10744
5935 10745
5934 10746
5933 10747
5932 10748
5931 10749
5930 10750
5929 10751
5928 10752
5927 10753
5926 10754
5925 10755
5924 10756
5923 10757
5922 10758
5921 10759
5920 10760
5919 10761
5918 10762
5917 10763
5916 10764
5915 10765
5914 10766
5913 10767
5912 10768
5911 10769
5910 10770
5909 10771
5908 10772
5907 9690
5906 9691
5905 9692
5904 9693
5903 9694
5902 9695
5901 9696
5900 9697
5899 9698
5898 9699
5897 9700
5896 9701
5895 9702
5894 9703
5893 9704
5892 9705
5891 9706
5890 9707
5889 9708
5888 9709
5887 9710
5886 9711
5885 9712
5884 9713
5883 9714
5882 9715
5881 9716
5880 9717
5879 9718
5878 9719
5877 9720
5876 9721
5875 9722
5874 9723
5873 9724
5872 9725
5871 9726
5870 9727
5869 9728
5868 9494
5867 9495
5866 9496
5865 9497
5864 9498
5863 9499
5862 9500
5861 9501
5860 9502
5859 9503
5858 9504
5857 9505
5856 9506
5855 9507
5854 9508
5853 9509
5852 9510
5851 9511
5850 9512
5849 9513
5848 9514
5847 9515
5846 9516
5845 9517
5844 9423
5843 9424
5842 9425
5841 9426
5840 9427
5839 9428
5838 9429
5837 9430
5836 9431
5835 9432
5834 9433
5833 9434
5832 9435
5831 9436
5830 9437
5829 9438
5828 9116
5827 9117
5826 9118
5825 9119
5824 9120
5823 9121
5822 9122
5821 9123
5820 9124
5819 9125
5818 9126
5817 9127
5816 9128
5815 9129
5814 9130
5813 9131
5812 9132
5811 9133
5810 9134
5809 9135
5808 9136
5807 9137
5806 9138
5805 11789
5804 11790
5803 11791
5802 11792
5800 5801
5799 11795
5798 11796
5797 11797
5796 11798
5795 11799
5794 11800
5793 11801
5792 11802
5791 12002
5790 12003
5789 12004
5788 12005
5787 12006
5786 12007
5785 12008
5784 12009
5783 12010
5782 12011
5781 12012
5780 12013
5779 12014
5778 12015
5777 12016
5776 8296
5775 8297
5774 8298
5773 8299
5772 8300
5771 8301
5770 8302
5769 8303
5768 8304
5767 8305
5766 8306
5765 8307
5764 8308
5763 8309
5762 12801
5761 12802
5760 12803
5759 12804
5758 12805
5757 12806
5755 5756
5754 12809
5753 12810
5752 12811
5751 12812
5750 12813
5749 12814
5748 12815
5747 12816
5746 12817
5745 12818
5744 12819
5743 12820
5742 12821
5741 12822
5740 12823
5739 12824
5738 13005
5737 13006
5736 13007
5735 13008
5734 13009
5733 13010
5732 13011
5731 13012
5730 13013
5729 13014
5728 13015
5727 13016
5726 13017
5725 13018
5724 13019
5723 13020
5722 13021
5721 13022
5720 13023
5719 13024
5718 13025
5717 13026
5716 13027
5715 13028
5714 13029
5713 13030
5712 13223
5711 13224
5710 13225
5709 13226
5708 13227
5707 13228
5706 13229
5705 13230
5704 13231
5703 13232
5702 13233
5701 13234
5700 13235
5699 13236
5698 13237
5697 13238
5696 13239
5695 13240
5694 13241
5693 13242
5692 13243
5691 13244
5690 13245
5689 13246
5688 13247
5687 13248
5686 13249
5685 13250
5684 13251
5683 13252
5682 13253
5681 13254
5680 13255
5679 13256
5678 13257
5677 13258
5676 13259
5675 13260
5674 13261
5673 13262
5672 13263
5671 13264
5670 13265
5669 13266
5668 13267
5667 13268
5666 7274
5665 7275
5664 7276
5663 7277
5662 7278
5661 7279
5660 7280
5659 7281
5656 7007
5655 7008
5654 7009
5653 7010
5652 7011
5651 7012
5650 7013
5649 7014
5648 7015
5647 7016
5646 7080
5645 7081
5644 7082
5643 7083
5642 7084
5641 7085
5640 7086
5639 7087
5638 7088
5637 7089
5636 7090
5635 7091
5634 7092
5633 7093
5632 7094
5631 7095
5630 7096
5629 7097
5628 7098
5627 7099
5626 7100
5625 7101
5624 7102
5623 7103
5622 7104
5621 7105
5620 7106
5619 7107
5618 7108
5617 7109
5616 7110
5615 7111
5614 7112
5613 7113
5612 7114
5611 7115
5610 7116
5609 7117
5608 7118
5607 7119
5606 7120
5605 7121
5604 7122
5603 12942
5602 12943
5601 12944
5600 12945
5599 12946
5598 12947
5597 12948
5596 12949
5595 12950
5594 12951
5593 12952
5592 12953
5591 12954
5590 12955
5589 12956
5588 12957
5587 12958
5586 12959
5585 12960
5584 12961
5583 12962
5582 12963
5581 12964
5580 12965
5579 12966
5578 12967
5577 12968
5576 12969
5575 12970
5574 12971
5573 12781
5572 12782
5571 12783
5570 12784
5569 12785
5568 12786
5567 12787
5566 12788
5565 12789
5564 12790
5563 12791
5562 12792
5561 12793
5560 12794
5559 12795
5558 12796
5557 12797
5556 12798
5555 12799
5554 12800
5553 8310
5552 8311
5551 8312
5550 8313
5549 8314
5548 8315
5547 8316
5546 12050
5545 12051
5544 12052
5543 12053
5542 12054
5541 12055
5540 12056
5539 12057
5538 12058
5537 12059
5536 12060
5535 12061
5534 12062
5533 12063
5532 12064
5531 12065
5530 11770
5529 11771
5528 11772
5527 11773
5526 11774
5525 11775
5524 11776
5523 11777
5522 11778
5521 11779
5520 11780
5519 11781
5518 11782
5517 11783
5516 11784
5515 11785
5514 11786
5513 11787
5512 11788
5511 9139
5510 9140
5509 9141
5508 9142
5507 9143
5506 9144
5505 9145
5504 9146
5503 9147
5502 9148
5501 9149
5500 9150
5499 9151
5498 9152
5497 9153
5496 9154
5495 9155
5494 9156
5493 9157
5492 9158
5491 9159
5490 9160
5489 9161
5488 9162
5487 9163
5486 9164
5485 9165
5484 9166
5483 9167
5482 9460
5481 9461
5480 9462
5479 9463
5478 9464
5477 9465
5476 9466
5475 9467
5474 9468
5473 9469
5472 9470
5471 9471
5470 9472
5469 9473
5468 9474
5467 9475
5466 9476
5465 9477
5464 9478
5463 9479
5462 9480
5461 9481
5460 9482
5459 9483
5458 9484
5457 9485
5456 9486
5455 9487
5454 9488
5453 9489
5452 9490
5451 9491
5450 9492
5449 9493
5448 9729
5447 9730
5446 9731
5445 9732
5444 9733
5443 9734
5442 9735
5441 9736
5440 9737
5439 9738
5438 9739
5437 9740
5436 9741
5435 9742
5434 9743
5433 9744
5432 9745
5431 9746
5430 9747
5429 9748
5428 9749
5427 9750
5426 9751
5425 9752
5424 9753
5423 9754
5422 9755
5421 9756
5420 9757
5419 9758
5418 9759
5417 9760
5416 9761
5415 9762
5414 9763
5413 9764
5412 9765
5411 9766
5410 9767
5409 9768
5408 9769
5407 9770
5406 9771
5405 9772
5404 9773
5403 9774
5402 9775
5401 9776
5400 9777
5399 9778
5398 9779
5397 9780
5396 9781
5395 9782
5394 9783
5393 9784
5392 9785
5391 9786
5390 9787
5389 9788
5388 9789
5387 9790
5386 9791
5385 9792
5384 9793
5383 9794
5382 9795
5381 9796
5380 9797
5379 9798
5378 9799
5377 9800
5376 9801
5375 9802
5374 9803
5373 9804
5372 9805
5371 9806
5370 9807
5369 9808
5368 9809
5367 9810
5366 9811
5365 9812
5364 9813
5363 9814
5362 8067
5361 8068
5360 8069
5359 8070
5358 8071
5357 8072
5356 8073
5355 10653
5354 10654
5353 10655
5352 10656
5351 10657
5350 10658
5349 10659
5348 10660
5347 10661
5346 10662
5345 10663
5344 10664
5343 10665
5342 10666
5341 10667
5340 10668
5339 10669
5338 10670
5337 10671
5336 10672
5335 10673
5334 10674
5333 10675
5332 10676
5331 10677
5330 10678
5329 10679
5328 10680
5327 10681
5326 10682
5325 10683
5324 10684
5323 10685
5322 7472
5321 7473
5320 7474
5319 7475
5318 7476
5317 7477
5316 7478
5315 7479
5314 7480
5313 7481
5312 7482
5311 7483
5310 7484
5309 7393
5308 7394
5307 7395
5306 7396
5305 7397
5304 7398
5303 7399
5302 7400
5301 7401
5300 7402
5299 7403
5298 7404
5297 7405
5296 7406
5295 7407
5294 7408
5293 7409
5292 7410
5291 7411
5290 7412
5289 7413
5286 7914
5285 7915
5284 7916
5283 7917
5282 7918
5281 7919
5280 7920
5279 7921
5278 7922
5277 7923
5276 7924
5275 7925
5274 7926
5273 10608
5272 10609
5271 10610
5270 10611
5269 10612
5268 10613
5267 10614
5266 10615
5265 10616
5264 10617
5263 10618
5262 10619
5261 10620
5260 10621
5259 10622
5258 10623
5257 10624
5256 10625
5255 10626
5254 10627
5253 10628
5252 10629
5251 10630
5250 10631
5249 10632
5248 10633
5247 10634
5246 10635
5245 10636
5244 10637
5243 10638
5242 10639
5241 10640
5240 10641
5239 10642
5238 10643
5237 10644
5236 10645
5235 10646
5234 10647
5233 10648
5232 10649
5231 10650
5230 10651
5229 10652
5228 8074
5227 8075
5226 8076
5225 8077
5224 8078
5223 8079
5222 8080
5221 8081
5220 8082
5219 8083
5218 8084
5217 8085
5216 8086
5215 11032
5214 11033
5213 11034
5212 11035
5211 11036
5210 11037
5209 11038
5208 11039
5207 11040
5206 11041
5205 11042
5204 11043
5203 11044
5202 11045
5201 11046
5200 11047
5199 11048
5198 11049
5197 11050
5196 11051
5195 11052
5194 11053
5193 11054
5192 11055
5191 11056
5190 11057
5189 11058
5188 11059
5187 11060
5186 11061
5185 11062
5184 11063
5183 11064
5182 11065
5181 11066
5180 11067
5179 11068
5178 11069
5177 11070
5176 11071
5175 11072
5174 11073
5173 11074
5172 11075
5171 11076
5170 11077
5169 11078
5168 9250
5167 9251
5166 9252
5165 9253
5164 9254
5163 9255
5162 9256
5161 9257
5160 9258
5159 9259
5158 9260
5157 9261
5156 9262
5155 9263
5154 9264
5153 9265
5152 9266
5151 9267
5150 9268
5149 9269
5148 9270
5147 9271
5146 9272
5145 9273
5144 9274
5143 9275
5142 9276
5141 9277
5140 9278
5139 9279
5138 9280
5137 9281
5136 9282
5135 9283
5134 9284
5133 9285
5132 9286
5131 9452
5130 9453
5129 9454
5128 9455
5127 9456
5126 9457
5125 9458
5124 9459
5123 9168
5122 9169
5121 9170
5120 9171
5119 9172
5118 9173
5117 9174
5116 9175
5115 9176
5114 9177
5113 9178
5112 9179
5111 9180
5110 9181
5109 9182
5108 9183
5107 9184
5106 9185
5105 9186
5104 9073
5103 9074
5102 9075
5101 9076
5100 9077
5099 9078
5098 9079
5097 9080
5096 9081
5095 9082
5094 9083
5093 9084
5092 9085
5091 9086
5090 12031
5089 12032
5088 12033
5087 12034
5086 12035
5085 12036
5084 12037
5083 12038
5082 12039
5081 12040
5080 12041
5079 12042
5078 12043
5077 12044
5076 12045
5075 12046
5074 12047
5073 12048
5072 12049
5071 8317
5070 8318
5069 8319
5068 8320
5067 8321
5066 8322
5065 8323
5064 8324
5063 8438
5062 8439
5061 8440
5060 8441
5059 8442
5058 8443
5057 8444
5056 8445
5055 8446
5054 8447
5053 8448
5052 8449
5051 8450
5050 8451
5049 8452
5048 8453
5047 8454
5046 8455
5045 8456
5044 8457
5043 8458
5042 8459
5041 8460
5040 8461
5039 8462
5038 8463
5037 8464
5036 8465
5035 8466
5034 8467
5033 8468
5032 8469
5031 6949
5030 6950
5029 6951
5028 6952
5027 6953
5026 6954
5025 6955
5024 6956
5023 6957
5022 6958
5021 6959
5020 6960
5019 6961
5018 6962
5017 6963
5016 6964
5015 6965
5014 6966
5013 6967
5012 6968
5011 6969
5010 6970
5009 6971
5008 6972
5007 6973
5006 6974
5005 6975
5004 6976
5003 6977
5002 6978
5001 6979
5000 6980
4999 6981
4998 6982
4997 6983
4996 6984
4995 6985
4994 6986
4993 6987
4992 6988
4991 6989
4990 6990
4989 6991
4988 6992
4987 6993
4986 6994
4985 6995
4984 6996
4983 6997
4982 6998
4981 6999
4980 7000
4979 7001
4978 7002
4975 7043
4974 7044
4973 7045
4972 7046
4971 7047
4970 7048
4969 7049
4968 7050
4967 7051
4966 7052
4965 6906
4964 6907
4963 6908
4962 6909
4961 6910
4960 6911
4959 6912
4958 6913
4957 6914
4956 6915
4955 6916
4954 6917
4953 6918
4952 6919
4951 6920
4950 6921
4949 6922
4948 6923
4947 6924
4946 6925
4945 6926
4944 6927
4943 6928
4942 6929
4941 6930
4940 6931
4939 6932
4938 6933
4937 6934
4936 6935
4935 6936
4934 6937
4933 6938
4932 6939
4931 6940
4930 6941
4929 6942
4928 6943
4927 6944
4926 6945
4925 6946
4924 6947
4923 6948
4922 8470
4921 8471
4920 8472
4919 8473
4918 8474
4917 8475
4916 8476
4915 8477
4914 8478
4913 8479
4912 8480
4911 8481
4910 8482
4909 8420
4908 8421
4907 8422
4906 8423
4905 8424
4904 8425
4903 8426
4902 8427
4901 8428
4900 8429
4899 8430
4898 8431
4897 8432
4896 8433
4895 8434
4894 8435
4893 8436
4892 8437
4891 8325
4890 8326
4889 8327
4888 8328
4887 8329
4886 8330
4885 8331
4884 8332
4883 8333
4882 8334
4881 8335
4880 8336
4879 8337
4878 8338
4877 8339
4876 8340
4875 8341
4874 8342
4873 8343
4872 8344
4871 8345
4870 6805
4869 6806
4868 6807
4867 6808
4866 6809
4865 6810
4864 6811
4863 6812
4862 6813
4861 6814
4860 6815
4859 6816
4858 9066
4857 9067
4856 9068
4855 9069
4854 9070
4853 9071
4852 9072
4851 9187
4850 9188
4849 9189
4848 9190
4847 9191
4846 9192
4845 9193
4844 9194
4843 9195
4842 9196
4841 9197
4840 9198
4839 9199
4838 9200
4837 9201
4836 9202
4835 9203
4834 9204
4833 9205
4832 9206
4831 9207
4830 9208
4829 9209
4828 9210
4827 9211
4826 9212
4825 9213
4824 9214
4823 9215
4822 9216
4821 9217
4820 9218
4819 9219
4818 9220
4817 9221
4816 9222
4815 9223
4814 9224
4813 9225
4812 9226
4811 9227
4810 9228
4809 9229
4808 9230
4807 9231
4806 9232
4805 9233
4804 9234
4803 9235
4802 9236
4801 9237
4800 9238
4799 9239
4798 9240
4797 9241
4796 9242
4795 9243
4794 9244
4793 9245
4792 9246
4791 9247
4790 9248
4789 9249
4788 11079
4787 11080
4786 11081
4785 11082
4784 11083
4783 11084
4782 11085
4781 11086
4780 11087
4779 11088
4778 11089
4777 11090
4776 11091
4775 11092
4774 11093
4773 11094
4772 11095
4771 11096
4770 11097
4769 11098
4768 11099
4767 11100
4766 11101
4765 11102
4764 11103
4763 11104
4762 11105
4761 11106
4760 11107
4759 11108
4758 11109
4757 11110
4756 11111
4755 11112
4754 11113
4753 11114
4752 11115
4751 11116
4750 11117
4749 11118
4748 11119
4747 11120
4746 11121
4745 11122
4744 11123
4743 11124
4742 11125
4741 10128
4740 10129
4739 10130
4738 10131
4737 10132
4736 10133
4735 10134
4734 10557
4733 10558
4732 10559
4731 10560
4730 10561
4729 10562
4728 10563
4727 10564
4726 10565
4725 10566
4724 10567
4723 10568
4722 10569
4721 10570
4720 10571
4719 10572
4718 10573
4717 10574
4716 10575
4715 10576
4714 10577
4713 10578
4712 10579
4711 10580
4710 10581
4709 10582
4708 10583
4707 10584
4706 10585
4705 10586
4704 10587
4703 10588
4702 10589
4701 10590
4700 10591
4699 10592
4698 10593
4697 10594
4696 10595
4695 10596
4694 10597
4693 10598
4692 10599
4691 10600
4690 10601
4689 10602
4688 10603
4687 10604
4686 10605
4685 10606
4684 10607
4683 7927
4682 7928
4681 7929
4680 7930
4679 7931
4678 7932
4677 7933
4676 7934
4675 7935
4674 7936
4673 7937
4672 7938
4671 7939
4668 10483
4667 10484
4666 10485
4665 10486
4664 10487
4663 10488
4662 10489
4661 10490
4660 10491
4659 10492
4658 10493
4657 10494
4656 10495
4655 10496
4654 10497
4653 10498
4652 10499
4651 10500
4650 10501
4649 10502
4648 10503
4647 10504
4646 10505
4645 10506
4644 10507
4643 10508
4642 10509
4641 10510
4640 10511
4639 10512
4638 10513
4637 10514
4636 10515
4635 10516
4634 10517
4633 10518
4632 10519
4631 10520
4630 10521
4629 10522
4628 10523
4627 10524
4626 10525
4625 10526
4624 10527
4623 10528
4622 10529
4621 10530
4620 10531
4619 10532
4618 10533
4617 10534
4616 10535
4615 10536
4614 10537
4613 10538
4612 10539
4611 10540
4610 10541
4609 10542
4608 10543
4607 10544
4606 10545
4605 10546
4604 10547
4603 10548
4602 10549
4601 10550
4600 10551
4599 10552
4598 10553
4597 10554
4596 10555
4595 10556
4594 10135
4593 10136
4592 10137
4591 10138
4590 10139
4589 10140
4588 10141
4587 10142
4586 10143
4585 10144
4584 10145
4583 10146
4582 10147
4581 10148
4580 10149
4579 10150
4578 10151
4577 10152
4576 10153
4575 10154
4574 10155
4573 10156
4572 10157
4571 10158
4570 10159
4569 10160
4568 10161
4567 10162
4566 10163
4565 10164
4564 10165
4563 10166
4562 10167
4561 10168
4560 10169
4559 10170
4558 10171
4557 10172
4556 10173
4555 10174
4554 10175
4553 10176
4552 10177
4551 10178
4550 11389
4549 11390
4548 11391
4547 11392
4546 11393
4545 11394
4544 11395
4543 11396
4542 11397
4541 11398
4540 11399
4539 11400
4538 11401
4537 11486
4536 11487
4535 11488
4534 11489
4533 11490
4532 11491
4531 11492
4530 11493
4529 11494
4528 11495
4527 11496
4526 11497
4525 11498
4524 11499
4523 11500
4522 11501
4521 11502
4520 11503
4519 11504
4518 11505
4517 11506
4516 11507
4515 11508
4514 11509
4513 11510
4512 11511
4511 11512
4510 11513
4509 11514
4508 12421
4507 12422
4506 12423
4505 12424
4504 12425
4503 12426
4502 12427
4501 12428
4500 12429
4499 12430
4498 12431
4497 12432
4496 12433
4495 12434
4494 12435
4493 12496
4492 12497
4491 12498
4490 12499
4489 12500
4488 12501
4487 12502
4486 12503
4485 12504
4484 12505
4483 12506
4482 12507
4481 12508
4480 12509
4479 12510
4478 12511
4477 12512
4476 12513
4475 12514
4474 12515
4473 12149
4472 12150
4471 12151
4470 12152
4469 12153
4468 12154
4467 12155
4466 6765
4465 6766
4464 6767
4463 6768
4462 6769
4461 6770
4460 6771
4459 6772
4458 6773
4457 6774
4456 6775
4455 6776
4454 6777
4453 6778
4452 6779
4451 6780
4450 6781
4449 6782
4448 6783
4447 6784
4446 6785
4445 6786
4444 6787
4443 6788
4442 6789
4441 6790
4440 6791
4439 6792
4438 6793
4437 6794
4436 6795
4435 6796
4434 6797
4433 6798
4432 6799
4431 6800
4430 6801
4429 6802
4428 6803
4427 6804
4426 8346
4425 8347
4424 8348
4423 8349
4422 8350
4421 8351
4420 8352
4419 8353
4418 8354
4417 8355
4416 8356
4415 8357
4414 8358
4413 12622
4412 12623
4411 12624
4410 12625
4409 12626
4408 12627
4407 12628
4406 12629
4405 12630
4404 12631
4403 12632
4402 12633
4401 12634
4400 12635
4399 12636
4398 12637
4397 12638
4396 12639
4395 12640
4394 12641
4393 12642
4392 12643
4391 12644
4390 12645
4389 12646
4388 12647
4387 12648
4386 12649
4385 12650
4384 12651
4383 12652
4382 12653
4381 12654
4380 12655
4379 12656
4378 12657
4377 12658
4376 12659
4375 12660
4374 12661
4373 12662
4372 12663
4371 12664
4370 12665
4369 12666
4368 12667
4367 12668
4366 12669
4365 12670
4364 12671
4363 12672
4362 12673
4361 12674
4360 12675
4359 12676
4358 7171
4357 7172
4356 7173
4355 7174
4354 7175
4353 7176
4352 7177
4351 7178
4350 7179
4349 7180
4348 7181
4347 7182
4346 7183
4345 7184
4344 7185
4343 7186
4342 7187
4341 7188
4340 7189
4339 7190
4338 7191
4337 7192
4336 7193
4335 7194
4334 7195
4333 7196
4332 7197
4331 7198
4330 7199
4329 7200
4328 7201
4327 6890
4326 6891
4325 6892
4324 6893
4323 6894
4322 6895
4321 6896
4320 6897
4319 6898
4318 6899
4317 6900
4316 6901
4315 6902
4314 6903
4313 6904
4312 6905
4311 7028
4310 7029
4309 7030
4308 7031
4307 7032
4306 7033
4305 7034
4304 7035
4303 7036
4302 7037
4301 7038
4298 8836
4297 8837
4296 8838
4295 8839
4294 8840
4293 8841
4292 8842
4291 8843
4290 8844
4289 8845
4288 8846
4287 8847
4286 8848
4285 8849
4284 8850
4283 8851
4282 8852
4281 8853
4280 8854
4279 8855
4278 8856
4277 8857
4276 8858
4275 8859
4274 8860
4273 8861
4272 8862
4271 8863
4270 8864
4269 8865
4268 8866
4267 8867
4266 8868
4265 8869
4264 8870
4263 8871
4262 8872
4261 8873
4260 8874
4259 8875
4258 8876
4257 8877
4256 8878
4255 8879
4254 8880
4253 8881
4252 8882
4251 8883
4250 8884
4249 8885
4248 8886
4247 8705
4246 8706
4245 8707
4244 8708
4243 8709
4242 8710
4241 8711
4240 8712
4239 8713
4238 8714
4237 8715
4236 8716
4235 8717
4234 8718
4233 8719
4232 8720
4231 8491
4230 8492
4229 8493
4228 8494
4227 8495
4226 8496
4225 8497
4224 8498
4223 8499
4222 8500
4221 8501
4220 8502
4219 8503
4218 8504
4217 8505
4216 8506
4215 8507
4214 8508
4213 8509
4212 8510
4211 8511
4210 8512
4209 8513
4208 8514
4207 8515
4206 8516
4205 8517
4204 8518
4203 8519
4202 8520
4201 8521
4200 8522
4199 8523
4198 8524
4197 8525
4196 8526
4195 12613
4194 12614
4193 12615
4192 12616
4191 12617
4190 12618
4189 12619
4188 12620
4187 12621
4186 8359
4185 8360
4184 8361
4183 8362
4182 8363
4181 8364
4180 8365
4179 8366
4178 8367
4177 8368
4176 8369
4175 8370
4174 8371
4173 8372
4172 8373
4171 8374
4170 8375
4169 8376
4168 6826
4167 6827
4166 6828
4165 6829
4164 6830
4163 6831
4162 6832
4161 6833
4160 6834
4159 6835
4158 6836
4157 6837
4156 6838
4155 6839
4154 6840
4153 6841
4152 6842
4151 6843
4150 6844
4149 6845
4148 6846
4147 6847
4146 6848
4145 6849
4144 6850
4143 6851
4142 6852
4141 6853
4140 6854
4139 6855
4138 6856
4137 6857
4136 6858
4135 6859
4134 12156
4133 12157
4132 12158
4131 12159
4130 12160
4129 12161
4128 12162
4127 12163
4126 12164
4125 12165
4124 12166
4123 12167
4122 12168
4121 12169
4120 12170
4119 12171
4118 12172
4117 12173
4116 11660
4115 11661
4114 11662
4113 11663
4112 11664
4111 11665
4110 11666
4109 11667
4108 11668
4107 11669
4106 11670
4105 11671
4104 12409
4103 12410
4102 12411
4101 12412
4100 12413
4099 12414
4098 12415
4097 12416
4096 12417
4095 12418
4094 12419
4093 12420
4092 11515
4091 11516
4090 11517
4089 11518
4088 11519
4087 11520
4086 11521
4085 11522
4084 11523
4083 11524
4082 11525
4081 11526
4080 11527
4079 11528
4078 11529
4077 11530
4076 11531
4075 11532
4074 11533
4073 11534
4072 11535
4071 11536
4070 11537
4069 11538
4068 11539
4067 11540
4066 11541
4065 11542
4064 11543
4063 11544
4062 11545
4061 11546
4060 11547
4059 11380
4058 11381
4057 11382
4056 11383
4055 11384
4054 11385
4053 11386
4052 11387
4051 11388
4050 10179
4049 10180
4048 10181
4047 10182
4046 10183
4045 10184
4044 10185
4043 10186
4042 10187
4041 10188
4040 10189
4039 10190
4038 10191
4037 10192
4036 10193
4035 10194
4034 10195
4033 10196
4032 10197
4031 10198
4030 10199
4029 10200
4028 10201
4027 10202
4026 10203
4025 10204
4024 10205
4023 10206
4022 10207
4021 10208
4020 10209
4019 10210
4018 10211
4017 10212
4016 10213
4015 10214
4014 10215
4013 10216
4012 10217
4011 10218
4010 10219
4009 10220
4008 10221
4007 10222
4006 10223
4005 10224
4004 10225
4003 10226
4002 10227
4001 10228
4000 10229
3999 10230
3998 10231
3997 10232
3996 10233
3995 10234
3994 10235
3993 10236
3992 10237
3991 10238
3990 10239
3989 10240
3988 10241
3987 10242
3986 10243
3985 10244
3984 10245
3983 10246
3982 10247
3981 10248
3980 10249
3979 10250
3978 10251
3977 10252
3976 10253
3975 10254
3974 10255
3973 10256
3972 10257
3971 10258
3970 10259
3969 10260
3968 10261
3967 10262
3966 10263
3965 10264
3964 10265
3963 10266
3962 10267
3961 10268
3960 10269
3959 10270
3958 10271
3957 10272
3956 10273
3955 10274
3954 10275
3953 10276
3952 10277
3951 10278
3950 10279
3949 10280
3948 10281
3947 10282
3946 10283
3945 10284
3944 10285
3943 10286
3942 10287
3941 10288
3940 10289
3939 10290
3938 10291
3937 10292
3936 10293
3935 10294
3934 10295
3933 10296
3930 7944
3929 7945
3928 7946
3927 7947
3926 7948
3925 7949
3924 7950
3923 7951
3922 7952
3921 7953
3920 7954
3919 7955
3918 7956
3917 10362
3916 10363
3915 10364
3914 10365
3913 10366
3912 10367
3911 10368
3910 10369
3909 10370
3908 10371
3907 10372
3906 10373
3905 10374
3904 10375
3903 10376
3902 10377
3901 10378
3900 10379
3899 10380
3898 10381
3897 10382
3896 10091
3895 10092
3894 10093
3893 10094
3892 10095
3891 10096
3890 10097
3889 10098
3888 10099
3887 10100
3886 10101
3885 10102
3884 10103
3883 10104
3882 10105
3881 10106
3880 10107
3879 10108
3878 10109
3877 10110
3876 10111
3875 10112
3874 10113
3873 10114
3872 10115
3871 10116
3870 10117
3869 10118
3868 10119
3867 10120
3866 10121
3865 10122
3864 10123
3863 10124
3862 10125
3861 10126
3860 10127
3859 11126
3858 11127
3857 11128
3856 11129
3855 11130
3854 11131
3853 11132
3852 11133
3851 11134
3850 11135
3849 11136
3848 11137
3847 11138
3846 11139
3845 11140
3844 11141
3843 11142
3842 11143
3841 11144
3840 11145
3839 11146
3838 11147
3837 11148
3836 11149
3835 11150
3834 11151
3833 11152
3832 11153
3831 11154
3830 11155
3829 11156
3828 11157
3827 11158
3826 11159
3825 11160
3824 11161
3823 11162
3822 11163
3821 11164
3820 11165
3819 11166
3818 11167
3817 11168
3816 11169
3815 11170
3814 11171
3813 11172
3812 11173
3811 11174
3810 11175
3809 11176
3808 11177
3807 11178
3806 11179
3805 11180
3804 11181
3803 11182
3802 11183
3801 11184
3800 11185
3799 11186
3798 11187
3797 11188
3796 11189
3795 11190
3794 11191
3793 11192
3792 11193
3791 11647
3790 11648
3789 11649
3788 11650
3787 11651
3786 11652
3785 11653
3784 11654
3783 11655
3782 11656
3781 11657
3780 11658
3779 11659
3778 12174
3777 12175
3776 12176
3775 12177
3774 12178
3773 12179
3772 12180
3771 12181
3770 12182
3769 12183
3768 12184
3767 12185
3766 12186
3765 12187
3764 12188
3763 12189
3762 12190
3761 12191
3760 12192
3759 9051
3758 9052
3757 9053
3756 9054
3755 9055
3754 9056
3753 9057
3752 9058
3751 9059
3750 9060
3749 9061
3748 9062
3747 9063
3746 9064
3745 9065
3744 6817
3743 6818
3742 6819
3741 6820
3740 6821
3739 6822
3738 6823
3737 6824
3736 6825
3735 8377
3734 8378
3733 8379
3732 8380
3731 8381
3730 8382
3729 8383
3728 8384
3727 8385
3726 8386
3725 8387
3724 8388
3723 8389
3722 8390
3721 8391
3720 8392
3719 8393
3718 8394
3717 8395
3716 8396
3715 8397
3714 8398
3713 8399
3712 8400
3711 8401
3710 8402
3709 8403
3708 8404
3707 8405
3706 8406
3705 8407
3704 8408
3703 8409
3702 8410
3701 8411
3700 8412
3699 8413
3698 8414
3697 8415
3696 8416
3695 8417
3694 8418
3693 8419
3692 8483
3691 8484
3690 8485
3689 8486
3688 8487
3687 8488
3686 8489
3685 8490
3684 8721
3683 8722
3682 8723
3681 8724
3680 8725
3679 8726
3678 8727
3677 8728
3676 8729
3675 8730
3674 8731
3673 8732
3672 8733
3671 8734
3670 8735
3669 8736
3668 8737
3667 8738
3666 8739
3665 8740
3664 8741
3663 8742
3662 8743
3661 8744
3660 8745
3659 8746
3658 8747
3657 8748
3656 8749
3655 8750
3654 8751
3653 8752
3652 8753
3651 8754
3650 8755
3649 8756
3648 8757
3647 8758
3646 8759
3645 8760
3644 8761
3643 6733
3642 6734
3641 6735
3640 6736
3639 6737
3638 6738
3637 6739
3636 6740
3635 6741
3634 6742
3633 6743
3632 6744
3631 6745
3630 6746
3629 6747
3626 6759
3625 6760
3624 6761
3623 6762
3622 6763
3621 6764
3620 6724
3619 6725
3618 6726
3617 6727
3616 6728
3615 6729
3614 6730
3613 6731
3612 6732
3611 8762
3610 8763
3609 8764
3608 8765
3607 8766
3606 8767
3605 8768
3604 8769
3603 8770
3602 8771
3601 8947
3600 8948
3599 8949
3598 8950
3597 8951
3596 8952
3595 8953
3594 8954
3593 8955
3592 8956
3591 8957
3590 8958
3589 8959
3588 8960
3587 8961
3586 8962
3585 8963
3584 8964
3583 8965
3582 8966
3581 8967
3580 8968
3579 8969
3578 8970
3577 8971
3576 8972
3575 8973
3574 8974
3573 8975
3572 8976
3571 8977
3570 8978
3569 8979
3568 8980
3567 8981
3566 8982
3565 8983
3564 8984
3563 8985
3562 8986
3561 8987
3560 8988
3559 8989
3558 8990
3557 8991
3556 8992
3555 8993
3554 8994
3553 8995
3552 8996
3551 8997
3550 8998
3549 8999
3548 9000
3547 9001
3546 9002
3545 9003
3544 9004
3543 9005
3542 9006
3541 9007
3540 9008
3539 9009
3538 9010
3537 9011
3536 9012
3535 9013
3534 9014
3533 9015
3532 9016
3531 9017
3530 9018
3529 9019
3528 9020
3527 9021
3526 9022
3525 9023
3524 9024
3523 9025
3522 9026
3521 9027
3520 9028
3519 9029
3518 9030
3517 9031
3516 9032
3515 9033
3514 9034
3513 9035
3512 9036
3511 9037
3510 9038
3509 9039
3508 9040
3507 9041
3506 9042
3505 9043
3504 9044
3503 9045
3502 9046
3501 9047
3500 9048
3499 9049
3498 9050
3497 12193
3496 12194
3495 12195
3494 12196
3493 12197
3492 12198
3491 12199
3490 12200
3489 12201
3488 12202
3487 12203
3486 12204
3485 12205
3484 6671
3483 6672
3482 6673
3481 6674
3480 6675
3479 6676
3478 6677
3477 6678
3476 6679
3475 6680
3474 11638
3473 11639
3472 11640
3471 11641
3470 11642
3469 11643
3468 11644
3467 11645
3466 11646
3465 11194
3464 11195
3463 11196
3462 11197
3461 11198
3460 11199
3459 11200
3458 11201
3457 11202
3456 11203
3455 11204
3454 11205
3453 11206
3452 11207
3451 11208
3450 11209
3449 11210
3448 11211
3447 11212
3446 11213
3445 11214
3444 11215
3443 11216
3442 11217
3441 11218
3440 11219
3439 11220
3438 11221
3437 11222
3436 11223
3435 11224
3434 11225
3433 11226
3432 11227
3431 10020
3430 10021
3429 10022
3428 10023
3427 10024
3426 10025
3425 10026
3424 10027
3423 10028
3422 10029
3421 10030
3420 10031
3419 10032
3418 10033
3417 10034
3416 10035
3415 10036
3414 10037
3413 10038
3412 10039
3411 10040
3410 10041
3409 10042
3408 10043
3407 10044
3406 10045
3405 10046
3404 10047
3403 10048
3402 10049
3401 10050
3400 10051
3399 10052
3398 10053
3397 10054
3396 10055
3395 10056
3394 10057
3393 10058
3392 10059
3391 10060
3390 10061
3389 10062
3388 10063
3387 10064
3386 10065
3385 10066
3384 10067
3383 10068
3382 10069
3381 10070
3380 10071
3379 10072
3378 10073
3377 10074
3376 10075
3375 10076
3374 10077
3373 10078
3372 10079
3371 10080
3370 10081
3369 10082
3368 10083
3367 10084
3366 10085
3365 10086
3364 10087
3363 10088
3362 10089
3361 10090
3360 10383
3359 10384
3358 10385
3357 10386
3356 10387
3355 10388
3354 10389
3353 10390
3352 10391
3351 10392
3350 10393
3349 10394
3348 10395
3347 10354
3346 10355
3345 10356
3344 10357
3343 10358
3342 10359
3341 10360
3340 10361
3339 7957
3338 7958
3337 7959
3336 7960
3335 7961
3334 7962
3333 7963
3332 7964
3331 7965
3330 7966
3329 7967
3328 7968
3327 7969
3324 10331
3323 10332
3322 10333
3321 10334
3320 10335
3319 10336
3318 10337
3317 10338
3316 10339
3315 10340
3314 10341
3313 10342
3312 10343
3311 10344
3310 10345
3309 10346
3308 10347
3307 10348
3306 10349
3305 10350
3304 10351
3303 10352
3302 10353
3301 10396
3300 10397
3299 10398
3298 10399
3297 10400
3296 10401
3295 10402
3294 10403
3293 10404
3292 10405
3291 10406
3290 10407
3289 7585
3288 7586
3287 7587
3286 7588
3285 7589
3284 7590
3283 7591
3282 7592
3281 7593
3280 7594
3279 7595
3278 7596
3277 7597
3276 7598
3275 7599
3274 7600
3273 7601
3272 7602
3271 7603
3270 7604
3269 7605
3268 7606
3267 7607
3266 7608
3265 7609
3264 7610
3263 7611
3262 7612
3261 7613
3260 7614
3259 7615
3258 7616
3257 7617
3256 7618
3255 9963
3254 9964
3253 9965
3252 9966
3251 9967
3250 9968
3249 9969
3248 9970
3247 9971
3246 9972
3245 9973
3244 9974
3243 9975
3242 9976
3241 9977
3240 9978
3239 9979
3238 9980
3237 9981
3236 9982
3235 9983
3234 9984
3233 9985
3232 9986
3231 9987
3230 9988
3229 9989
3228 9990
3227 9991
3226 9992
3225 9993
3224 9994
3223 9995
3222 9996
3221 9997
3220 9998
3219 9999
3218 10000
3217 10001
3216 10002
3215 10003
3214 10004
3213 10005
3212 10006
3211 10007
3210 10008
3209 10009
3208 10010
3207 10011
3206 10012
3205 10013
3204 10014
3203 10015
3202 10016
3201 10017
3200 10018
3199 10019
3198 11228
3197 11229
3196 11230
3195 11231
3194 11232
3193 11233
3192 11234
3191 11235
3190 11236
3189 11237
3188 11238
3187 11239
3186 11240
3185 11241
3184 11242
3183 11243
3182 11601
3181 11602
3180 11603
3179 11604
3178 11605
3177 11606
3176 11607
3175 11608
3174 11609
3173 11610
3172 11611
3171 11612
3170 11613
3169 11614
3168 11615
3167 11616
3166 11617
3165 11618
3164 11619
3163 11620
3162 11621
3161 11622
3160 11623
3159 11624
3158 11625
3157 11626
3156 11627
3155 11628
3154 11629
3153 11630
3152 11631
3151 11632
3150 11633
3149 11634
3148 11635
3147 11636
3146 11637
3145 6660
3144 6661
3143 6662
3142 6663
3141 6664
3140 6665
3139 6666
3138 6667
3137 6668
3136 6669
3135 6670
3134 12206
3133 12207
3132 12208
3131 12209
3130 12210
3129 12211
3128 12212
3127 12213
3126 12214
3125 12215
3124 12216
3123 12217
3122 12218
3121 12219
3120 12220
3119 12221
3118 12222
3117 12223
3116 12224
3115 12225
3114 12226
3113 12227
3112 12228
3111 12229
3110 12230
3109 12231
3108 12232
3107 12233
3106 12234
3105 12235
3104 12236
3103 12237
3102 12238
3101 12239
3100 12240
3099 12241
3098 12242
3097 12243
3096 12244
3095 12245
3094 12246
3093 12247
3092 12248
3091 12249
3090 12250
3089 12251
3088 12252
3087 12253
3086 12254
3085 12255
3084 12256
3083 12257
3082 12258
3081 12259
3080 12260
3079 12261
3078 12262
3077 12263
3076 12264
3075 12265
3074 12266
3073 12267
3072 12268
3071 12269
3070 12270
3069 12271
3068 12272
3067 8580
3066 8581
3065 8582
3064 8583
3063 8584
3062 8585
3061 8586
3060 8587
3059 8588
3058 8589
3057 8590
3056 8591
3055 8592
3054 8593
3053 8594
3052 8595
3051 8596
3050 8597
3049 8598
3048 8599
3047 8600
3046 8601
3045 8602
3044 8603
3043 8604
3042 8605
3041 8606
3040 8607
3039 8608
3038 8609
3037 8610
3036 8611
3035 8612
3034 8613
3033 8614
3032 8615
3031 8616
3030 8617
3029 8618
3028 8619
3027 8620
3026 8621
3025 8622
3024 8623
3023 8624
3022 8625
3021 8626
3020 8627
3019 8628
3018 8629
3017 8630
3016 8631
3015 8632
3014 6681
3013 6682
3012 6683
3011 6684
3010 6685
3009 6686
3008 6687
3007 6688
3006 6689
3005 6690
3004 8931
3003 8932
3002 8933
3001 8934
3000 8935
2999 8936
2998 8937
2997 8938
2996 8939
2995 8940
2994 8941
2993 8942
2992 8943
2991 8944
2990 8945
2989 8946
2988 8772
2987 8773
2986 8774
2985 8775
2984 8776
2983 8777
2982 8778
2981 8779
2980 8780
2979 8781
2978 8782
2977 8783
2976 8784
2975 8785
2974 6717
2973 6718
2972 6719
2971 6720
2970 6721
2969 6722
2968 6723
2967 6748
2966 6749
2965 6750
2964 6751
2963 6752
2962 6753
2961 6754
2958 6702
2957 6703
2956 6704
2955 6705
2954 6706
2953 6707
2952 6708
2951 6709
2950 6710
2949 6711
2947 2948
2946 6714
2945 6715
2944 6716
2943 8786
2942 8787
2941 8788
2940 8789
2939 8790
2938 8791
2936 2937
2935 8794
2934 8795
2933 8796
2932 8797
2931 8798
2930 8799
2929 8800
2928 8913
2926 2927
2925 8916
2924 8917
2923 8918
2922 8919
2921 8920
2920 8921
2919 8922
2918 8923
2916 2917
2915 8926
2914 8927
2913 8928
2912 8929
2911 8930
2910 6691
2909 6692
2908 6693
2907 6694
2906 6695
2905 6696
2904 6697
2902 2903
2901 6700
2900 6701
2899 8633
2898 8634
2897 8635
2896 8636
2894 2895
2893 8639
2892 8640
2891 8641
2890 8642
2889 8643
2887 2888
2886 8646
2885 8647
2884 8648
2883 8649
2881 2882
2880 8652
2879 8653
2878 8654
2877 8655
2876 8656
2874 2875
2873 8659
2872 8660
2871 8661
2870 8662
2869 8663
2867 2868
2866 8666
2865 8551
2864 8552
2863 8553
2861 2862
2860 8556
2859 8557
2858 8558
2857 8559
2856 8560
2855 8561
2853 2854
2852 8564
2851 8565
2850 8566
2849 8567
2848 8568
2846 2847
2845 8571
2844 8572
2843 8573
2842 8574
2841 8575
2839 2840
2838 8578
2837 8579
2836 12273
2835 12274
2834 12275
2833 12276
2831 2832
2830 12279
2829 12280
2828 12281
2827 12282
2826 12283
2824 2825
2823 12286
2822 12287
2821 12288
2820 12289
2819 12290
2818 12291
2816 2817
2815 12294
2814 12295
2813 12296
2812 12297
2811 12298
2810 12299
2808 2809
2807 12302
2806 12303
2805 12304
2804 12305
2803 12306
2802 12307
2800 2801
2799 12310
2798 12311
2797 12312
2796 12313
2795 12314
2794 12315
2792 2793
2791 12318
2790 12319
2789 12320
2788 12321
2787 12322
2785 2786
2784 12325
2783 12326
2782 12327
2781 12328
2780 12329
2779 12330
2777 2778
2776 12333
2775 12334
2774 12335
2773 12336
2772 12337
2770 2771
2769 12340
2768 12341
2767 12342
2766 12343
2765 12344
2764 12345
2762 2763
2761 12348
2760 12349
2759 12350
2758 12351
2757 12352
2755 2756
2754 12355
2753 12356
2752 12357
2751 12358
2750 12359
2749 12360
2748 12361
2747 12362
2746 12363
2745 12364
2743 2744
2742 12367
2741 12368
2740 12369
2739 12370
2738 12371
2736 2737
2735 12374
2734 12375
2733 12376
2732 12377
2731 12378
2729 2730
2728 12381
2727 12382
2726 12383
2725 12384
2724 12385
2722 2723
2721 12388
2720 12389
2719 12390
2718 11583
2717 11584
2715 2716
2714 11587
2713 11588
2712 11589
2711 11590
2710 11591
2708 2709
2707 11594
2706 11595
2705 11596
2704 11597
2703 11598
2701 2702
2700 11244
2699 11245
2698 11246
2697 11247
2696 11248
2695 11249
2694 11250
2692 2693
2691 11253
2690 11254
2689 11255
2688 11256
2687 11257
2685 2686
2684 11260
2683 11261
2682 11262
2681 11263
2679 2680
2678 11266
2677 11267
2676 11268
2675 11269
2674 11270
2672 2673
2671 11273
2670 11274
2669 11275
2668 11276
2667 11277
2665 2666
2664 11280
2663 11281
2662 11282
2661 11283
2659 2660
2658 11286
2657 11287
2656 11288
2655 11289
2653 2654
2652 11292
2651 11293
2650 11294
2649 11295
2648 11296
2646 2647
2645 11299
2644 11300
2643 11301
2642 11302
2641 11303
2640 11304
2639 11305
2638 11306
2637 11307
2635 2636
2634 11310
2633 11311
2632 11312
2631 11313
2629 2630
2628 11316
2627 11317
2626 11318
2625 11319
2623 2624
2622 9956
2621 9957
2620 9958
2619 9959
2617 2618
2616 9962
2615 7619
2614 7620
2613 7621
2611 2612
2610 7624
2609 7625
2608 7626
2607 7627
2605 2606
2604 7630
2603 7631
2602 7632
2601 7633
2599 2600
2598 7636
2597 7637
2596 7638
2595 7639
2593 2594
2592 7569
2591 7570
2590 7571
2589 7572
2588 7573
2587 7574
2586 7575
2585 7576
2584 7577
2583 7578
2582 7579
2581 7580
2579 2580
2578 7583
2577 7584
2576 10408
2575 10409
2574 10410
2573 10411
2571 2572
2570 10414
2569 10415
2568 10416
2567 10417
2566 10418
2565 10419
2563 2564
2562 10422
2561 10423
2560 10424
2559 10425
2558 10426
2557 10427
2556 10428
2554 2555
2553 10431
2552 10432
2551 10433
2550 10314
2549 10315
2548 10316
2547 10317
2545 2546
2544 10320
2543 10321
2542 10322
2541 10323
2540 10324
2539 10325
2538 10326
2535 10301
2534 10302
2533 10303
2532 10304
2531 10305
2530 10306
2529 10307
2527 2528
2526 10310
2525 10311
2524 10312
2523 10313
2522 10434
2521 10435
2520 10436
2518 2519
2517 10439
2516 10440
2515 10441
2514 10442
2513 10443
2512 10444
2511 10445
2510 10446
2508 2509
2507 10449
2506 7543
2505 7544
2504 7545
2503 7546
2502 7547
2500 2501
2499 7550
2498 7551
2497 7552
2496 7553
2495 7554
2494 7555
2492 2493
2491 7558
2490 7559
2489 7560
2488 7561
2487 7562
2486 7563
2485 7564
2484 7565
2483 7566
2482 7567
2481 7568
2479 2480
2478 7644
2477 7645
2476 7646
2475 7647
2473 2474
2472 7650
2471 7651
2470 7652
2469 7653
2467 2468
2466 7656
2465 7657
2464 9938
2463 9939
2461 2462
2460 9942
2459 9943
2458 9944
2457 9945
2455 2456
2454 9948
2453 9949
2452 9950
2451 9951
2449 2450
2448 11320
2447 11321
2446 11322
2445 11323
2443 2444
2442 11326
2441 11327
2440 11328
2438 2439
2437 11331
2436 11332
2435 11333
2434 11334
2432 2433
2431 11337
2430 11338
2429 11339
2428 11340
2427 11341
2425 2426
2424 11344
2423 11345
2422 11346
2421 11347
2419 2420
2418 11350
2417 11351
2416 11352
2415 11353
2414 11354
2412 2413
2411 11357
2410 11358
2409 11359
2408 11360
2406 2407
2405 11363
2404 11364
2403 11365
2402 11366
2400 2401
2399 11369
2398 11370
2397 11371
2396 11372
2395 11373
2393 2394
2392 11376
2391 11377
2390 11378
2389 11379
2387 2388
2386 11550
2385 11551
2384 11552
2383 11553
2382 11554
2380 2381
2379 11557
2378 11558
2377 11559
2376 11560
2375 11561
2374 11562
2373 11563
2372 11564
2370 2371
2369 11567
2368 11568
2367 11569
2366 11570
2365 11571
2363 2364
2362 11574
2361 11575
2360 11576
2359 11577
2357 2358
2356 11580
2355 11581
2354 11582
2353 12391
2352 12392
2350 2351
2349 12395
2348 12396
2347 12397
2346 12398
2345 12399
2343 2344
2342 12402
2341 12403
2340 12404
2339 12405
2337 2338
2336 12408
2335 11672
2334 11673
2333 11674
2332 11675
2330 2331
2329 11678
2328 11679
2327 11680
2326 11681
2325 11682
2323 2324
2322 11685
2321 11686
2320 11687
2319 11688
2318 11689
2316 2317
2315 12527
2314 12528
2313 12529
2312 12530
2311 12531
2309 2310
2308 12534
2307 12535
2306 12536
2305 12537
2304 12538
2302 2303
2301 12541
2300 12542
2299 12543
2298 12544
2297 12545
2295 2296
2294 12548
2293 12549
2292 12550
2291 12551
2290 12552
2288 2289
2287 12555
2286 12556
2285 12557
2284 12558
2283 12559
2281 2282
2280 12562
2279 12563
2278 12564
2277 12565
2276 12566
2274 2275
2273 12569
2272 12570
2271 12571
2270 12572
2269 12573
2268 12574
2267 12575
2266 12576
2265 12577
2264 12578
2262 2263
2261 12581
2260 12582
2259 12583
2258 12584
2257 12585
2255 2256
2254 12588
2253 12589
2252 12590
2251 12591
2250 12592
2248 2249
2247 12595
2246 12596
2245 12597
2244 12598
2243 12599
2241 2242
2240 12602
2239 12603
2238 12604
2237 12605
2235 2236
2234 12608
2233 12609
2232 12610
2231 12611
2230 12612
2228 2229
2227 8529
2226 8530
2225 8531
2224 8532
2223 8533
2221 2222
2220 8536
2219 8537
2218 8538
2217 8539
2216 8540
2215 8541
2214 8542
2213 8543
2212 8544
2210 2211
2209 8547
2208 8548
2207 8549
2206 8550
2205 8667
2203 2204
2202 8670
2201 8671
2200 8672
2199 8673
2197 2198
2196 8676
2195 8677
2194 8678
2193 8679
2191 2192
2190 8682
2189 8683
2188 8684
2187 8685
2185 2186
2184 8688
2183 8689
2182 8690
2181 8691
2180 8692
2178 2179
2177 8695
2176 8696
2175 8697
2174 8698
2172 2173
2171 8701
2170 8702
2169 8703
2168 8704
2167 8887
2166 8888
2164 2165
2163 8891
2162 8892
2161 8893
2160 8894
2159 8895
2158 8896
2157 8897
2156 8898
2154 2155
2153 8901
2152 8902
2151 8903
2150 8904
2149 8905
2148 8906
2147 8907
2145 2146
2144 8910
2143 8911
2142 8912
2141 8801
2140 8802
2139 8803
2138 8804
2137 8805
2135 2136
2134 8808
2133 8809
2132 8810
2131 8811
2130 8812
2129 8813
2128 8814
2127 8815
2125 2126
2124 8818
2123 8819
2122 8820
2121 8821
2120 8822
2119 8823
2118 8824
2117 8825
2116 8826
2114 2115
2113 8829
2112 8830
2111 8831
2108 6860
2107 6861
2106 6862
2105 6863
2104 6864
2103 6865
2101 2102
2100 6868
2099 6869
2098 6870
2097 6871
2096 6872
2095 6873
2094 6874
2093 6875
2091 2092
2090 6878
2089 6879
2088 6880
2087 6881
2086 6882
2085 6883
2084 6884
2082 2083
2081 6887
2080 6888
2079 6889
2078 7202
2077 7203
2076 7204
2075 7205
2074 7206
2072 2073
2071 7209
2070 7144
2069 7145
2068 7146
2067 7147
2066 7148
2064 2065
2063 7151
2062 7152
2061 7153
2060 7154
2059 7155
2058 7156
2057 7157
2056 7158
2055 7159
2054 7160
2053 7161
2052 7162
2050 2051
2049 7165
2048 7166
2047 7167
2046 7168
2044 2045
2043 12677
2042 12678
2041 12679
2040 12680
2038 2039
2037 12683
2036 12684
2035 12685
2034 12686
2032 2033
2031 12689
2030 12690
2029 12691
2028 12692
2026 2027
2025 12695
2024 12696
2023 12697
2022 12698
2020 2021
2019 12701
2018 12702
2017 12703
2016 12704
2014 2015
2013 12707
2012 12708
2011 12709
2010 12710
2008 2009
2007 12713
2006 12714
2005 12715
2004 12716
2003 12717
2002 12718
2001 12719
1999 2000
1998 12722
1997 12723
1996 12724
1995 12725
1993 1994
1992 12728
1991 12729
1990 12730
1989 12731
1988 12732
1986 1987
1985 12735
1984 12736
1983 12737
1982 12738
1980 1981
1979 12741
1978 12742
1977 12080
1976 12081
1975 12082
1973 1974
1972 12085
1971 12086
1970 12087
1969 12088
1967 1968
1966 12091
1965 12092
1964 12093
1963 12094
1961 1962
1960 12097
1959 12098
1958 12099
1957 12100
1956 12101
1954 1955
1953 12104
1952 12105
1951 12106
1950 12107
1949 12108
1948 12109
1947 12110
1945 1946
1944 12113
1943 12114
1942 12115
1941 12116
1939 1940
1938 12119
1937 12120
1936 12121
1935 12122
1934 12123
1932 1933
1931 12126
1930 12127
1929 12128
1928 12129
1926 1927
1925 12132
1924 12133
1923 12134
1922 12135
1921 12136
1919 1920
1918 12139
1917 12140
1916 12141
1915 12142
1913 1914
1912 12145
1911 12146
1910 12147
1909 12148
1907 1908
1906 12518
1905 12519
1904 12520
1903 12521
1902 12522
1900 1901
1899 11690
1898 11691
1897 11692
1896 11693
1895 11694
1894 11695
1893 11696
1892 12489
1890 1891
1889 12492
1888 12493
1887 12494
1886 12495
1884 1885
1883 12438
1882 12439
1881 12440
1880 12441
1879 12442
1877 1878
1876 12445
1875 12446
1874 12447
1873 12448
1871 1872
1870 12451
1869 12452
1868 12453
1867 12454
1865 1866
1864 12457
1863 12458
1862 11457
1861 11458
1860 11459
1858 1859
1857 11462
1856 11463
1855 11464
1854 11465
1852 1853
1851 11468
1850 11469
1849 11470
1848 11471
1846 1847
1845 11474
1844 11475
1843 11476
1842 11477
1841 11478
1840 11479
1839 11480
1838 11481
1837 11482
1835 1836
1834 11485
1833 11402
1832 11403
1831 11404
1829 1830
1828 11407
1827 11408
1826 11409
1825 11410
1824 11411
1822 1823
1821 11414
1820 9870
1819 9871
1818 9872
1816 1817
1815 9875
1814 9876
1813 9877
1812 9878
1810 1811
1809 9881
1808 9882
1807 9883
1806 9884
1804 1805
1803 9887
1802 9888
1801 9889
1800 9890
1799 9891
1797 1798
1796 9894
1795 9895
1794 9896
1793 9897
1791 1792
1790 9900
1789 9901
1788 9902
1787 9903
1786 9904
1784 1785
1783 9907
1782 9908
1781 9909
1780 9910
1778 1779
1777 9913
1776 9914
1775 9915
1774 9916
1772 1773
1771 9919
1770 9920
1769 9921
1767 1768
1766 9924
1765 9925
1764 9926
1763 9927
1761 1762
1760 9930
1759 9931
1758 9932
1757 9933
1755 1756
1754 9936
1753 9937
1752 7658
1751 7659
1749 1750
1748 7662
1747 7663
1746 7664
1745 7665
1743 1744
1742 7668
1741 7669
1740 7670
1739 7671
1737 1738
1736 7517
1735 7518
1734 7519
1733 7520
1732 7521
1731 7522
1730 7523
1729 7524
1728 7525
1727 7526
1725 1726
1724 7529
1723 7530
1722 7531
1721 7532
1720 7533
1719 7534
1717 1718
1716 7537
1715 7538
1714 7539
1713 7540
1712 7541
1711 7542
1710 10450
1708 1709
1707 10453
1706 10454
1705 10455
1704 10456
1703 10457
1702 10458
1701 10459
1699 1700
1698 10462
1697 10463
1696 10464
1695 10465
1694 10466
1693 10467
1692 10468
1691 10469
1689 1690
1688 10472
1687 10473
1686 10474
1685 10475
1684 10476
1683 10477
1682 10478
1679 7418
1678 7419
1677 7420
1676 7421
1675 7422
1674 7423
1673 7424
1672 7425
1670 1671
1669 7380
1668 7381
1667 7382
1666 7383
1665 7384
1664 7385
1663 7386
1662 7387
1660 1661
1659 7390
1658 7391
1657 7392
1656 7485
1655 7486
1654 7487
1653 7488
1651 1652
1650 7491
1649 7492
1648 7493
1647 7494
1646 7495
1645 7496
1644 7497
1642 1643
1641 7500
1640 7501
1639 7502
1638 7503
1637 7504
1636 7505
1634 1635
1633 7508
1632 7509
1631 7510
1630 7511
1629 7512
1628 7513
1627 7514
1626 7515
1625 7516
1623 1624
1622 7676
1621 7677
1620 7678
1619 7679
1617 1618
1616 7682
1615 7683
1614 7684
1613 7685
1611 1612
1610 7688
1609 7689
1608 8054
1607 8055
1605 1606
1604 8058
1603 8059
1602 8060
1601 8061
1599 1600
1598 8064
1597 8065
1596 8066
1594 1595
1593 9817
1592 9818
1591 9819
1590 9820
1588 1589
1587 9823
1586 9824
1585 9825
1584 9826
1582 1583
1581 9829
1580 9830
1579 9831
1577 1578
1576 9834
1575 9835
1574 9836
1573 9837
1572 9838
1571 9839
1569 1570
1568 9842
1567 9843
1566 9844
1565 9845
1563 1564
1562 9848
1561 9849
1560 9850
1559 9851
1557 1558
1556 9854
1555 9855
1554 9856
1553 9857
1551 1552
1550 9860
1549 9861
1548 9862
1547 9863
1546 9864
1544 1545
1543 9867
1542 9868
1541 9869
1540 11415
1538 1539
1537 11418
1536 11419
1535 11420
1534 11421
1532 1533
1531 11424
1530 11425
1529 11426
1528 11427
1526 1527
1525 11430
1524 11431
1523 11432
1522 11433
1521 11434
1520 11435
1519 11436
1518 11437
1517 11438
1516 11439
1514 1515
1513 11442
1512 11443
1511 11444
1510 11445
1508 1509
1507 11448
1506 11449
1505 11450
1504 11451
1502 1503
1501 11454
1500 11455
1499 11456
1498 12459
1496 1497
1495 12462
1494 12463
1493 12464
1492 12465
1490 1491
1489 12468
1488 12469
1487 12470
1486 12471
1484 1485
1483 12474
1482 12475
1481 12476
1480 12477
1478 1479
1477 12480
1476 12481
1475 12482
1474 12483
1472 1473
1471 12486
1470 12487
1469 12488
1468 11697
1466 1467
1465 11700
1464 11701
1463 11702
1462 11703
1461 11704
1459 1460
1458 11707
1457 11708
1456 11709
1455 11710
1453 1454
1452 11713
1451 11714
1450 11715
1449 11716
1447 1448
1446 11719
1445 11720
1444 11721
1443 11722
1441 1442
1440 11725
1439 11726
1438 11727
1437 11728
1435 1436
1434 11731
1433 11732
1432 11733
1431 11734
1429 1430
1428 11737
1427 11738
1426 11739
1425 11740
1423 1424
1422 11743
1421 11744
1420 11745
1419 11746
1417 1418
1416 11749
1415 11750
1414 11751
1413 11752
1411 1412
1410 11755
1409 11756
1408 11757
1407 11758
1406 11759
1404 1405
1403 11762
1402 11763
1401 11764
1400 11765
1398 1399
1397 11768
1396 11769
1395 12066
1394 12067
1392 1393
1391 12070
1390 12071
1389 12072
1388 12073
1386 1387
1385 12076
1384 12077
1383 12078
1382 12079
1380 1381
1379 12745
1378 12746
1377 12747
1376 12748
1374 1375
1373 12751
1372 12752
1371 12753
1370 12754
1368 1369
1367 12757
1366 12758
1365 12759
1363 1364
1362 12762
1361 12763
1360 12764
1359 12765
1357 1358
1356 12768
1355 12769
1354 12770
1353 12771
1352 12772
1351 12773
1349 1350
1348 12776
1347 12777
1346 12778
1344 1345
1343 12972
1342 12973
1341 12974
1340 12975
1338 1339
1337 12978
1336 12979
1335 12980
1334 12981
1332 1333
1331 12984
1330 12985
1329 12986
1327 1328
1326 12989
1325 12924
1324 12925
1323 12926
1321 1322
1320 12929
1319 12930
1318 12931
1317 12932
1315 1316
1314 12935
1313 12936
1312 12937
1310 1311
1309 12940
1308 12941
1307 7123
1306 7124
1305 7125
1303 1304
1302 7128
1301 7129
1300 7130
1299 7131
1298 7132
1297 7133
1296 7134
1295 7135
1293 1294
1292 7138
1291 7139
1290 7140
1289 7141
1288 7142
1287 7143
1285 1286
1284 7055
1283 7056
1282 7057
1281 7058
1280 7059
1279 7060
1278 7061
1276 1277
1275 7064
1274 7065
1273 7066
1272 7067
1271 7068
1270 7069
1269 7070
1267 1268
1266 7073
1265 7074
1264 7075
1263 7076
1262 7077
1261 7078
1260 7079
1259 7017
1257 1258
1256 7020
1255 7021
1254 7022
1253 7023
1252 7024
1251 7025
1250 7026
1249 7027
1246 7265
1245 7266
1243 1244
1242 7269
1241 7270
1240 7271
1239 7272
1238 7273
1237 13269
1236 13270
1234 1235
1233 13273
1232 13274
1231 13275
1230 13276
1229 13277
1228 13278
1227 13279
1226 13280
1224 1225
1223 13283
1222 13284
1221 13285
1220 13286
1219 13287
1218 13288
1216 1217
1215 13291
1214 13292
1213 13293
1212 13294
1211 13295
1210 13296
1209 13297
1207 1208
1206 13300
1205 13301
1204 13302
1203 13303
1202 13304
1200 1201
1199 13307
1198 13308
1197 13309
1196 13310
1195 13311
1194 13312
1192 1193
1191 13315
1190 13316
1189 13317
1188 13318
1186 1187
1185 13321
1184 13322
1183 13323
1182 12909
1180 1181
1179 12912
1178 12913
1177 12914
1175 1176
1174 12917
1173 12918
1172 12919
1171 12920
1169 1170
1168 12923
1167 12990
1166 12991
1164 1165
1163 12994
1162 12995
1161 12996
1160 12997
1158 1159
1157 13000
1156 13001
1155 13002
1153 1154
1152 12825
1151 12826
1150 12827
1148 1149
1147 12830
1146 12831
1145 12832
1144 12833
1142 1143
1141 12836
1140 12837
1139 12838
1138 12839
1137 12840
1136 12841
1135 12842
1134 12843
1132 1133
1131 12846
1130 12847
1129 12848
1127 1128
1126 12851
1125 12852
1124 12853
1123 12854
1121 1122
1120 12857
1119 12858
1118 11974
1117 11975
1115 1116
1114 11978
1113 11979
1112 11980
1110 1111
1109 11983
1108 11984
1107 11985
1106 11986
1104 1105
1103 11989
1102 11990
1101 11991
1099 1100
1098 11994
1097 11995
1096 11996
1095 11997
1093 1094
1092 12000
1091 12001
1090 11803
1089 11804
1087 1088
1086 11807
1085 11808
1084 11809
1083 11810
1082 11811
1081 11812
1080 11813
1078 1079
1077 11816
1076 11817
1075 11818
1074 11819
1072 1073
1071 11822
1070 11823
1069 11824
1067 1068
1066 11827
1065 11828
1064 11829
1063 11830
1061 1062
1060 11833
1059 11834
1058 11835
1057 11836
1055 1056
1054 11839
1053 11840
1052 11841
1050 1051
1049 11844
1048 11845
1047 11846
1046 11847
1044 1045
1043 11850
1042 11851
1041 11852
1040 11853
1038 1039
1037 11856
1036 11857
1035 9416
1034 9417
1032 1033
1031 9420
1030 9421
1029 9422
1028 9518
1027 9519
1026 9520
1024 1025
1023 9523
1022 9524
1021 9525
1020 9526
1018 1019
1017 9529
1016 9530
1015 9531
1014 9532
1012 1013
1011 9535
1010 9536
1009 9537
1008 9538
1006 1007
1005 9541
1004 9542
1003 9543
1002 9544
1000 1001
999 9547
998 9548
997 9549
995 996
994 9552
993 9650
992 9651
991 9652
989 990
988 9655
987 9656
986 9657
985 9658
983 984
982 9661
981 9662
980 9663
979 9664
977 978
976 9667
975 9668
974 9669
973 9670
972 9671
970 971
969 9674
968 9675
967 9676
966 9677
964 965
963 9680
962 9681
961 9682
960 9683
958 959
957 9686
956 9687
955 9688
954 9689
952 953
951 10775
950 10776
949 10777
948 10778
946 947
945 10781
944 10782
943 10783
942 10784
940 941
939 10787
938 10788
937 10789
936 10790
934 935
933 10793
932 10794
931 10795
930 10796
928 929
927 10799
926 10800
925 10801
924 10802
922 923
921 10805
920 10806
919 10807
918 10808
917 10809
916 10810
914 915
913 10813
912 10814
911 10815
910 10816
908 909
907 8030
906 8031
905 8032
903 904
902 8035
901 8036
900 8037
899 8038
897 898
896 8041
895 8042
894 8043
893 8044
891 892
890 8047
889 8048
888 8049
886 887
885 8052
884 8053
883 7690
882 7691
880 881
879 7694
878 7695
877 7696
876 7697
874 875
873 7700
872 7701
871 7702
870 7703
868 869
867 7798
866 7799
865 7800
864 7801
863 7802
862 7803
861 7804
860 7805
859 7806
857 858
856 7809
855 7810
854 7811
853 7812
852 7813
850 851
849 7816
848 7817
847 7818
846 7352
845 7353
844 7354
843 7355
841 842
840 7358
839 7359
838 7360
837 7361
836 7362
835 7363
834 7364
833 7365
831 832
830 7368
829 7369
828 7370
827 7371
826 7372
825 7373
824 7374
823 7375
821 822
820 7426
819 7427
818 7428
817 7429
816 7430
815 7431
814 7432
813 7433
810 7318
809 7319
808 7320
807 7321
806 7322
805 7323
804 7324
803 7325
801 802
800 7328
799 7329
798 7330
797 7331
796 7332
795 7333
794 7334
793 7335
792 7336
790 791
789 7339
788 7340
787 7341
786 7342
785 7343
784 7344
783 7345
782 7346
780 781
779 7349
778 7350
777 7351
776 7819
775 7820
774 7821
772 773
771 7824
770 7825
769 7826
768 7827
767 7828
766 7829
764 765
763 7790
762 7791
761 7792
760 7793
759 7794
758 7795
757 7796
756 7797
754 755
753 7708
752 7709
751 7710
750 7711
748 749
747 7714
746 7715
745 7716
744 7717
742 743
741 7720
740 7721
739 7722
737 738
736 8005
735 8006
734 8007
733 8008
731 732
730 8011
729 8012
728 8013
727 8014
725 726
724 8017
723 8018
722 8019
720 721
719 8022
718 8023
717 8024
716 8025
714 715
713 10817
712 10818
711 10819
710 10820
708 709
707 10823
706 10824
705 10825
704 10826
703 10827
702 10828
700 701
699 10831
698 10832
697 10833
696 10834
694 695
693 10837
692 10838
691 10839
690 10840
688 689
687 10843
686 10844
685 10845
684 10846
682 683
681 10849
680 10850
679 10851
678 10852
676 677
675 10855
674 10856
673 10857
672 10858
670 671
669 10861
668 10862
667 10863
665 666
664 10866
663 9616
662 9617
661 9618
659 660
658 9621
657 9622
656 9623
654 655
653 9626
652 9627
651 9628
650 9629
649 9630
648 9631
647 9632
645 646
644 9635
643 9636
642 9637
641 9638
639 640
638 9641
637 9642
636 9643
634 635
633 9646
632 9647
631 9648
630 9649
628 629
627 9555
626 9556
625 9557
623 624
622 9560
621 9561
620 9562
619 9563
617 618
616 9566
615 9567
614 9568
613 9569
611 612
610 9393
609 9394
608 9395
606 607
605 9398
604 9399
603 9400
602 9401
600 601
599 9404
598 9405
597 9406
596 9407
595 9408
594 9409
593 9410
592 9411
590 591
589 9414
588 9415
587 8116
586 8117
584 585
583 8120
582 8121
581 8122
579 580
578 8125
577 8126
576 8127
575 8128
573 574
572 8131
571 8132
570 8133
568 569
567 8136
566 8137
565 8138
563 564
562 8141
561 8142
560 8143
559 8144
557 558
556 8147
555 8148
554 8149
552 553
551 8152
550 8153
549 8154
547 548
546 8157
545 8158
544 8159
542 543
541 8162
540 8163
539 8164
538 8165
537 8166
536 8167
534 535
533 8170
532 8171
531 8172
529 530
528 8175
527 8176
526 11951
525 11952
523 524
522 11955
521 11956
520 11957
518 519
517 11960
516 11961
515 11962
513 514
512 11965
511 11966
510 11967
508 509
507 11970
506 11971
505 11972
504 11973
502 503
501 11860
500 11861
499 11862
497 498
496 11865
495 11866
494 11867
492 493
491 11870
490 11871
489 11872
488 11873
486 487
485 11876
484 11877
483 11878
482 11879
481 11880
480 11881
478 479
477 11884
476 11885
475 11886
473 474
472 11889
471 11890
470 11891
468 469
467 11894
466 11895
465 11896
464 11897
462 463
461 12886
460 12887
459 12888
457 458
456 12891
455 12892
454 12893
452 453
451 12896
450 12897
449 12898
447 448
446 12901
445 12902
444 12903
442 443
441 12906
440 12907
439 12908
438 13096
436 437
435 13099
434 13100
433 13101
431 432
430 13104
429 13105
428 13106
427 13107
426 13108
425 13109
424 13110
423 13111
422 13112
420 421
419 13115
418 13116
417 13117
416 13118
415 13119
413 414
412 13122
411 13123
410 13124
409 13125
408 13126
406 407
405 13129
404 13130
403 13131
402 13132
401 13133
400 13134
399 13135
397 398
396 13138
395 13139
394 13140
393 13141
392 13142
391 13143
390 7245
388 389
387 7248
386 7249
385 7250
384 7251
383 7252
382 7253
381 7254
379 380
378 7257
377 7258
376 7259
375 7260
372 13328
371 13329
370 13330
369 13331
368 13332
367 13333
366 7237
365 7238
364 7239
363 7240
362 7241
361 7242
360 7243
359 7244
358 13144
357 13145
356 13146
355 13147
354 13148
353 13149
352 13150
351 13151
350 13152
349 13153
348 13154
347 13155
346 13156
345 13157
344 13158
343 13159
342 13160
341 13161
340 13162
339 13163
338 13164
337 13165
336 13166
335 13167
334 13168
333 13169
332 13170
331 7980
330 7981
329 7982
328 7983
327 7984
326 7985
325 7986
324 7987
323 7988
322 7989
321 7990
320 12859
319 12860
318 12861
317 12862
316 12863
315 12864
314 12865
313 12866
312 12867
311 12868
309 310
308 12871
307 12872
306 12873
305 12874
304 12875
303 12876
302 12877
301 12878
300 12879
299 12880
298 12881
297 12882
296 12883
295 11898
294 11899
293 11900
292 11901
291 11902
290 11903
289 11904
288 11905
287 11906
286 11907
285 11908
284 11909
283 11910
282 11911
281 11912
280 11913
279 11914
278 11915
277 11916
276 11917
275 11918
274 11919
273 11920
272 11921
271 11922
270 11923
269 11924
268 11925
267 11926
266 11927
265 11928
264 11929
263 11930
262 11931
261 11932
260 11933
259 11934
258 11935
256 257
255 11938
254 11939
253 11940
252 11941
251 11942
250 11943
249 11944
248 11945
247 11946
246 11947
245 11948
244 11949
243 11950
242 8177
241 8178
240 8179
239 8180
238 8181
237 8182
236 8183
235 8184
234 8185
233 8186
232 8187
231 8188
230 8189
229 8190
228 8191
227 8192
226 8193
225 8194
224 8195
223 8196
222 8197
221 8198
220 8199
219 8200
218 8201
217 8202
216 8203
215 8204
213 214
212 8207
211 8208
210 8209
209 8210
208 8211
207 8212
206 8213
205 9358
204 9359
203 9360
202 9361
201 9362
200 9363
199 9364
198 9365
197 9366
196 9367
195 9368
194 9369
193 9370
192 9371
191 9372
190 9373
189 9374
188 9375
187 9376
186 9377
185 9378
184 9379
183 9380
182 9381
181 9382
180 9383
179 9384
177 178
176 9387
175 9388
174 9389
173 9390
172 9391
171 9392
170 9572
169 9573
168 9574
167 9575
166 9576
165 9577
164 9578
163 9579
162 9580
161 9581
160 9582
159 9583
158 9584
157 9585
156 9586
155 9587
154 9588
153 9589
152 9590
151 9591
150 9592
149 9593
148 9594
147 9595
146 9596
145 9597
144 9598
143 9599
142 9600
141 9601
140 9602
139 9603
138 9604
137 9605
136 9606
135 9607
134 9608
133 9609
132 9610
131 9611
130 9612
129 9613
128 9614
127 9615
126 10867
125 10868
124 10869
123 10870
122 10871
121 10872
120 10873
119 10874
118 10875
117 10876
116 10877
115 10878
114 10879
113 10880
112 10881
111 10882
110 10883
109 10884
108 10885
107 10886
106 10887
105 10888
104 10889
103 10890
102 10891
101 10892
100 10893
99 10894
98 10895
97 10896
96 10897
95 10898
94 10899
93 10900
92 10901
91 10902
90 10903
89 10904
88 10905
87 10906
86 10907
85 10908
84 10909
83 10910
82 10911
81 10912
80 10913
79 7991
78 7992
77 7993
76 7994
75 7995
74 7996
73 7997
72 7998
71 7999
70 8000
69 8001
68 8002
67 8003
66 8004
65 7725
64 7726
63 7727
62 7728
61 7729
60 7730
59 7731
58 7732
57 7733
56 7734
55 7735
54 7778
53 7779
52 7780
51 7781
50 7782
49 7783
48 7784
47 7785
46 7786
45 7787
44 7788
43 7789
42 7832
41 7833
40 7834
39 7835
38 7836
37 7837
36 7838
35 7839
34 7840
33 7841
32 7842
31 7843
30 7844
29 7845
28 7846
27 7847
26 7848
25 7849
24 7850
23 7851
22 7852
21 7853
20 7854
19 7855
18 7856
17 7297
16 7298
15 7299
14 7300
13 7301
12 7302
11 7303
10 7304
9 7305
8 7306
7 7307
6 7308
5 7309
4 7310
3 7311
2 7312
1 7313
