6658 10110
6657 10111
6656 10112
6655 10113
6654 10114
6653 10115
6652 10116
6651 10117
6650 10118
6649 10119
6648 10120
6647 10121
6646 10122
6645 10123
6644 11507
6643 11508
6642 11509
6641 11510
6640 11511
6639 11512
6638 11513
6637 11514
6636 11515
6635 11516
6634 11517
6633 11518
6632 11519
6631 11520
6630 11521
6629 11522
6628 11523
6627 11524
6626 11525
6625 11526
6624 11527
6623 11528
6622 11529
6621 11530
6620 11531
6619 11532
6618 11533
6617 11534
6616 11535
6615 11536
6614 11537
6613 11538
6612 11539
6611 11540
6610 11541
6609 11542
6608 11543
6607 11544
6606 11545
6605 11546
6604 11547
6603 9934
6602 9935
6601 9936
6600 9937
6599 9938
6598 9939
6597 9940
6596 9941
6595 9942
6594 9943
6593 9944
6592 11102
6591 11103
6590 11104
6589 11105
6588 11106
6587 11107
6586 11108
6585 11109
6584 11110
6583 11111
6582 11112
6581 11113
6580 11114
6579 11115
6578 11116
6577 11117
6576 11118
6575 11119
6574 11120
6573 11121
6572 11122
6571 11123
6570 11124
6569 11125
6568 11126
6567 11127
6566 11128
6565 11129
6564 11130
6563 11131
6562 11132
6561 11133
6560 11134
6559 11135
6558 11136
6557 11137
6556 11138
6555 11139
6554 11140
6553 11141
6552 11142
6551 11143
6550 12072
6549 12073
6548 12074
6547 12075
6546 12076
6545 12077
6544 12078
6543 12079
6542 12080
6541 12081
6540 12082
6539 12083
6538 12084
6537 12021
6536 12022
6535 12023
6534 12024
6533 12025
6532 12026
6531 12027
6530 12028
6529 12029
6528 12030
6527 12031
6526 12032
6525 12033
6524 12034
6523 12035
6522 12036
6521 12037
6520 12038
6519 12039
6518 13189
6517 13190
6516 13191
6515 13192
6514 13193
6513 13194
6512 13195
6511 13196
6510 13197
6509 13198
6508 13199
6507 13200
6506 13201
6505 13202
6504 13203
6503 13204
6502 13205
6501 13206
6500 13207
6499 13208
6498 13209
6497 13210
6496 13211
6495 13212
6494 13213
6493 13214
6492 13215
6491 13216
6490 13217
6489 13218
6488 13219
6487 13220
6486 13221
6485 8631
6484 8632
6483 8633
6482 8634
6481 8635
6480 8636
6479 8637
6478 8638
6477 8639
6476 8640
6475 8641
6474 8642
6473 8643
6472 8644
6471 8645
6470 8646
6469 8647
6468 8648
6467 8649
6466 8650
6465 8651
6464 8652
6463 8653
6462 8654
6461 8655
6460 8656
6459 8657
6458 8658
6457 8659
6456 8660
6455 8661
6454 13312
6453 13313
6452 13314
6451 13315
6450 13316
6449 13317
6448 13318
6447 13319
6446 13320
6445 13321
6444 13322
6443 13323
6442 10879
6441 10880
6440 10881
6439 10882
6438 10883
6437 10884
6436 10885
6435 10886
6434 10887
6433 9157
6432 9158
6431 9159
6430 9160
6429 9161
6428 9162
6427 9163
6426 9164
6425 9165
6424 9166
6423 9167
6422 9168
6421 9169
6420 9170
6419 9171
6418 9172
6417 9173
6416 9174
6415 9175
6414 9176
6413 9177
6412 9524
6411 9525
6410 9526
6409 9527
6408 9528
6407 9529
6406 9530
6405 9531
6404 9532
6403 9533
6402 9534
6401 9535
6400 9536
6399 9537
6398 9538
6397 9539
6396 9540
6395 9541
6394 9542
6393 9543
6392 9544
6391 9545
6390 10899
6389 10900
6388 10901
6387 10902
6386 10903
6385 10904
6384 10905
6383 10906
6382 10907
6381 10908
6380 9451
6379 9452
6378 9453
6377 9454
6376 9455
6375 9456
6374 9457
6373 9458
6372 9459
6371 9460
6370 9461
6369 9462
6368 9463
6367 9464
6366 9465
6365 9466
6364 9467
6363 9468
6362 9469
6361 9470
6360 9471
6359 9971
6358 9972
6357 9973
6356 9974
6355 9975
6354 9976
6353 9977
6352 9978
6351 9979
6350 9980
6349 13334
6348 13335
6347 13336
6346 13337
6345 13338
6344 13339
6341 9956
6340 9957
6339 9958
6338 9959
6337 9960
6336 9961
6335 9962
6334 9963
6333 9964
6332 9965
6331 9966
6330 9967
6329 9968
6328 9969
6327 9970
6326 9472
6325 9473
6324 9474
6323 9475
6322 9476
6321 9477
6320 9478
6319 9479
6318 9480
6317 9481
6316 9482
6315 9483
6314 9484
6313 9485
6312 9486
6311 9487
6310 9488
6309 9489
6308 9490
6307 9491
6306 9492
6305 9493
6304 9494
6303 9495
6302 9496
6301 9497
6300 9498
6299 9499
6298 9500
6297 9501
6296 9502
6295 9503
6294 9504
6293 9505
6292 9506
6291 9507
6290 9508
6289 9509
6288 9510
6287 9511
6286 9512
6285 9513
6284 9514
6283 9515
6282 9516
6281 9517
6280 9518
6279 9519
6278 9520
6277 9521
6276 9522
6275 9523
6274 9178
6273 9179
6272 9180
6271 9181
6270 9182
6269 9183
6268 9184
6267 9185
6266 9186
6265 9187
6264 9188
6263 9189
6262 9190
6261 9191
6260 9192
6259 9193
6258 9194
6257 9195
6256 9196
6255 9197
6254 9198
6253 9199
6252 9200
6251 9201
6250 9202
6249 9203
6248 9204
6247 9205
6246 9206
6245 9207
6244 9208
6243 9209
6242 9210
6241 13303
6240 13304
6239 13305
6238 13306
6237 13307
6236 13308
6235 13309
6234 13310
6233 13311
6232 8662
6231 8663
6230 8664
6229 8665
6228 8666
6227 8667
6226 8668
6225 8669
6224 8670
6223 8671
6222 8672
6221 8673
6220 8674
6219 8675
6218 8676
6217 8677
6216 8678
6215 8679
6214 8680
6213 8681
6212 8682
6211 8683
6210 8684
6209 8685
6208 8686
6207 8687
6206 8688
6205 8689
6204 8690
6203 8691
6202 8692
6201 8693
6200 8694
6199 8695
6198 12499
6197 12500
6196 12501
6195 12502
6194 12503
6193 12504
6192 12505
6191 12506
6190 12507
6189 12508
6188 12509
6187 12510
6186 12511
6185 13173
6184 13174
6183 13175
6182 13176
6181 13177
6180 13178
6179 13179
6178 13180
6177 13181
6176 13182
6175 13183
6174 13184
6173 13185
6172 13186
6171 13187
6170 13188
6169 12040
6168 12041
6167 12042
6166 12043
6165 12044
6164 12045
6163 12046
6162 12047
6161 12048
6160 12049
6159 12050
6158 12051
6157 12052
6156 12053
6155 12054
6154 12055
6153 12056
6152 12057
6151 12058
6150 12059
6149 12060
6148 12061
6147 12062
6146 12063
6145 12064
6144 12065
6143 12066
6142 12067
6141 12068
6140 12069
6139 12070
6138 12071
6137 11144
6136 11145
6135 11146
6134 11147
6133 11148
6132 11149
6131 11150
6130 11151
6129 11152
6128 11153
6127 11154
6126 11155
6125 11156
6124 11157
6123 11158
6122 11159
6121 11160
6120 11161
6119 11162
6118 11163
6117 11164
6116 11165
6115 11166
6114 11167
6113 11168
6112 11169
6111 11170
6110 11171
6109 11172
6108 11173
6107 11174
6106 11175
6105 11176
6104 11094
6103 11095
6102 11096
6101 11097
6100 11098
6099 11099
6098 11100
6097 11101
6096 9945
6095 9946
6094 9947
6093 9948
6092 9949
6091 9950
6090 9951
6089 9952
6088 9953
6087 9954
6086 9955
6085 11548
6084 11549
6083 11550
6082 11551
6081 11552
6080 11553
6079 11554
6078 11555
6077 11556
6076 11557
6075 11558
6074 11559
6073 11560
6072 10639
6071 10640
6070 10641
6069 10642
6068 10643
6067 10644
6066 10645
6065 10646
6064 10647
6063 10648
6062 10649
6061 10650
6060 10651
6059 10716
6058 10717
6057 10718
6056 10719
6055 10720
6054 10721
6053 10722
6052 10723
6051 10204
6050 10205
6049 10206
6048 10207
6047 10208
6046 10209
6045 10210
6044 10211
6043 10212
6042 10213
6041 10214
6040 10215
6039 10216
6038 10217
6037 10218
6036 10219
6035 10220
6034 10221
6033 10222
6032 10223
6031 10224
6028 10284
6027 10285
6026 10286
6025 10287
6024 10288
6023 10289
6022 10290
6021 10291
6020 10292
6019 10293
6018 10294
6017 10295
6016 10296
6015 10297
6014 10298
6013 10196
6012 10197
6011 10198
6010 10199
6009 10200
6008 10201
6007 10202
6006 10203
6005 10724
6004 10725
6003 10726
6002 10727
6001 10728
6000 10729
5999 10730
5998 10731
5997 10732
5996 10733
5995 10734
5994 10626
5993 10627
5992 10628
5991 10629
5990 10630
5989 10631
5988 10632
5987 10633
5986 10634
5985 10635
5984 10636
5983 10637
5982 10638
5981 11561
5980 11562
5979 11563
5978 11564
5977 11565
5976 11566
5975 11567
5974 11568
5973 11569
5972 11570
5971 11571
5970 11572
5969 11573
5968 11574
5967 11575
5966 11576
5965 11577
5964 11578
5963 11579
5962 11580
5961 11581
5960 11582
5959 11583
5958 11584
5957 11585
5956 11586
5955 11587
5954 11588
5953 11589
5952 11590
5951 11591
5950 11085
5949 11086
5948 11087
5947 11088
5946 11089
5945 11090
5944 11091
5943 11092
5942 11093
5941 11177
5940 11178
5939 11179
5938 11180
5937 11181
5936 11182
5935 11183
5934 11184
5933 11185
5932 11186
5931 11187
5930 11188
5929 11189
5928 11190
5927 11191
5926 11192
5925 11193
5924 11194
5923 11195
5922 11196
5921 11197
5920 11198
5919 11199
5918 11200
5917 11201
5916 11202
5915 11203
5914 11204
5913 11205
5912 11206
5911 11207
5910 11918
5909 11919
5908 11920
5907 11921
5906 11922
5905 11923
5904 11924
5903 11925
5902 11926
5901 11927
5900 11928
5899 11929
5898 11930
5897 12121
5896 12122
5895 12123
5894 12124
5893 12125
5892 12126
5891 12127
5890 12128
5889 12129
5888 12130
5887 12131
5886 12132
5885 12133
5884 12134
5883 12135
5882 12136
5881 12137
5880 12138
5879 12139
5878 12140
5877 12141
5876 12142
5875 12143
5874 12144
5873 12145
5872 12146
5871 12147
5870 12148
5869 12149
5868 12420
5867 12421
5866 12422
5865 12423
5864 12424
5863 12425
5862 12426
5861 12427
5860 12428
5859 12429
5858 12430
5857 12431
5856 12432
5855 12433
5854 12434
5853 12435
5852 12589
5851 12590
5850 12591
5849 12592
5848 12593
5847 12594
5846 12595
5845 12596
5844 12597
5843 12598
5842 12599
5841 12600
5840 12601
5839 12602
5838 12603
5837 12604
5836 12605
5835 12492
5834 12493
5833 12494
5832 12495
5831 12496
5830 12497
5829 12498
5828 8696
5827 8697
5826 8698
5825 8699
5824 8700
5823 8701
5822 8702
5821 8703
5820 8704
5819 8705
5818 8706
5817 8707
5816 8708
5815 8709
5814 8710
5813 8711
5812 8712
5811 8713
5810 8714
5809 8715
5808 8716
5807 8717
5806 8718
5805 8506
5804 8507
5803 8508
5802 8509
5800 5801
5799 8512
5798 8513
5797 8514
5796 8515
5795 8516
5794 8517
5793 8518
5792 8519
5791 13288
5790 13289
5789 13290
5788 13291
5787 13292
5786 13293
5785 13294
5784 13295
5783 13296
5782 13297
5781 13298
5780 13299
5779 13300
5778 13301
5777 13302
5776 9211
5775 9212
5774 9213
5773 9214
5772 9215
5771 9216
5770 9217
5769 9218
5768 9219
5767 9220
5766 9221
5765 9222
5764 9223
5763 9224
5762 9225
5761 9226
5760 9227
5759 9228
5758 9229
5757 9230
5755 5756
5754 9233
5753 9234
5752 9235
5751 9236
5750 9237
5749 9238
5748 9239
5747 9240
5746 9241
5745 9242
5744 9243
5743 9244
5742 9245
5741 9246
5740 9247
5739 9248
5738 9249
5737 9250
5736 9251
5735 9252
5734 9253
5733 9254
5732 9255
5731 9256
5730 9257
5729 9258
5728 9259
5727 9260
5726 9261
5725 9262
5724 9263
5723 9264
5722 9265
5721 9266
5720 9267
5719 9268
5718 9269
5717 9270
5716 9271
5715 9272
5714 9273
5713 9274
5712 9275
5711 9276
5710 9277
5709 9278
5708 9279
5707 9280
5706 9281
5705 9282
5704 9283
5703 9284
5702 9285
5701 9286
5700 9287
5699 9288
5698 9289
5697 9290
5696 9291
5695 9292
5694 9293
5693 9294
5692 9295
5691 9296
5690 9297
5689 9298
5688 9299
5687 9300
5686 9301
5685 9302
5684 9303
5683 9304
5682 9305
5681 9306
5680 9307
5679 9308
5678 9309
5677 9310
5676 9311
5675 9312
5674 9313
5673 9314
5672 9315
5671 9316
5670 9317
5669 9318
5668 9319
5667 9320
5666 10102
5665 10103
5664 10104
5663 10105
5662 10106
5661 10107
5660 10108
5659 10109
5656 9894
5655 9895
5654 9896
5653 9897
5652 9898
5651 9899
5650 9900
5649 9901
5648 9902
5647 9903
5646 9904
5645 9905
5644 9906
5643 9907
5642 9908
5641 9909
5640 9910
5639 9911
5638 9912
5637 7637
5636 7638
5635 7639
5634 7640
5633 7641
5632 7642
5631 7643
5630 7644
5629 7645
5628 7646
5627 7647
5626 7648
5625 7649
5624 7650
5623 7651
5622 7652
5621 7653
5620 7654
5619 7655
5618 7656
5617 7657
5616 7658
5615 7659
5614 7660
5613 7661
5612 7662
5611 7663
5610 7664
5609 7665
5608 7666
5607 7667
5606 7668
5605 7669
5604 7670
5603 7671
5602 7672
5601 7673
5600 7674
5599 7675
5598 7676
5597 8999
5596 9000
5595 9001
5594 9002
5593 9003
5592 9004
5591 9005
5590 9006
5589 9007
5588 9008
5587 9009
5586 9010
5585 9011
5584 9012
5583 9013
5582 9014
5581 9015
5580 9016
5579 9017
5578 9018
5577 9019
5576 9020
5575 9021
5574 9022
5573 7870
5572 7871
5571 7872
5570 7873
5569 7874
5568 7875
5567 7876
5566 7877
5565 7878
5564 7879
5563 7880
5562 7881
5561 7882
5560 7883
5559 7884
5558 7885
5557 7886
5556 7887
5555 7888
5554 7889
5553 7890
5552 7891
5551 7892
5550 7893
5549 7894
5548 7895
5547 7896
5546 7897
5545 7898
5544 7899
5543 7900
5542 7901
5541 7902
5540 7903
5539 7904
5538 7905
5537 7906
5536 7907
5535 7908
5534 7909
5533 7910
5532 7911
5531 7912
5530 8487
5529 8488
5528 8489
5527 8490
5526 8491
5525 8492
5524 8493
5523 8494
5522 8495
5521 8496
5520 8497
5519 8498
5518 8499
5517 8500
5516 8501
5515 8502
5514 8503
5513 8504
5512 8505
5511 8719
5510 8720
5509 8721
5508 8722
5507 8723
5506 8724
5505 8725
5504 8726
5503 8727
5502 8728
5501 8729
5500 8730
5499 8731
5498 12721
5497 12722
5496 12723
5495 12724
5494 12725
5493 12726
5492 12727
5491 12728
5490 12729
5489 12730
5488 12731
5487 12732
5486 12733
5485 12734
5484 12735
5483 12736
5482 12520
5481 12521
5480 12522
5479 12523
5478 12524
5477 12525
5476 12526
5475 12527
5474 12528
5473 12529
5472 12530
5471 12531
5470 12532
5469 12533
5468 12400
5467 12401
5466 12402
5465 12403
5464 12404
5463 12405
5462 12406
5461 12407
5460 12408
5459 12409
5458 12410
5457 12411
5456 12412
5455 12413
5454 12414
5453 12415
5452 12416
5451 12417
5450 12418
5449 12419
5448 12150
5447 12151
5446 12152
5445 12153
5444 12154
5443 12155
5442 12156
5441 12157
5440 12200
5439 12201
5438 12202
5437 12203
5436 12204
5435 12205
5434 12206
5433 12207
5432 12208
5431 12209
5430 12210
5429 12211
5428 12212
5427 12213
5426 12214
5425 12215
5424 12216
5423 12217
5422 12218
5421 12219
5420 12220
5419 12221
5418 12222
5417 12223
5416 12224
5415 11909
5414 11910
5413 11911
5412 11912
5411 11913
5410 11914
5409 11915
5408 11916
5407 11917
5406 11208
5405 11209
5404 11210
5403 11211
5402 11212
5401 11213
5400 11214
5399 11215
5398 11216
5397 11217
5396 11218
5395 11219
5394 11220
5393 11221
5392 11222
5391 11223
5390 11224
5389 11225
5388 11226
5387 11227
5386 11228
5385 11229
5384 11230
5383 11231
5382 11232
5381 11233
5380 11234
5379 11235
5378 11236
5377 11237
5376 11238
5375 11239
5374 11240
5373 11241
5372 11242
5371 11243
5370 11244
5369 11245
5368 11246
5367 11373
5366 11374
5365 11375
5364 11376
5363 11377
5362 11378
5361 11379
5360 11380
5359 11381
5358 11382
5357 11383
5356 11384
5355 11385
5354 11386
5353 11387
5352 11388
5351 11389
5350 11390
5349 11391
5348 11392
5347 11393
5346 11394
5345 11395
5344 10604
5343 10605
5342 10606
5341 10607
5340 10608
5339 10609
5338 10610
5337 10611
5336 10612
5335 10613
5334 10614
5333 10615
5332 10616
5331 10617
5330 10618
5329 10619
5328 10620
5327 10621
5326 10622
5325 10623
5324 10624
5323 10625
5322 10735
5321 10736
5320 10737
5319 10738
5318 10739
5317 10740
5316 10741
5315 10742
5314 10743
5313 10744
5312 10745
5311 10746
5310 10747
5309 10748
5308 10749
5307 10750
5306 10751
5305 10752
5304 10244
5303 10245
5302 10246
5301 10247
5300 10248
5299 10249
5298 10250
5297 10251
5296 10252
5295 10253
5294 10254
5293 10255
5292 10256
5291 10257
5290 10258
5289 10259
5286 10229
5285 10230
5284 10231
5283 10232
5282 10233
5281 10234
5280 10235
5279 10236
5278 10237
5277 10238
5276 10239
5275 10240
5274 10241
5273 10242
5272 10243
5271 10753
5270 10754
5269 10755
5268 10756
5267 10757
5266 10758
5265 10759
5264 10760
5263 10710
5262 10711
5261 10712
5260 10713
5259 10714
5258 10715
5257 10652
5256 10653
5255 10654
5254 10655
5253 10656
5252 10657
5251 10658
5250 10659
5249 10660
5248 10661
5247 10662
5246 10663
5245 10664
5244 10665
5243 10666
5242 10667
5241 10668
5240 10669
5239 10670
5238 10671
5237 10672
5236 10673
5235 10674
5234 10675
5233 10676
5232 10677
5231 11360
5230 11361
5229 11362
5228 11363
5227 11364
5226 11365
5225 11366
5224 11367
5223 11368
5222 11369
5221 11370
5220 11371
5219 11372
5218 11247
5217 11248
5216 11249
5215 11250
5214 11251
5213 11252
5212 11253
5211 11254
5210 11255
5209 11256
5208 11257
5207 11258
5206 11259
5205 11260
5204 11261
5203 11262
5202 11263
5201 11264
5200 11265
5199 11266
5198 11267
5197 11268
5196 11269
5195 11270
5194 11271
5193 11272
5192 11273
5191 11274
5190 11275
5189 11276
5188 11277
5187 11278
5186 11279
5185 11280
5184 11281
5183 11282
5182 11283
5181 11284
5180 11285
5179 11286
5178 11287
5177 11288
5176 11289
5175 11290
5174 11291
5173 11292
5172 11293
5171 11294
5170 11295
5169 11296
5168 12190
5167 12191
5166 12192
5165 12193
5164 12194
5163 12195
5162 12196
5161 12197
5160 12198
5159 12199
5158 12158
5157 12159
5156 12160
5155 12161
5154 12162
5153 12163
5152 12164
5151 12165
5150 12166
5149 12167
5148 12168
5147 13157
5146 13158
5145 13159
5144 13160
5143 13161
5142 13162
5141 13163
5140 13164
5139 13165
5138 13166
5137 13167
5136 13168
5135 13169
5134 13170
5133 13171
5132 13172
5131 12512
5130 12513
5129 12514
5128 12515
5127 12516
5126 12517
5125 12518
5124 12519
5123 12737
5122 12738
5121 12739
5120 12740
5119 12741
5118 12742
5117 12743
5116 12744
5115 12745
5114 12746
5113 12747
5112 12748
5111 12749
5110 12750
5109 12751
5108 12752
5107 12753
5106 12754
5105 12755
5104 8924
5103 8925
5102 8926
5101 8927
5100 8928
5099 8929
5098 8930
5097 8931
5096 8932
5095 8933
5094 8934
5093 8935
5092 8936
5091 8937
5090 8938
5089 8939
5088 8940
5087 8941
5086 8942
5085 8943
5084 8944
5083 8945
5082 8946
5081 8947
5080 8948
5079 8949
5078 8950
5077 8951
5076 8952
5075 8953
5074 8954
5073 8955
5072 8956
5071 8957
5070 8958
5069 8959
5068 8960
5067 8961
5066 8962
5065 8963
5064 8964
5063 8965
5062 8966
5061 8967
5060 8968
5059 8969
5058 8970
5057 8971
5056 8972
5055 8973
5054 8974
5053 8975
5052 8976
5051 8977
5050 8978
5049 8979
5048 8980
5047 8981
5046 8982
5045 8983
5044 8984
5043 8985
5042 8986
5041 8987
5040 8988
5039 8989
5038 8990
5037 8991
5036 8992
5035 8993
5034 8994
5033 8995
5032 8996
5031 8997
5030 8998
5029 7677
5028 7678
5027 7679
5026 7680
5025 7681
5024 7682
5023 7683
5022 7684
5021 7685
5020 7686
5019 7687
5018 7688
5017 7689
5016 7690
5015 7691
5014 7692
5013 7693
5012 7694
5011 7695
5010 7696
5009 7697
5008 7698
5007 7699
5006 7700
5005 7701
5004 7702
5003 7703
5002 7704
5001 7705
5000 7706
4999 7707
4998 9869
4997 9870
4996 9871
4995 9872
4994 9873
4993 9874
4992 9875
4991 9876
4990 9877
4989 9878
4988 9879
4987 9880
4986 9881
4985 9882
4984 9883
4983 9884
4982 9885
4981 9886
4980 9887
4979 9888
4978 9889
4975 7554
4974 7555
4973 7556
4972 7557
4971 7558
4970 7559
4969 7560
4968 7561
4967 7562
4966 7563
4965 9858
4964 9859
4963 9860
4962 9861
4961 9862
4960 9863
4959 9864
4958 9865
4957 9866
4956 9867
4955 9868
4954 7708
4953 7709
4952 7710
4951 7711
4950 7712
4949 7713
4948 7714
4947 7715
4946 7716
4945 7717
4944 7718
4943 7719
4942 7720
4941 7721
4940 7722
4939 7723
4938 7724
4937 7725
4936 7726
4935 7727
4934 7728
4933 7729
4932 7730
4931 7731
4930 7732
4929 7733
4928 7734
4927 7735
4926 7736
4925 7737
4924 7738
4923 7739
4922 7740
4921 7741
4920 7742
4919 7743
4918 7744
4917 7745
4916 7746
4915 7747
4914 7748
4913 7749
4912 7982
4911 7983
4910 7984
4909 7985
4908 7986
4907 7987
4906 7988
4905 7989
4904 7990
4903 7991
4902 7992
4901 7993
4900 7994
4899 7995
4898 7996
4897 7997
4896 7998
4895 7999
4894 8000
4893 8001
4892 8002
4891 8003
4890 8004
4889 8005
4888 8006
4887 8007
4886 8008
4885 8009
4884 8010
4883 8011
4882 8012
4881 8013
4880 8014
4879 8015
4878 8413
4877 8414
4876 8415
4875 8416
4874 8417
4873 8418
4872 8419
4871 8420
4870 8421
4869 8422
4868 8423
4867 8424
4866 8425
4865 8426
4864 8427
4863 8428
4862 8429
4861 8914
4860 8915
4859 8916
4858 8917
4857 8918
4856 8919
4855 8920
4854 8921
4853 8922
4852 8923
4851 12756
4850 12757
4849 12758
4848 12759
4847 12760
4846 12761
4845 12762
4844 12763
4843 12764
4842 12765
4841 12766
4840 12767
4839 12768
4838 12769
4837 12770
4836 7140
4835 7141
4834 7142
4833 7143
4832 7144
4831 7145
4830 7146
4829 7147
4828 13138
4827 13139
4826 13140
4825 13141
4824 13142
4823 13143
4822 13144
4821 13145
4820 13146
4819 13147
4818 13148
4817 13149
4816 13150
4815 13151
4814 13152
4813 13153
4812 13154
4811 13155
4810 13156
4809 12169
4808 12170
4807 12171
4806 12172
4805 12173
4804 12174
4803 12175
4802 12176
4801 12177
4800 12178
4799 12179
4798 12180
4797 12181
4796 12182
4795 12183
4794 12184
4793 12185
4792 12186
4791 12187
4790 12188
4789 12189
4788 11297
4787 11298
4786 11299
4785 11300
4784 11301
4783 11302
4782 11303
4781 11304
4780 11305
4779 11306
4778 11307
4777 11308
4776 11309
4775 11310
4774 11311
4773 11312
4772 11313
4771 11314
4770 11315
4769 11316
4768 11317
4767 11318
4766 11319
4765 11320
4764 11321
4763 11322
4762 11323
4761 11324
4760 11325
4759 11326
4758 11327
4757 11328
4756 11329
4755 11330
4754 11331
4753 11332
4752 11333
4751 11334
4750 11335
4749 11336
4748 11337
4747 11338
4746 11339
4745 11340
4744 11341
4743 11342
4742 11343
4741 11344
4740 11345
4739 11346
4738 11347
4737 11348
4736 11349
4735 11350
4734 11351
4733 11352
4732 11353
4731 11354
4730 11355
4729 11356
4728 11357
4727 11358
4726 11359
4725 10678
4724 10679
4723 10680
4722 10681
4721 10682
4720 10683
4719 10684
4718 10685
4717 10686
4716 10687
4715 10688
4714 10689
4713 10690
4712 10691
4711 10692
4710 10693
4709 10694
4708 10695
4707 10696
4706 10697
4705 10698
4704 10699
4703 10700
4702 10701
4701 10702
4700 10703
4699 10704
4698 10705
4697 10706
4696 10707
4695 10708
4694 10709
4693 10761
4692 10762
4691 10763
4690 10764
4689 10765
4688 10766
4687 10767
4686 10768
4685 10769
4684 10770
4683 10771
4682 10772
4681 10773
4680 10774
4679 10775
4678 7120
4677 7121
4676 7122
4675 7123
4674 7124
4673 7125
4672 7126
4671 7127
4668 10371
4667 10372
4666 10373
4665 10374
4664 10375
4663 10376
4662 10377
4661 10378
4660 10379
4659 10380
4658 10381
4657 10382
4656 10383
4655 10384
4654 10385
4653 10386
4652 10387
4651 10388
4650 10389
4649 10390
4648 10391
4647 10392
4646 10393
4645 10394
4644 10395
4643 10396
4642 10397
4641 10398
4640 10399
4639 10400
4638 10401
4637 10402
4636 10403
4635 10404
4634 7191
4633 7192
4632 7193
4631 7194
4630 7195
4629 7196
4628 7197
4627 7198
4626 7199
4625 7200
4624 7201
4623 7202
4622 7203
4621 7204
4620 7205
4619 7206
4618 7207
4617 7208
4616 7209
4615 7210
4614 7211
4613 7212
4612 7213
4611 7214
4610 7215
4609 7216
4608 7217
4607 7218
4606 7219
4605 7220
4604 7221
4603 7222
4602 7223
4601 7224
4600 7225
4599 7226
4598 7227
4597 7228
4596 7229
4595 7230
4594 7231
4593 7232
4592 7233
4591 7234
4590 7235
4589 7323
4588 7324
4587 7325
4586 7326
4585 7327
4584 7328
4583 7329
4582 7330
4581 7331
4580 7332
4579 7333
4578 7334
4577 7335
4576 7336
4575 7337
4574 7338
4573 7339
4572 7340
4571 7444
4570 7445
4569 7446
4568 7447
4567 7448
4566 7449
4565 7450
4564 7451
4563 7452
4562 7453
4561 7454
4560 7455
4559 7456
4558 7457
4557 7458
4556 7459
4555 7460
4554 7461
4553 7462
4552 7463
4551 7464
4550 7465
4549 7466
4548 7467
4547 7468
4546 7469
4545 7470
4544 7471
4543 7472
4542 7473
4541 7474
4540 7475
4539 7476
4538 7477
4537 12245
4536 12246
4535 12247
4534 12248
4533 12249
4532 12250
4531 12251
4530 12252
4529 12253
4528 12254
4527 12255
4526 12256
4525 12257
4524 12258
4523 12259
4522 12260
4521 12261
4520 12262
4519 12263
4518 12264
4517 12265
4516 12266
4515 12267
4514 12268
4513 12269
4512 12270
4511 12271
4510 12272
4509 12273
4508 12909
4507 12910
4506 12911
4505 12912
4504 12913
4503 12914
4502 12915
4501 12916
4500 12917
4499 12918
4498 12919
4497 12920
4496 12921
4495 12922
4494 12923
4493 13123
4492 13124
4491 13125
4490 13126
4489 13127
4488 13128
4487 13129
4486 13130
4485 13131
4484 13132
4483 13133
4482 13134
4481 13135
4480 13136
4479 13137
4478 7148
4477 7149
4476 7150
4475 7151
4474 7152
4473 7153
4472 7154
4471 7155
4470 7156
4469 7157
4468 7158
4467 7159
4466 12681
4465 12682
4464 12683
4463 12684
4462 12685
4461 12686
4460 12687
4459 12688
4458 12689
4457 12690
4456 12691
4455 12692
4454 8768
4453 8769
4452 8770
4451 8771
4450 8772
4449 8773
4448 8774
4447 8775
4446 8776
4445 8906
4444 8907
4443 8908
4442 8909
4441 8910
4440 8911
4439 8912
4438 8913
4437 8430
4436 8431
4435 8432
4434 8433
4433 8434
4432 8435
4431 8436
4430 8437
4429 8438
4428 8439
4427 8440
4426 8441
4425 8442
4424 8443
4423 8444
4422 8445
4421 7935
4420 7936
4419 7937
4418 7938
4417 7939
4416 7940
4415 7941
4414 7942
4413 7943
4412 7944
4411 7945
4410 7946
4409 7947
4408 7948
4407 7949
4406 7950
4405 7951
4404 7952
4403 7953
4402 7954
4401 7955
4400 7956
4399 7957
4398 7958
4397 7959
4396 7960
4395 7961
4394 7962
4393 7963
4392 7964
4391 7965
4390 7966
4389 7967
4388 7968
4387 7969
4386 7970
4385 7971
4384 7972
4383 7973
4382 7974
4381 7975
4380 7976
4379 7977
4378 7978
4377 7979
4376 7980
4375 7981
4374 7750
4373 7751
4372 7752
4371 7753
4370 7754
4369 7755
4368 7756
4367 7757
4366 7758
4365 7759
4364 7760
4363 7761
4362 7762
4361 7763
4360 7764
4359 7765
4358 9659
4357 9660
4356 9661
4355 9662
4354 9663
4353 9664
4352 9665
4351 9666
4350 9667
4349 9668
4348 9669
4347 9670
4346 9671
4345 9672
4344 9673
4343 9674
4342 9675
4341 9676
4340 9677
4339 9830
4338 9831
4337 9832
4336 9833
4335 9834
4334 9835
4333 9836
4332 9837
4331 9838
4330 9839
4329 9840
4328 9841
4327 9842
4326 9843
4325 9844
4324 9845
4323 9846
4322 9847
4321 9848
4320 9849
4319 9850
4318 9851
4317 9852
4316 9853
4315 9854
4314 9855
4313 9856
4312 9857
4311 7539
4310 7540
4309 7541
4308 7542
4307 7543
4306 7544
4305 7545
4304 7546
4303 7547
4302 7548
4301 7549
4298 9791
4297 9792
4296 9793
4295 9794
4294 9795
4293 9796
4292 9797
4291 9798
4290 9799
4289 9800
4288 9801
4287 9802
4286 9803
4285 9804
4284 9805
4283 9806
4282 9807
4281 9808
4280 9809
4279 9810
4278 9811
4277 9812
4276 9813
4275 9814
4274 9815
4273 9816
4272 9817
4271 9818
4270 9819
4269 9820
4268 9821
4267 9822
4266 9823
4265 9824
4264 9825
4263 9826
4262 9827
4261 9828
4260 9829
4259 9678
4258 9679
4257 9680
4256 9681
4255 9682
4254 9683
4253 9684
4252 9685
4251 9686
4250 9687
4249 9688
4248 9689
4247 8322
4246 8323
4245 8324
4244 8325
4243 8326
4242 8327
4241 8328
4240 8329
4239 8330
4238 8331
4237 8332
4236 8333
4235 8334
4234 8335
4233 8336
4232 8337
4231 8338
4230 8339
4229 8340
4228 8341
4227 8342
4226 8343
4225 8344
4224 8345
4223 8346
4222 8347
4221 8348
4220 8349
4219 8350
4218 8351
4217 8352
4216 8353
4215 8354
4214 8355
4213 8356
4212 8357
4211 8358
4210 8359
4209 8360
4208 8361
4207 8362
4206 8363
4205 8364
4204 8365
4203 8366
4202 8367
4201 8368
4200 8369
4199 8370
4198 8371
4197 8372
4196 8373
4195 8374
4194 8375
4193 8376
4192 8377
4191 8378
4190 8379
4189 8380
4188 8381
4187 8382
4186 8383
4185 8384
4184 8385
4183 8386
4182 8387
4181 8388
4180 8389
4179 8390
4178 8391
4177 8392
4176 8393
4175 8394
4174 8395
4173 8396
4172 8397
4171 8398
4170 8399
4169 8400
4168 8893
4167 8894
4166 8895
4165 8896
4164 8897
4163 8898
4162 8899
4161 8900
4160 8901
4159 8902
4158 8903
4157 8904
4156 8905
4155 8777
4154 8778
4153 8779
4152 8780
4151 8781
4150 8782
4149 8783
4148 8784
4147 8785
4146 8786
4145 8787
4144 8788
4143 8789
4142 12673
4141 12674
4140 12675
4139 12676
4138 12677
4137 12678
4136 12679
4135 12680
4134 7160
4133 7161
4132 7162
4131 7163
4130 7164
4129 7165
4128 7166
4127 7167
4126 7168
4125 7169
4124 7170
4123 7171
4122 7172
4121 7173
4120 7174
4119 7175
4118 7176
4117 7177
4116 13079
4115 13080
4114 13081
4113 13082
4112 13083
4111 13084
4110 13085
4109 13086
4108 13087
4107 13088
4106 13089
4105 13090
4104 12897
4103 12898
4102 12899
4101 12900
4100 12901
4099 12902
4098 12903
4097 12904
4096 12905
4095 12906
4094 12907
4093 12908
4092 12274
4091 12275
4090 12276
4089 12277
4088 12278
4087 12279
4086 12280
4085 12281
4084 12282
4083 12283
4082 12284
4081 12285
4080 12286
4079 12287
4078 12288
4077 12289
4076 12290
4075 12291
4074 12292
4073 12293
4072 12294
4071 12295
4070 12296
4069 12297
4068 12298
4067 12299
4066 12300
4065 12301
4064 12302
4063 12303
4062 12304
4061 12305
4060 12306
4059 7509
4058 7510
4057 7511
4056 7512
4055 7513
4054 7514
4053 7515
4052 7516
4051 7517
4050 7518
4049 7519
4048 7520
4047 7521
4046 7522
4045 7523
4044 7524
4043 7525
4042 7526
4041 7527
4040 7528
4039 7529
4038 7530
4037 7531
4036 7532
4035 7533
4034 7534
4033 7535
4032 7536
4031 7537
4030 7538
4029 7341
4028 7342
4027 7343
4026 7344
4025 7345
4024 7346
4023 7347
4022 7348
4021 7349
4020 7350
4019 7351
4018 7352
4017 7353
4016 7354
4015 7355
4014 7356
4013 7357
4012 7358
4011 6997
4010 6998
4009 6999
4008 7000
4007 7001
4006 7002
4005 7003
4004 7004
4003 7005
4002 7006
4001 7007
4000 7008
3999 7009
3998 7010
3997 7011
3996 7012
3995 7013
3994 7014
3993 7015
3992 7016
3991 7017
3990 7018
3989 7019
3988 7289
3987 7290
3986 7291
3985 7292
3984 7293
3983 7294
3982 7295
3981 7296
3980 7297
3979 7298
3978 7299
3977 7300
3976 7301
3975 7302
3974 7303
3973 7304
3972 7305
3971 7306
3970 7307
3969 7308
3968 7309
3967 7310
3966 10405
3965 10406
3964 10407
3963 10408
3962 10409
3961 10410
3960 10411
3959 10412
3958 10413
3957 10414
3956 10415
3955 10416
3954 10417
3953 10418
3952 10419
3951 10420
3950 10421
3949 10784
3948 10785
3947 10786
3946 10787
3945 10788
3944 10789
3943 10790
3942 10791
3941 10792
3940 10793
3939 10794
3938 10795
3937 10796
3936 10797
3935 10798
3934 10799
3933 10800
3930 7132
3929 7133
3928 7134
3927 7135
3926 7136
3925 7137
3924 7138
3923 7139
3922 10776
3921 10777
3920 10778
3919 10779
3918 10780
3917 10781
3916 10782
3915 10783
3914 10422
3913 10423
3912 10424
3911 10425
3910 10426
3909 10427
3908 10428
3907 10429
3906 10430
3905 10431
3904 10432
3903 10433
3902 10434
3901 10435
3900 10436
3899 10437
3898 10438
3897 10439
3896 7086
3895 7087
3894 7088
3893 7089
3892 7090
3891 7091
3890 7092
3889 7093
3888 7094
3887 7095
3886 7096
3885 7097
3884 7098
3883 7099
3882 7100
3881 7101
3880 7102
3879 7103
3878 7104
3877 7105
3876 7106
3875 7107
3874 7108
3873 7109
3872 7110
3871 7111
3870 7112
3869 7113
3868 7114
3867 7115
3866 7116
3865 7117
3864 7118
3863 7119
3862 7359
3861 7360
3860 7361
3859 7362
3858 7363
3857 7364
3856 7365
3855 7366
3854 6660
3853 6661
3852 6662
3851 6663
3850 6664
3849 6665
3848 6666
3847 6667
3846 6668
3845 6669
3844 6670
3843 6671
3842 6672
3841 6673
3840 6674
3839 6675
3838 6676
3837 6677
3836 6678
3835 6679
3834 6680
3833 11753
3832 11754
3831 11755
3830 11756
3829 11757
3828 11758
3827 11759
3826 11760
3825 11761
3824 11762
3823 11763
3822 11764
3821 11765
3820 11766
3819 11767
3818 11768
3817 11769
3816 11770
3815 11771
3814 11772
3813 11773
3812 13045
3811 13046
3810 13047
3809 13048
3808 13049
3807 13050
3806 13051
3805 13052
3804 13053
3803 13054
3802 13055
3801 13056
3800 13057
3799 13058
3798 13059
3797 13060
3796 13061
3795 13062
3794 13063
3793 13064
3792 13065
3791 13066
3790 13067
3789 13068
3788 13069
3787 13070
3786 13071
3785 13072
3784 13073
3783 13074
3782 13075
3781 13076
3780 13077
3779 13078
3778 7178
3777 7179
3776 7180
3775 7181
3774 7182
3773 7183
3772 7184
3771 7185
3770 7186
3769 7187
3768 7188
3767 7189
3766 7190
3765 12771
3764 12772
3763 12773
3762 12774
3761 12775
3760 12776
3759 12777
3758 12778
3757 12779
3756 12780
3755 12781
3754 12782
3753 12783
3752 12784
3751 12785
3750 12786
3749 8879
3748 8880
3747 8881
3746 8882
3745 8883
3744 8884
3743 8885
3742 8886
3741 8887
3740 8888
3739 8889
3738 8890
3737 8891
3736 8892
3735 8401
3734 8402
3733 8403
3732 8404
3731 8405
3730 8406
3729 8407
3728 8408
3727 8409
3726 8410
3725 8411
3724 8412
3723 8016
3722 8017
3721 8018
3720 8019
3719 8020
3718 8021
3717 8022
3716 6870
3715 6871
3714 6872
3713 6873
3712 6874
3711 6875
3710 6876
3709 6877
3708 6878
3707 6879
3706 6880
3705 6881
3704 6882
3703 6883
3702 6884
3701 6885
3700 6886
3699 6887
3698 6888
3697 6889
3696 6890
3695 6891
3694 6892
3693 6893
3692 6894
3691 6895
3690 6896
3689 6897
3688 6898
3687 6899
3686 6900
3685 6901
3684 6902
3683 6903
3682 6904
3681 6905
3680 6906
3679 6907
3678 6908
3677 6909
3676 6910
3675 6911
3674 6912
3673 6913
3672 6914
3671 6915
3670 6916
3669 6917
3668 6918
3667 6919
3666 6920
3665 6921
3664 6922
3663 6923
3662 6924
3661 6925
3660 6926
3659 6927
3658 6928
3657 6929
3656 6930
3655 6931
3654 6932
3653 6933
3652 6934
3651 6935
3650 6936
3649 6937
3648 6938
3647 6939
3646 6940
3645 6941
3644 6942
3643 6943
3642 6944
3641 6945
3640 6946
3639 6947
3638 6948
3637 6949
3636 6950
3635 6951
3634 6952
3633 6953
3632 6954
3631 6955
3630 6956
3629 6957
3626 6969
3625 6970
3624 6971
3623 6972
3622 6973
3621 6974
3620 6789
3619 6790
3618 6791
3617 6792
3616 6793
3615 6794
3614 6795
3613 6796
3612 6797
3611 6798
3610 6799
3609 6800
3608 6801
3607 6802
3606 6803
3605 6804
3604 6805
3603 6806
3602 6807
3601 6808
3600 6809
3599 6810
3598 6811
3597 6812
3596 6813
3595 6814
3594 6815
3593 6816
3592 6817
3591 6818
3590 6819
3589 6820
3588 6821
3587 6822
3586 6823
3585 6824
3584 6825
3583 6826
3582 6827
3581 6828
3580 6829
3579 6830
3578 6831
3577 6832
3576 6833
3575 6834
3574 6835
3573 6836
3572 6837
3571 6838
3570 6839
3569 6840
3568 6841
3567 6842
3566 6843
3565 6844
3564 6845
3563 6846
3562 6847
3561 6848
3560 6849
3559 6850
3558 6851
3557 6852
3556 6853
3555 6854
3554 6855
3553 6856
3552 6857
3551 6858
3550 6859
3549 6860
3548 6861
3547 6862
3546 6863
3545 6864
3544 6865
3543 6866
3542 6867
3541 6868
3540 6869
3539 8023
3538 8024
3537 8025
3536 8026
3535 8027
3534 8028
3533 8029
3532 8030
3531 8031
3530 8032
3529 8033
3528 8034
3527 8035
3526 8036
3525 8037
3524 8038
3523 8039
3522 8040
3521 8041
3520 8042
3519 8043
3518 8044
3517 8869
3516 8870
3515 8871
3514 8872
3513 8873
3512 8874
3511 8875
3510 8876
3509 8877
3508 8878
3507 12787
3506 12788
3505 12789
3504 12790
3503 12791
3502 12792
3501 12793
3500 12794
3499 12795
3498 12796
3497 12797
3496 12798
3495 12799
3494 12800
3493 12801
3492 12802
3491 12803
3490 12804
3489 12805
3488 12806
3487 12807
3486 12808
3485 12809
3484 6713
3483 6714
3482 6715
3481 6716
3480 6717
3479 6718
3478 6719
3477 6720
3476 6721
3475 6722
3474 13015
3473 13016
3472 13017
3471 13018
3470 13019
3469 13020
3468 13021
3467 13022
3466 13023
3465 13024
3464 13025
3463 13026
3462 13027
3461 13028
3460 13029
3459 13030
3458 13031
3457 13032
3456 13033
3455 13034
3454 13035
3453 13036
3452 13037
3451 13038
3450 13039
3449 13040
3448 13041
3447 13042
3446 13043
3445 13044
3444 11774
3443 11775
3442 11776
3441 11777
3440 11778
3439 11779
3438 11780
3437 11781
3436 11782
3435 11783
3434 11784
3433 11785
3432 11786
3431 11745
3430 11746
3429 11747
3428 11748
3427 11749
3426 11750
3425 11751
3424 11752
3423 6681
3422 6682
3421 6683
3420 6684
3419 6685
3418 6686
3417 6687
3416 6688
3415 6689
3414 6690
3413 6691
3412 6692
3411 6693
3410 6694
3409 6695
3408 6696
3407 6697
3406 6698
3405 6699
3404 6700
3403 6701
3402 7367
3401 7368
3400 7369
3399 7370
3398 7371
3397 7372
3396 7373
3395 7374
3394 7375
3393 7376
3392 7377
3391 7378
3390 7056
3389 7057
3388 7058
3387 7059
3386 7060
3385 7061
3384 7062
3383 7063
3382 7064
3381 7065
3380 7066
3379 7067
3378 7068
3377 7069
3376 7070
3375 7071
3374 7072
3373 7073
3372 7074
3371 7075
3370 7076
3369 7077
3368 7078
3367 7079
3366 7080
3365 7081
3364 7082
3363 7083
3362 7084
3361 7085
3360 10440
3359 10441
3358 10442
3357 10443
3356 10444
3355 10445
3354 10446
3353 10447
3352 10448
3351 10449
3350 10450
3349 10451
3348 10452
3347 10858
3346 10859
3345 10860
3344 10861
3343 10862
3342 10863
3341 10864
3340 10865
3339 10866
3338 10867
3337 10868
3336 10869
3335 10870
3334 10871
3333 10872
3332 10873
3331 10874
3330 10875
3329 10876
3328 10877
3327 10878
3324 10835
3323 10836
3322 10837
3321 10838
3320 10839
3319 10840
3318 10841
3317 10842
3316 10843
3315 10844
3314 10845
3313 10846
3312 10847
3311 10848
3310 10849
3309 10850
3308 10851
3307 10852
3306 10853
3305 10854
3304 10855
3303 10856
3302 10857
3301 10453
3300 10454
3299 10455
3298 10456
3297 10457
3296 10458
3295 10459
3294 10460
3293 10461
3292 10462
3291 10463
3290 10464
3289 10465
3288 10466
3287 10467
3286 10468
3285 10469
3284 10470
3283 10471
3282 10472
3281 10473
3280 10474
3279 10475
3278 10476
3277 10477
3276 10478
3275 10479
3274 10480
3273 10481
3272 10482
3271 10483
3270 10484
3269 10485
3268 10486
3267 10487
3266 10488
3265 10489
3264 7042
3263 7043
3262 7044
3261 7045
3260 7046
3259 7047
3258 7048
3257 7049
3256 7050
3255 7051
3254 7052
3253 7053
3252 7054
3251 7055
3250 7379
3249 7380
3248 7381
3247 7382
3246 7383
3245 7384
3244 7385
3243 7386
3242 7387
3241 7388
3240 7389
3239 7390
3238 7391
3237 7392
3236 11707
3235 11708
3234 11709
3233 11710
3232 11711
3231 11712
3230 11713
3229 11714
3228 11715
3227 11716
3226 11717
3225 11718
3224 11719
3223 11720
3222 11721
3221 11722
3220 11723
3219 11724
3218 11725
3217 11726
3216 11727
3215 11728
3214 11729
3213 11730
3212 11731
3211 11732
3210 11733
3209 11734
3208 11735
3207 11736
3206 11737
3205 11738
3204 11739
3203 11740
3202 11741
3201 11742
3200 11743
3199 11744
3198 11787
3197 11788
3196 11789
3195 11790
3194 11791
3193 11792
3192 11793
3191 11794
3190 11795
3189 11796
3188 11797
3187 11798
3186 11799
3185 11800
3184 11801
3183 11802
3182 12978
3181 12979
3180 12980
3179 12981
3178 12982
3177 12983
3176 12984
3175 12985
3174 12986
3173 12987
3172 12988
3171 12989
3170 12990
3169 12991
3168 12992
3167 12993
3166 12994
3165 12995
3164 12996
3163 12997
3162 12998
3161 12999
3160 13000
3159 13001
3158 13002
3157 13003
3156 13004
3155 13005
3154 13006
3153 13007
3152 13008
3151 13009
3150 13010
3149 13011
3148 13012
3147 13013
3146 13014
3145 6702
3144 6703
3143 6704
3142 6705
3141 6706
3140 6707
3139 6708
3138 6709
3137 6710
3136 6711
3135 6712
3134 12810
3133 12811
3132 12812
3131 12813
3130 12814
3129 12815
3128 12816
3127 12817
3126 12818
3125 12819
3124 12820
3123 12821
3122 12822
3121 12823
3120 8842
3119 8843
3118 8844
3117 8845
3116 8846
3115 8847
3114 8848
3113 8849
3112 8850
3111 8851
3110 8852
3109 8853
3108 8854
3107 8855
3106 8856
3105 8857
3104 8858
3103 8859
3102 8860
3101 8861
3100 8862
3099 8863
3098 8864
3097 8865
3096 8866
3095 8867
3094 8868
3093 8045
3092 8046
3091 8047
3090 8048
3089 8049
3088 8050
3087 8051
3086 8052
3085 8053
3084 8054
3083 8055
3082 8056
3081 8057
3080 8058
3079 8059
3078 8060
3077 8061
3076 8062
3075 8063
3074 8064
3073 8065
3072 8066
3071 8067
3070 8068
3069 8069
3068 8070
3067 8195
3066 8196
3065 8197
3064 8198
3063 8199
3062 8200
3061 8201
3060 8202
3059 8203
3058 8204
3057 8205
3056 8206
3055 8207
3054 8208
3053 8209
3052 8210
3051 8211
3050 8212
3049 8213
3048 8214
3047 8215
3046 8216
3045 8217
3044 8218
3043 8219
3042 8220
3041 8221
3040 8222
3039 8223
3038 8224
3037 8225
3036 8226
3035 8227
3034 8228
3033 8229
3032 8230
3031 8231
3030 8232
3029 8233
3028 8234
3027 8235
3026 8236
3025 8237
3024 8238
3023 8239
3022 8240
3021 8241
3020 8242
3019 8243
3018 8244
3017 8245
3016 8246
3015 8247
3014 6723
3013 6724
3012 6725
3011 6726
3010 6727
3009 6728
3008 6729
3007 6730
3006 6731
3005 6732
3004 6744
3003 6745
3002 6746
3001 6747
3000 6748
2999 6749
2998 6750
2997 6751
2996 6752
2995 6753
2994 9723
2993 9724
2992 9725
2991 9726
2990 9727
2989 9728
2988 9729
2987 9730
2986 9731
2985 9732
2984 9733
2983 9734
2982 9735
2981 9736
2980 9737
2979 9738
2978 9739
2977 9740
2976 9741
2975 6781
2974 6782
2973 6783
2972 6784
2971 6785
2970 6786
2969 6787
2968 6788
2967 6958
2966 6959
2965 6960
2964 6961
2963 6962
2962 6963
2961 6964
2958 6765
2957 6766
2956 6767
2955 6768
2954 6769
2953 6770
2952 6771
2951 6772
2950 6773
2949 6774
2947 2948
2946 6777
2945 6778
2944 6779
2943 6780
2942 9742
2941 9743
2940 9744
2939 9745
2938 9746
2936 2937
2935 9749
2934 9750
2933 9751
2932 9752
2931 9753
2930 9754
2929 9755
2928 9716
2926 2927
2925 9719
2924 9720
2923 9721
2922 9722
2921 6754
2920 6755
2919 6756
2918 6757
2916 2917
2915 6760
2914 6761
2913 6762
2912 6763
2911 6764
2910 6733
2909 6734
2908 6735
2907 6736
2906 6737
2905 6738
2904 6739
2902 2903
2901 6742
2900 6743
2899 8248
2898 8249
2897 8250
2896 8251
2894 2895
2893 8254
2892 8255
2891 8256
2890 8257
2889 8258
2887 2888
2886 8261
2885 8262
2884 8263
2883 8264
2881 2882
2880 8267
2879 8268
2878 8269
2877 8270
2876 8271
2874 2875
2873 8274
2872 8275
2871 8276
2870 8277
2869 8278
2867 2868
2866 8281
2865 8282
2864 8167
2863 8168
2861 2862
2860 8171
2859 8172
2858 8173
2857 8174
2856 8175
2855 8176
2853 2854
2852 8179
2851 8180
2850 8181
2849 8182
2848 8183
2846 2847
2845 8186
2844 8187
2843 8188
2842 8189
2841 8190
2839 2840
2838 8193
2837 8194
2836 8071
2835 8072
2834 8073
2833 8074
2831 2832
2830 8077
2829 8078
2828 8079
2827 8080
2826 8081
2824 2825
2823 8084
2822 8085
2821 8086
2820 8087
2819 8088
2818 8089
2816 2817
2815 8092
2814 8093
2813 8094
2812 8095
2811 8096
2810 8097
2808 2809
2807 8100
2806 8101
2805 8102
2804 8103
2803 8104
2802 8813
2800 2801
2799 8816
2798 8817
2797 8818
2796 8819
2795 8820
2794 8821
2792 2793
2791 8824
2790 8825
2789 8826
2788 8827
2787 8828
2785 2786
2784 8831
2783 8832
2782 8833
2781 8834
2780 8835
2779 8836
2777 2778
2776 8839
2775 8840
2774 8841
2773 12824
2772 12825
2770 2771
2769 12828
2768 12829
2767 12830
2766 12831
2765 12832
2764 12833
2762 2763
2761 12836
2760 12837
2759 12838
2758 12839
2757 12840
2755 2756
2754 12843
2753 12844
2752 12845
2751 12846
2750 12847
2749 12848
2748 12849
2747 12850
2746 12851
2745 12852
2743 2744
2742 12855
2741 12856
2740 12857
2739 12858
2738 12859
2736 2737
2735 12862
2734 12863
2733 12864
2732 12865
2731 12866
2729 2730
2728 12869
2727 12870
2726 12871
2725 12872
2724 12873
2722 2723
2721 12876
2720 12877
2719 12878
2718 12960
2717 12961
2715 2716
2714 12964
2713 12965
2712 12966
2711 12967
2710 12968
2708 2709
2707 12971
2706 12972
2705 12973
2704 12974
2703 12975
2701 2702
2700 11803
2699 11804
2698 11805
2697 11806
2696 11807
2695 11808
2694 11809
2692 2693
2691 11812
2690 11813
2689 11814
2688 11815
2687 11816
2685 2686
2684 11819
2683 11820
2682 11821
2681 11822
2679 2680
2678 11825
2677 11826
2676 11827
2675 11828
2674 11829
2672 2673
2671 11832
2670 11833
2669 11834
2668 11835
2667 11836
2665 2666
2664 11839
2663 11840
2662 11841
2661 11842
2659 2660
2658 11845
2657 11846
2656 11847
2655 11690
2653 2654
2652 11693
2651 11694
2650 11695
2649 11696
2648 11697
2646 2647
2645 11700
2644 11701
2643 11702
2642 11703
2641 11704
2640 11705
2639 11706
2638 7393
2637 7394
2635 2636
2634 7397
2633 7398
2632 7399
2631 7400
2629 2630
2628 7403
2627 7404
2626 7405
2625 7406
2623 2624
2622 7409
2621 7410
2620 7411
2619 7412
2617 2618
2616 7415
2615 7416
2614 7417
2613 7033
2611 2612
2610 7036
2609 7037
2608 7038
2607 7039
2605 2606
2604 10490
2603 10491
2602 10492
2601 10493
2599 2600
2598 10496
2597 10497
2596 10498
2595 10499
2593 2594
2592 10502
2591 10503
2590 10504
2589 10505
2588 10506
2587 10507
2586 10508
2585 10509
2584 10510
2583 10511
2582 10512
2581 10513
2579 2580
2578 10516
2577 10517
2576 10518
2575 10519
2574 10520
2573 10521
2571 2572
2570 10524
2569 10525
2568 10526
2567 10527
2566 10528
2565 10529
2563 2564
2562 10532
2561 6986
2560 6987
2559 6988
2558 6989
2557 6990
2556 6991
2554 2555
2553 6994
2552 6995
2551 6996
2550 10818
2549 10819
2548 10820
2547 10821
2545 2546
2544 10824
2543 10825
2542 10826
2541 10827
2540 10828
2539 10829
2538 10830
2535 10805
2534 10806
2533 10807
2532 10808
2531 10809
2530 10810
2529 10811
2527 2528
2526 10814
2525 10815
2524 10816
2523 10817
2522 6975
2521 6976
2520 6977
2518 2519
2517 6980
2516 6981
2515 6982
2514 6983
2513 6984
2512 6985
2511 10533
2510 10534
2508 2509
2507 10537
2506 10538
2505 10539
2504 10540
2503 10541
2502 10542
2500 2501
2499 10545
2498 10546
2497 10547
2496 10548
2495 10549
2494 10550
2492 2493
2491 10553
2490 10554
2489 10555
2488 10556
2487 10557
2486 10558
2485 7276
2484 7277
2483 7278
2482 7279
2481 7280
2479 2480
2478 7283
2477 7284
2476 7285
2475 7286
2473 2474
2472 7020
2471 7021
2470 7022
2469 7023
2467 2468
2466 7026
2465 7027
2464 7028
2463 7029
2461 2462
2460 7032
2459 7418
2458 7419
2457 7420
2455 2456
2454 7423
2453 7424
2452 7425
2451 7426
2449 2450
2448 7429
2447 7430
2446 7431
2445 7432
2443 2444
2442 7435
2441 7436
2440 7437
2438 2439
2437 7440
2436 7441
2435 7442
2434 7443
2432 2433
2431 11675
2430 11676
2429 11677
2428 11678
2427 11679
2425 2426
2424 11682
2423 11683
2422 11684
2421 11685
2419 2420
2418 11688
2417 11689
2416 11848
2415 11849
2414 11850
2412 2413
2411 11853
2410 11854
2409 11855
2408 11856
2406 2407
2405 11859
2404 11860
2403 11861
2402 11862
2400 2401
2399 7498
2398 7499
2397 7500
2396 7501
2395 7502
2393 2394
2392 7505
2391 7506
2390 7507
2389 7508
2387 2388
2386 12309
2385 12310
2384 12311
2383 12312
2382 12313
2380 2381
2379 12316
2378 12317
2377 12318
2376 12319
2375 12320
2374 12321
2373 12322
2372 12323
2370 2371
2369 12326
2368 12327
2367 12328
2366 12329
2365 12330
2363 2364
2362 12333
2361 12334
2360 12953
2359 12954
2357 2358
2356 12957
2355 12958
2354 12959
2353 12879
2352 12880
2350 2351
2349 12883
2348 12884
2347 12885
2346 12886
2345 12887
2343 2344
2342 12890
2341 12891
2340 12892
2339 12893
2337 2338
2336 12896
2335 13091
2334 13092
2333 13093
2332 13094
2330 2331
2329 13097
2328 13098
2327 13099
2326 13100
2325 13101
2323 2324
2322 13104
2321 13105
2320 13106
2319 13107
2318 13108
2316 2317
2315 12649
2314 12650
2313 12651
2312 12652
2311 12653
2309 2310
2308 12656
2307 12657
2306 12658
2305 12659
2304 12660
2302 2303
2301 12663
2300 12664
2299 12665
2298 12666
2297 12667
2295 2296
2294 12670
2293 12671
2292 12672
2291 8790
2290 8791
2288 2289
2287 8794
2286 8795
2285 8796
2284 8797
2283 8798
2281 2282
2280 8801
2279 8802
2278 8803
2277 8804
2276 8805
2274 2275
2273 8808
2272 8809
2271 8810
2270 8811
2269 8812
2268 8105
2267 8106
2266 8107
2265 8108
2264 8109
2262 2263
2261 8112
2260 8113
2259 8114
2258 8115
2257 8116
2255 2256
2254 8119
2253 8120
2252 8121
2251 8122
2250 8123
2248 2249
2247 8126
2246 8127
2245 8128
2244 8129
2243 8130
2241 2242
2240 8133
2239 8134
2238 8135
2237 8136
2235 2236
2234 8139
2233 8140
2232 8141
2231 8142
2230 8143
2228 2229
2227 8146
2226 8147
2225 8148
2224 8149
2223 8150
2221 2222
2220 8153
2219 8154
2218 8155
2217 8156
2216 8157
2215 8158
2214 8159
2213 8160
2212 8161
2210 2211
2209 8164
2208 8165
2207 8166
2206 8283
2205 8284
2203 2204
2202 8287
2201 8288
2200 8289
2199 8290
2197 2198
2196 8293
2195 8294
2194 8295
2193 8296
2191 2192
2190 8299
2189 8300
2188 8301
2187 8302
2185 2186
2184 8305
2183 8306
2182 8307
2181 8308
2180 8309
2178 2179
2177 8312
2176 8313
2175 8314
2174 8315
2172 2173
2171 8318
2170 8319
2169 8320
2168 8321
2167 9690
2166 9691
2164 2165
2163 9694
2162 9695
2161 9696
2160 9697
2159 9698
2158 9699
2157 9700
2156 9701
2154 2155
2153 9704
2152 9705
2151 9706
2150 9707
2149 9708
2148 9709
2147 9710
2145 2146
2144 9713
2143 9714
2142 9715
2141 9756
2140 9757
2139 9758
2138 9759
2137 9760
2135 2136
2134 9763
2133 9764
2132 9765
2131 9766
2130 9767
2129 9768
2128 9769
2127 9770
2125 2126
2124 9773
2123 9774
2122 9775
2121 9776
2120 9777
2119 9778
2118 9779
2117 9780
2116 9781
2114 2115
2113 9784
2112 9785
2111 9786
2108 7564
2107 7565
2106 7566
2105 7567
2104 7568
2103 7569
2101 2102
2100 7572
2099 7573
2098 7574
2097 7575
2096 7576
2095 7577
2094 7578
2093 7579
2091 2092
2090 7582
2089 7583
2088 7584
2087 7585
2086 7586
2085 7587
2084 7588
2082 2083
2081 7591
2080 7592
2079 7593
2078 7594
2077 7595
2076 7596
2075 7597
2074 7598
2072 2073
2071 7601
2070 7602
2069 7603
2068 7604
2067 7605
2066 7606
2064 2065
2063 7609
2062 7610
2061 9641
2060 9642
2059 9643
2058 9644
2057 9645
2056 9646
2055 9647
2054 9648
2053 9649
2052 9650
2050 2051
2049 9653
2048 9654
2047 9655
2046 9656
2044 2045
2043 7766
2042 7767
2041 7768
2040 7769
2038 2039
2037 7772
2036 7773
2035 7774
2034 7775
2032 2033
2031 7778
2030 7779
2029 7780
2028 7781
2026 2027
2025 7784
2024 7785
2023 7786
2022 7787
2020 2021
2019 7790
2018 7791
2017 7792
2016 7793
2014 2015
2013 7796
2012 7797
2011 7798
2010 7799
2008 2009
2007 7802
2006 7803
2005 7804
2004 7805
2003 7806
2002 7807
2001 7808
1999 2000
1998 7811
1997 7812
1996 7813
1995 7814
1993 1994
1992 7817
1991 7818
1990 7819
1989 7820
1988 7821
1986 1987
1985 7824
1984 7825
1983 7826
1982 7827
1980 1981
1979 7830
1978 7831
1977 7927
1976 7928
1975 7929
1973 1974
1972 7932
1971 7933
1970 7934
1969 8446
1967 1968
1966 8449
1965 8450
1964 8451
1963 8452
1961 1962
1960 8455
1959 8456
1958 8457
1957 8458
1956 8459
1954 1955
1953 8462
1952 8463
1951 8464
1950 8465
1949 8466
1948 8467
1947 8468
1945 1946
1944 8754
1943 8755
1942 8756
1941 8757
1939 1940
1938 8760
1937 8761
1936 8762
1935 8763
1934 8764
1932 1933
1931 8767
1930 12693
1929 12694
1928 12695
1926 1927
1925 12698
1924 12699
1923 12700
1922 12701
1921 12702
1919 1920
1918 12705
1917 12706
1916 12707
1915 12708
1913 1914
1912 12634
1911 12635
1910 12636
1909 12637
1907 1908
1906 12640
1905 12641
1904 12642
1903 12643
1902 12644
1900 1901
1899 13109
1898 13110
1897 13111
1896 13112
1895 13113
1894 13114
1893 13115
1892 13116
1890 1891
1889 13119
1888 13120
1887 13121
1886 13122
1884 1885
1883 12926
1882 12927
1881 12928
1880 12929
1879 12930
1877 1878
1876 12933
1875 12934
1874 12935
1873 12936
1871 1872
1870 12939
1869 12940
1868 12941
1867 12942
1865 1866
1864 12945
1863 12946
1862 12947
1861 12948
1860 12949
1858 1859
1857 12952
1856 12335
1855 12336
1854 12337
1852 1853
1851 12340
1850 12341
1849 12342
1848 12343
1846 1847
1845 12346
1844 12347
1843 12348
1842 12349
1841 12237
1840 12238
1839 12239
1838 12240
1837 12241
1835 1836
1834 12244
1833 7478
1832 7479
1831 7480
1829 1830
1828 7483
1827 7484
1826 7485
1825 7486
1824 7487
1822 1823
1821 7490
1820 7491
1819 7492
1818 7493
1816 1817
1815 11863
1814 11864
1813 11865
1812 11866
1810 1811
1809 11869
1808 11870
1807 11871
1806 11872
1804 1805
1803 11875
1802 11876
1801 11877
1800 11878
1799 11657
1797 1798
1796 11660
1795 11661
1794 11662
1793 11663
1791 1792
1790 11666
1789 11667
1788 11668
1787 11669
1786 11670
1784 1785
1783 7311
1782 7312
1781 7313
1780 7314
1778 1779
1777 7317
1776 7318
1775 7319
1774 7320
1772 1773
1771 7236
1770 7237
1769 7238
1767 1768
1766 7241
1765 7242
1764 7243
1763 7244
1761 1762
1760 7247
1759 7248
1758 7249
1757 7250
1755 1756
1754 7253
1753 7254
1752 7255
1751 7256
1749 1750
1748 7259
1747 7260
1746 7261
1745 7262
1743 1744
1742 7265
1741 7266
1740 7267
1739 7268
1737 1738
1736 7271
1735 7272
1734 7273
1733 7274
1732 7275
1731 10559
1730 10560
1729 10561
1728 10562
1727 10563
1725 1726
1724 10566
1723 10567
1722 10568
1721 10569
1720 10570
1719 10571
1717 1718
1716 10574
1715 10333
1714 10334
1713 10335
1712 10336
1711 10337
1710 10338
1708 1709
1707 10341
1706 10342
1705 10343
1704 10344
1703 10345
1702 10346
1701 10347
1699 1700
1698 10350
1697 10351
1696 10352
1695 10353
1694 10354
1693 10355
1692 10356
1691 10357
1689 1690
1688 10360
1687 10361
1686 10362
1685 10363
1684 10364
1683 10365
1682 10366
1679 10264
1678 10265
1677 10266
1676 10267
1675 10268
1674 10269
1673 10270
1672 10271
1670 1671
1669 10309
1668 10310
1667 10311
1666 10312
1665 10313
1664 10314
1663 10315
1662 10316
1660 1661
1659 10319
1658 10320
1657 10321
1656 10322
1655 10323
1654 10324
1653 10325
1651 1652
1650 10328
1649 10329
1648 10330
1647 10331
1646 10332
1645 10575
1644 10576
1642 1643
1641 10579
1640 10580
1639 10581
1638 10582
1637 10583
1636 10584
1634 1635
1633 10587
1632 10588
1631 10589
1630 10590
1629 10591
1628 10592
1627 10593
1626 10594
1625 10595
1623 1624
1622 10598
1621 10599
1620 10600
1619 10601
1617 1618
1616 11396
1615 11397
1614 11398
1613 11399
1611 1612
1610 11402
1609 11403
1608 11610
1607 11611
1605 1606
1604 11614
1603 11615
1602 11616
1601 11617
1599 1600
1598 11620
1597 11621
1596 11622
1594 1595
1593 11625
1592 11626
1591 11627
1590 11628
1588 1589
1587 11631
1586 11632
1585 11633
1584 11634
1582 1583
1581 11637
1580 11638
1579 11639
1577 1578
1576 11642
1575 11643
1574 11644
1573 11645
1572 11646
1571 11647
1569 1570
1568 11650
1567 11651
1566 11652
1565 11653
1563 1564
1562 11656
1561 11879
1560 11880
1559 11881
1557 1558
1556 11884
1555 11885
1554 11886
1553 11887
1551 1552
1550 11890
1549 11891
1548 11892
1547 11893
1546 11894
1544 1545
1543 11897
1542 11898
1541 11899
1540 11900
1538 1539
1537 11903
1536 11904
1535 11905
1534 11906
1532 1533
1531 12225
1530 12226
1529 12227
1528 12228
1526 1527
1525 12231
1524 12232
1523 12233
1522 12234
1521 12235
1520 12236
1519 12350
1518 12351
1517 12352
1516 12353
1514 1515
1513 12356
1512 12357
1511 12358
1510 12359
1508 1509
1507 12362
1506 12363
1505 12364
1504 12365
1502 1503
1501 12368
1500 12369
1499 12370
1498 12371
1496 1497
1495 12374
1494 12375
1493 12376
1492 12377
1490 1491
1489 12380
1488 12381
1487 12382
1486 12383
1484 1485
1483 12386
1482 12387
1481 12388
1480 12389
1478 1479
1477 12392
1476 12393
1475 12394
1474 12395
1472 1473
1471 12398
1470 12399
1469 12534
1468 12535
1466 1467
1465 12538
1464 12539
1463 12540
1462 12615
1461 12616
1459 1460
1458 12619
1457 12620
1456 12621
1455 12622
1453 1454
1452 12625
1451 12626
1450 12627
1449 12628
1447 1448
1446 12631
1445 12709
1444 12710
1443 12711
1441 1442
1440 12714
1439 12715
1438 12716
1437 12717
1435 1436
1434 12720
1433 8732
1432 8733
1431 8734
1429 1430
1428 8737
1427 8738
1426 8739
1425 8740
1423 1424
1422 8743
1421 8744
1420 8745
1419 8746
1417 1418
1416 8749
1415 8750
1414 8751
1413 8469
1411 1412
1410 8472
1409 8473
1408 8474
1407 8475
1406 8476
1404 1405
1403 8479
1402 8480
1401 8481
1400 8482
1398 1399
1397 8485
1396 8486
1395 7913
1394 7914
1392 1393
1391 7917
1390 7918
1389 7919
1388 7920
1386 1387
1385 7923
1384 7924
1383 7925
1382 7926
1380 1381
1379 7834
1378 7835
1377 7836
1376 7837
1374 1375
1373 7840
1372 7841
1371 7842
1370 7843
1368 1369
1367 7846
1366 7847
1365 7848
1363 1364
1362 7851
1361 7852
1360 7853
1359 7854
1357 1358
1356 7857
1355 7858
1354 7859
1353 7860
1352 7861
1351 7862
1349 1350
1348 7865
1347 7866
1346 7867
1344 1345
1343 9023
1342 9024
1341 9025
1340 9026
1338 1339
1337 9029
1336 9030
1335 9031
1334 9032
1332 1333
1331 9035
1330 9036
1329 9037
1327 1328
1326 9040
1325 9611
1324 9612
1323 9613
1321 1322
1320 9616
1319 9617
1318 9618
1317 9619
1315 1316
1314 9622
1313 9623
1312 9624
1310 1311
1309 9627
1308 9628
1307 9629
1306 9630
1305 9631
1303 1304
1302 9634
1301 9635
1300 9636
1299 9637
1298 9638
1297 9639
1296 9640
1295 7611
1293 1294
1292 7614
1291 7615
1290 7616
1289 7617
1288 7618
1287 7619
1285 1286
1284 7622
1283 7623
1282 7624
1281 7625
1280 7626
1279 7627
1278 7628
1276 1277
1275 7631
1274 7632
1273 7633
1272 7634
1271 7635
1270 7636
1269 9913
1267 1268
1266 9916
1265 9917
1264 9918
1263 9919
1262 9920
1261 9921
1260 9922
1259 9923
1257 1258
1256 9926
1255 9927
1254 9928
1253 9929
1252 9930
1251 9931
1250 9932
1249 9933
1246 10093
1245 10094
1243 1244
1242 10097
1241 10098
1240 10099
1239 10100
1238 10101
1237 9321
1236 9322
1234 1235
1233 9325
1232 9326
1231 9327
1230 9328
1229 9329
1228 9330
1227 9331
1226 9332
1224 1225
1223 9335
1222 9336
1221 9337
1220 9338
1219 9339
1218 9340
1216 1217
1215 9343
1214 9344
1213 9345
1212 9346
1211 9347
1210 9348
1209 9349
1207 1208
1206 9352
1205 9353
1204 9354
1203 9355
1202 9356
1200 1201
1199 9359
1198 9360
1197 9361
1196 9362
1195 9363
1194 9364
1192 1193
1191 9367
1190 9368
1189 9369
1188 9370
1186 1187
1185 9373
1184 9374
1183 9375
1182 9596
1180 1181
1179 9599
1178 9600
1177 9601
1175 1176
1174 9604
1173 9605
1172 9606
1171 9607
1169 1170
1168 9610
1167 9041
1166 9042
1164 1165
1163 9045
1162 9046
1161 9047
1160 9048
1158 1159
1157 9051
1156 9052
1155 9053
1153 1154
1152 9056
1151 9057
1150 9058
1148 1149
1147 9061
1146 9062
1145 9063
1144 9064
1142 1143
1141 9067
1140 9068
1139 9069
1138 9070
1137 9071
1136 9072
1135 9073
1134 9074
1132 1133
1131 9077
1130 9078
1129 9079
1127 1128
1126 9082
1125 9083
1124 9084
1123 9085
1121 1122
1120 9088
1119 9089
1118 13260
1117 13261
1115 1116
1114 13264
1113 13265
1112 13266
1110 1111
1109 13269
1108 13270
1107 13271
1106 13272
1104 1105
1103 13275
1102 13276
1101 13277
1099 1100
1098 13280
1097 13281
1096 13282
1095 13283
1093 1094
1092 13286
1091 13287
1090 8520
1089 8521
1087 1088
1086 8524
1085 8525
1084 8526
1083 8527
1082 8528
1081 8529
1080 8530
1078 1079
1077 8533
1076 8534
1075 8535
1074 8536
1072 1073
1071 8539
1070 8540
1069 8541
1067 1068
1066 8544
1065 8545
1064 8546
1063 8547
1061 1062
1060 8550
1059 8551
1058 8552
1057 8553
1055 1056
1054 12477
1053 12478
1052 12479
1050 1051
1049 12482
1048 12483
1047 12484
1046 12485
1044 1045
1043 12488
1042 12489
1041 12490
1040 12491
1038 1039
1037 12608
1036 12609
1035 12610
1034 12611
1032 1033
1031 12614
1030 12541
1029 12542
1028 12543
1027 12544
1026 12545
1024 1025
1023 12548
1022 12549
1021 12550
1020 12551
1018 1019
1017 12554
1016 12555
1015 12556
1014 11973
1012 1013
1011 11976
1010 11977
1009 11978
1008 11979
1006 1007
1005 11982
1004 11983
1003 11984
1002 11985
1000 1001
999 11988
998 11989
997 11990
995 996
994 11993
993 10068
992 10069
991 10070
989 990
988 10073
987 10074
986 10075
985 10076
983 984
982 10079
981 10080
980 10081
979 10082
977 978
976 10085
975 10086
974 10087
973 10088
972 12114
970 971
969 12117
968 12118
967 12119
966 12120
964 965
963 11933
962 11934
961 11935
960 11936
958 959
957 11939
956 11940
955 11941
954 11942
952 953
951 10958
950 10959
949 10960
948 10961
946 947
945 10964
944 10965
943 10966
942 10967
940 941
939 10970
938 10971
937 10972
936 10973
934 935
933 10976
932 10977
931 10978
930 11056
928 929
927 11059
926 11060
925 11061
924 11062
922 923
921 11065
920 11066
919 11067
918 11068
917 11069
916 11070
914 915
913 11073
912 11074
911 11075
910 11076
908 909
907 11079
906 11080
905 11081
903 904
902 11084
901 11592
900 11593
899 11594
897 898
896 11597
895 11598
894 11599
893 11600
891 892
890 11603
889 11604
888 11605
886 887
885 11608
884 11609
883 11404
882 11405
880 881
879 11408
878 11409
877 11410
876 11411
874 875
873 11414
872 11415
871 11416
870 11417
868 869
867 10026
866 10027
865 10028
864 10029
863 10030
862 10031
861 10032
860 10033
859 10034
857 858
856 10037
855 10038
854 10039
853 10040
852 10041
850 851
849 10044
848 10045
847 10046
846 10178
845 10179
844 10180
843 10181
841 842
840 10184
839 10185
838 10186
837 10187
836 10188
835 10189
834 10190
833 10191
831 832
830 10194
829 10195
828 10299
827 10300
826 10301
825 10302
824 10303
823 10304
821 822
820 10272
819 10273
818 10274
817 10275
816 10276
815 10277
814 10278
813 10279
810 10144
809 10145
808 10146
807 10147
806 10148
805 10149
804 10150
803 10151
801 802
800 10154
799 10155
798 10156
797 10157
796 10158
795 10159
794 10160
793 10161
792 10162
790 791
789 10165
788 10166
787 10167
786 10168
785 10169
784 10170
783 10171
782 10172
780 781
779 10175
778 10176
777 10177
776 10005
775 10006
774 10007
772 773
771 10010
770 10011
769 10012
768 10013
767 10014
766 10015
764 765
763 10018
762 10019
761 10020
760 10021
759 10022
758 10023
757 10024
756 10025
754 755
753 11422
752 11423
751 11424
750 11425
748 749
747 11428
746 11429
745 11430
744 11431
742 743
741 11434
740 11435
739 11436
737 738
736 11439
735 11440
734 11441
733 11442
731 732
730 11445
729 11446
728 11447
727 11448
725 726
724 11024
723 11025
722 11026
720 721
719 11029
718 11030
717 11031
716 11032
714 715
713 11035
712 11036
711 11037
710 11038
708 709
707 11041
706 11042
705 11043
704 11044
703 11045
702 11046
700 701
699 11049
698 11050
697 11051
696 11052
694 695
693 11055
692 10979
691 10980
690 10981
688 689
687 10984
686 10985
685 10986
684 10945
682 683
681 10948
680 10949
679 10950
678 10951
676 677
675 10954
674 10955
673 10956
672 10957
670 671
669 10922
668 10923
667 10924
665 666
664 10927
663 12101
662 12102
661 12103
659 660
658 12106
657 12107
656 12108
654 655
653 12111
652 12112
651 12113
650 10047
649 10048
648 10049
647 10050
645 646
644 10053
643 10054
642 10055
641 10056
639 640
638 10059
637 10060
636 10061
634 635
633 10064
632 10065
631 10066
630 10067
628 629
627 11996
626 11997
625 11998
623 624
622 12001
621 11960
620 11961
619 11962
617 618
616 11965
615 11966
614 11967
613 11968
611 612
610 11971
609 11972
608 12557
606 607
605 12560
604 12561
603 12562
602 12563
600 601
599 12566
598 12567
597 12568
596 12569
595 12570
594 12571
593 12572
592 12573
590 591
589 12452
588 12453
587 12454
586 12455
584 585
583 12458
582 12459
581 12460
579 580
578 12463
577 12464
576 12465
575 12466
573 574
572 12469
571 12470
570 12471
568 569
567 12474
566 8554
565 8555
563 564
562 8558
561 8559
560 8560
559 8561
557 558
556 8564
555 8565
554 8566
552 553
551 8569
550 8570
549 8571
547 548
546 8574
545 8575
544 8576
542 543
541 8579
540 8580
539 8581
538 8582
537 8583
536 8584
534 535
533 8587
532 8588
531 8589
529 530
528 8592
527 8593
526 13237
525 13238
523 524
522 13241
521 13242
520 13243
518 519
517 13246
516 13247
515 13248
513 514
512 13251
511 13252
510 13253
508 509
507 13256
506 13257
505 13258
504 13259
502 503
501 9092
500 9093
499 9094
497 498
496 9097
495 9098
494 9099
492 493
491 9102
490 9103
489 9104
488 9105
486 487
485 9108
484 9109
483 9110
482 9111
481 9112
480 9113
478 479
477 9116
476 9117
475 9118
473 474
472 9121
471 9122
470 9123
468 469
467 9126
466 9127
465 9128
464 9129
462 463
461 9573
460 9574
459 9575
457 458
456 9578
455 9579
454 9580
452 453
451 9583
450 9584
449 9585
447 448
446 9588
445 9589
444 9590
442 443
441 9593
440 9594
439 9595
438 9376
436 437
435 9379
434 9380
433 9381
431 432
430 9384
429 9385
428 9386
427 9387
426 9388
425 9389
424 9390
423 9391
422 9392
420 421
419 9395
418 9396
417 9397
416 9398
415 9399
413 414
412 9402
411 9403
410 9404
409 9405
408 9406
406 407
405 9409
404 9410
403 9411
402 9412
401 9413
400 9414
399 9415
397 398
396 9418
395 9419
394 9420
393 9421
392 9422
391 9423
390 9989
388 389
387 9992
386 9993
385 9994
384 9995
383 9996
382 9997
381 9998
379 380
378 10001
377 10002
376 10003
375 10004
372 13328
371 13329
370 13330
369 13331
368 13332
367 13333
366 9981
365 9982
364 9983
363 9984
362 9985
361 9986
360 9987
359 9988
358 9424
357 9425
356 9426
355 9427
354 9428
353 9429
352 9430
351 9431
350 9432
349 9433
348 9434
347 9435
346 9436
345 9437
344 9438
343 9439
342 9440
341 9441
340 9442
339 9443
338 9444
337 9445
336 9446
335 9447
334 9448
333 9449
332 9450
331 10909
330 10910
329 10911
328 10912
327 10913
326 10914
325 10915
324 10916
323 10917
322 10918
321 10919
320 9546
319 9547
318 9548
317 9549
316 9550
315 9551
314 9552
313 9553
312 9554
311 9555
309 310
308 9558
307 9559
306 9560
305 9561
304 9562
303 9563
302 9564
301 9565
300 9566
299 9567
298 9568
297 9569
296 9570
295 9130
294 9131
293 9132
292 9133
291 9134
290 9135
289 9136
288 9137
287 9138
286 9139
285 9140
284 9141
283 9142
282 9143
281 9144
280 9145
279 9146
278 9147
277 9148
276 9149
275 9150
274 9151
273 9152
272 9153
271 9154
270 9155
269 9156
268 10888
267 10889
266 10890
265 10891
264 10892
263 10893
262 10894
261 10895
260 10896
259 10897
258 10898
256 257
255 13224
254 13225
253 13226
252 13227
251 13228
250 13229
249 13230
248 13231
247 13232
246 13233
245 13234
244 13235
243 13236
242 8594
241 8595
240 8596
239 8597
238 8598
237 8599
236 8600
235 8601
234 8602
233 8603
232 8604
231 8605
230 8606
229 8607
228 8608
227 8609
226 8610
225 8611
224 8612
223 8613
222 8614
221 8615
220 8616
219 8617
218 8618
217 8619
216 8620
215 8621
213 214
212 8624
211 8625
210 8626
209 8627
208 8628
207 8629
206 8630
205 12436
204 12437
203 12438
202 12439
201 12440
200 12441
199 12442
198 12443
197 12444
196 12445
195 12446
194 12447
193 12448
192 12449
191 12450
190 12451
189 12576
188 12577
187 12578
186 12579
185 12580
184 12581
183 12582
182 12583
181 12584
180 12585
179 12586
177 178
176 11945
175 11946
174 11947
173 11948
172 11949
171 11950
170 11951
169 11952
168 11953
167 11954
166 11955
165 11956
164 11957
163 11958
162 11959
161 12002
160 12003
159 12004
158 12005
157 12006
156 12007
155 12008
154 12009
153 12010
152 12011
151 12012
150 12013
149 12014
148 12015
147 12016
146 12017
145 12018
144 12019
143 12020
142 12085
141 12086
140 12087
139 12088
138 12089
137 12090
136 12091
135 12092
134 12093
133 12094
132 12095
131 12096
130 12097
129 12098
128 12099
127 12100
126 10928
125 10929
124 10930
123 10931
122 10932
121 10933
120 10934
119 10935
118 10936
117 10937
116 10938
115 10939
114 10940
113 10941
112 10942
111 10943
110 10944
109 10987
108 10988
107 10989
106 10990
105 10991
104 10992
103 10993
102 10994
101 10995
100 10996
99 10997
98 10998
97 10999
96 11000
95 11001
94 11002
93 11003
92 11004
91 11005
90 11006
89 11007
88 11008
87 11009
86 11010
85 11011
84 11012
83 11013
82 11014
81 11015
80 11016
79 11017
78 11018
77 11019
76 11020
75 11021
74 11449
73 11450
72 11451
71 11452
70 11453
69 11454
68 11455
67 11456
66 11457
65 11458
64 11459
63 11460
62 11461
61 11462
60 11463
59 11464
58 11465
57 11466
56 11467
55 11468
54 11469
53 11470
52 11471
51 11472
50 11473
49 11474
48 11475
47 11476
46 11477
45 11478
44 11479
43 11480
42 11481
41 11482
40 11483
39 11484
38 11485
37 11486
36 11487
35 11488
34 11489
33 11490
32 11491
31 11492
30 11493
29 11494
28 11495
27 11496
26 11497
25 11498
24 11499
23 11500
22 11501
21 11502
20 11503
19 11504
18 11505
17 11506
16 10124
15 10125
14 10126
13 10127
12 10128
11 10129
10 10130
9 10131
8 10132
7 10133
6 10134
5 10135
4 10136
3 10137
2 10138
1 10139
