6658 8619
6657 8620
6656 8621
6655 8622
6654 8623
6653 8624
6652 8625
6651 8626
6650 8627
6649 8628
6648 8629
6647 8630
6646 8631
6645 8632
6644 9935
6643 9936
6642 9937
6641 9938
6640 9939
6639 9940
6638 9941
6637 9942
6636 9943
6635 9944
6634 8218
6633 8219
6632 8220
6631 8221
6630 8222
6629 8223
6628 8224
6627 8225
6626 8226
6625 8227
6624 9198
6623 9199
6622 9200
6621 9201
6620 9202
6619 9203
6618 9204
6617 9205
6616 9206
6615 9207
6614 9208
6613 9209
6612 9210
6611 9211
6610 9212
6609 9171
6608 9172
6607 9173
6606 9174
6605 9175
6604 9176
6603 8238
6602 8239
6601 8240
6600 8241
6599 8242
6598 8243
6597 8244
6596 8245
6595 8246
6594 8247
6593 8248
6592 8260
6591 8261
6590 8262
6589 8263
6588 8264
6587 8265
6586 8266
6585 8267
6584 8268
6583 8269
6582 10782
6581 10783
6580 10784
6579 10785
6578 10786
6577 10787
6576 10788
6575 10789
6574 10790
6573 10791
6572 10792
6571 10793
6570 10794
6569 10795
6568 10796
6567 10797
6566 10798
6565 10799
6564 10800
6563 10801
6562 10802
6561 10803
6560 10804
6559 10805
6558 10806
6557 10807
6556 10808
6555 10809
6554 10810
6553 10811
6552 10812
6551 10813
6550 10814
6549 10815
6548 10816
6547 10817
6546 10818
6545 10819
6544 10820
6543 10821
6542 10822
6541 10823
6540 10824
6539 10825
6538 10826
6537 10164
6536 10165
6535 10166
6534 10167
6533 10168
6532 10169
6531 10170
6530 10171
6529 8280
6528 8281
6527 8282
6526 8283
6525 8284
6524 8285
6523 8286
6522 8287
6521 8288
6520 8289
6519 8290
6518 11417
6517 11418
6516 11419
6515 11420
6514 11421
6513 11422
6512 11423
6511 11424
6510 11425
6509 11426
6508 11427
6507 11428
6506 11429
6505 11430
6504 11431
6503 11432
6502 11433
6501 11434
6500 11435
6499 11436
6498 11437
6497 11438
6496 11439
6495 11440
6494 11441
6493 11442
6492 11443
6491 11444
6490 11445
6489 11446
6488 11447
6487 11448
6486 11449
6485 10884
6484 10885
6483 10886
6482 10887
6481 10888
6480 10889
6479 10890
6478 10891
6477 10892
6476 10893
6475 10894
6474 10895
6473 10896
6472 10897
6471 10898
6470 10899
6469 10900
6468 10901
6467 10902
6466 10903
6465 10904
6464 10905
6463 10906
6462 10907
6461 10908
6460 10909
6459 10910
6458 10911
6457 10912
6456 10913
6455 12115
6454 12116
6453 12117
6452 12118
6451 12119
6450 12120
6449 12121
6448 12122
6447 12123
6446 12124
6445 12125
6444 12126
6443 12127
6442 12128
6441 12129
6440 12130
6439 12131
6438 12132
6437 12133
6436 12134
6435 12135
6434 12136
6433 12805
6432 12806
6431 12807
6430 12808
6429 12809
6428 12810
6427 12811
6426 12812
6425 12813
6424 12814
6423 12229
6422 12230
6421 12231
6420 12232
6419 12233
6418 12234
6417 12235
6416 12236
6415 12237
6414 12238
6413 12239
6412 12240
6411 12241
6410 12242
6409 12243
6408 12244
6407 12245
6406 12246
6405 12247
6404 12248
6403 12249
6402 12250
6401 12251
6400 12252
6399 12253
6398 12254
6397 12255
6396 12256
6395 12257
6394 12258
6393 12259
6392 12260
6391 12261
6390 10198
6389 10199
6388 10200
6387 10201
6386 10202
6385 10203
6384 10204
6383 10205
6382 10206
6381 10207
6380 10219
6379 10220
6378 10221
6377 10222
6376 10223
6375 10224
6374 10225
6373 10226
6372 10227
6371 10228
6370 12338
6369 12339
6368 12340
6367 12341
6366 12342
6365 12343
6364 12344
6363 12345
6362 12346
6361 12347
6360 12348
6359 12349
6358 12350
6357 12351
6356 12352
6355 12353
6354 12354
6353 12355
6352 12356
6351 12357
6350 12358
6349 8380
6348 8381
6347 8382
6346 8383
6345 8384
6344 8385
6341 8375
6340 8376
6339 8377
6338 8378
6337 8379
6336 12359
6335 12360
6334 12361
6333 12362
6332 12363
6331 12364
6330 12365
6329 12366
6328 12367
6327 12368
6326 12369
6325 12370
6324 7542
6323 7543
6322 7544
6321 7545
6320 7546
6319 7547
6318 7548
6317 7549
6316 7550
6315 7551
6314 7552
6313 7553
6312 7554
6311 7555
6310 7556
6309 7557
6308 7558
6307 7559
6306 7560
6305 7561
6304 7562
6303 7563
6302 8302
6301 8303
6300 8304
6299 8305
6298 8306
6297 8307
6296 8308
6295 8309
6294 8310
6293 12199
6292 12200
6291 12201
6290 12202
6289 12203
6288 12204
6287 12205
6286 12206
6285 12207
6284 12208
6283 12209
6282 12210
6281 12211
6280 12212
6279 12213
6278 12214
6277 12215
6276 12216
6275 12217
6274 12218
6273 12219
6272 12220
6271 12221
6270 12222
6269 12223
6268 12224
6267 12225
6266 12226
6265 12227
6264 12228
6263 12815
6262 12816
6261 12817
6260 12818
6259 12819
6258 12820
6257 12821
6256 12822
6255 12823
6254 12824
6253 12825
6252 12826
6251 12827
6250 12828
6249 12829
6248 12830
6247 12831
6246 12832
6245 12833
6244 12834
6243 12835
6242 12836
6241 12105
6240 12106
6239 12107
6238 12108
6237 12109
6236 12110
6235 12111
6234 12112
6233 12113
6232 12114
6231 10914
6230 10915
6229 10916
6228 10917
6227 10918
6226 10919
6225 10920
6224 10921
6223 10922
6222 10923
6221 10924
6220 10925
6219 10926
6218 10927
6217 10928
6216 10929
6215 10930
6214 10931
6213 10932
6212 10933
6211 10934
6210 10935
6209 10936
6208 10937
6207 10938
6206 10939
6205 11625
6204 11626
6203 11627
6202 11628
6201 11629
6200 11630
6199 11631
6198 11513
6197 11514
6196 11515
6195 11516
6194 11517
6193 11518
6192 11519
6191 11520
6190 11521
6189 11522
6188 11523
6187 11524
6186 11525
6185 11401
6184 11402
6183 11403
6182 11404
6181 11405
6180 11406
6179 11407
6178 11408
6177 11409
6176 11410
6175 11411
6174 11412
6173 11413
6172 11414
6171 11415
6170 11416
6169 8291
6168 8292
6167 8293
6166 8294
6165 8295
6164 8296
6163 8297
6162 8298
6161 8299
6160 8300
6159 8301
6158 10172
6157 10173
6156 10174
6155 10175
6154 10176
6153 10177
6152 10178
6151 10179
6150 10180
6149 10181
6148 10182
6147 10337
6146 10338
6145 10339
6144 10340
6143 10341
6142 10342
6141 10343
6140 10344
6139 10345
6138 10346
6137 10347
6136 10348
6135 10349
6134 10350
6133 10351
6132 10352
6131 10353
6130 10354
6129 10355
6128 10356
6127 10357
6126 10358
6125 10359
6124 10360
6123 10361
6122 10766
6121 10767
6120 10768
6119 10769
6118 10770
6117 10771
6116 10772
6115 10773
6114 10774
6113 10775
6112 10776
6111 10777
6110 10778
6109 10779
6108 10780
6107 10781
6106 8270
6105 8271
6104 8272
6103 8273
6102 8274
6101 8275
6100 8276
6099 8277
6098 8278
6097 8279
6096 8249
6095 8250
6094 8251
6093 8252
6092 8253
6091 8254
6090 8255
6089 8256
6088 8257
6087 8258
6086 8259
6085 9177
6084 9178
6083 9179
6082 9180
6081 9181
6080 9182
6079 9183
6078 9184
6077 9185
6076 9186
6075 9187
6074 9188
6073 9189
6072 9190
6071 9191
6070 9192
6069 9193
6068 9194
6067 9195
6066 9196
6065 9197
6064 8228
6063 8229
6062 8230
6061 8231
6060 8232
6059 8233
6058 8234
6057 8235
6056 8236
6055 8237
6054 9945
6053 9946
6052 9947
6051 9948
6050 9949
6049 9950
6048 9951
6047 9952
6046 9953
6045 9954
6044 9955
6043 9956
6042 9957
6041 9958
6040 9959
6039 9960
6038 9961
6037 9962
6036 9963
6035 9964
6034 9965
6033 9966
6032 9967
6031 9968
6028 8670
6027 8671
6026 8672
6025 8673
6024 8674
6023 8675
6022 8676
6021 8677
6020 8641
6019 8642
6018 8643
6017 8644
6016 8645
6015 8646
6014 8647
6013 8648
6012 8741
6011 8742
6010 8743
6009 8744
6008 8745
6007 8746
6006 8747
6005 8748
6004 8749
6003 8750
6002 8751
6001 8752
6000 8753
5999 8754
5998 8755
5997 8756
5996 8757
5995 8758
5994 9296
5993 9297
5992 9298
5991 9299
5990 9300
5989 9301
5988 9302
5987 9303
5986 9304
5985 9305
5984 9306
5983 9307
5982 9308
5981 9309
5980 9310
5979 9311
5978 9312
5977 9313
5976 9314
5975 9315
5974 9316
5973 9317
5972 9318
5971 9319
5970 9320
5969 9321
5968 9322
5967 9323
5966 9324
5965 9325
5964 9326
5963 9327
5962 9328
5961 9329
5960 9330
5959 9331
5958 9332
5957 9333
5956 9334
5955 9335
5954 9336
5953 9337
5952 9338
5951 9339
5950 9340
5949 9341
5948 9342
5947 9343
5946 9344
5945 9345
5944 9346
5943 9347
5942 9348
5941 9349
5940 9350
5939 9351
5938 9352
5937 9353
5936 9354
5935 9355
5934 9356
5933 9357
5932 9358
5931 9359
5930 9360
5929 9361
5928 9362
5927 9363
5926 9364
5925 9365
5924 9366
5923 9367
5922 9368
5921 9369
5920 9370
5919 9371
5918 9372
5917 9373
5916 9374
5915 10261
5914 10262
5913 10263
5912 10264
5911 10265
5910 10266
5909 10267
5908 10268
5907 10269
5906 10270
5905 10271
5904 10272
5903 10273
5902 10274
5901 10275
5900 10276
5899 10277
5898 10278
5897 10329
5896 10330
5895 10331
5894 10332
5893 10333
5892 10334
5891 10335
5890 10336
5889 10183
5888 10184
5887 10185
5886 10186
5885 10187
5884 10188
5883 10189
5882 10190
5881 10191
5880 10192
5879 10193
5878 10194
5877 10195
5876 10196
5875 10197
5874 11174
5873 11175
5872 11176
5871 11177
5870 11178
5869 11179
5868 11180
5867 11181
5866 11182
5865 11183
5864 11184
5863 11185
5862 11186
5861 11187
5860 11188
5859 11189
5858 11190
5857 11191
5856 11192
5855 11193
5854 11194
5853 11195
5852 11196
5851 11197
5850 11198
5849 11199
5848 11200
5847 11547
5846 11548
5845 11549
5844 11550
5843 11551
5842 11552
5841 11553
5840 11554
5839 11555
5838 11556
5837 11557
5836 11558
5835 11506
5834 11507
5833 11508
5832 11509
5831 11510
5830 11511
5829 11512
5828 11632
5827 11633
5826 11634
5825 11635
5824 11636
5823 11637
5822 11638
5821 11639
5820 11640
5819 11641
5818 11642
5817 11643
5816 11644
5815 11645
5814 11646
5813 11647
5812 11648
5811 11649
5810 11650
5809 11651
5808 11652
5807 11653
5806 11654
5805 8420
5804 8421
5803 8422
5802 8423
5800 5801
5799 8426
5798 8427
5797 8428
5796 8429
5795 8430
5794 8431
5793 8432
5792 8433
5791 12090
5790 12091
5789 12092
5788 12093
5787 12094
5786 12095
5785 12096
5784 12097
5783 12098
5782 12099
5781 12100
5780 12101
5779 12102
5778 12103
5777 12104
5776 12837
5775 12838
5774 12839
5773 12840
5772 12841
5771 12842
5770 12843
5769 12844
5768 12845
5767 12846
5766 12847
5765 12848
5764 12849
5763 12850
5762 12778
5761 12779
5760 12780
5759 12781
5758 12782
5757 12783
5755 5756
5754 12786
5753 12787
5752 12788
5751 12789
5750 12790
5749 12791
5748 13104
5747 13105
5746 13106
5745 13107
5744 13108
5743 13109
5742 13110
5741 13111
5740 13112
5739 13113
5738 13114
5737 13115
5736 13116
5735 13117
5734 13118
5733 13119
5732 13120
5731 13121
5730 13122
5729 12182
5728 12183
5727 12184
5726 12185
5725 12186
5724 12187
5723 12188
5722 12189
5721 12190
5720 12191
5719 12192
5718 12193
5717 12194
5716 12195
5715 12196
5714 12197
5713 12198
5712 8311
5711 8312
5710 8313
5709 8314
5708 8315
5707 8316
5706 8317
5705 8318
5704 8319
5703 8320
5702 8321
5701 8322
5700 8323
5699 8324
5698 8325
5697 8326
5696 8327
5695 8328
5694 8329
5693 8330
5692 8331
5691 8332
5690 8333
5689 8334
5688 7531
5687 7532
5686 7533
5685 7534
5684 7535
5683 7536
5682 7537
5681 7538
5680 7539
5679 7540
5678 7541
5677 12371
5676 12372
5675 12373
5674 12374
5673 12375
5672 12376
5671 12377
5670 12378
5669 12379
5668 12380
5667 12381
5666 8611
5665 8612
5664 8613
5663 8614
5662 8615
5661 8616
5660 8617
5659 8618
5656 7773
5655 7774
5654 7775
5653 7776
5652 7777
5651 7778
5650 7779
5649 7780
5648 7781
5647 7782
5646 7511
5645 7512
5644 7513
5643 7514
5642 7515
5641 7516
5640 7517
5639 7518
5638 7519
5637 7520
5636 7521
5635 7522
5634 7523
5633 7524
5632 7525
5631 7526
5630 7527
5629 7528
5628 7529
5627 7530
5626 8335
5625 8336
5624 8337
5623 8338
5622 8339
5621 8340
5620 8341
5619 8342
5618 8343
5617 8344
5616 8345
5615 8346
5614 8347
5613 8348
5612 8349
5611 8350
5610 8351
5609 8352
5608 8353
5607 8354
5606 8355
5605 8356
5604 8357
5603 8358
5602 8359
5601 8360
5600 8361
5599 8362
5598 7829
5597 7830
5596 7831
5595 7832
5594 7833
5593 7834
5592 7835
5591 7836
5590 12741
5589 12742
5588 12743
5587 12744
5586 12745
5585 12746
5584 12747
5583 12748
5582 12749
5581 12750
5580 12751
5579 12752
5578 12753
5577 12754
5576 12755
5575 12756
5574 12757
5573 12758
5572 12759
5571 12760
5570 12761
5569 12762
5568 12763
5567 12764
5566 12765
5565 12766
5564 12767
5563 12768
5562 12769
5561 12770
5560 12771
5559 12772
5558 12773
5557 12774
5556 12775
5555 12776
5554 12777
5553 12851
5552 12852
5551 12853
5550 12854
5549 12855
5548 12856
5547 12857
5546 11746
5545 11747
5544 11748
5543 11749
5542 11750
5541 11751
5540 11752
5539 11753
5538 11754
5537 11755
5536 11756
5535 11757
5534 11758
5533 11759
5532 11760
5531 11761
5530 8455
5529 8456
5528 8457
5527 8458
5526 8459
5525 8460
5524 8461
5523 8462
5522 8463
5521 8464
5520 8465
5519 8466
5518 8467
5517 8468
5516 8469
5515 8470
5514 8471
5513 8472
5512 8473
5511 11655
5510 11656
5509 11657
5508 11658
5507 11659
5506 11660
5505 11661
5504 11662
5503 11663
5502 11664
5501 11665
5500 11666
5499 11667
5498 11597
5497 11598
5496 11599
5495 11600
5494 11601
5493 11602
5492 11603
5491 11604
5490 11605
5489 11606
5488 11607
5487 11608
5486 11609
5485 11610
5484 11611
5483 11612
5482 11534
5481 11535
5480 11536
5479 11537
5478 11538
5477 11539
5476 11540
5475 11541
5474 11542
5473 11543
5472 11544
5471 11545
5470 11546
5469 11201
5468 11202
5467 11203
5466 11204
5465 11205
5464 11206
5463 11207
5462 11208
5461 11209
5460 11210
5459 11211
5458 11212
5457 11213
5456 11214
5455 11215
5454 11216
5453 11217
5452 11218
5451 11219
5450 11220
5449 11221
5448 11222
5447 11223
5446 11224
5445 11225
5444 11226
5443 7986
5442 7987
5441 7988
5440 7989
5439 7990
5438 7991
5437 7992
5436 7993
5435 10499
5434 10500
5433 10501
5432 10502
5431 10503
5430 10504
5429 10505
5428 10506
5427 10507
5426 10508
5425 10509
5424 10510
5423 10511
5422 10512
5421 10513
5420 10514
5419 10380
5418 10381
5417 10382
5416 10383
5415 10384
5414 10385
5413 10386
5412 10387
5411 10388
5410 10389
5409 10390
5408 10391
5407 10392
5406 10741
5405 10742
5404 10743
5403 10744
5402 10745
5401 10746
5400 10747
5399 10748
5398 10749
5397 10750
5396 10751
5395 10752
5394 10753
5393 10754
5392 10755
5391 10756
5390 10757
5389 10758
5388 9731
5387 9732
5386 9733
5385 9734
5384 9735
5383 9736
5382 9737
5381 9738
5380 9739
5379 9740
5378 9741
5377 9742
5376 9743
5375 9744
5374 9745
5373 9746
5372 9747
5371 9748
5370 9749
5369 9750
5368 9751
5367 8921
5366 8922
5365 8923
5364 8924
5363 8925
5362 8926
5361 8927
5360 8928
5359 8929
5358 8930
5357 8931
5356 8932
5355 8933
5354 8934
5353 8935
5352 8936
5351 8937
5350 8938
5349 8939
5348 8940
5347 8941
5346 8942
5345 8943
5344 9274
5343 9275
5342 9276
5341 9277
5340 9278
5339 9279
5338 9280
5337 9281
5336 9282
5335 9283
5334 9284
5333 9285
5332 9286
5331 9287
5330 9288
5329 9289
5328 9290
5327 9291
5326 9292
5325 9293
5324 9294
5323 9295
5322 8759
5321 8760
5320 8761
5319 8762
5318 8763
5317 8764
5316 8765
5315 8766
5314 8767
5313 8768
5312 8769
5311 8770
5310 8771
5309 8814
5308 8815
5307 8816
5306 8817
5305 8818
5304 8819
5303 8820
5302 9986
5301 9987
5300 9988
5299 9989
5298 9990
5297 9991
5296 9992
5295 9993
5294 9994
5293 9995
5292 9996
5291 9997
5290 9998
5289 9999
5286 9973
5285 9974
5284 9975
5283 9976
5282 9977
5281 9978
5280 9979
5279 9980
5278 9981
5277 9982
5276 9983
5275 9984
5274 9985
5273 8821
5272 8822
5271 8823
5270 8824
5269 8825
5268 8826
5267 8827
5266 8828
5265 8829
5264 8830
5263 8831
5262 8832
5261 8833
5260 8834
5259 8835
5258 8836
5257 8837
5256 8838
5255 8839
5254 8840
5253 8841
5252 8887
5251 8888
5250 8889
5249 8890
5248 8891
5247 8892
5246 8893
5245 8894
5244 8895
5243 8896
5242 8897
5241 8898
5240 8899
5239 8900
5238 8901
5237 8902
5236 8903
5235 8904
5234 8905
5233 8906
5232 8907
5231 8908
5230 8909
5229 8910
5228 8911
5227 8912
5226 8913
5225 8914
5224 8915
5223 8916
5222 8917
5221 8918
5220 8919
5219 8920
5218 9752
5217 9753
5216 9754
5215 9755
5214 9756
5213 9757
5212 9758
5211 9759
5210 9722
5209 9723
5208 9724
5207 9725
5206 9726
5205 9727
5204 9728
5203 9729
5202 9730
5201 10759
5200 10760
5199 10761
5198 10762
5197 10763
5196 10764
5195 10765
5194 10362
5193 10363
5192 10364
5191 10365
5190 10366
5189 10367
5188 10368
5187 10369
5186 10370
5185 10371
5184 10372
5183 10373
5182 10374
5181 10375
5180 10376
5179 10377
5178 10378
5177 10379
5176 10515
5175 10516
5174 10517
5173 10518
5172 10519
5171 10520
5170 10521
5169 10522
5168 10523
5167 10524
5166 10525
5165 10526
5164 10527
5163 10528
5162 10529
5161 10530
5160 10531
5159 10532
5158 10533
5157 10534
5156 10535
5155 10536
5154 10537
5153 10538
5152 10539
5151 10540
5150 10541
5149 10542
5148 10543
5147 11385
5146 11386
5145 11387
5144 11388
5143 11389
5142 11390
5141 11391
5140 11392
5139 11393
5138 11394
5137 11395
5136 11396
5135 11397
5134 11398
5133 11399
5132 11400
5131 11526
5130 11527
5129 11528
5128 11529
5127 11530
5126 11531
5125 11532
5124 11533
5123 11613
5122 11614
5121 11615
5120 11616
5119 11617
5118 11618
5117 11619
5116 11620
5115 11621
5114 11622
5113 11623
5112 11624
5111 10940
5110 10941
5109 10942
5108 10943
5107 10944
5106 10945
5105 10946
5104 11713
5103 11714
5102 11715
5101 11716
5100 11717
5099 11718
5098 11719
5097 11720
5096 11721
5095 11722
5094 11723
5093 11724
5092 11725
5091 11726
5090 11727
5089 11728
5088 11729
5087 11730
5086 11731
5085 11732
5084 11733
5083 11734
5082 11735
5081 11736
5080 11737
5079 11738
5078 11739
5077 11740
5076 11741
5075 11742
5074 11743
5073 11744
5072 11745
5071 12858
5070 12859
5069 12860
5068 12861
5067 12862
5066 12863
5065 12864
5064 12865
5063 7794
5062 7795
5061 7796
5060 7797
5059 7798
5058 7799
5057 7800
5056 7801
5055 7802
5054 7803
5053 7804
5052 7805
5051 7806
5050 7807
5049 7808
5048 7809
5047 7810
5046 7811
5045 7812
5044 7813
5043 7814
5042 7815
5041 7816
5040 7817
5039 7818
5038 7819
5037 7820
5036 7821
5035 7822
5034 7823
5033 7824
5032 7825
5031 7826
5030 7827
5029 7828
5028 8363
5027 8364
5026 8365
5025 8366
5024 8367
5023 8368
5022 8369
5021 8370
5020 8371
5019 8372
5018 8373
5017 8374
5016 7564
5015 7565
5014 7566
5013 7567
5012 7568
5011 7569
5010 7570
5009 7571
5008 7572
5007 7573
5006 7574
5005 7575
5004 7576
5003 7577
5002 7578
5001 7579
5000 7580
4999 7581
4998 7748
4997 7749
4996 7750
4995 7751
4994 7752
4993 7753
4992 7754
4991 7755
4990 7756
4989 7757
4988 7758
4987 7759
4986 7760
4985 7761
4984 7762
4983 7763
4982 7764
4981 7765
4980 7766
4979 7767
4978 7768
4975 7414
4974 7415
4973 7416
4972 7417
4971 7418
4970 7419
4969 7420
4968 7421
4967 7422
4966 7423
4965 7737
4964 7738
4963 7739
4962 7740
4961 7741
4960 7742
4959 7743
4958 7744
4957 7745
4956 7746
4955 7747
4954 7582
4953 7583
4952 7584
4951 7585
4950 7586
4949 7587
4948 7588
4947 7589
4946 7590
4945 7591
4944 7592
4943 7593
4942 7594
4941 7595
4940 7596
4939 7597
4938 7598
4937 7599
4936 7600
4935 7601
4934 7602
4933 7603
4932 7604
4931 7605
4930 7606
4929 7607
4928 7608
4927 7609
4926 7610
4925 7611
4924 7612
4923 7613
4922 7614
4921 7615
4920 12725
4919 12726
4918 12727
4917 12728
4916 12729
4915 12730
4914 12731
4913 12732
4912 7965
4911 7966
4910 7967
4909 7968
4908 7969
4907 7970
4906 7971
4905 7972
4904 7973
4903 7974
4902 7975
4901 7976
4900 7977
4899 7978
4898 7979
4897 7980
4896 7981
4895 7982
4894 7983
4893 7984
4892 7985
4891 12866
4890 12867
4889 12868
4888 12869
4887 12870
4886 12871
4885 12872
4884 12873
4883 12874
4882 12875
4881 12876
4880 12877
4879 12878
4878 12879
4877 12880
4876 12881
4875 12882
4874 12883
4873 12884
4872 12885
4871 12886
4870 12887
4869 12888
4868 12889
4867 12890
4866 12891
4865 12892
4864 12893
4863 12894
4862 12895
4861 11703
4860 11704
4859 11705
4858 11706
4857 11707
4856 11708
4855 11709
4854 11710
4853 11711
4852 11712
4851 10947
4850 10948
4849 10949
4848 10950
4847 10951
4846 10952
4845 10953
4844 10954
4843 10955
4842 10956
4841 10957
4840 10958
4839 10959
4838 10960
4837 10961
4836 10962
4835 10963
4834 10964
4833 10965
4832 10966
4831 10967
4830 10968
4829 10969
4828 11366
4827 11367
4826 11368
4825 11369
4824 11370
4823 11371
4822 11372
4821 11373
4820 11374
4819 11375
4818 11376
4817 11377
4816 11378
4815 11379
4814 11380
4813 11381
4812 11382
4811 11383
4810 11384
4809 10544
4808 10545
4807 10546
4806 10547
4805 10548
4804 10549
4803 10550
4802 10551
4801 10552
4800 10553
4799 10554
4798 10555
4797 10556
4796 10557
4795 10558
4794 10559
4793 10560
4792 10561
4791 10562
4790 10563
4789 10564
4788 10565
4787 10566
4786 10567
4785 10568
4784 10569
4783 10570
4782 10571
4781 10572
4780 10573
4779 10574
4778 10575
4777 10576
4776 10577
4775 10578
4774 10579
4773 10580
4772 10581
4771 10582
4770 10583
4769 10584
4768 10585
4767 10586
4766 10587
4765 10588
4764 10589
4763 10590
4762 9706
4761 9707
4760 9708
4759 9709
4758 9710
4757 9711
4756 9712
4755 9713
4754 9714
4753 9715
4752 9716
4751 9717
4750 9718
4749 9719
4748 9720
4747 9721
4746 9760
4745 9761
4744 9762
4743 9763
4742 9764
4741 9765
4740 9766
4739 9767
4738 9768
4737 9769
4736 9770
4735 9771
4734 9772
4733 9773
4732 9774
4731 9775
4730 9776
4729 9777
4728 9778
4727 9779
4726 9780
4725 9781
4724 9782
4723 9783
4722 9784
4721 9785
4720 7060
4719 7061
4718 7062
4717 7063
4716 7064
4715 7065
4714 7066
4713 7067
4712 8879
4711 8880
4710 8881
4709 8882
4708 8883
4707 8884
4706 8885
4705 8886
4704 8842
4703 8843
4702 8844
4701 8845
4700 8846
4699 8847
4698 8848
4697 8849
4696 8850
4695 8851
4694 8852
4693 8853
4692 8854
4691 10057
4690 10058
4689 10059
4688 10060
4687 10061
4686 10062
4685 10063
4684 10064
4683 10065
4682 10066
4681 10067
4680 10068
4679 10069
4678 7040
4677 7041
4676 7042
4675 7043
4674 7044
4673 7045
4672 7046
4671 7047
4668 10034
4667 10035
4666 10036
4665 10037
4664 10038
4663 10039
4662 10040
4661 10041
4660 10042
4659 10043
4658 10044
4657 10045
4656 10046
4655 10047
4654 10048
4653 10049
4652 10050
4651 10051
4650 10052
4649 10053
4648 10054
4647 10055
4646 10056
4645 8855
4644 8856
4643 8857
4642 8858
4641 8859
4640 8860
4639 8861
4638 8862
4637 8863
4636 8864
4635 8865
4634 8866
4633 8867
4632 8868
4631 8869
4630 8870
4629 8871
4628 8872
4627 8873
4626 8874
4625 8875
4624 8876
4623 8877
4622 8878
4621 7068
4620 7069
4619 7070
4618 7071
4617 7072
4616 7073
4615 7074
4614 7075
4613 9076
4612 9077
4611 9078
4610 9079
4609 9080
4608 9081
4607 9082
4606 9083
4605 9084
4604 9085
4603 9086
4602 9087
4601 9088
4600 9089
4599 9090
4598 9091
4597 9092
4596 9093
4595 9094
4594 9095
4593 9096
4592 9097
4591 9098
4590 7157
4589 7158
4588 7159
4587 7160
4586 7161
4585 7162
4584 7163
4583 7164
4582 7165
4581 7166
4580 7167
4579 7168
4578 7169
4577 7170
4576 7171
4575 7172
4574 7173
4573 7174
4572 7175
4571 9569
4570 9570
4569 9571
4568 9572
4567 9573
4566 9574
4565 9575
4564 9576
4563 9577
4562 9578
4561 9579
4560 9580
4559 9581
4558 9582
4557 9583
4556 9584
4555 9585
4554 9586
4553 9587
4552 9588
4551 9589
4550 9590
4549 9591
4548 9592
4547 9593
4546 9594
4545 9595
4544 9596
4543 9597
4542 9598
4541 9599
4540 9600
4539 9601
4538 9602
4537 10424
4536 10425
4535 10426
4534 10427
4533 10428
4532 10429
4531 10430
4530 10431
4529 8202
4528 8203
4527 8204
4526 8205
4525 8206
4524 8207
4523 8208
4522 8209
4521 8210
4520 8211
4519 8212
4518 8213
4517 8214
4516 8215
4515 8216
4514 8217
4513 11227
4512 11228
4511 11229
4510 11230
4509 11231
4508 11232
4507 11233
4506 11234
4505 11235
4504 11236
4503 11237
4502 11238
4501 11239
4500 11240
4499 11241
4498 11242
4497 11243
4496 11244
4495 11245
4494 11246
4493 11247
4492 11248
4491 11249
4490 11250
4489 11251
4488 11252
4487 11357
4486 11358
4485 11359
4484 11360
4483 11361
4482 11362
4481 11363
4480 11364
4479 11365
4478 10970
4477 10971
4476 10972
4475 10973
4474 10974
4473 10975
4472 10976
4471 10977
4470 10978
4469 10979
4468 10980
4467 10981
4466 7259
4465 7260
4464 7261
4463 7262
4462 7263
4461 7264
4460 7265
4459 7266
4458 7267
4457 7268
4456 11684
4455 11685
4454 11686
4453 11687
4452 11688
4451 11689
4450 11690
4449 11691
4448 11692
4447 11693
4446 11694
4445 11695
4444 11696
4443 11697
4442 11698
4441 11699
4440 11700
4439 11701
4438 11702
4437 12896
4436 12897
4435 12898
4434 12899
4433 12900
4432 12901
4431 12902
4430 12903
4429 12904
4428 12905
4427 12906
4426 12907
4425 12908
4424 12909
4423 12910
4422 12911
4421 11784
4420 11785
4419 11786
4418 11787
4417 11788
4416 11789
4415 11790
4414 11791
4413 7926
4412 7927
4411 7928
4410 7929
4409 7930
4408 7931
4407 7932
4406 7933
4405 7934
4404 7935
4403 7936
4402 7937
4401 7938
4400 7939
4399 7940
4398 7941
4397 7942
4396 7943
4395 7944
4394 7945
4393 7946
4392 7947
4391 7948
4390 7949
4389 7950
4388 7951
4387 7952
4386 7953
4385 7954
4384 7955
4383 7956
4382 7957
4381 7958
4380 7959
4379 7960
4378 7961
4377 7962
4376 7963
4375 7964
4374 12733
4373 12734
4372 12735
4371 12736
4370 12737
4369 12738
4368 12739
4367 12740
4366 7837
4365 7838
4364 7839
4363 7840
4362 7841
4361 7842
4360 7843
4359 7844
4358 12474
4357 12475
4356 12476
4355 12477
4354 12478
4353 12479
4352 12480
4351 12481
4350 12482
4349 12483
4348 12484
4347 12485
4346 12486
4345 12487
4344 12488
4343 12489
4342 12490
4341 12491
4340 12492
4339 12493
4338 12539
4337 12540
4336 12541
4335 12542
4334 12543
4333 12544
4332 12545
4331 12546
4330 12547
4329 12548
4328 12549
4327 12550
4326 12551
4325 12552
4324 12553
4323 12554
4322 12555
4321 12556
4320 12557
4319 12558
4318 7730
4317 7731
4316 7732
4315 7733
4314 7734
4313 7735
4312 7736
4311 7399
4310 7400
4309 7401
4308 7402
4307 7403
4306 7404
4305 7405
4304 7406
4303 7407
4302 7408
4301 7409
4298 7712
4297 7713
4296 7714
4295 7715
4294 7716
4293 7717
4292 7718
4291 7719
4290 7720
4289 7721
4288 7722
4287 7723
4286 7724
4285 7725
4284 7726
4283 7727
4282 7728
4281 7729
4280 12559
4279 12560
4278 12561
4277 12562
4276 12563
4275 12564
4274 12565
4273 12566
4272 12567
4271 12568
4270 12569
4269 12570
4268 12531
4267 12532
4266 12533
4265 12534
4264 12535
4263 12536
4262 12537
4261 12538
4260 12494
4259 12495
4258 12496
4257 12497
4256 12498
4255 12499
4254 12500
4253 12501
4252 12502
4251 12503
4250 12504
4249 12505
4248 12506
4247 7865
4246 7866
4245 7867
4244 7868
4243 7869
4242 7870
4241 7871
4240 7872
4239 7873
4238 7874
4237 7875
4236 7876
4235 7877
4234 7878
4233 7879
4232 7880
4231 7881
4230 7882
4229 7883
4228 7884
4227 7885
4226 7886
4225 7887
4224 7888
4223 7889
4222 7890
4221 7891
4220 7892
4219 7893
4218 7894
4217 7895
4216 7896
4215 7897
4214 7898
4213 7899
4212 7900
4211 7901
4210 7902
4209 7903
4208 7904
4207 7905
4206 7906
4205 7907
4204 7908
4203 7909
4202 7910
4201 7911
4200 7912
4199 7913
4198 7914
4197 7915
4196 7916
4195 7917
4194 7918
4193 7919
4192 7920
4191 7921
4190 7922
4189 7923
4188 7924
4187 7925
4186 11792
4185 11793
4184 11794
4183 11795
4182 11796
4181 11797
4180 11798
4179 11799
4178 11800
4177 11801
4176 11802
4175 11803
4174 11804
4173 11805
4172 11806
4171 11807
4170 11808
4169 11809
4168 7365
4167 7366
4166 7367
4165 7368
4164 7369
4163 7370
4162 7371
4161 7372
4160 7373
4159 7374
4158 7375
4157 7376
4156 7377
4155 7378
4154 7379
4153 7380
4152 7381
4151 7382
4150 7383
4149 7384
4148 7385
4147 7386
4146 7387
4145 7388
4144 7389
4143 7390
4142 7391
4141 7392
4140 7393
4139 7394
4138 7395
4137 7396
4136 7397
4135 7398
4134 10982
4133 10983
4132 10984
4131 10985
4130 10986
4129 10987
4128 10988
4127 10989
4126 10990
4125 10991
4124 10992
4123 10993
4122 11348
4121 11349
4120 11350
4119 11351
4118 11352
4117 11353
4116 11354
4115 11355
4114 11356
4113 11253
4112 11254
4111 11255
4110 11256
4109 11257
4108 11258
4107 11259
4106 11260
4105 8168
4104 8169
4103 8170
4102 8171
4101 8172
4100 8173
4099 8174
4098 8175
4097 8176
4096 8177
4095 8178
4094 8179
4093 8180
4092 8181
4091 8182
4090 8183
4089 8184
4088 8185
4087 8186
4086 8187
4085 8188
4084 8189
4083 8190
4082 8191
4081 8192
4080 8193
4079 8194
4078 8195
4077 8196
4076 8197
4075 8198
4074 8199
4073 8200
4072 8201
4071 10432
4070 10433
4069 10434
4068 10435
4067 10436
4066 10437
4065 10438
4064 10439
4063 10440
4062 10441
4061 10442
4060 10443
4059 9634
4058 9635
4057 9636
4056 9637
4055 9638
4054 9639
4053 9640
4052 9641
4051 9642
4050 9643
4049 9644
4048 9645
4047 9646
4046 9647
4045 9553
4044 9554
4043 9555
4042 9556
4041 9557
4040 9558
4039 9559
4038 9560
4037 9561
4036 9562
4035 9563
4034 9564
4033 9565
4032 9566
4031 9567
4030 9568
4029 7176
4028 7177
4027 7178
4026 7179
4025 7180
4024 7181
4023 7182
4022 7183
4021 7184
4020 7185
4019 7186
4018 7187
4017 7188
4016 7189
4015 7190
4014 7191
4013 7192
4012 7193
4011 9052
4010 9053
4009 9054
4008 9055
4007 9056
4006 9057
4005 9058
4004 9059
4003 9060
4002 9061
4001 9062
4000 9063
3999 9064
3998 9065
3997 9066
3996 9067
3995 9068
3994 9069
3993 9070
3992 9071
3991 9072
3990 9073
3989 9074
3988 9075
3987 7076
3986 7077
3985 7078
3984 7079
3983 7080
3982 7081
3981 7082
3980 7083
3979 7084
3978 7085
3977 7086
3976 7087
3975 7088
3974 7089
3973 7090
3972 7091
3971 7092
3970 7093
3969 7094
3968 7095
3967 7096
3966 7097
3965 7098
3964 7099
3963 7100
3962 7101
3961 10108
3960 10109
3959 10110
3958 10111
3957 10112
3956 10113
3955 10114
3954 10115
3953 10116
3952 10117
3951 10118
3950 10119
3949 10078
3948 10079
3947 10080
3946 10081
3945 10082
3944 10083
3943 10084
3942 10085
3941 10086
3940 7032
3939 7033
3938 7034
3937 7035
3936 7036
3935 7037
3934 7038
3933 7039
3930 7052
3929 7053
3928 7054
3927 7055
3926 7056
3925 7057
3924 7058
3923 7059
3922 10070
3921 10071
3920 10072
3919 10073
3918 10074
3917 10075
3916 10076
3915 10077
3914 10120
3913 10121
3912 10122
3911 10123
3910 10124
3909 10125
3908 10126
3907 10127
3906 6660
3905 6661
3904 6662
3903 6663
3902 6664
3901 6665
3900 6666
3899 6667
3898 6668
3897 6669
3896 7128
3895 7129
3894 7130
3893 7131
3892 7132
3891 7133
3890 7134
3889 7135
3888 7136
3887 7137
3886 7138
3885 7139
3884 7140
3883 7141
3882 7142
3881 7143
3880 9786
3879 9787
3878 9788
3877 9789
3876 9790
3875 9791
3874 9792
3873 9041
3872 9042
3871 9043
3870 9044
3869 9045
3868 9046
3867 9047
3866 9048
3865 9049
3864 9050
3863 9051
3862 7194
3861 7195
3860 7196
3859 7197
3858 7198
3857 7199
3856 7200
3855 7201
3854 9690
3853 9691
3852 9692
3851 9693
3850 9694
3849 9695
3848 9696
3847 9697
3846 9698
3845 9699
3844 9700
3843 9701
3842 9702
3841 9703
3840 9704
3839 9705
3838 10591
3837 10592
3836 10593
3835 10594
3834 10595
3833 10596
3832 10597
3831 10598
3830 10599
3829 10600
3828 10601
3827 10602
3826 10603
3825 10604
3824 10605
3823 10606
3822 10607
3821 10608
3820 10609
3819 10610
3818 10611
3817 10612
3816 10613
3815 10614
3814 10615
3813 10616
3812 8143
3811 8144
3810 8145
3809 8146
3808 8147
3807 8148
3806 8149
3805 8150
3804 8151
3803 8152
3802 8153
3801 8154
3800 8155
3799 8156
3798 8157
3797 8158
3796 8159
3795 8160
3794 8161
3793 8162
3792 8163
3791 8164
3790 8165
3789 8166
3788 8167
3787 11261
3786 11262
3785 11263
3784 11264
3783 11265
3782 11266
3781 11267
3780 11268
3779 11269
3778 11270
3777 11271
3776 11272
3775 11273
3774 11274
3773 11275
3772 11276
3771 11277
3770 6680
3769 6681
3768 6682
3767 6683
3766 6684
3765 6685
3764 6686
3763 6687
3762 6688
3761 6689
3760 6690
3759 6691
3758 6692
3757 6693
3756 6694
3755 6695
3754 6696
3753 6697
3752 6698
3751 6699
3750 6700
3749 7351
3748 7352
3747 7353
3746 7354
3745 7355
3744 7356
3743 7357
3742 7358
3741 7359
3740 7360
3739 7361
3738 7362
3737 7363
3736 7364
3735 11810
3734 11811
3733 11812
3732 11813
3731 11814
3730 11815
3729 11816
3728 11817
3727 12679
3726 12680
3725 12681
3724 12682
3723 12683
3722 12684
3721 12685
3720 12686
3719 12687
3718 12688
3717 12689
3716 12690
3715 12691
3714 12692
3713 12693
3712 12694
3711 12695
3710 12696
3709 12697
3708 12698
3707 12699
3706 12700
3705 12701
3704 12702
3703 12703
3702 12704
3701 12705
3700 12706
3699 12707
3698 12708
3697 12709
3696 12710
3695 12711
3694 12712
3693 12713
3692 12714
3691 12715
3690 12716
3689 12717
3688 12718
3687 12719
3686 12720
3685 12721
3684 12722
3683 12723
3682 12724
3681 7616
3680 7617
3679 7618
3678 7619
3677 7620
3676 7621
3675 7622
3674 7623
3673 7624
3672 7625
3671 7626
3670 7627
3669 7628
3668 7629
3667 7630
3666 7631
3665 7632
3664 7633
3663 7634
3662 7635
3661 7636
3660 7637
3659 7638
3658 7639
3657 7640
3656 7641
3655 7642
3654 7643
3653 7644
3652 7645
3651 7646
3650 7647
3649 7648
3648 7649
3647 7650
3646 7651
3645 7652
3644 7653
3643 6849
3642 6850
3641 6851
3640 6852
3639 6853
3638 6854
3637 6855
3636 6856
3635 6857
3634 6858
3633 6859
3632 6860
3631 6861
3630 6862
3629 6863
3626 6834
3625 6835
3624 6836
3623 6837
3622 6838
3621 6839
3620 6840
3619 6841
3618 6842
3617 6843
3616 6844
3615 6845
3614 6846
3613 6847
3612 6848
3611 7654
3610 7655
3609 7656
3608 7657
3607 7658
3606 7659
3605 7660
3604 7661
3603 7662
3602 7663
3601 12606
3600 12607
3599 12608
3598 12609
3597 12610
3596 12611
3595 12612
3594 12613
3593 12614
3592 12615
3591 12616
3590 12617
3589 12618
3588 12619
3587 12620
3586 12621
3585 12622
3584 12623
3583 12624
3582 12625
3581 12626
3580 12627
3579 12628
3578 12629
3577 12630
3576 12631
3575 12632
3574 12633
3573 12634
3572 12635
3571 12636
3570 12637
3569 12638
3568 12639
3567 12640
3566 12641
3565 12642
3564 12643
3563 12644
3562 12645
3561 12646
3560 12647
3559 12648
3558 12649
3557 12650
3556 12651
3555 12652
3554 12653
3553 12654
3552 12655
3551 12656
3550 12657
3549 12658
3548 12659
3547 12660
3546 12661
3545 12662
3544 12663
3543 12664
3542 12665
3541 12666
3540 12667
3539 12668
3538 12669
3537 12670
3536 12671
3535 12672
3534 12673
3533 12674
3532 12675
3531 12676
3530 12677
3529 12678
3528 11818
3527 11819
3526 11820
3525 11821
3524 11822
3523 11823
3522 11824
3521 11825
3520 11826
3519 11827
3518 11828
3517 7341
3516 7342
3515 7343
3514 7344
3513 7345
3512 7346
3511 7347
3510 7348
3509 7349
3508 7350
3507 6701
3506 6702
3505 6703
3504 6704
3503 6705
3502 6706
3501 6707
3500 6708
3499 6709
3498 6710
3497 6711
3496 6712
3495 6713
3494 6714
3493 6715
3492 6716
3491 6717
3490 6718
3489 6719
3488 6720
3487 6721
3486 11278
3485 11279
3484 11280
3483 11281
3482 11282
3481 11283
3480 11284
3479 11285
3478 11286
3477 11287
3476 11288
3475 11289
3474 8113
3473 8114
3472 8115
3471 8116
3470 8117
3469 8118
3468 8119
3467 8120
3466 8121
3465 8122
3464 8123
3463 8124
3462 8125
3461 8126
3460 8127
3459 8128
3458 8129
3457 8130
3456 8131
3455 8132
3454 8133
3453 8134
3452 8135
3451 8136
3450 8137
3449 8138
3448 8139
3447 8140
3446 8141
3445 8142
3444 10617
3443 10618
3442 10619
3441 10620
3440 10621
3439 10622
3438 10623
3437 10624
3436 10625
3435 10626
3434 10627
3433 10628
3432 10629
3431 9661
3430 9662
3429 9663
3428 9664
3427 9665
3426 9666
3425 9667
3424 9668
3423 9669
3422 9670
3421 9671
3420 9672
3419 9673
3418 9674
3417 9675
3416 9676
3415 9677
3414 9678
3413 9679
3412 9680
3411 9681
3410 9682
3409 9683
3408 9684
3407 9685
3406 9686
3405 9687
3404 9688
3403 9689
3402 7202
3401 7203
3400 7204
3399 7205
3398 7206
3397 7207
3396 7208
3395 7209
3394 7210
3393 7211
3392 7212
3391 7213
3390 9034
3389 9035
3388 9036
3387 9037
3386 9038
3385 9039
3384 9040
3383 9793
3382 9794
3381 9795
3380 9796
3379 9797
3378 9798
3377 9799
3376 9800
3375 9801
3374 9802
3373 9803
3372 9804
3371 9805
3370 9806
3369 9807
3368 7120
3367 7121
3366 7122
3365 7123
3364 7124
3363 7125
3362 7126
3361 7127
3360 6670
3359 6671
3358 6672
3357 6673
3356 6674
3355 6675
3354 6676
3353 6677
3352 6678
3351 6679
3350 10128
3349 10129
3348 10130
3347 10131
3346 10132
3345 10133
3344 10134
3343 10135
3342 10136
3341 10137
3340 10138
3339 10139
3338 10140
3337 10141
3336 10142
3335 10143
3334 10144
3333 10145
3332 10146
3331 10147
3330 10148
3329 10149
3328 10150
3327 10151
3324 7024
3323 7025
3322 7026
3321 7027
3320 7028
3319 7029
3318 7030
3317 7031
3316 10087
3315 10088
3314 10089
3313 10090
3312 10091
3311 10092
3310 10093
3309 10094
3308 10095
3307 10096
3306 10097
3305 10098
3304 10099
3303 10100
3302 10101
3301 10102
3300 10103
3299 10104
3298 10105
3297 10106
3296 10107
3295 7102
3294 7103
3293 7104
3292 7105
3291 7106
3290 7107
3289 7108
3288 7109
3287 7110
3286 7111
3285 7112
3284 7113
3283 7114
3282 7115
3281 7116
3280 7117
3279 7118
3278 7119
3277 9808
3276 9809
3275 9810
3274 9811
3273 9812
3272 9813
3271 9814
3270 9815
3269 9816
3268 9817
3267 9818
3266 9819
3265 9019
3264 9020
3263 9021
3262 9022
3261 9023
3260 9024
3259 9025
3258 9026
3257 9027
3256 9028
3255 9029
3254 9030
3253 9031
3252 9032
3251 9033
3250 7214
3249 7215
3248 7216
3247 7217
3246 7218
3245 7219
3244 7220
3243 7221
3242 7222
3241 7223
3240 7224
3239 7225
3238 7226
3237 7227
3236 7228
3235 9529
3234 9530
3233 9531
3232 9532
3231 9533
3230 9534
3229 9535
3228 9536
3227 9537
3226 9538
3225 9539
3224 9540
3223 9541
3222 9542
3221 9543
3220 9544
3219 9545
3218 9546
3217 9547
3216 9548
3215 9549
3214 9550
3213 9551
3212 9552
3211 9648
3210 9649
3209 9650
3208 9651
3207 9652
3206 9653
3205 9654
3204 9655
3203 9656
3202 9657
3201 9658
3200 9659
3199 9660
3198 10630
3197 10631
3196 10632
3195 10633
3194 10634
3193 10635
3192 10636
3191 10637
3190 10638
3189 10639
3188 10640
3187 10641
3186 10642
3185 10643
3184 10644
3183 10645
3182 6722
3181 6723
3180 6724
3179 6725
3178 6726
3177 6727
3176 6728
3175 6729
3174 6730
3173 6731
3172 8086
3171 8087
3170 8088
3169 8089
3168 8090
3167 8091
3166 8092
3165 8093
3164 8094
3163 8095
3162 8096
3161 8097
3160 8098
3159 8099
3158 8100
3157 8101
3156 8102
3155 8103
3154 8104
3153 8105
3152 8106
3151 8107
3150 8108
3149 8109
3148 8110
3147 8111
3146 8112
3145 11290
3144 11291
3143 11292
3142 11293
3141 11294
3140 11295
3139 11296
3138 11297
3137 11298
3136 11299
3135 11300
3134 11301
3133 11302
3132 11303
3131 11304
3130 11305
3129 6744
3128 6745
3127 6746
3126 6747
3125 6748
3124 6749
3123 6750
3122 6751
3121 6752
3120 7314
3119 7315
3118 7316
3117 7317
3116 7318
3115 7319
3114 7320
3113 7321
3112 7322
3111 7323
3110 7324
3109 7325
3108 7326
3107 7327
3106 7328
3105 7329
3104 7330
3103 7331
3102 7332
3101 7333
3100 7334
3099 7335
3098 7336
3097 7337
3096 7338
3095 7339
3094 7340
3093 11829
3092 11830
3091 11831
3090 11832
3089 11833
3088 11834
3087 11835
3086 11836
3085 11837
3084 11838
3083 11839
3082 11840
3081 11841
3080 11842
3079 11843
3078 11844
3077 11845
3076 11846
3075 11847
3074 11848
3073 11849
3072 11850
3071 11851
3070 11852
3069 11853
3068 11854
3067 13217
3066 13218
3065 13219
3064 13220
3063 13221
3062 13222
3061 13223
3060 13224
3059 13225
3058 13226
3057 13227
3056 13228
3055 13229
3054 13230
3053 13231
3052 13232
3051 13233
3050 13234
3049 13235
3048 13236
3047 13237
3046 13238
3045 13239
3044 13240
3043 13241
3042 13242
3041 13243
3040 13244
3039 13245
3038 13246
3037 13247
3036 13248
3035 13249
3034 13250
3033 13251
3032 13252
3031 13253
3030 13254
3029 13255
3028 13256
3027 13257
3026 13258
3025 13259
3024 13260
3023 13261
3022 13262
3021 13263
3020 13264
3019 13265
3018 13266
3017 13267
3016 13268
3015 13269
3014 6763
3013 6764
3012 6765
3011 6766
3010 6767
3009 6768
3008 6769
3007 6770
3006 6771
3005 6772
3004 6784
3003 6785
3002 6786
3001 6787
3000 6788
2999 6789
2998 6790
2997 6791
2996 6792
2995 12599
2994 12600
2993 12601
2992 12602
2991 12603
2990 12604
2989 12605
2988 7664
2987 7665
2986 7666
2985 7667
2984 7668
2983 7669
2982 7670
2981 7671
2980 7672
2979 7673
2978 7674
2977 7675
2976 7676
2975 7677
2974 7678
2973 6817
2972 6818
2971 6819
2970 6820
2969 6821
2968 6822
2967 6823
2966 6824
2965 6825
2964 6826
2963 6827
2962 6828
2961 6829
2958 6803
2957 6804
2956 6805
2955 6806
2954 6807
2953 6808
2952 6809
2951 6810
2950 6811
2949 6812
2947 2948
2946 6815
2945 6816
2944 7679
2943 7680
2942 7681
2941 7682
2940 7683
2939 7684
2938 7685
2936 2937
2935 12584
2934 12585
2933 12586
2932 12587
2931 12588
2930 12589
2929 12590
2928 12591
2926 2927
2925 12594
2924 12595
2923 12596
2922 12597
2921 12598
2920 6793
2919 6794
2918 6795
2916 2917
2915 6798
2914 6799
2913 6800
2912 6801
2911 6802
2910 6773
2909 6774
2908 6775
2907 6776
2906 6777
2905 6778
2904 6779
2902 2903
2901 6782
2900 6783
2899 13270
2898 13271
2897 13272
2896 13273
2894 2895
2893 13276
2892 13277
2891 13278
2890 13279
2889 13280
2887 2888
2886 13283
2885 13284
2884 13285
2883 13286
2881 2882
2880 13289
2879 13290
2878 13291
2877 13292
2876 13293
2874 2875
2873 6971
2872 6972
2871 6973
2870 6974
2869 6975
2867 2868
2866 6978
2865 6979
2864 6980
2863 6981
2861 2862
2860 6984
2859 6985
2858 6986
2857 6987
2856 6988
2855 6989
2853 2854
2852 13201
2851 13202
2850 13203
2849 13204
2848 13205
2846 2847
2845 13208
2844 13209
2843 13210
2842 13211
2841 13212
2839 2840
2838 13215
2837 13216
2836 11855
2835 11856
2834 11857
2833 11858
2831 2832
2830 11861
2829 11862
2828 11863
2827 11864
2826 11865
2824 2825
2823 11868
2822 11869
2821 11870
2820 11871
2819 11872
2818 11873
2816 2817
2815 11876
2814 11877
2813 11878
2812 11879
2811 11880
2810 11881
2808 2809
2807 11884
2806 11885
2805 11886
2804 11887
2803 11888
2802 11889
2800 2801
2799 11892
2798 11893
2797 11894
2796 11895
2795 11896
2794 11897
2792 2793
2791 11900
2790 11901
2789 11902
2788 11903
2787 11904
2785 2786
2784 11907
2783 11908
2782 11909
2781 7306
2780 7307
2779 7308
2777 2778
2776 7311
2775 7312
2774 7313
2773 6753
2772 6754
2770 2771
2769 6757
2768 6758
2767 6759
2766 6760
2765 6761
2764 6762
2762 2763
2761 11308
2760 11309
2759 11310
2758 11311
2757 11312
2755 2756
2754 11315
2753 11316
2752 11317
2751 11318
2750 11319
2749 11320
2748 11321
2747 11322
2746 11323
2745 11324
2743 2744
2742 11327
2741 11328
2740 11329
2739 8059
2738 8060
2736 2737
2735 8063
2734 8064
2733 8065
2732 8066
2731 8067
2729 2730
2728 8070
2727 8071
2726 8072
2725 8073
2724 8074
2722 2723
2721 8077
2720 8078
2719 8079
2718 8080
2717 8081
2715 2716
2714 8084
2713 8085
2712 6732
2711 6733
2710 6734
2708 2709
2707 6737
2706 6738
2705 6739
2704 6740
2703 6741
2701 2702
2700 10646
2699 10647
2698 10648
2697 10649
2696 10650
2695 10651
2694 10652
2692 2693
2691 10655
2690 10656
2689 10657
2688 10658
2687 10659
2685 2686
2684 10662
2683 10663
2682 10664
2681 10665
2679 2680
2678 10668
2677 10669
2676 10670
2675 10671
2674 10672
2672 2673
2671 10675
2670 10676
2669 10677
2668 10678
2667 10679
2665 2666
2664 10682
2663 10683
2662 10684
2661 10685
2659 2660
2658 10688
2657 10689
2656 10690
2655 9513
2653 2654
2652 9516
2651 9517
2650 9518
2649 9519
2648 9520
2646 2647
2645 9523
2644 9524
2643 9525
2642 9526
2641 9527
2640 9528
2639 7229
2638 7230
2637 7231
2635 2636
2634 7234
2633 7235
2632 7236
2631 7237
2629 2630
2628 7240
2627 7241
2626 7242
2625 7243
2623 2624
2622 6939
2621 6940
2620 6941
2619 6942
2617 2618
2616 6945
2615 6946
2614 6947
2613 9009
2611 2612
2610 9012
2609 9013
2608 9014
2607 9015
2605 2606
2604 9018
2603 9820
2602 9821
2601 9822
2599 2600
2598 9825
2597 9826
2596 9827
2595 9828
2593 2594
2592 9831
2591 9832
2590 9833
2589 9834
2588 9835
2587 9836
2586 9837
2585 9838
2584 9839
2583 9840
2582 9841
2581 6917
2579 2580
2578 6920
2577 6921
2576 6922
2575 6923
2574 6924
2573 6925
2571 2572
2570 6898
2569 6899
2568 6900
2567 6901
2566 6902
2565 6903
2563 2564
2562 6906
2561 6875
2560 6876
2559 6877
2558 6878
2557 6879
2556 6880
2554 2555
2553 6883
2552 6884
2551 6885
2550 7007
2549 7008
2548 7009
2547 7010
2545 2546
2544 7013
2543 7014
2542 7015
2541 7016
2540 7017
2539 7018
2538 7019
2535 6994
2534 6995
2533 6996
2532 6997
2531 6998
2530 6999
2529 7000
2527 2528
2526 7003
2525 7004
2524 7005
2523 7006
2522 6864
2521 6865
2520 6866
2518 2519
2517 6869
2516 6870
2515 6871
2514 6872
2513 6873
2512 6874
2511 6886
2510 6887
2508 2509
2507 6890
2506 6891
2505 6892
2504 6893
2503 6894
2502 6895
2500 2501
2499 6909
2498 6910
2497 6911
2496 6912
2495 6913
2494 6914
2492 2493
2491 9842
2490 9843
2489 9844
2488 9845
2487 9846
2486 9847
2485 8983
2484 8984
2483 8985
2482 8986
2481 8987
2479 2480
2478 8990
2477 8991
2476 8992
2475 8993
2473 2474
2472 8996
2471 8997
2470 8998
2469 8999
2467 2468
2466 9002
2465 9003
2464 9004
2463 9005
2461 2462
2460 9008
2459 6926
2458 6927
2457 6928
2455 2456
2454 6931
2453 6932
2452 6933
2451 6934
2449 2450
2448 7244
2447 7245
2446 7246
2445 7247
2443 2444
2442 7250
2441 7251
2440 7252
2438 2439
2437 7255
2436 7256
2435 7257
2434 7258
2432 2433
2431 9498
2430 9499
2429 9500
2428 9501
2427 9502
2425 2426
2424 9505
2423 9506
2422 9507
2421 9508
2419 2420
2418 9511
2417 9512
2416 10691
2415 10692
2414 10693
2412 2413
2411 10696
2410 10697
2409 10698
2408 10699
2406 2407
2405 10702
2404 10703
2403 10704
2402 10705
2400 2401
2399 9623
2398 9624
2397 9625
2396 9626
2395 9627
2393 2394
2392 9630
2391 9631
2390 9632
2389 9633
2387 2388
2386 10446
2385 10447
2384 10448
2383 10449
2382 10450
2380 2381
2379 10453
2378 10454
2377 10455
2376 10456
2375 10457
2374 10458
2373 10459
2372 10460
2370 2371
2369 10463
2368 10464
2367 10465
2366 10466
2365 10467
2363 2364
2362 10470
2361 10471
2360 10472
2359 8032
2357 2358
2356 8035
2355 8036
2354 8037
2353 8038
2352 8039
2350 2351
2349 8042
2348 8043
2347 8044
2346 8045
2345 8046
2343 2344
2342 8049
2341 8050
2340 8051
2339 8052
2337 2338
2336 8055
2335 8056
2334 8057
2333 8058
2332 11330
2330 2331
2329 11333
2328 11334
2327 11335
2326 11336
2325 11337
2323 2324
2322 11340
2321 11341
2320 11342
2319 11343
2318 11344
2316 2317
2315 11347
2314 10994
2313 10995
2312 10996
2311 10997
2309 2310
2308 11000
2307 7288
2306 7289
2305 7290
2304 7291
2302 2303
2301 7294
2300 7295
2299 7296
2298 7297
2297 7298
2295 2296
2294 7301
2293 7302
2292 7303
2291 7304
2290 7305
2288 2289
2287 11912
2286 11913
2285 11914
2284 11915
2283 11916
2281 2282
2280 11919
2279 11920
2278 11921
2277 11922
2276 11923
2274 2275
2273 11926
2272 11927
2271 11928
2270 11929
2269 11930
2268 11931
2267 11932
2266 11933
2265 12929
2264 12930
2262 2263
2261 12933
2260 12934
2259 12935
2258 12936
2257 12937
2255 2256
2254 12940
2253 12941
2252 12942
2251 12943
2250 12944
2248 2249
2247 12947
2246 12948
2245 12949
2244 12950
2243 12951
2241 2242
2240 12954
2239 12955
2238 12956
2237 12957
2235 2236
2234 12960
2233 12961
2232 12962
2231 12963
2230 12964
2228 2229
2227 12967
2226 12968
2225 12969
2224 13191
2223 13192
2221 2222
2220 13195
2219 13196
2218 13197
2217 13198
2216 6948
2215 6949
2214 6950
2213 6951
2212 6952
2210 2211
2209 6955
2208 6956
2207 6957
2206 6958
2205 6959
2203 2204
2202 6962
2201 6963
2200 6964
2199 6965
2197 2198
2196 6968
2195 13294
2194 13295
2193 13296
2191 2192
2190 13299
2189 13300
2188 13301
2187 13302
2185 2186
2184 13305
2183 13306
2182 13307
2181 7851
2180 7852
2178 2179
2177 7855
2176 7856
2175 7857
2174 7858
2172 2173
2171 7861
2170 7862
2169 7863
2168 7864
2167 12507
2166 12508
2164 2165
2163 12511
2162 12512
2161 12513
2160 12514
2159 12515
2158 12516
2157 12517
2156 12518
2154 2155
2153 12521
2152 12522
2151 12523
2150 12524
2149 12525
2148 12526
2147 12527
2145 2146
2144 12530
2143 12571
2142 12572
2141 12573
2140 12574
2139 12575
2138 12576
2137 12577
2135 2136
2134 12580
2133 12581
2132 7686
2131 7687
2130 7688
2129 7689
2128 7690
2127 7691
2125 2126
2124 7694
2123 7695
2122 7696
2121 7697
2120 7698
2119 7699
2118 7700
2117 7701
2116 7702
2114 2115
2113 7705
2112 7706
2111 7707
2108 7424
2107 7425
2106 7426
2105 7427
2104 7428
2103 7429
2101 2102
2100 7432
2099 7433
2098 7434
2097 7435
2096 7436
2095 7437
2094 7438
2093 7439
2091 2092
2090 7442
2089 7443
2088 7444
2087 7445
2086 7446
2085 7447
2084 7448
2082 2083
2081 7451
2080 7452
2079 7453
2078 7454
2077 7455
2076 7456
2075 7457
2074 7458
2072 2073
2071 7461
2070 7462
2069 7463
2068 7464
2067 7465
2066 7466
2064 2065
2063 7469
2062 7470
2061 7471
2060 7472
2059 12458
2058 12459
2057 12460
2056 12461
2055 12462
2054 12463
2053 12464
2052 12465
2050 2051
2049 12468
2048 12469
2047 12470
2046 12471
2044 2045
2043 7845
2042 7846
2041 7847
2040 7848
2038 2039
2037 13308
2036 13309
2035 13310
2034 13311
2032 2033
2031 13314
2030 13315
2029 13316
2028 13157
2026 2027
2025 13160
2024 13161
2023 13162
2022 13163
2020 2021
2019 13166
2018 13167
2017 13168
2016 13169
2014 2015
2013 13172
2012 13173
2011 13174
2010 13175
2008 2009
2007 13178
2006 13179
2005 13180
2004 13181
2003 13182
2002 13183
2001 13184
1999 2000
1998 13187
1997 13188
1996 13189
1995 13190
1993 1994
1992 12972
1991 12973
1990 12974
1989 12975
1988 12976
1986 1987
1985 12979
1984 12980
1983 12981
1982 12982
1980 1981
1979 12985
1978 12986
1977 11776
1976 11777
1975 11778
1973 1974
1972 11781
1971 11782
1970 11783
1969 12912
1967 1968
1966 12915
1965 12916
1964 12917
1963 12918
1961 1962
1960 12921
1959 12922
1958 12923
1957 12924
1956 12925
1954 1955
1953 12928
1952 11934
1951 11935
1950 11936
1949 11937
1948 11938
1947 11939
1945 1946
1944 11942
1943 11943
1942 11944
1941 11945
1939 1940
1938 11948
1937 11949
1936 11950
1935 11677
1934 11678
1932 1933
1931 11681
1930 11682
1929 11683
1928 7269
1926 1927
1925 7272
1924 7273
1923 7274
1922 7275
1921 7276
1919 1920
1918 7279
1917 7280
1916 7281
1915 7282
1913 1914
1912 7285
1911 7286
1910 7287
1909 11001
1907 1908
1906 11004
1905 11005
1904 11006
1903 11007
1902 11008
1900 1901
1899 11011
1898 11012
1897 11013
1896 11014
1895 11015
1894 11016
1893 11017
1892 11018
1890 1891
1889 11021
1888 11022
1887 11023
1886 11024
1884 1885
1883 11027
1882 11028
1881 11029
1880 11030
1879 11031
1877 1878
1876 11034
1875 11035
1874 11036
1873 8016
1871 1872
1870 8019
1869 8020
1868 8021
1867 8022
1865 1866
1864 8025
1863 8026
1862 8027
1861 8028
1860 8029
1858 1859
1857 10473
1856 10474
1855 10475
1854 10476
1852 1853
1851 10479
1850 10480
1849 10481
1848 10482
1846 1847
1845 10485
1844 10486
1843 10487
1842 10488
1841 10416
1840 10417
1839 10418
1838 10419
1837 10420
1835 1836
1834 10423
1833 9603
1832 9604
1831 9605
1829 1830
1828 9608
1827 9609
1826 9610
1825 9611
1824 9612
1822 1823
1821 9615
1820 9616
1819 9617
1818 9618
1816 1817
1815 10706
1814 10707
1813 10708
1812 10709
1810 1811
1809 10712
1808 10713
1807 10714
1806 10715
1804 1805
1803 10718
1802 10719
1801 10720
1800 10721
1799 9480
1797 1798
1796 9483
1795 9484
1794 9485
1793 9486
1791 1792
1790 9489
1789 9490
1788 9491
1787 9492
1786 9493
1784 1785
1783 7144
1782 7145
1781 7146
1780 7147
1778 1779
1777 7150
1776 7151
1775 7152
1774 7153
1772 1773
1771 7156
1770 9099
1769 9100
1767 1768
1766 9103
1765 9104
1764 9105
1763 9106
1761 1762
1760 9109
1759 9110
1758 9111
1757 8957
1755 1756
1754 8960
1753 8961
1752 8962
1751 8963
1749 1750
1748 8966
1747 8967
1746 8968
1745 8969
1743 1744
1742 8972
1741 8973
1740 8974
1739 8975
1737 1738
1736 8978
1735 8979
1734 8980
1733 8981
1732 8982
1731 9848
1730 9849
1729 9850
1728 9851
1727 9852
1725 1726
1724 9855
1723 9856
1722 9857
1721 9858
1720 9859
1719 9860
1717 1718
1716 9863
1715 8783
1714 8784
1713 8785
1712 8786
1711 8787
1710 8788
1708 1709
1707 8791
1706 8792
1705 8793
1704 8794
1703 8795
1702 8796
1701 8797
1699 1700
1698 8800
1697 8801
1696 8802
1695 8803
1694 10017
1693 10018
1692 10019
1691 10020
1689 1690
1688 10023
1687 10024
1686 10025
1685 10026
1684 10027
1683 10028
1682 10029
1679 10004
1678 10005
1677 10006
1676 10007
1675 10008
1674 10009
1673 10010
1672 10011
1670 1671
1669 10014
1668 10015
1667 10016
1666 8804
1665 8805
1664 8806
1663 8807
1662 8808
1660 1661
1659 8811
1658 8812
1657 8813
1656 8772
1655 8773
1654 8774
1653 8775
1651 1652
1650 8778
1649 8779
1648 8780
1647 8781
1646 8782
1645 9864
1644 9865
1642 1643
1641 9868
1640 9869
1639 9870
1638 9871
1637 9872
1636 9873
1634 1635
1633 9876
1632 9877
1631 9878
1630 9879
1629 9261
1628 9262
1627 9263
1626 9264
1625 9265
1623 1624
1622 9268
1621 9269
1620 9270
1619 9271
1617 1618
1616 8944
1615 8945
1614 8946
1613 8947
1611 1612
1610 8950
1609 8951
1608 8952
1607 8953
1605 1606
1604 8956
1603 9112
1602 9113
1601 9114
1599 1600
1598 9117
1597 9118
1596 9119
1594 1595
1593 9122
1592 9123
1591 9124
1590 9125
1588 1589
1587 9454
1586 9455
1585 9456
1584 9457
1582 1583
1581 9460
1580 9461
1579 9462
1577 1578
1576 9465
1575 9466
1574 9467
1573 9468
1572 9469
1571 9470
1569 1570
1568 9473
1567 9474
1566 9475
1565 9476
1563 1564
1562 9479
1561 10722
1560 10723
1559 10724
1557 1558
1556 10727
1555 10728
1554 10729
1553 10730
1551 1552
1550 10733
1549 10734
1548 10735
1547 10736
1546 10737
1544 1545
1543 10740
1542 10393
1541 10394
1540 10395
1538 1539
1537 10398
1536 10399
1535 10400
1534 10401
1532 1533
1531 10404
1530 10405
1529 10406
1528 10407
1526 1527
1525 10410
1524 10411
1523 10412
1522 10413
1521 10414
1520 10415
1519 10489
1518 10490
1517 10491
1516 10492
1514 1515
1513 10495
1512 10496
1511 10497
1510 10498
1508 1509
1507 7996
1506 7997
1505 7998
1504 7999
1502 1503
1501 8002
1500 8003
1499 8004
1498 8005
1496 1497
1495 8008
1494 8009
1493 8010
1492 8011
1490 1491
1489 8014
1488 8015
1487 11037
1486 11038
1484 1485
1483 11041
1482 11042
1481 11043
1480 11044
1478 1479
1477 11047
1476 11048
1475 11049
1474 11050
1472 1473
1471 11053
1470 11054
1469 11055
1468 11056
1466 1467
1465 11059
1464 11060
1463 11061
1462 11568
1461 11569
1459 1460
1458 11572
1457 11573
1456 11574
1455 11575
1453 1454
1452 11578
1451 11579
1450 11580
1449 11581
1447 1448
1446 11584
1445 11585
1444 11586
1443 11587
1441 1442
1440 11590
1439 11591
1438 11592
1437 11593
1435 1436
1434 11596
1433 11668
1432 11669
1431 11670
1429 1430
1428 11673
1427 11674
1426 11675
1425 11676
1423 1424
1422 11953
1421 11954
1420 11955
1419 11956
1417 1418
1416 11959
1415 11960
1414 11961
1413 11962
1411 1412
1410 11965
1409 8441
1408 8442
1407 8443
1406 8444
1404 1405
1403 8447
1402 8448
1401 8449
1400 8450
1398 1399
1397 8453
1396 8454
1395 11762
1394 11763
1392 1393
1391 11766
1390 11767
1389 11768
1388 11769
1386 1387
1385 11772
1384 11773
1383 11774
1382 11775
1380 1381
1379 12989
1378 12990
1377 12991
1376 12992
1374 1375
1373 12995
1372 12996
1371 12997
1370 12998
1368 1369
1367 13001
1366 13002
1365 13003
1363 1364
1362 13006
1361 13007
1360 13008
1359 13009
1357 1358
1356 13012
1355 13013
1354 13014
1353 13015
1352 13016
1351 13017
1349 1350
1348 13020
1347 13021
1346 13140
1344 1345
1343 13143
1342 13144
1341 13145
1340 13146
1338 1339
1337 13149
1336 13150
1335 13151
1334 13152
1332 1333
1331 13155
1330 13156
1329 13317
1327 1328
1326 13320
1325 13321
1324 13322
1323 13323
1321 1322
1320 13326
1319 13327
1318 13328
1317 13329
1315 1316
1314 12441
1313 12442
1312 12443
1310 1311
1309 12446
1308 12447
1307 12448
1306 12449
1305 12450
1303 1304
1302 12453
1301 12454
1300 12455
1299 12456
1298 12457
1297 7473
1296 7474
1295 7475
1293 1294
1292 7478
1291 7479
1290 7480
1289 7481
1288 7482
1287 7483
1285 1286
1284 7486
1283 7487
1282 7488
1281 7489
1280 7490
1279 7491
1278 7492
1276 1277
1275 7495
1274 7496
1273 7497
1272 7498
1271 7499
1270 7500
1269 7501
1267 1268
1266 7504
1265 7505
1264 7506
1263 7507
1262 7508
1261 7509
1260 7510
1259 7783
1257 1258
1256 7786
1255 7787
1254 7788
1253 7789
1252 7790
1251 7791
1250 7792
1249 7793
1246 8602
1245 8603
1243 1244
1242 8606
1241 8607
1240 8608
1239 8609
1238 8610
1237 12382
1236 12383
1234 1235
1233 12386
1232 12387
1231 12388
1230 12389
1229 12390
1228 12391
1227 12392
1226 12393
1224 1225
1223 12396
1222 12397
1221 12398
1220 12399
1219 12400
1218 12401
1216 1217
1215 12404
1214 12405
1213 12406
1212 12407
1211 12408
1210 12409
1209 12410
1207 1208
1206 12413
1205 12414
1204 12415
1203 12416
1202 12417
1200 1201
1199 12420
1198 12421
1197 12422
1196 12423
1195 12424
1194 12425
1192 1193
1191 12428
1190 12429
1189 12430
1188 12431
1186 1187
1185 12434
1184 12435
1183 12436
1182 12437
1180 1181
1179 12440
1178 13332
1177 13333
1175 1176
1174 13336
1173 13337
1172 13338
1171 13339
1169 1170
1168 12177
1167 12178
1166 12179
1164 1165
1163 13123
1162 13124
1161 13125
1160 13126
1158 1159
1157 13129
1156 13130
1155 13131
1153 1154
1152 13134
1151 13135
1150 13136
1148 1149
1147 13139
1146 13022
1145 13023
1144 13024
1142 1143
1141 13027
1140 13028
1139 13029
1138 13030
1137 13031
1136 13032
1135 13033
1134 13034
1132 1133
1131 13037
1130 13038
1129 13039
1127 1128
1126 13042
1125 13043
1124 13044
1123 13045
1121 1122
1120 13048
1119 13049
1118 12062
1117 12063
1115 1116
1114 12066
1113 12067
1112 12068
1110 1111
1109 12071
1108 12072
1107 12073
1106 12074
1104 1105
1103 12077
1102 12078
1101 12079
1099 1100
1098 12082
1097 12083
1096 12084
1095 12085
1093 1094
1092 12088
1091 12089
1090 8434
1089 8435
1087 1088
1086 8438
1085 8439
1084 8440
1083 11966
1082 11967
1081 11968
1080 11969
1078 1079
1077 11972
1076 11973
1075 11974
1074 11975
1072 1073
1071 11978
1070 11979
1069 11980
1067 1068
1066 11983
1065 11984
1064 11985
1063 11986
1061 1062
1060 11989
1059 11990
1058 11991
1057 11992
1055 1056
1054 11491
1053 11492
1052 11493
1050 1051
1049 11496
1048 11497
1047 11498
1046 11499
1044 1045
1043 11502
1042 11503
1041 11504
1040 11505
1038 1039
1037 11561
1036 11562
1035 11563
1034 11564
1032 1033
1031 11567
1030 11062
1029 11063
1028 11064
1027 11065
1026 11066
1024 1025
1023 11069
1022 11070
1021 11071
1020 11072
1018 1019
1017 11075
1016 11076
1015 11077
1014 11138
1012 1013
1011 11141
1010 11142
1009 11143
1008 11144
1006 1007
1005 11147
1004 11148
1003 11149
1002 11150
1000 1001
999 11153
998 11154
997 11155
995 996
994 11158
993 8577
992 8578
991 8579
989 990
988 8582
987 8583
986 8584
985 8585
983 984
982 8588
981 8589
980 8590
979 8591
977 978
976 8594
975 8595
974 8596
973 8597
972 10322
970 971
969 10325
968 10326
967 10327
966 10328
964 965
963 10281
962 10282
961 10283
960 10284
958 959
957 10287
956 10288
955 10289
954 10290
952 953
951 8546
950 8547
949 8548
948 8549
946 947
945 8552
944 8553
943 8554
942 8555
940 941
939 8527
938 8528
937 8529
936 8530
934 935
933 8533
932 8534
931 8535
930 8504
928 929
927 8507
926 8508
925 8509
924 8510
922 923
921 8513
920 9438
919 9439
918 9440
917 9441
916 9442
914 915
913 9445
912 9446
911 9447
910 9448
908 909
907 9451
906 9452
905 9453
903 904
902 9130
901 9131
900 9132
899 9133
897 898
896 9136
895 9137
894 9138
893 9139
891 892
890 9142
889 9143
888 8484
886 887
885 8487
884 8488
883 8489
882 8490
880 881
879 8493
878 9245
877 9246
876 9247
874 875
873 9250
872 9251
871 9252
870 9253
868 869
867 9256
866 9257
865 9258
864 9259
863 9260
862 9880
861 9881
860 9882
859 9883
857 858
856 9886
855 9887
854 9888
853 9889
852 9890
850 851
849 9893
848 9894
847 9895
846 8724
845 8725
844 8726
843 8727
841 842
840 8730
839 8731
838 8732
837 8733
836 8734
835 8735
834 8736
833 8737
831 832
830 8740
829 8649
828 8650
827 8651
826 8652
825 8653
824 8654
823 8655
821 822
820 8658
819 8659
818 8660
817 8661
816 8662
815 8663
814 8664
813 8665
810 8690
809 8691
808 8692
807 8693
806 8694
805 8695
804 8696
803 8697
801 802
800 8700
799 8701
798 8702
797 8703
796 8704
795 8705
794 8706
793 8707
792 8708
790 791
789 8711
788 8712
787 8713
786 8714
785 8715
784 8716
783 8717
782 8718
780 781
779 8721
778 8722
777 8723
776 9896
775 9897
774 9898
772 773
771 9901
770 9902
769 9903
768 9904
767 9905
766 9906
764 765
763 9226
762 9227
761 9228
760 9229
759 9230
758 9231
757 9232
756 9233
754 755
753 9236
752 9237
751 9238
750 9239
748 749
747 9242
746 9243
745 9244
744 8474
742 743
741 8477
740 8478
739 8479
737 738
736 8482
735 8483
734 9144
733 9145
731 732
730 9148
729 9149
728 9150
727 9151
725 726
724 9416
723 9417
722 9418
720 721
719 9421
718 9422
717 9423
716 9424
714 715
713 9427
712 9428
711 9429
710 9430
708 709
707 9433
706 9434
705 9435
704 9436
703 9437
702 8494
700 701
699 8497
698 8498
697 8499
696 8500
694 695
693 8503
692 8514
691 8515
690 8516
688 689
687 8519
686 8520
685 8521
684 8522
682 683
681 8536
680 8537
679 8538
678 8539
676 677
675 8542
674 8543
673 8544
672 8545
670 671
669 10242
668 10243
667 10244
665 666
664 10247
663 10309
662 10310
661 10311
659 660
658 10314
657 10315
656 10316
654 655
653 10319
652 10320
651 10321
650 8556
649 8557
648 8558
647 8559
645 646
644 8562
643 8563
642 8564
641 8565
639 640
638 8568
637 8569
636 8570
634 635
633 8573
632 8574
631 8575
630 8576
628 629
627 11161
626 11162
625 11163
623 624
622 11166
621 11125
620 11126
619 11127
617 618
616 11130
615 11131
614 11132
613 11133
611 612
610 11136
609 11137
608 11078
606 607
605 11081
604 11082
603 11083
602 11084
600 601
599 11087
598 11088
597 11089
596 11090
595 11091
594 11092
593 11093
592 11094
590 591
589 11466
588 11467
587 11468
586 11469
584 585
583 11472
582 11473
581 11474
579 580
578 11477
577 11478
576 11479
575 11480
573 574
572 11483
571 11484
570 11485
568 569
567 11488
566 10827
565 10828
563 564
562 10831
561 10832
560 10833
559 10834
557 558
556 10837
555 10838
554 10839
552 553
551 10842
550 10843
549 10844
547 548
546 10847
545 10848
544 10849
542 543
541 10852
540 10853
539 10854
538 10855
537 11993
536 11994
534 535
533 11997
532 11998
531 11999
529 530
528 12002
527 12003
526 12013
525 12014
523 524
522 12017
521 12018
520 12019
518 519
517 12022
516 12023
515 12024
513 514
512 12053
511 12054
510 12055
508 509
507 12058
506 12059
505 12060
504 12061
502 503
501 13052
500 13053
499 13054
497 498
496 13057
495 13058
494 13059
492 493
491 13062
490 13063
489 13064
488 13065
486 487
485 13068
484 13069
483 13070
482 13071
481 13072
480 13073
478 479
477 13076
476 13077
475 13078
473 474
472 13081
471 13082
470 13083
468 469
467 13086
466 13087
465 13088
464 13089
462 463
461 12164
460 12165
459 12166
457 458
456 12169
455 12170
454 12171
452 453
451 12174
450 12262
449 12263
447 448
446 12266
445 12267
444 12268
442 443
441 12271
440 12272
439 12273
438 12274
436 437
435 12277
434 12278
433 12279
431 432
430 12282
429 12283
428 12284
427 12285
426 12286
425 12287
424 12288
423 12289
422 12290
420 421
419 12293
418 12294
417 12295
416 12296
415 12297
413 414
412 12300
411 12301
410 12302
409 12303
408 12304
406 407
405 12307
404 12308
403 12309
402 12310
401 12311
400 12312
399 12313
397 398
396 12316
395 12317
394 12318
393 12319
392 12320
391 12321
390 8404
388 389
387 8407
386 8408
385 8409
384 8410
383 8411
382 8412
381 8413
379 380
378 8416
377 8417
376 8418
375 8419
372 8390
371 8391
370 8392
369 8393
368 8394
367 8395
366 8396
365 8397
364 8398
363 8399
362 8400
361 8401
360 8402
359 8403
358 12322
357 12323
356 12324
355 12325
354 12326
353 12327
352 12328
351 12329
350 12330
349 12331
348 12332
347 12333
346 12334
345 12335
344 12336
343 12337
342 10229
341 10230
340 10231
339 10232
338 10233
337 10234
336 10235
335 10236
334 10237
333 10238
332 10239
331 10208
330 10209
329 10210
328 10211
327 10212
326 10213
325 10214
324 10215
323 10216
322 10217
321 10218
320 12137
319 12138
318 12139
317 12140
316 12141
315 12142
314 12143
313 12144
312 12145
311 12146
309 310
308 12149
307 12150
306 12151
305 12152
304 12153
303 12154
302 12155
301 12156
300 12157
299 12158
298 12159
297 12160
296 12161
295 13090
294 13091
293 13092
292 13093
291 13094
290 13095
289 13096
288 13097
287 13098
286 13099
285 13100
284 13101
283 13102
282 13103
281 12792
280 12793
279 12794
278 12795
277 12796
276 12797
275 12798
274 12799
273 12800
272 12801
271 12802
270 12803
269 12804
268 12035
267 12036
266 12037
265 12038
264 12039
263 12040
262 12041
261 12042
260 12043
259 12044
258 12045
256 257
255 12048
254 12049
253 12050
252 12025
251 12026
250 12027
249 12028
248 12029
247 12030
246 12031
245 12032
244 12033
243 12034
242 12004
241 12005
240 12006
239 12007
238 12008
237 12009
236 12010
235 12011
234 12012
233 10856
232 10857
231 10858
230 10859
229 10860
228 10861
227 10862
226 10863
225 10864
224 10865
223 10866
222 10867
221 10868
220 10869
219 10870
218 10871
217 10872
216 10873
215 10874
213 214
212 10877
211 10878
210 10879
209 10880
208 10881
207 10882
206 10883
205 11450
204 11451
203 11452
202 11453
201 11454
200 11455
199 11456
198 11457
197 11458
196 11459
195 11460
194 11461
193 11462
192 11463
191 11464
190 11465
189 11097
188 11098
187 11099
186 11100
185 11101
184 11102
183 11103
182 11104
181 11105
180 11106
179 11107
177 178
176 11110
175 11111
174 11112
173 11113
172 11114
171 11115
170 11116
169 11117
168 11118
167 11119
166 11120
165 11121
164 11122
163 11123
162 11124
161 11167
160 11168
159 11169
158 11170
157 11171
156 11172
155 11173
154 10152
153 10153
152 10154
151 10155
150 10156
149 10157
148 10158
147 10159
146 10160
145 10161
144 10162
143 10163
142 10293
141 10294
140 10295
139 10296
138 10297
137 10298
136 10299
135 10300
134 10301
133 10302
132 10303
131 10304
130 10305
129 10306
128 10307
127 10308
126 10248
125 10249
124 10250
123 10251
122 10252
121 10253
120 10254
119 10255
118 10256
117 10257
116 10258
115 10259
114 10260
113 9375
112 9376
111 9377
110 9378
109 9379
108 9380
107 9381
106 9382
105 9383
104 9384
103 9385
102 9386
101 9387
100 9388
99 9389
98 9390
97 9391
96 9392
95 9393
94 9394
93 9395
92 9396
91 9397
90 9398
89 9399
88 9400
87 9401
86 9402
85 9403
84 9404
83 9405
82 9406
81 9407
80 9408
79 9409
78 9410
77 9411
76 9412
75 9413
74 9152
73 9153
72 9154
71 9155
70 9156
69 9157
68 9158
67 9159
66 9160
65 9161
64 9162
63 9163
62 9164
61 9165
60 9166
59 9167
58 9168
57 9169
56 9170
55 9213
54 9214
53 9215
52 9216
51 9217
50 9218
49 9219
48 9220
47 9221
46 9222
45 9223
44 9224
43 9225
42 9909
41 9910
40 9911
39 9912
38 9913
37 9914
36 9915
35 9916
34 9917
33 9918
32 9919
31 9920
30 9921
29 9922
28 9923
27 9924
26 9925
25 9926
24 9927
23 9928
22 9929
21 9930
20 9931
19 9932
18 9933
17 9934
16 8633
15 8634
14 8635
13 8636
12 8637
11 8638
10 8639
9 8640
8 8678
7 8679
6 8680
5 8681
4 8682
3 8683
2 8684
1 8685
