6658 8279
6657 8280
6656 8281
6655 8282
6654 8283
6653 8284
6652 8285
6651 8286
6650 8287
6649 8288
6648 8289
6647 8290
6646 8291
6645 8292
6644 8293
6643 8294
6642 8295
6641 8296
6640 8297
6639 8298
6638 8299
6637 8300
6636 8301
6635 8302
6634 8372
6633 8373
6632 8374
6631 8375
6630 8376
6629 8377
6628 8378
6627 8379
6626 8380
6625 8381
6624 8392
6623 8393
6622 8394
6621 8395
6620 8396
6619 8397
6618 8398
6617 8399
6616 8400
6615 8401
6614 8402
6613 8414
6612 8415
6611 8416
6610 8417
6609 8418
6608 8419
6607 8420
6606 8421
6605 8422
6604 8423
6603 8434
6602 8435
6601 8436
6600 8437
6599 8438
6598 8439
6597 8440
6596 8441
6595 8442
6594 8443
6593 8444
6592 8456
6591 8457
6590 8458
6589 8459
6588 8460
6587 8461
6586 8462
6585 8463
6584 8464
6583 8465
6582 11514
6581 11515
6580 11516
6579 11517
6578 11518
6577 11519
6576 11520
6575 11521
6574 11522
6573 11523
6572 11524
6571 11525
6570 11526
6569 11527
6568 11528
6567 11529
6566 11530
6565 11531
6564 11532
6563 11533
6562 11534
6561 11535
6560 11536
6559 11537
6558 10976
6557 10977
6556 10978
6555 10979
6554 10980
6553 10981
6552 10982
6551 10983
6550 11109
6549 11110
6548 11111
6547 11112
6546 11113
6545 11114
6544 11115
6543 11116
6542 11117
6541 11118
6540 11119
6539 11139
6538 11140
6537 11141
6536 11142
6535 11143
6534 11144
6533 11145
6532 11146
6531 11147
6530 11148
6529 11149
6528 11150
6527 11151
6526 11152
6525 11153
6524 11154
6523 11155
6522 11156
6521 11157
6520 11158
6519 11159
6518 12059
6517 12060
6516 12061
6515 12062
6514 12063
6513 12064
6512 12065
6511 12066
6510 12067
6509 12068
6508 12069
6507 12070
6506 12071
6505 8765
6504 8766
6503 8767
6502 8768
6501 8769
6500 8770
6499 8771
6498 8772
6497 8773
6496 8774
6495 8786
6494 8787
6493 8788
6492 8789
6491 8790
6490 8791
6489 8792
6488 8793
6487 8794
6486 8795
6485 8821
6484 8822
6483 8823
6482 8824
6481 8825
6480 8826
6479 8827
6478 8828
6477 8829
6476 8830
6475 8831
6474 8832
6473 8833
6472 8834
6471 8835
6470 8836
6469 8837
6468 8838
6467 8839
6466 8840
6465 8841
6464 8842
6463 8843
6462 8844
6461 8845
6460 8846
6459 8847
6458 8848
6457 8849
6456 8850
6455 8851
6454 12256
6453 12257
6452 12258
6451 12259
6450 12260
6449 12261
6448 12262
6447 12263
6446 12264
6445 12265
6444 12266
6443 12267
6442 9450
6441 9451
6440 9452
6439 9453
6438 9454
6437 9455
6436 9456
6435 9457
6434 9458
6433 12457
6432 12458
6431 12459
6430 12460
6429 12461
6428 12462
6427 12463
6426 12464
6425 12465
6424 12466
6423 12467
6422 12468
6421 12469
6420 12470
6419 12471
6418 12472
6417 12473
6416 12474
6415 12475
6414 12476
6413 12477
6412 12890
6411 12891
6410 12892
6409 12893
6408 12894
6407 12895
6406 12896
6405 12897
6404 12898
6403 12899
6402 12900
6401 12901
6400 12902
6399 9470
6398 9471
6397 9472
6396 9473
6395 9474
6394 9475
6393 9476
6392 9477
6391 9478
6390 9523
6389 9524
6388 9525
6387 9526
6386 9527
6385 9528
6384 9529
6383 9530
6382 9489
6381 9490
6380 9491
6379 9492
6378 9493
6377 9494
6376 9495
6375 9496
6374 9497
6373 9498
6372 9499
6371 9500
6370 12947
6369 12948
6368 12949
6367 12950
6366 12951
6365 12952
6364 12953
6363 12954
6362 12955
6361 7036
6360 7037
6359 7038
6358 7039
6357 7040
6356 7041
6355 7042
6354 7043
6353 7044
6352 7045
6351 7046
6350 7047
6349 13033
6348 13034
6347 13035
6346 13036
6345 13037
6344 13038
6341 7942
6340 7943
6339 7944
6338 7945
6337 7946
6336 7947
6335 7948
6334 7949
6333 7950
6332 7028
6331 7029
6330 7030
6329 7031
6328 7032
6327 7033
6326 7034
6325 7035
6324 12956
6323 12957
6322 12958
6321 12959
6320 12960
6319 12961
6318 12962
6317 12963
6316 12964
6315 12965
6314 10064
6313 10065
6312 10066
6311 10067
6310 10068
6309 10069
6308 10070
6307 10071
6306 10072
6305 10073
6304 10074
6303 9531
6302 9532
6301 9533
6300 9534
6299 9535
6298 9536
6297 9537
6296 9538
6295 9539
6294 9540
6293 12871
6292 12872
6291 12873
6290 12874
6289 12875
6288 12876
6287 12877
6286 12878
6285 12879
6284 12880
6283 12881
6282 12882
6281 12883
6280 12884
6279 12885
6278 12886
6277 12887
6276 12888
6275 12889
6274 12478
6273 12479
6272 12480
6271 12481
6270 12482
6269 12483
6268 12484
6267 12485
6266 12486
6265 12487
6264 12488
6263 12489
6262 12490
6261 12491
6260 12492
6259 12493
6258 12494
6257 12495
6256 12496
6255 12497
6254 12498
6253 12499
6252 12500
6251 12501
6250 12502
6249 12503
6248 12504
6247 12505
6246 12506
6245 12507
6244 12508
6243 12509
6242 12510
6241 12247
6240 12248
6239 12249
6238 12250
6237 12251
6236 12252
6235 12253
6234 12254
6233 12255
6232 8852
6231 8853
6230 8854
6229 8855
6228 8856
6227 8857
6226 8858
6225 9106
6224 9107
6223 9108
6222 9109
6221 9110
6220 9111
6219 9112
6218 9113
6217 9114
6216 9115
6215 9116
6214 9117
6213 9118
6212 9119
6211 9120
6210 9121
6209 9122
6208 9123
6207 9124
6206 9125
6205 8476
6204 8477
6203 8478
6202 8479
6201 8480
6200 8481
6199 8482
6198 8483
6197 8484
6196 8485
6195 8486
6194 8487
6193 8488
6192 8489
6191 8490
6190 8491
6189 8492
6188 12040
6187 12041
6186 12042
6185 12043
6184 12044
6183 12045
6182 12046
6181 12047
6180 12048
6179 12049
6178 12050
6177 12051
6176 12052
6175 12053
6174 12054
6173 12055
6172 12056
6171 12057
6170 12058
6169 11160
6168 11161
6167 11162
6166 11163
6165 11164
6164 11165
6163 11166
6162 11167
6161 11168
6160 11169
6159 11170
6158 11171
6157 11172
6156 11173
6155 11799
6154 11800
6153 11801
6152 11802
6151 11803
6150 11804
6149 11805
6148 11806
6147 11099
6146 11100
6145 11101
6144 11102
6143 11103
6142 11104
6141 11105
6140 11106
6139 11107
6138 11108
6137 10984
6136 10985
6135 10986
6134 10987
6133 10988
6132 10989
6131 10990
6130 10991
6129 10992
6128 10993
6127 10994
6126 10995
6125 10996
6124 10997
6123 10998
6122 11498
6121 11499
6120 11500
6119 11501
6118 11502
6117 11503
6116 11504
6115 11505
6114 11506
6113 11507
6112 11508
6111 11509
6110 11510
6109 11511
6108 11512
6107 11513
6106 8466
6105 8467
6104 8468
6103 8469
6102 8470
6101 8471
6100 8472
6099 8473
6098 8474
6097 8475
6096 8445
6095 8446
6094 8447
6093 8448
6092 8449
6091 8450
6090 8451
6089 8452
6088 8453
6087 8454
6086 8455
6085 8424
6084 8425
6083 8426
6082 8427
6081 8428
6080 8429
6079 8430
6078 8431
6077 8432
6076 8433
6075 8403
6074 8404
6073 8405
6072 8406
6071 8407
6070 8408
6069 8409
6068 8410
6067 8411
6066 8412
6065 8413
6064 8382
6063 8383
6062 8384
6061 8385
6060 8386
6059 8387
6058 8388
6057 8389
6056 8390
6055 8391
6054 8303
6053 8304
6052 8305
6051 8306
6050 8307
6049 8308
6048 8309
6047 8310
6046 8311
6045 8312
6044 8313
6043 8314
6042 8315
6041 8316
6040 8317
6039 8318
6038 8259
6037 8260
6036 8261
6035 8262
6034 8263
6033 8264
6032 8265
6031 8266
6028 13073
6027 13074
6026 13075
6025 13076
6024 13077
6023 13078
6022 13079
6021 13080
6020 13081
6019 13082
6018 13083
6017 13084
6016 13085
6015 13283
6014 13284
6013 13285
6012 13286
6011 13287
6010 13288
6009 13289
6008 13290
6007 13291
6006 13292
6005 13293
6004 13294
6003 10636
6002 10637
6001 10638
6000 10639
5999 10640
5998 10641
5997 10642
5996 10643
5995 10644
5994 10645
5993 10646
5992 10647
5991 10648
5990 10649
5989 10650
5988 10651
5987 10652
5986 10653
5985 10540
5984 10541
5983 10542
5982 10543
5981 10544
5980 10545
5979 10546
5978 10109
5977 10110
5976 10111
5975 10112
5974 10113
5973 10114
5972 10115
5971 10116
5970 10117
5969 10118
5968 10119
5967 10120
5966 10121
5965 10122
5964 10123
5963 10124
5962 8526
5961 8527
5960 8528
5959 8529
5958 8530
5957 8531
5956 8532
5955 8533
5954 8534
5953 8535
5952 8536
5951 8537
5950 8538
5949 10947
5948 10948
5947 10949
5946 10950
5945 10951
5944 10952
5943 10953
5942 10954
5941 10955
5940 10956
5939 10957
5938 10958
5937 10959
5936 11564
5935 11565
5934 11566
5933 11567
5932 11568
5931 11569
5930 11570
5929 11571
5928 11572
5927 11573
5926 11574
5925 11575
5924 11576
5923 11577
5922 11578
5921 11579
5920 11580
5919 11581
5918 11582
5917 11583
5916 11584
5915 11585
5914 11586
5913 11587
5912 11588
5911 11589
5910 11030
5909 11031
5908 11032
5907 11033
5906 11034
5905 11035
5904 11036
5903 11037
5902 11038
5901 11039
5900 11040
5899 11041
5898 11042
5897 11091
5896 11092
5895 11093
5894 11094
5893 11095
5892 11096
5891 11097
5890 11098
5889 11807
5888 11808
5887 11809
5886 11810
5885 11811
5884 11812
5883 11813
5882 11814
5881 11815
5880 11854
5879 11855
5878 11856
5877 11857
5876 11858
5875 11859
5874 11860
5873 11884
5872 11885
5871 11886
5870 11887
5869 11888
5868 11889
5867 11890
5866 11891
5865 11892
5864 11893
5863 11894
5862 11895
5861 11896
5860 11897
5859 11898
5858 11899
5857 11900
5856 11901
5855 11902
5854 11949
5853 11950
5852 11951
5851 11952
5850 11953
5849 11954
5848 11955
5847 12032
5846 12033
5845 12034
5844 12035
5843 12036
5842 12037
5841 12038
5840 12039
5839 8493
5838 8494
5837 8495
5836 8496
5835 8497
5834 8498
5833 8499
5832 8500
5831 8501
5830 8502
5829 8503
5828 8504
5827 8505
5826 9436
5825 9437
5824 9438
5823 9439
5822 9440
5821 9441
5820 9442
5819 9443
5818 9444
5817 9445
5816 9446
5815 9447
5814 9448
5813 9449
5812 12095
5811 12096
5810 12097
5809 12098
5808 12099
5807 12100
5806 12101
5805 12102
5804 8932
5803 8933
5802 8934
5800 5801
5799 8937
5798 8938
5797 8939
5796 8940
5795 8941
5794 8942
5793 8943
5792 8944
5791 8945
5790 12233
5789 12234
5788 12235
5787 12236
5786 12237
5785 12238
5784 12239
5783 12240
5782 12241
5781 12242
5780 12243
5779 12244
5778 12245
5777 12246
5776 12511
5775 12512
5774 12513
5773 12514
5772 12515
5771 12516
5770 12517
5769 12518
5768 12519
5767 12520
5766 12521
5765 12522
5764 12523
5763 12524
5762 12430
5761 12431
5760 12432
5759 12433
5758 12434
5757 12435
5755 5756
5754 12438
5753 12439
5752 12440
5751 12441
5750 12442
5749 12443
5748 12290
5747 12291
5746 12292
5745 12293
5744 12294
5743 12295
5742 12296
5741 12297
5740 12298
5739 12299
5738 12300
5737 12301
5736 12302
5735 12303
5734 12304
5733 12305
5732 12306
5731 12307
5730 12853
5729 12854
5728 12855
5727 12856
5726 12857
5725 12858
5724 12859
5723 12860
5722 12861
5721 12862
5720 12863
5719 12864
5718 12865
5717 12866
5716 12867
5715 12868
5714 12869
5713 12870
5712 9541
5711 9542
5710 9543
5709 9544
5708 9545
5707 9546
5706 9547
5705 9548
5704 9549
5703 9550
5702 9551
5701 9552
5700 9553
5699 10053
5698 10054
5697 10055
5696 10056
5695 10057
5694 10058
5693 10059
5692 10060
5691 10061
5690 10062
5689 10063
5688 12966
5687 12967
5686 12968
5685 12969
5684 12970
5683 12971
5682 12972
5681 12973
5680 12974
5679 12975
5678 12976
5677 12977
5676 12978
5675 12979
5674 12980
5673 12981
5672 12982
5671 12983
5670 12984
5669 12985
5668 12986
5667 12987
5666 8757
5665 8758
5664 8759
5663 8760
5662 8761
5661 8762
5660 8763
5659 8764
5656 7964
5655 7965
5654 7966
5653 7967
5652 7968
5651 7969
5650 7970
5649 7971
5648 7972
5647 7973
5646 7000
5645 7001
5644 7002
5643 7003
5642 7004
5641 7005
5640 7006
5639 7007
5638 7008
5637 7009
5636 7010
5635 7011
5634 7012
5633 7013
5632 7014
5631 10037
5630 10038
5629 10039
5628 10040
5627 10041
5626 10042
5625 10043
5624 10044
5623 10045
5622 10046
5621 10047
5620 10048
5619 10049
5618 10050
5617 10051
5616 10052
5615 9554
5614 9555
5613 9556
5612 9557
5611 9558
5610 9559
5609 9560
5608 9561
5607 9562
5606 9563
5605 9564
5604 9565
5603 9566
5602 9567
5601 9568
5600 9569
5599 9570
5598 9571
5597 12840
5596 12841
5595 12842
5594 12843
5593 12844
5592 12845
5591 12846
5590 12847
5589 12848
5588 12849
5587 12850
5586 12851
5585 12852
5584 12308
5583 12309
5582 12310
5581 12311
5580 12312
5579 12313
5578 12314
5577 12315
5576 12316
5575 12317
5574 12318
5573 12410
5572 12411
5571 12412
5570 12413
5569 12414
5568 12415
5567 12416
5566 12417
5565 12418
5564 12419
5563 12420
5562 12421
5561 12422
5560 12423
5559 12424
5558 12425
5557 12426
5556 12427
5555 12428
5554 12429
5553 12525
5552 12526
5551 12527
5550 12528
5549 12529
5548 12530
5547 12531
5546 8166
5545 8167
5544 8168
5543 8169
5542 8170
5541 8171
5540 8172
5539 8173
5538 8174
5537 8175
5536 8176
5535 8177
5534 8178
5533 8179
5532 8180
5531 8181
5530 8914
5529 8915
5528 8916
5527 8917
5526 8918
5525 8919
5524 8920
5523 8921
5522 8922
5521 8923
5520 8924
5519 8925
5518 8926
5517 8927
5516 8928
5515 8929
5514 8930
5513 8931
5512 12103
5511 12104
5510 12105
5509 12106
5508 12107
5507 12108
5506 12109
5505 12110
5504 12111
5503 12112
5502 12113
5501 12114
5500 12115
5499 12116
5498 9428
5497 9429
5496 9430
5495 9431
5494 9432
5493 9433
5492 9434
5491 9435
5490 8506
5489 8507
5488 8508
5487 8509
5486 8510
5485 8511
5484 8512
5483 8513
5482 12019
5481 12020
5480 12021
5479 12022
5478 12023
5477 12024
5476 12025
5475 12026
5474 12027
5473 12028
5472 12029
5471 12030
5470 12031
5469 11956
5468 11957
5467 11958
5466 11959
5465 11960
5464 11961
5463 11962
5462 11963
5461 11964
5460 11367
5459 11368
5458 11369
5457 11370
5456 11371
5455 11372
5454 11373
5453 11374
5452 11375
5451 11376
5450 11377
5449 11378
5448 11379
5447 11380
5446 11381
5445 11382
5444 11383
5443 11384
5442 11385
5441 11386
5440 11387
5439 11388
5438 11389
5437 11390
5436 11391
5435 11434
5434 11435
5433 11436
5432 11437
5431 11438
5430 11439
5429 11440
5428 11441
5427 11442
5426 11443
5425 11444
5424 11445
5423 11446
5422 11447
5421 11448
5420 11449
5419 11017
5418 11018
5417 11019
5416 11020
5415 11021
5414 11022
5413 11023
5412 11024
5411 11025
5410 11026
5409 11027
5408 11028
5407 11029
5406 11590
5405 11591
5404 11592
5403 11593
5402 11594
5401 11595
5400 11596
5399 11597
5398 11598
5397 10270
5396 10271
5395 10272
5394 10273
5393 10274
5392 10275
5391 10276
5390 10277
5389 10278
5388 10279
5387 10280
5386 10281
5385 10282
5384 10283
5383 10284
5382 10285
5381 10286
5380 10287
5379 10288
5378 10289
5377 10821
5376 10822
5375 10823
5374 10824
5373 10825
5372 10826
5371 10827
5370 10828
5369 10829
5368 10830
5367 10831
5366 10832
5365 10833
5364 10834
5363 10835
5362 8571
5361 8572
5360 8573
5359 8574
5358 8575
5357 8576
5356 8577
5355 8578
5354 10125
5353 10126
5352 10127
5351 10128
5350 10129
5349 10130
5348 10131
5347 10132
5346 10133
5345 10134
5344 10527
5343 10528
5342 10529
5341 10530
5340 10531
5339 10532
5338 10533
5337 10534
5336 10535
5335 10536
5334 10537
5333 10538
5332 10539
5331 10654
5330 10655
5329 10656
5328 10657
5327 10658
5326 10659
5325 10660
5324 10661
5323 10662
5322 10663
5321 10664
5320 10665
5319 10666
5318 10667
5317 7985
5316 7986
5315 7987
5314 7988
5313 7989
5312 7990
5311 7991
5310 7992
5309 13275
5308 13276
5307 13277
5306 13278
5305 13279
5304 13280
5303 13281
5302 13282
5301 13086
5300 13087
5299 13088
5298 13089
5297 13090
5296 13091
5295 13092
5294 13093
5293 13094
5292 13095
5291 13096
5290 13097
5289 13098
5286 8271
5285 8272
5284 8273
5283 8274
5282 8275
5281 8276
5280 8277
5279 8278
5278 8319
5277 8320
5276 8321
5275 8322
5274 8323
5273 8324
5272 8325
5271 8155
5270 8156
5269 8157
5268 8158
5267 8159
5266 8160
5265 8161
5264 8162
5263 8163
5262 8164
5261 8165
5260 10668
5259 10669
5258 10670
5257 10671
5256 10672
5255 10673
5254 10674
5253 10675
5252 10676
5251 10677
5250 10678
5249 10679
5248 10680
5247 10681
5246 10682
5245 10683
5244 10684
5243 10685
5242 10686
5241 10687
5240 10688
5239 10689
5238 10690
5237 10691
5236 10692
5235 10693
5234 10694
5233 10695
5232 10696
5231 7520
5230 7521
5229 7522
5228 7523
5227 7524
5226 7525
5225 7526
5224 7527
5223 7528
5222 10809
5221 10810
5220 10811
5219 10812
5218 10813
5217 10814
5216 10815
5215 10816
5214 10817
5213 10818
5212 10819
5211 10820
5210 10290
5209 10291
5208 10292
5207 10293
5206 10294
5205 10295
5204 10296
5203 10297
5202 10298
5201 11491
5200 11492
5199 11493
5198 11494
5197 11495
5196 11496
5195 11497
5194 10999
5193 11000
5192 11001
5191 11002
5190 11003
5189 11004
5188 11005
5187 11006
5186 11007
5185 11008
5184 11009
5183 11010
5182 11011
5181 11012
5180 11013
5179 11014
5178 11015
5177 11016
5176 11450
5175 11451
5174 11452
5173 11453
5172 11454
5171 11455
5170 11456
5169 11457
5168 11793
5167 11794
5166 11795
5165 11796
5164 11797
5163 11798
5162 11174
5161 11175
5160 11176
5159 11177
5158 11178
5157 11179
5156 11180
5155 11181
5154 11182
5153 11183
5152 11184
5151 11185
5150 11186
5149 11187
5148 11188
5147 7538
5146 7539
5145 7540
5144 7541
5143 7542
5142 7543
5141 7544
5140 7545
5139 7546
5138 7547
5137 7548
5136 12006
5135 12007
5134 12008
5133 12009
5132 12010
5131 12011
5130 12012
5129 12013
5128 12014
5127 12015
5126 12016
5125 12017
5124 12018
5123 8514
5122 8515
5121 8516
5120 8517
5119 8518
5118 8519
5117 8520
5116 8521
5115 8522
5114 8523
5113 8524
5112 8525
5111 9126
5110 9127
5109 9128
5108 9129
5107 9130
5106 9131
5105 9132
5104 9094
5103 9095
5102 9096
5101 9097
5100 9098
5099 9099
5098 9100
5097 9101
5096 9102
5095 9103
5094 9104
5093 9105
5092 8859
5091 8860
5090 8861
5089 8862
5088 8863
5087 8864
5086 8865
5085 8866
5084 8867
5083 8247
5082 8248
5081 8249
5080 8250
5079 8251
5078 8252
5077 8253
5076 8254
5075 8255
5074 8256
5073 8257
5072 8258
5071 12532
5070 12533
5069 12534
5068 12535
5067 12536
5066 12537
5065 12538
5064 12539
5063 12806
5062 12807
5061 12808
5060 12809
5059 12810
5058 12811
5057 12812
5056 12813
5055 12814
5054 12815
5053 12816
5052 12817
5051 12818
5050 12819
5049 12820
5048 12821
5047 12822
5046 12823
5045 12824
5044 12825
5043 12826
5042 12827
5041 12828
5040 12829
5039 12830
5038 12831
5037 12832
5036 12833
5035 12834
5034 12835
5033 12836
5032 12837
5031 12838
5030 12839
5029 9572
5028 9573
5027 9574
5026 9575
5025 9576
5024 9577
5023 9578
5022 9579
5021 9580
5020 9581
5019 9582
5018 9583
5017 9584
5016 9585
5015 9586
5014 9587
5013 9588
5012 9589
5011 9590
5010 9591
5009 9592
5008 9593
5007 10029
5006 10030
5005 10031
5004 10032
5003 10033
5002 10034
5001 10035
5000 10036
4999 7015
4998 7016
4997 7017
4996 7018
4995 7019
4994 7020
4993 7021
4992 7022
4991 7023
4990 7024
4989 7025
4988 7026
4987 7027
4986 7951
4985 7952
4984 7953
4983 7954
4982 7955
4981 7956
4980 7957
4979 7958
4978 7959
4975 7468
4974 7469
4973 7470
4972 7471
4971 7472
4970 7473
4969 7474
4968 7475
4967 7476
4966 7477
4965 7478
4964 7479
4963 7480
4962 7481
4961 7482
4960 7483
4959 7484
4958 7485
4957 7486
4956 10018
4955 10019
4954 10020
4953 10021
4952 10022
4951 10023
4950 10024
4949 10025
4948 10026
4947 10027
4946 10028
4945 9594
4944 9595
4943 9596
4942 9597
4941 9598
4940 9599
4939 9600
4938 9601
4937 9602
4936 9603
4935 9604
4934 9605
4933 9606
4932 9607
4931 9716
4930 9717
4929 9718
4928 9719
4927 9720
4926 9721
4925 9722
4924 9723
4923 9724
4922 9725
4921 9726
4920 9727
4919 9728
4918 9729
4917 9730
4916 9731
4915 9732
4914 9733
4913 9734
4912 7567
4911 7568
4910 7569
4909 7570
4908 7571
4907 7572
4906 7573
4905 7574
4904 7575
4903 7576
4902 7577
4901 7578
4900 7579
4899 12798
4898 12799
4897 12800
4896 12801
4895 12802
4894 12803
4893 12804
4892 12805
4891 12540
4890 12541
4889 12542
4888 12543
4887 12544
4886 12545
4885 12546
4884 12547
4883 12548
4882 12549
4881 12550
4880 12551
4879 12552
4878 8240
4877 8241
4876 8242
4875 8243
4874 8244
4873 8245
4872 8246
4871 8868
4870 8869
4869 8870
4868 8871
4867 8872
4866 8873
4865 8874
4864 8875
4863 8876
4862 8877
4861 9084
4860 9085
4859 9086
4858 9087
4857 9088
4856 9089
4855 9090
4854 9091
4853 9092
4852 9093
4851 9133
4850 9134
4849 9135
4848 9136
4847 9137
4846 9138
4845 9139
4844 9140
4843 9141
4842 9142
4841 9143
4840 9144
4839 9145
4838 9146
4837 9147
4836 9387
4835 9388
4834 9389
4833 9390
4832 9391
4831 9392
4830 9393
4829 9394
4828 11998
4827 11999
4826 12000
4825 12001
4824 12002
4823 12003
4822 12004
4821 12005
4820 7549
4819 7550
4818 7551
4817 7552
4816 7553
4815 7554
4814 7555
4813 7556
4812 7557
4811 7558
4810 7559
4809 11189
4808 11190
4807 11191
4806 11192
4805 11193
4804 11194
4803 11195
4802 11196
4801 11197
4800 11198
4799 11199
4798 11200
4797 11201
4796 11785
4795 11786
4794 11787
4793 11788
4792 11789
4791 11790
4790 11791
4789 11792
4788 11458
4787 11459
4786 11460
4785 11461
4784 11462
4783 11463
4782 11464
4781 11465
4780 11466
4779 11467
4778 11468
4777 11469
4776 11470
4775 11471
4774 11472
4773 11473
4772 11474
4771 11475
4770 11476
4769 11477
4768 11478
4767 11479
4766 11480
4765 11481
4764 11482
4763 11483
4762 11484
4761 11485
4760 11486
4759 11487
4758 11488
4757 11489
4756 11490
4755 10299
4754 10300
4753 10301
4752 10302
4751 10303
4750 10304
4749 10305
4748 10306
4747 10307
4746 10308
4745 10309
4744 10310
4743 10311
4742 10312
4741 10802
4740 10803
4739 10804
4738 10805
4737 10806
4736 10807
4735 10808
4734 7529
4733 7530
4732 7531
4731 7532
4730 7533
4729 7534
4728 7535
4727 7536
4726 7537
4725 10697
4724 10698
4723 10699
4722 10700
4721 10701
4720 10702
4719 10703
4718 10704
4717 10705
4716 10706
4715 10707
4714 10708
4713 10709
4712 8071
4711 8072
4710 8073
4709 8074
4708 8075
4707 8076
4706 8077
4705 8078
4704 8079
4703 8080
4702 8081
4701 8082
4700 8083
4699 8142
4698 8143
4697 8144
4696 8145
4695 8146
4694 8147
4693 8148
4692 8149
4691 8150
4690 8151
4689 8152
4688 8153
4687 8154
4686 8326
4685 8327
4684 8328
4683 8329
4682 8330
4681 8331
4680 8332
4679 8333
4678 8334
4677 8335
4676 8336
4675 8337
4674 8338
4673 8339
4672 8340
4671 8341
4668 13133
4667 13134
4666 13135
4665 13136
4664 13137
4663 13138
4662 13139
4661 13140
4660 13141
4659 13142
4658 13143
4657 13144
4656 13145
4655 8037
4654 8038
4653 8039
4652 8040
4651 8041
4650 8042
4649 8043
4648 8044
4647 8045
4646 8046
4645 8047
4644 8048
4643 8049
4642 8050
4641 8051
4640 8052
4639 8053
4638 8054
4637 8055
4636 8056
4635 8057
4634 8058
4633 8059
4632 8060
4631 8061
4630 8062
4629 8063
4628 8064
4627 8065
4626 8066
4625 8067
4624 8068
4623 8069
4622 8070
4621 10710
4620 10711
4619 10712
4618 10713
4617 10714
4616 10715
4615 10716
4614 10717
4613 7331
4612 7332
4611 7333
4610 7334
4609 7335
4608 7336
4607 7337
4606 7338
4605 7339
4604 7340
4603 7341
4602 10405
4601 10406
4600 10407
4599 10408
4598 10409
4597 10410
4596 10411
4595 10412
4594 10413
4593 10414
4592 10415
4591 10416
4590 10859
4589 10860
4588 10861
4587 10862
4586 10863
4585 10864
4584 10865
4583 10866
4582 10867
4581 7353
4580 7354
4579 7355
4578 7356
4577 7357
4576 7358
4575 7359
4574 7360
4573 7361
4572 7362
4571 7612
4570 7613
4569 7614
4568 7615
4567 7616
4566 7617
4565 7618
4564 7619
4563 7620
4562 7621
4561 7622
4560 7623
4559 7624
4558 7625
4557 7626
4556 11621
4555 11622
4554 11623
4553 11624
4552 11625
4551 11626
4550 11627
4549 11628
4548 11713
4547 11714
4546 11715
4545 11716
4544 11717
4543 11718
4542 11719
4541 11720
4540 11721
4539 11722
4538 11723
4537 11766
4536 11767
4535 11768
4534 11769
4533 11770
4532 11771
4531 11772
4530 11773
4529 11774
4528 11775
4527 11776
4526 11777
4525 11778
4524 11779
4523 11780
4522 11781
4521 11782
4520 11783
4519 11784
4518 11202
4517 11203
4516 11204
4515 11205
4514 11206
4513 11207
4512 11208
4511 11209
4510 11210
4509 11211
4508 7711
4507 7712
4506 7713
4505 7714
4504 7715
4503 7716
4502 7717
4501 7718
4500 7719
4499 7720
4498 7721
4497 7722
4496 7723
4495 7724
4494 7725
4493 11983
4492 11984
4491 11985
4490 11986
4489 11987
4488 11988
4487 11989
4486 11990
4485 11991
4484 11992
4483 11993
4482 11994
4481 11995
4480 11996
4479 11997
4478 9395
4477 9396
4476 9397
4475 9398
4474 9399
4473 9400
4472 9401
4471 9402
4470 9403
4469 9404
4468 9405
4467 9406
4466 9407
4465 9408
4464 9200
4463 9201
4462 9202
4461 9203
4460 9204
4459 9205
4458 9206
4457 9207
4456 9208
4455 9209
4454 9210
4453 9211
4452 9212
4451 9213
4450 9214
4449 9215
4448 9216
4447 9217
4446 9218
4445 9076
4444 9077
4443 9078
4442 9079
4441 9080
4440 9081
4439 9082
4438 9083
4437 8878
4436 8879
4435 8880
4434 8881
4433 8882
4432 8883
4431 8884
4430 8885
4429 8886
4428 8887
4427 8888
4426 8889
4425 8890
4424 8891
4423 8892
4422 8893
4421 8202
4420 8203
4419 8204
4418 8205
4417 8206
4416 8207
4415 8208
4414 8209
4413 7803
4412 7804
4411 7805
4410 7806
4409 7807
4408 7808
4407 7809
4406 7810
4405 7811
4404 7812
4403 7813
4402 7814
4401 12716
4400 12717
4399 12718
4398 12719
4397 12720
4396 12721
4395 12722
4394 12723
4393 12724
4392 12725
4391 12726
4390 12727
4389 12728
4388 12729
4387 12730
4386 12731
4385 12732
4384 12733
4383 12734
4382 12735
4381 7560
4380 7561
4379 7562
4378 7563
4377 7564
4376 7565
4375 7566
4374 9735
4373 9736
4372 9737
4371 9738
4370 9739
4369 9740
4368 9741
4367 9742
4366 9743
4365 9744
4364 9745
4363 9746
4362 9747
4361 9748
4360 9749
4359 9750
4358 9882
4357 9883
4356 9884
4355 9885
4354 9886
4353 9887
4352 9888
4351 9889
4350 9890
4349 9891
4348 9892
4347 9893
4346 9894
4345 9895
4344 9896
4343 9897
4342 9898
4341 9899
4340 9900
4339 9901
4338 6938
4337 6939
4336 6940
4335 6941
4334 6942
4333 6943
4332 6944
4331 6945
4330 6946
4329 6947
4328 10011
4327 10012
4326 10013
4325 10014
4324 10015
4323 10016
4322 10017
4321 7487
4320 7488
4319 7489
4318 7490
4317 7491
4316 7492
4315 7493
4314 7494
4313 7495
4312 7496
4311 7497
4310 7498
4309 7499
4308 7456
4307 7457
4306 7458
4305 7459
4304 7460
4303 7461
4302 7462
4301 7463
4298 7448
4297 7449
4296 7450
4295 7451
4294 7452
4293 7453
4292 7454
4291 7455
4290 7500
4289 7501
4288 7502
4287 7503
4286 7504
4285 7505
4284 7506
4283 6915
4282 6916
4281 6917
4280 6918
4279 6919
4278 6920
4277 6921
4276 6922
4275 6923
4274 6924
4273 6925
4272 6926
4271 6927
4270 6928
4269 6929
4268 6930
4267 6931
4266 6932
4265 6933
4264 6934
4263 6935
4262 6936
4261 6937
4260 9902
4259 9903
4258 9904
4257 9905
4256 9906
4255 9907
4254 9908
4253 9909
4252 9910
4251 9911
4250 9912
4249 9913
4248 9914
4247 9686
4246 9687
4245 9688
4244 9689
4243 9690
4242 9691
4241 9692
4240 9693
4239 9694
4238 9695
4237 9696
4236 9697
4235 9698
4234 9699
4233 9700
4232 9701
4231 7598
4230 7599
4229 7600
4228 7601
4227 7602
4226 7603
4225 7604
4224 7605
4223 7606
4222 7607
4221 7608
4220 7609
4219 7610
4218 7611
4217 12736
4216 12737
4215 12738
4214 12739
4213 12740
4212 12741
4211 12742
4210 12743
4209 12744
4208 12745
4207 12746
4206 12747
4205 12748
4204 12749
4203 7871
4202 7872
4201 7873
4200 7874
4199 7875
4198 7876
4197 7877
4196 7878
4195 7879
4194 7880
4193 7881
4192 7882
4191 7883
4190 7884
4189 7885
4188 7886
4187 7887
4186 8210
4185 8211
4184 8212
4183 8213
4182 8214
4181 8215
4180 8216
4179 8217
4178 8218
4177 8219
4176 8220
4175 8221
4174 8222
4173 8223
4172 8224
4171 8225
4170 8226
4169 8227
4168 9063
4167 9064
4166 9065
4165 9066
4164 9067
4163 9068
4162 9069
4161 9070
4160 9071
4159 9072
4158 9073
4157 9074
4156 9075
4155 9219
4154 9220
4153 9221
4152 9222
4151 9223
4150 9224
4149 9225
4148 9226
4147 9227
4146 9228
4145 9158
4144 9159
4143 9160
4142 9161
4141 9162
4140 9163
4139 9164
4138 9165
4137 9166
4136 9167
4135 9168
4134 9169
4133 9170
4132 9358
4131 9359
4130 9360
4129 9361
4128 9362
4127 9363
4126 9364
4125 9365
4124 9366
4123 9367
4122 9368
4121 9369
4120 9370
4119 9371
4118 9372
4117 9373
4116 7779
4115 7780
4114 7781
4113 7782
4112 7783
4111 7784
4110 7785
4109 7786
4108 7787
4107 7788
4106 7789
4105 7790
4104 7791
4103 7792
4102 7793
4101 7794
4100 7795
4099 7796
4098 7797
4097 7798
4096 7799
4095 7800
4094 7801
4093 7802
4092 11212
4091 11213
4090 11214
4089 11215
4088 11216
4087 11217
4086 11218
4085 11219
4084 11220
4083 11221
4082 11222
4081 11223
4080 11224
4079 7393
4078 7394
4077 7395
4076 7396
4075 7397
4074 7398
4073 7399
4072 7400
4071 7401
4070 7402
4069 7403
4068 7404
4067 7405
4066 11699
4065 11700
4064 11701
4063 11702
4062 11703
4061 11704
4060 11705
4059 11706
4058 11707
4057 11708
4056 11709
4055 11710
4054 11711
4053 11712
4052 11629
4051 11630
4050 11631
4049 11632
4048 11633
4047 11634
4046 11635
4045 7695
4044 7696
4043 7697
4042 7698
4041 7699
4040 7700
4039 7701
4038 7702
4037 7703
4036 7704
4035 7705
4034 7706
4033 7707
4032 7708
4031 7709
4030 7710
4029 7363
4028 7364
4027 7365
4026 7366
4025 7367
4024 7368
4023 7369
4022 7370
4021 7371
4020 7372
4019 10868
4018 10869
4017 10870
4016 10871
4015 10872
4014 10873
4013 10874
4012 10875
4011 10876
4010 10877
4009 10878
4008 10879
4007 10880
4006 10397
4005 10398
4004 10399
4003 10400
4002 10401
4001 10402
4000 10403
3999 10404
3998 7342
3997 7343
3996 7344
3995 7345
3994 7346
3993 7347
3992 7348
3991 7349
3990 7350
3989 7351
3988 7352
3987 10718
3986 10719
3985 10720
3984 10721
3983 10722
3982 10723
3981 10724
3980 8098
3979 8099
3978 8100
3977 8101
3976 8102
3975 8103
3974 8104
3973 8105
3972 8106
3971 7288
3970 7289
3969 7290
3968 7291
3967 7292
3966 7293
3965 7294
3964 8018
3963 8019
3962 8020
3961 8021
3960 8022
3959 8023
3958 8024
3957 8025
3956 8026
3955 8027
3954 8028
3953 8029
3952 8030
3951 8031
3950 8032
3949 8033
3948 8034
3947 8035
3946 8036
3945 13146
3944 13147
3943 13148
3942 13149
3941 13150
3940 13151
3939 13152
3938 13153
3937 13154
3936 13155
3935 13156
3934 13157
3933 13158
3930 8346
3929 8347
3928 8348
3927 8349
3926 8350
3925 8351
3924 8352
3923 8353
3922 8354
3921 8355
3920 8356
3919 8357
3918 8358
3917 6660
3916 6661
3915 6662
3914 6663
3913 6664
3912 6665
3911 6666
3910 6667
3909 6668
3908 8135
3907 8136
3906 8137
3905 8138
3904 8139
3903 8140
3902 8141
3901 8084
3900 8085
3899 8086
3898 8087
3897 8088
3896 8089
3895 8090
3894 8091
3893 8092
3892 8093
3891 8094
3890 8095
3889 8096
3888 8097
3887 10725
3886 10726
3885 10727
3884 10728
3883 10729
3882 10730
3881 10731
3880 10732
3879 10733
3878 10734
3877 10735
3876 10736
3875 10786
3874 10787
3873 10788
3872 10789
3871 10790
3870 10791
3869 10792
3868 10793
3867 10794
3866 10795
3865 10796
3864 10797
3863 10798
3862 10799
3861 10800
3860 10801
3859 10313
3858 10314
3857 10315
3856 10316
3855 10317
3854 10318
3853 10319
3852 10320
3851 10321
3850 10322
3849 10323
3848 10324
3847 10325
3846 10326
3845 10327
3844 10328
3843 6678
3842 6679
3841 6680
3840 6681
3839 6682
3838 6683
3837 6684
3836 6685
3835 6686
3834 6687
3833 11657
3832 11658
3831 11659
3830 11660
3829 11661
3828 11662
3827 11663
3826 11664
3825 11665
3824 11666
3823 11667
3822 11668
3821 11669
3820 11670
3819 11671
3818 11672
3817 11673
3816 11674
3815 11675
3814 11676
3813 11677
3812 11273
3811 11274
3810 11275
3809 11276
3808 11277
3807 11278
3806 11279
3805 11280
3804 11281
3803 11282
3802 11283
3801 11284
3800 11285
3799 11286
3798 11287
3797 11288
3796 11289
3795 11290
3794 11291
3793 11292
3792 11293
3791 7766
3790 7767
3789 7768
3788 7769
3787 7770
3786 7771
3785 7772
3784 7773
3783 7774
3782 7775
3781 7776
3780 7777
3779 7778
3778 9374
3777 9375
3776 9376
3775 9377
3774 9378
3773 9379
3772 9380
3771 9381
3770 9382
3769 9383
3768 9384
3767 9385
3766 9386
3765 9148
3764 9149
3763 9150
3762 9151
3761 9152
3760 9153
3759 9154
3758 9155
3757 9156
3756 9157
3755 9229
3754 9230
3753 9231
3752 9232
3751 9233
3750 9234
3749 9049
3748 9050
3747 9051
3746 9052
3745 9053
3744 9054
3743 9055
3742 9056
3741 9057
3740 9058
3739 9059
3738 9060
3737 9061
3736 9062
3735 8228
3734 8229
3733 8230
3732 8231
3731 8232
3730 8233
3729 8234
3728 8235
3727 8236
3726 8237
3725 8238
3724 8239
3723 12553
3722 12554
3721 12555
3720 12556
3719 12557
3718 12558
3717 12559
3716 12784
3715 12785
3714 12786
3713 12787
3712 12788
3711 12789
3710 12790
3709 12791
3708 12792
3707 12793
3706 12794
3705 12795
3704 12796
3703 12797
3702 7580
3701 7581
3700 7582
3699 7583
3698 7584
3697 7585
3696 7586
3695 7587
3694 7588
3693 7589
3692 7590
3691 7591
3690 7592
3689 7593
3688 7594
3687 7595
3686 7596
3685 7597
3684 9702
3683 9703
3682 9704
3681 9705
3680 9706
3679 9707
3678 9708
3677 9709
3676 9710
3675 9711
3674 9712
3673 9713
3672 9714
3671 9715
3670 9608
3669 9609
3668 9610
3667 9611
3666 9612
3665 9613
3664 9614
3663 6761
3662 6762
3661 6763
3660 6764
3659 6765
3658 6766
3657 6767
3656 6768
3655 6769
3654 6902
3653 6903
3652 6904
3651 6905
3650 6906
3649 6907
3648 6908
3647 6909
3646 6910
3645 6911
3644 6912
3643 6913
3642 6914
3641 7507
3640 7508
3639 7509
3638 7510
3637 7511
3636 7512
3635 7513
3634 7514
3633 7515
3632 7516
3631 7517
3630 7518
3629 7519
3626 7083
3625 7084
3624 7085
3623 7086
3622 7087
3621 7088
3620 6882
3619 6883
3618 6884
3617 6885
3616 6886
3615 6887
3614 6888
3613 6889
3612 6890
3611 6891
3610 6892
3609 6893
3608 6894
3607 6895
3606 6896
3605 6897
3604 6898
3603 6899
3602 6900
3601 6901
3600 6770
3599 6771
3598 6772
3597 6773
3596 6774
3595 6775
3594 6776
3593 6777
3592 6778
3591 9615
3590 9616
3589 9617
3588 9618
3587 9619
3586 9620
3585 9621
3584 9622
3583 9623
3582 9624
3581 9625
3580 9626
3579 9627
3578 9628
3577 9629
3576 9630
3575 9631
3574 9632
3573 9633
3572 9634
3571 9635
3570 9636
3569 9637
3568 6752
3567 6753
3566 6754
3565 6755
3564 6756
3563 6757
3562 6758
3561 6759
3560 6760
3559 12764
3558 12765
3557 12766
3556 12767
3555 12768
3554 12769
3553 12770
3552 12771
3551 12772
3550 12773
3549 12774
3548 12775
3547 12776
3546 12777
3545 12778
3544 12779
3543 12780
3542 12781
3541 12782
3540 12783
3539 12560
3538 12561
3537 12562
3536 12563
3535 12564
3534 12565
3533 12566
3532 12567
3531 12568
3530 12569
3529 12570
3528 12571
3527 12572
3526 6731
3525 6732
3524 6733
3523 6734
3522 6735
3521 6736
3520 6737
3519 6738
3518 6739
3517 9039
3516 9040
3515 9041
3514 9042
3513 9043
3512 9044
3511 9045
3510 9046
3509 9047
3508 9048
3507 9235
3506 9236
3505 9237
3504 9238
3503 9239
3502 9240
3501 9241
3500 9242
3499 9243
3498 9244
3497 9245
3496 9246
3495 9247
3494 9248
3493 9249
3492 9250
3491 9251
3490 9252
3489 9253
3488 9254
3487 9255
3486 9256
3485 9257
3484 6709
3483 6710
3482 6711
3481 6712
3480 6713
3479 6714
3478 6715
3477 6716
3476 6717
3475 6718
3474 7757
3473 7758
3472 7759
3471 7760
3470 7761
3469 7762
3468 7763
3467 7764
3466 7765
3465 11294
3464 11295
3463 11296
3462 11297
3461 11298
3460 11299
3459 11300
3458 11301
3457 11302
3456 11303
3455 11304
3454 11305
3453 11306
3452 11265
3451 11266
3450 11267
3449 11268
3448 11269
3447 11270
3446 11271
3445 11272
3444 11678
3443 11679
3442 11680
3441 11681
3440 11682
3439 11683
3438 11684
3437 11685
3436 11686
3435 11687
3434 11688
3433 11689
3432 11690
3431 11649
3430 11650
3429 11651
3428 11652
3427 11653
3426 11654
3425 11655
3424 11656
3423 6688
3422 6689
3421 6690
3420 6691
3419 6692
3418 6693
3417 6694
3416 6695
3415 6696
3414 6697
3413 10329
3412 10330
3411 10331
3410 10332
3409 10333
3408 10334
3407 10335
3406 10336
3405 10337
3404 10338
3403 10339
3402 10340
3401 10341
3400 10342
3399 10343
3398 10344
3397 10345
3396 10346
3395 10347
3394 10348
3393 10349
3392 10350
3391 10351
3390 10777
3389 10778
3388 10779
3387 10780
3386 10781
3385 10782
3384 10783
3383 10784
3382 10785
3381 10737
3380 10738
3379 10739
3378 10740
3377 10741
3376 10742
3375 10743
3374 10744
3373 10745
3372 10746
3371 10747
3370 10748
3369 10749
3368 8115
3367 8116
3366 8117
3365 8118
3364 8119
3363 8120
3362 8121
3361 8122
3360 8123
3359 8124
3358 8125
3357 8126
3356 8127
3355 8128
3354 8129
3353 8130
3352 8131
3351 8132
3350 8133
3349 8134
3348 6669
3347 6670
3346 6671
3345 6672
3344 6673
3343 6674
3342 6675
3341 6676
3340 6677
3339 8359
3338 8360
3337 8361
3336 8362
3335 8363
3334 8364
3333 8365
3332 8366
3331 8367
3330 8368
3329 8369
3328 8370
3327 8371
3324 13193
3323 13194
3322 13195
3321 13196
3320 13197
3319 13198
3318 13199
3317 13200
3316 13201
3315 13202
3314 13203
3313 13204
3312 13205
3311 13206
3310 13207
3309 13208
3308 13209
3307 13210
3306 13211
3305 13212
3304 13213
3303 13214
3302 13215
3301 13216
3300 13217
3299 13218
3298 7318
3297 7319
3296 7320
3295 7321
3294 7322
3293 7323
3292 7324
3291 7325
3290 7326
3289 7327
3288 7328
3287 7329
3286 7330
3285 8107
3284 8108
3283 8109
3282 8110
3281 8111
3280 8112
3279 8113
3278 8114
3277 10750
3276 10751
3275 10752
3274 10753
3273 10754
3272 10755
3271 10756
3270 10757
3269 10758
3268 10759
3267 10760
3266 10761
3265 10762
3264 10763
3263 10764
3262 10765
3261 10766
3260 10767
3259 10768
3258 10769
3257 10770
3256 10771
3255 10772
3254 10773
3253 10774
3252 10775
3251 10776
3250 10352
3249 10353
3248 10354
3247 10355
3246 10356
3245 10357
3244 10358
3243 10359
3242 10360
3241 10361
3240 10362
3239 10363
3238 10364
3237 6779
3236 6780
3235 6781
3234 6782
3233 6783
3232 6784
3231 6785
3230 6786
3229 6787
3228 6788
3227 7679
3226 7680
3225 7681
3224 7682
3223 7683
3222 7684
3221 7685
3220 7686
3219 7687
3218 7688
3217 7689
3216 7690
3215 7691
3214 7692
3213 7693
3212 7694
3211 11636
3210 11637
3209 11638
3208 11639
3207 11640
3206 11641
3205 11642
3204 11643
3203 11644
3202 11645
3201 11646
3200 11647
3199 11648
3198 11691
3197 11692
3196 11693
3195 11694
3194 11695
3193 11696
3192 11697
3191 11698
3190 7406
3189 7407
3188 7408
3187 7409
3186 7410
3185 7411
3184 7412
3183 7413
3182 11255
3181 11256
3180 11257
3179 11258
3178 11259
3177 11260
3176 11261
3175 11262
3174 11263
3173 11264
3172 11307
3171 11308
3170 11309
3169 11310
3168 11311
3167 11312
3166 11313
3165 11314
3164 11315
3163 11316
3162 11317
3161 11318
3160 11319
3159 11320
3158 11321
3157 11322
3156 11323
3155 7747
3154 7748
3153 7749
3152 7750
3151 7751
3150 7752
3149 7753
3148 7754
3147 7755
3146 7756
3145 6698
3144 6699
3143 6700
3142 6701
3141 6702
3140 6703
3139 6704
3138 6705
3137 6706
3136 6707
3135 6708
3134 9258
3133 9259
3132 9260
3131 9261
3130 9262
3129 9263
3128 9264
3127 9265
3126 9266
3125 9267
3124 9268
3123 9269
3122 9270
3121 9271
3120 6800
3119 6801
3118 6802
3117 6803
3116 6804
3115 6805
3114 6806
3113 6807
3112 6808
3111 9021
3110 9022
3109 9023
3108 9024
3107 9025
3106 9026
3105 9027
3104 9028
3103 9029
3102 9030
3101 9031
3100 9032
3099 9033
3098 9034
3097 9035
3096 9036
3095 9037
3094 9038
3093 6719
3092 6720
3091 6721
3090 6722
3089 6723
3088 6724
3087 6725
3086 6726
3085 6727
3084 6728
3083 6729
3082 6730
3081 12573
3080 12574
3079 12575
3078 12576
3077 12577
3076 12578
3075 12579
3074 12580
3073 12581
3072 12582
3071 12583
3070 12584
3069 12585
3068 12586
3067 7858
3066 7859
3065 7860
3064 7861
3063 7862
3062 7863
3061 7864
3060 7865
3059 7866
3058 7867
3057 7868
3056 7869
3055 7870
3054 12750
3053 12751
3052 12752
3051 12753
3050 12754
3049 12755
3048 12756
3047 12757
3046 12758
3045 12759
3044 12760
3043 12761
3042 12762
3041 12763
3040 6740
3039 6741
3038 6742
3037 6743
3036 6744
3035 6745
3034 6746
3033 6747
3032 6748
3031 6749
3030 6750
3029 6751
3028 9638
3027 9639
3026 9640
3025 9641
3024 9642
3023 9643
3022 9644
3021 9645
3020 9646
3019 9647
3018 9648
3017 9649
3016 9650
3015 9651
3014 6820
3013 6821
3012 6822
3011 6823
3010 6824
3009 6825
3008 6826
3007 6827
3006 6828
3005 6829
3004 6841
3003 6842
3002 6843
3001 6844
3000 6845
2999 6846
2998 6847
2997 6848
2996 6849
2995 9947
2994 9948
2993 9949
2992 9950
2991 9951
2990 9952
2989 9953
2988 9954
2987 9955
2986 9956
2985 9957
2984 9958
2983 9959
2982 9960
2981 9961
2980 9962
2979 9963
2978 9964
2977 9965
2976 9966
2975 9967
2974 6875
2973 6876
2972 6877
2971 6878
2970 6879
2969 6880
2968 6881
2967 7072
2966 7073
2965 7074
2964 7075
2963 7076
2962 7077
2961 7078
2958 6860
2957 6861
2956 6862
2955 6863
2954 6864
2953 6865
2952 6866
2951 6867
2950 6868
2949 6869
2947 2948
2946 6872
2945 6873
2944 6874
2943 9968
2942 9969
2941 9970
2940 9971
2939 9972
2938 9973
2936 2937
2935 7280
2934 7281
2933 7282
2932 7283
2931 7284
2930 7285
2929 7286
2928 7287
2926 2927
2925 9942
2924 9943
2923 9944
2922 9945
2921 9946
2920 6850
2919 6851
2918 6852
2916 2917
2915 6855
2914 6856
2913 6857
2912 6858
2911 6859
2910 6830
2909 6831
2908 6832
2907 6833
2906 6834
2905 6835
2904 6836
2902 2903
2901 6839
2900 6840
2899 9652
2898 9653
2897 9654
2896 9655
2894 2895
2893 9658
2892 9659
2891 9660
2890 9661
2889 9662
2887 2888
2886 9665
2885 9666
2884 7259
2883 7260
2881 2882
2880 7263
2879 7264
2878 7265
2877 7266
2876 7267
2874 2875
2873 7241
2872 7242
2871 7243
2870 7244
2869 7245
2867 2868
2866 7248
2865 7249
2864 7218
2863 7219
2861 2862
2860 7222
2859 7223
2858 7224
2857 7225
2856 7226
2855 7227
2853 2854
2852 7842
2851 7843
2850 7844
2849 7845
2848 7846
2846 2847
2845 7849
2844 7850
2843 7851
2842 7852
2841 7853
2839 2840
2838 7856
2837 7857
2836 12587
2835 12588
2834 12589
2833 12590
2831 2832
2830 12593
2829 12594
2828 12595
2827 12596
2826 12597
2824 2825
2823 12600
2822 12601
2821 7199
2820 7200
2819 7201
2818 7202
2816 2817
2815 7205
2814 7206
2813 7207
2812 7179
2811 7180
2810 7181
2808 2809
2807 7184
2806 7185
2805 7186
2804 7187
2803 7188
2802 7189
2800 2801
2799 9006
2798 9007
2797 9008
2796 9009
2795 9010
2794 9011
2792 2793
2791 9014
2790 9015
2789 9016
2788 9017
2787 9018
2785 2786
2784 6809
2783 6810
2782 6811
2781 6812
2780 6813
2779 6814
2777 2778
2776 6817
2775 6818
2774 6819
2773 9272
2772 9273
2770 2771
2769 9276
2768 9277
2767 9278
2766 9279
2765 9280
2764 9281
2762 2763
2761 9284
2760 9285
2759 9286
2758 9287
2757 9288
2755 2756
2754 9291
2753 9292
2752 9293
2751 9294
2750 9295
2749 9296
2748 7159
2747 7160
2746 7161
2745 7162
2743 2744
2742 7165
2741 7166
2740 7167
2739 7740
2738 7741
2736 2737
2735 7744
2734 7745
2733 7746
2732 11324
2731 11325
2729 2730
2728 11328
2727 11329
2726 11330
2725 11331
2724 11332
2722 2723
2721 11335
2720 11336
2719 11337
2718 11237
2717 11238
2715 2716
2714 11241
2713 11242
2712 11243
2711 11244
2710 11245
2708 2709
2707 11248
2706 11249
2705 11250
2704 11251
2703 11252
2701 2702
2700 7414
2699 7415
2698 7416
2697 7417
2696 7418
2695 7419
2694 7420
2692 2693
2691 7423
2690 7424
2689 7425
2688 7426
2687 7427
2685 2686
2684 7141
2683 7142
2682 7143
2681 7144
2679 2680
2678 7147
2677 7148
2676 7119
2675 7120
2674 7121
2672 2673
2671 7124
2670 7125
2669 7126
2668 7127
2667 7128
2665 2666
2664 7663
2663 7664
2662 7665
2661 7666
2659 2660
2658 7669
2657 7670
2656 7671
2655 7672
2653 2654
2652 7675
2651 7676
2650 7677
2649 7678
2648 6789
2646 2647
2645 6792
2644 6793
2643 6794
2642 6795
2641 6796
2640 6797
2639 6798
2638 6799
2637 10365
2635 2636
2634 10368
2633 10369
2632 10370
2631 10371
2629 2630
2628 10374
2627 10375
2626 10376
2625 10377
2623 2624
2622 10380
2621 10381
2620 10382
2619 10383
2617 2618
2616 10386
2615 10387
2614 10388
2613 7099
2611 2612
2610 7102
2609 7103
2608 7104
2607 7105
2605 2606
2604 7108
2603 10472
2602 10473
2601 10474
2599 2600
2598 10477
2597 10478
2596 10479
2595 10480
2593 2594
2592 10483
2591 10484
2590 10485
2589 10486
2588 10487
2587 10488
2586 10489
2585 10490
2584 10491
2583 10492
2582 10493
2581 7303
2579 2580
2578 7306
2577 7307
2576 7308
2575 7309
2574 7310
2573 7311
2571 2572
2570 7314
2569 7315
2568 7316
2567 7317
2566 13219
2565 13220
2563 2564
2562 13223
2561 13224
2560 13225
2559 13226
2558 13227
2557 13228
2556 13229
2554 2555
2553 13232
2552 13233
2551 13234
2550 13176
2549 13177
2548 13178
2547 13179
2545 2546
2544 13182
2543 13183
2542 13184
2541 13185
2540 13186
2539 13187
2538 13188
2535 13163
2534 13164
2533 13165
2532 13166
2531 13167
2530 13168
2529 13169
2527 2528
2526 13172
2525 13173
2524 13174
2523 13175
2522 13235
2521 13236
2520 13237
2518 2519
2517 13240
2516 13241
2515 13242
2514 13243
2513 13244
2512 13245
2511 13246
2510 13247
2508 2509
2507 8010
2506 8011
2505 8012
2504 8013
2503 8014
2502 8015
2500 2501
2499 7295
2498 7296
2497 7297
2496 7298
2495 7299
2494 7300
2492 2493
2491 10494
2490 10495
2489 10496
2488 10497
2487 10498
2486 10499
2485 10456
2484 10457
2483 10458
2482 10459
2481 10460
2479 2480
2478 10463
2477 10464
2476 10465
2475 10466
2473 2474
2472 10469
2471 10470
2470 10471
2469 7089
2467 2468
2466 7092
2465 7093
2464 7094
2463 7095
2461 2462
2460 7098
2459 10389
2458 10390
2457 10391
2455 2456
2454 10394
2453 10395
2452 10396
2451 10881
2449 2450
2448 10884
2447 10885
2446 10886
2445 10887
2443 2444
2442 10890
2441 10891
2440 10892
2438 2439
2437 10895
2436 10896
2435 10897
2434 10898
2432 2433
2431 10901
2430 10902
2429 10903
2428 10904
2427 10905
2425 2426
2424 10908
2423 10909
2422 7644
2421 7645
2419 2420
2418 7648
2417 7649
2416 7650
2415 7651
2414 7652
2412 2413
2411 7655
2410 7656
2409 7657
2408 7658
2406 2407
2405 7109
2404 7110
2403 7111
2402 7112
2400 2401
2399 7115
2398 7116
2397 7117
2396 7118
2395 7129
2393 2394
2392 7132
2391 7133
2390 7134
2389 7135
2387 2388
2386 7138
2385 7373
2384 7374
2383 7375
2382 7376
2380 2381
2379 7379
2378 7380
2377 7381
2376 7382
2375 7383
2374 7384
2373 7385
2372 7386
2370 2371
2369 7389
2368 7390
2367 7391
2366 7392
2365 11225
2363 2364
2362 11228
2361 11229
2360 11230
2359 11231
2357 2358
2356 11234
2355 11235
2354 11236
2353 11338
2352 11339
2350 2351
2349 11342
2348 11343
2347 11344
2346 11345
2345 11346
2343 2344
2342 11349
2341 11350
2340 11351
2339 7733
2337 2338
2336 7736
2335 7737
2334 7738
2333 7739
2332 7149
2330 2331
2329 7152
2328 7153
2327 7154
2326 7155
2325 7156
2323 2324
2322 9297
2321 9298
2320 9299
2319 9300
2318 9301
2316 2317
2315 9346
2314 9347
2313 9348
2312 9349
2311 9350
2309 2310
2308 9353
2307 9354
2306 9355
2305 9356
2304 9357
2302 2303
2301 9173
2300 9174
2299 9175
2298 9176
2297 9177
2295 2296
2294 9180
2293 9181
2292 9182
2291 9183
2290 9184
2288 2289
2287 9187
2286 8987
2285 8988
2284 8989
2283 8990
2281 2282
2280 8993
2279 8994
2278 8995
2277 8996
2276 8997
2274 2275
2273 9000
2272 9001
2271 9002
2270 9003
2269 7168
2268 7169
2267 7170
2266 7171
2265 7172
2264 7173
2262 2263
2261 7176
2260 7177
2259 7178
2258 7190
2257 7191
2255 2256
2254 7194
2253 7195
2252 7196
2251 7197
2250 7198
2248 2249
2247 12604
2246 12605
2245 12606
2244 12607
2243 12608
2241 2242
2240 12611
2239 12612
2238 12613
2237 12614
2235 2236
2234 12617
2233 7823
2232 7824
2231 7825
2230 7826
2228 2229
2227 7829
2226 7830
2225 7831
2224 7832
2223 7833
2221 2222
2220 7836
2219 7837
2218 7838
2217 7839
2216 7208
2215 7209
2214 7210
2213 7211
2212 7212
2210 2211
2209 7215
2208 7216
2207 7217
2206 7228
2205 7229
2203 2204
2202 7232
2201 7233
2200 7234
2199 7235
2197 2198
2196 7238
2195 7250
2194 7251
2193 7252
2191 2192
2190 7255
2189 7256
2188 7257
2187 7258
2185 2186
2184 9669
2183 9670
2182 9671
2181 9672
2180 9673
2178 2179
2177 9676
2176 9677
2175 9678
2174 9679
2172 2173
2171 9682
2170 9683
2169 9684
2168 9685
2167 9915
2166 9916
2164 2165
2163 9919
2162 9920
2161 9921
2160 9922
2159 9923
2158 9924
2157 9925
2156 9926
2154 2155
2153 9929
2152 9930
2151 9931
2150 9932
2149 9933
2148 9934
2147 9935
2145 2146
2144 9938
2143 9939
2142 7268
2141 7269
2140 7270
2139 7271
2138 7272
2137 7273
2135 2136
2134 7276
2133 7277
2132 9974
2131 9975
2130 9976
2129 9977
2128 9978
2127 9979
2125 2126
2124 9982
2123 9983
2122 9984
2121 9985
2120 9986
2119 9987
2118 7436
2117 7437
2116 7438
2114 2115
2113 7441
2112 7442
2111 7443
2108 7428
2107 7429
2106 7430
2105 7431
2104 7432
2103 7433
2101 2102
2100 9988
2099 9989
2098 9990
2097 9991
2096 9992
2095 9993
2094 9994
2093 9995
2091 2092
2090 9998
2089 9999
2088 10000
2087 10001
2086 10002
2085 10003
2084 10004
2082 2083
2081 10007
2080 10008
2079 10009
2078 10010
2077 6948
2076 6949
2075 6950
2074 6951
2072 2073
2071 6954
2070 6955
2069 6956
2068 6957
2067 6958
2066 6959
2064 2065
2063 6962
2062 6963
2061 9864
2060 9865
2059 9866
2058 9867
2057 9868
2056 9869
2055 9870
2054 9871
2053 9872
2052 9873
2050 2051
2049 9876
2048 9877
2047 9878
2046 9879
2044 2045
2043 9751
2042 9752
2041 9753
2040 9754
2038 2039
2037 9757
2036 9758
2035 9759
2034 9760
2032 2033
2031 9763
2030 9764
2029 9765
2028 12382
2026 2027
2025 12385
2024 12386
2023 12387
2022 12388
2020 2021
2019 12391
2018 12392
2017 12393
2016 12394
2014 2015
2013 12397
2012 12398
2011 12399
2010 12400
2008 2009
2007 12701
2006 12702
2005 12703
2004 12704
2003 12705
2002 12706
2001 12707
1999 2000
1998 12710
1997 12711
1996 12712
1995 12713
1993 1994
1992 7815
1991 7816
1990 7817
1989 7818
1988 7819
1986 1987
1985 7822
1984 12618
1983 12619
1982 12620
1980 1981
1979 12623
1978 12624
1977 12625
1976 8195
1975 8196
1973 1974
1972 8199
1971 8200
1970 8201
1969 8894
1967 1968
1966 8897
1965 8898
1964 8899
1963 8900
1961 1962
1960 8903
1959 8904
1958 8905
1957 8906
1956 8961
1954 1955
1953 8964
1952 8965
1951 8966
1950 8967
1949 8968
1948 8969
1947 8970
1945 1946
1944 8973
1943 8974
1942 8975
1941 8976
1939 1940
1938 8979
1937 8980
1936 8981
1935 8982
1934 8983
1932 1933
1931 8986
1930 9188
1929 9189
1928 9190
1926 1927
1925 9193
1924 9194
1923 9195
1922 9196
1921 9197
1919 1920
1918 9409
1917 9410
1916 9411
1915 9412
1913 1914
1912 9331
1911 9332
1910 9333
1909 9334
1907 1908
1906 9337
1905 9338
1904 9339
1903 9340
1902 9341
1900 1901
1899 9302
1898 9303
1897 9304
1896 9305
1895 9306
1894 9307
1893 9308
1892 11976
1890 1891
1889 11979
1888 11980
1887 11981
1886 11982
1884 1885
1883 7728
1882 7729
1881 7730
1880 7731
1879 7732
1877 1878
1876 11354
1875 11355
1874 11356
1873 11357
1871 1872
1870 7934
1869 7935
1868 7936
1867 7937
1865 1866
1864 7940
1863 7941
1862 11403
1861 11404
1860 11405
1858 1859
1857 11408
1856 11409
1855 11410
1854 11411
1852 1853
1851 11414
1850 11415
1849 11416
1848 11417
1846 1847
1845 11420
1844 11421
1843 11422
1842 11423
1841 11758
1840 11759
1839 11760
1838 11761
1837 11762
1835 1836
1834 11765
1833 11724
1832 11725
1831 11726
1829 1830
1828 11729
1827 11730
1826 11731
1825 11732
1824 11733
1822 1823
1821 11736
1820 11612
1819 11613
1818 11614
1816 1817
1815 11617
1814 11618
1813 11619
1812 11620
1810 1811
1809 7629
1808 7630
1807 7631
1806 7632
1804 1805
1803 7635
1802 7636
1801 7637
1800 7638
1799 7639
1797 1798
1796 7642
1795 7643
1794 10910
1793 10911
1791 1792
1790 10914
1789 10915
1788 10916
1787 7914
1786 7915
1784 1785
1783 7918
1782 7919
1781 7920
1780 7921
1778 1779
1777 10852
1776 10853
1775 10854
1774 10855
1772 1773
1771 10858
1770 10417
1769 10418
1767 1768
1766 10421
1765 10422
1764 10423
1763 10424
1761 1762
1760 10427
1759 10428
1758 10429
1757 10430
1755 1756
1754 10433
1753 10434
1752 10435
1751 10436
1749 1750
1748 10439
1747 10440
1746 10441
1745 10442
1743 1744
1742 10445
1741 10446
1740 10447
1739 10448
1737 1738
1736 10451
1735 10452
1734 10453
1733 10454
1732 10455
1731 10500
1730 10501
1729 10502
1728 10503
1727 10504
1725 1726
1724 7897
1723 7898
1722 7899
1721 7900
1720 7901
1719 7902
1717 1718
1716 7905
1715 8004
1714 8005
1713 8006
1712 8007
1711 8008
1710 8009
1708 1709
1707 13252
1706 13253
1705 13254
1704 13255
1703 13256
1702 13257
1701 13258
1699 1700
1698 13261
1697 13262
1696 13263
1695 13264
1694 13116
1693 13117
1692 13118
1691 13119
1689 1690
1688 13122
1687 13123
1686 13124
1685 13125
1684 13126
1683 13127
1682 13128
1679 13103
1678 13104
1677 13105
1676 13106
1675 13107
1674 13108
1673 13109
1672 13110
1670 1671
1669 13113
1668 13114
1667 13115
1666 13265
1665 13266
1664 13267
1663 13268
1662 13269
1660 1661
1659 13272
1658 13273
1657 13274
1656 7993
1655 7994
1654 7995
1653 7996
1651 1652
1650 7999
1649 8000
1648 8001
1647 8002
1646 8003
1645 7888
1644 7889
1642 1643
1641 7892
1640 7893
1639 7894
1638 7895
1637 7896
1636 10507
1634 1635
1633 10510
1632 10511
1631 10512
1630 10513
1629 10514
1628 10515
1627 10516
1626 10517
1625 10518
1623 1624
1622 10521
1621 10522
1620 10523
1619 10524
1617 1618
1616 10135
1615 10136
1614 10137
1613 10138
1611 1612
1610 10141
1609 10142
1608 8558
1607 8559
1605 1606
1604 8562
1603 8563
1602 8564
1601 8565
1599 1600
1598 8568
1597 8569
1596 8570
1594 1595
1593 10838
1592 10839
1591 10840
1590 10841
1588 1589
1587 10844
1586 10845
1585 10846
1584 10847
1582 1583
1581 7906
1580 7907
1579 7908
1577 1578
1576 7911
1575 7912
1574 7913
1573 10917
1572 10918
1571 10919
1569 1570
1568 10922
1567 10923
1566 10257
1565 10258
1563 1564
1562 10261
1561 10262
1560 10263
1559 10264
1557 1558
1556 10267
1555 10268
1554 10269
1553 11599
1551 1552
1550 11602
1549 11603
1548 11604
1547 11605
1546 11606
1544 1545
1543 11609
1542 11610
1541 11611
1540 11737
1538 1539
1537 11740
1536 11741
1535 11742
1534 11743
1532 1533
1531 11746
1530 11747
1529 11748
1528 11749
1526 1527
1525 11752
1524 11753
1523 11754
1522 11755
1521 11756
1520 11757
1519 11424
1518 11425
1517 11426
1516 11427
1514 1515
1513 11430
1512 11431
1511 11432
1510 11433
1508 1509
1507 11394
1506 11395
1505 11396
1504 11397
1502 1503
1501 11400
1500 11401
1499 11402
1498 7922
1496 1497
1495 7925
1494 7926
1493 7927
1492 7928
1490 1491
1489 7931
1488 11358
1487 11359
1486 11360
1484 1485
1483 11363
1482 11364
1481 11365
1480 11366
1478 1479
1477 11967
1476 11968
1475 11969
1474 11970
1472 1473
1471 11973
1470 11974
1469 11975
1468 9309
1466 1467
1465 9312
1464 9313
1463 9314
1462 9315
1461 9316
1459 1460
1458 9319
1457 9320
1456 9321
1455 9322
1453 1454
1452 9325
1451 9326
1450 9327
1449 9328
1447 1448
1446 9415
1445 9416
1444 9417
1443 9418
1441 1442
1440 9421
1439 9422
1438 9423
1437 9424
1435 1436
1434 9427
1433 12117
1432 12118
1431 12119
1429 1430
1428 12122
1427 12123
1426 12124
1425 12125
1423 1424
1422 12128
1421 12129
1420 12130
1419 12131
1417 1418
1416 12134
1415 12135
1414 12136
1413 12137
1411 1412
1410 12140
1409 8954
1408 8955
1407 8956
1406 8957
1404 1405
1403 8960
1402 8907
1401 8908
1400 8909
1398 1399
1397 8912
1396 8913
1395 8182
1394 8183
1392 1393
1391 8186
1390 8187
1389 8188
1388 8189
1386 1387
1385 8192
1384 8193
1383 8194
1382 12626
1380 1381
1379 12629
1378 12630
1377 12631
1376 12632
1374 1375
1373 12635
1372 12636
1371 12637
1370 12638
1368 1369
1367 12684
1366 12685
1365 12686
1363 1364
1362 12689
1361 12690
1360 12691
1359 12692
1357 1358
1356 12695
1355 12696
1354 12697
1353 12698
1352 12699
1351 12700
1349 1350
1348 12405
1347 12406
1346 12407
1344 1345
1343 12319
1342 12320
1341 12321
1340 12322
1338 1339
1337 12325
1336 12375
1335 12376
1334 12377
1332 1333
1331 12380
1330 12381
1329 9766
1327 1328
1326 9769
1325 9770
1324 9771
1323 9772
1321 1322
1320 9775
1319 9776
1318 9777
1317 9778
1315 1316
1314 9845
1313 9846
1312 9847
1310 1311
1309 9850
1308 9851
1307 9852
1306 9853
1305 9854
1303 1304
1302 9857
1301 9858
1300 9859
1299 9860
1298 9861
1297 9862
1296 9863
1295 6964
1293 1294
1292 6967
1291 6968
1290 6969
1289 6970
1288 6971
1287 6972
1285 1286
1284 6975
1283 6976
1282 6977
1281 6978
1280 6979
1279 6980
1278 6981
1276 1277
1275 6984
1274 6985
1273 6986
1272 6987
1271 6988
1270 6989
1269 6990
1267 1268
1266 6993
1265 6994
1264 6995
1263 6996
1262 6997
1261 6998
1260 6999
1259 7974
1257 1258
1256 7977
1255 7978
1254 7979
1253 7980
1252 7981
1251 7982
1250 7983
1249 7984
1246 8748
1245 8749
1243 1244
1242 8752
1241 8753
1240 8754
1239 8755
1238 8756
1237 12988
1236 12989
1234 1235
1233 12992
1232 12993
1231 12994
1230 12995
1229 12996
1228 12997
1227 12998
1226 12999
1224 1225
1223 13002
1222 13003
1221 13004
1220 13005
1219 13006
1218 13007
1216 1217
1215 13010
1214 13011
1213 13012
1212 13013
1211 13014
1210 13015
1209 13016
1207 1208
1206 13019
1205 13020
1204 13021
1203 13022
1202 9821
1200 1201
1199 9824
1198 9825
1197 9826
1196 9827
1195 9828
1194 9829
1192 1193
1191 9832
1190 9833
1189 9834
1188 9835
1186 1187
1185 9838
1184 9839
1183 9840
1182 9841
1180 1181
1179 9844
1178 9781
1177 9782
1175 1176
1174 9785
1173 9786
1172 9787
1171 9788
1169 1170
1168 12363
1167 12364
1166 12365
1164 1165
1163 12368
1162 12369
1161 12370
1160 12371
1158 1159
1157 12374
1156 12326
1155 12327
1153 1154
1152 12330
1151 12331
1150 12332
1148 1149
1147 8736
1146 8737
1145 8738
1144 8739
1142 1143
1141 8742
1140 8743
1139 12670
1138 12671
1137 12672
1136 12673
1135 12674
1134 12675
1132 1133
1131 12678
1130 12679
1129 12680
1127 1128
1126 12683
1125 12641
1124 12642
1123 12643
1121 1122
1120 12646
1119 12647
1118 12206
1117 12207
1115 1116
1114 12210
1113 12211
1112 12212
1110 1111
1109 12215
1108 12216
1107 12217
1106 12218
1104 1105
1103 12221
1102 12222
1101 12223
1099 1100
1098 12226
1097 12227
1096 12228
1095 12229
1093 1094
1092 12232
1091 8946
1090 8947
1089 8948
1087 1088
1086 8951
1085 8952
1084 8953
1083 12141
1082 12142
1081 12143
1080 12144
1078 1079
1077 12147
1076 8714
1075 8715
1074 8716
1072 1073
1071 8719
1070 8720
1069 8721
1067 1068
1066 8694
1065 8695
1064 8696
1063 8697
1061 1062
1060 8700
1059 8701
1058 8702
1057 8703
1055 1056
1054 8675
1053 8676
1052 8677
1050 1051
1049 8680
1048 8681
1047 8682
1046 8652
1044 1045
1043 8655
1042 8656
1041 8657
1040 8658
1038 1039
1037 8661
1036 8662
1035 8631
1034 8632
1032 1033
1031 8635
1030 8636
1029 8637
1028 8638
1027 8639
1026 8640
1024 1025
1023 11942
1022 11943
1021 11944
1020 11945
1018 1019
1017 11948
1016 11903
1015 11904
1014 11905
1012 1013
1011 11908
1010 11909
1009 11910
1008 11911
1006 1007
1005 11914
1004 8610
1003 8611
1002 8612
1000 1001
999 8615
998 8616
997 8617
995 996
994 8620
993 11846
992 11847
991 11848
989 990
988 11851
987 11852
986 11853
985 11816
983 984
982 11819
981 11820
980 11821
979 11822
977 978
976 11825
975 11826
974 11827
973 11828
972 11084
970 971
969 11087
968 11088
967 11089
966 11090
964 965
963 11045
962 11046
961 11047
960 11048
958 959
957 11051
956 11052
955 11053
954 11054
952 953
951 8589
950 8590
949 8591
948 8592
946 947
945 8595
944 8596
943 8597
942 8598
940 941
939 10243
938 10244
937 10245
936 10246
934 935
933 10249
932 10250
931 10251
930 10252
928 929
927 10255
926 10256
925 10924
924 10925
922 923
921 10928
920 10929
919 10930
918 10931
917 10932
916 10933
914 915
913 10936
912 10937
911 10938
910 10939
908 909
907 10942
906 10943
905 10944
903 904
902 8539
901 8540
900 8541
899 8542
897 898
896 8545
895 8546
894 8547
893 8548
891 892
890 8551
889 8552
888 8553
886 887
885 8556
884 8557
883 10143
882 10144
880 881
879 10147
878 10148
877 10149
876 10150
874 875
873 10153
872 10154
871 10155
870 10156
868 869
867 10563
866 10564
865 10565
864 10566
863 10567
862 10568
861 10569
860 10570
859 10571
857 858
856 10574
855 10575
854 10576
853 10577
852 10578
850 851
849 10581
848 10582
847 10583
846 10629
845 10630
844 10631
843 10632
841 842
840 10635
839 13295
838 13296
837 13297
836 13298
835 13299
834 13300
833 13301
831 832
830 13304
829 13305
828 13306
827 13307
826 13308
825 13056
824 13057
823 13058
821 822
820 13061
819 13062
818 13063
817 13064
816 13065
815 13066
814 13067
813 13068
810 13043
809 13044
808 13045
807 13046
806 13047
805 13048
804 13049
803 13050
801 802
800 13053
799 13054
798 13055
797 13309
796 13310
795 13311
794 13312
793 13313
792 13314
790 791
789 13317
788 13318
787 10618
786 10619
785 10620
784 10621
783 10622
782 10623
780 781
779 10626
778 10627
777 10628
776 10584
775 10585
774 10586
772 773
771 10589
770 10590
769 10591
768 10592
767 10593
766 10594
764 765
763 10555
762 10556
761 10557
760 10558
759 10559
758 10560
757 10561
756 10562
754 755
753 10077
752 10078
751 10079
750 10080
748 749
747 10083
746 10084
745 10085
744 10086
742 743
741 10089
740 10090
739 10091
737 738
736 10159
735 10160
734 10161
733 10162
731 732
730 10165
729 10166
728 10167
727 10168
725 726
724 10180
723 10181
722 10182
720 721
719 10185
718 10186
717 10187
716 10188
714 715
713 10209
712 10210
711 10211
710 10212
708 709
707 10215
706 10216
705 10217
704 10218
703 10219
702 10220
700 701
699 10223
698 10224
697 10225
696 10226
694 695
693 10229
692 10230
691 10231
690 10232
688 689
687 10235
686 10236
685 10237
684 10238
682 683
681 8579
680 8580
679 8581
678 8582
676 677
675 8585
674 8586
673 8587
672 8588
670 671
669 10962
668 10963
667 10964
665 666
664 10967
663 11071
662 11072
661 11073
659 660
658 11076
657 11077
656 11078
654 655
653 11081
652 11082
651 11083
650 11120
649 11121
648 11122
647 11123
645 646
644 11126
643 11127
642 11128
641 11129
639 640
638 11837
637 11838
636 11839
634 635
633 11842
632 11843
631 11844
630 11845
628 629
627 8601
626 8602
625 8603
623 624
622 8606
621 8607
620 8608
619 8609
617 618
616 11863
615 11864
614 11865
613 11866
611 612
610 11927
609 11928
608 11929
606 607
605 11932
604 11933
603 11934
602 11935
600 601
599 11938
598 11939
597 8621
596 8622
595 8623
594 8624
593 8625
592 8626
590 591
589 8629
588 8630
587 8641
586 8642
584 585
583 8645
582 8646
581 8647
579 580
578 8650
577 8651
576 8663
575 8664
573 574
572 8667
571 8668
570 8669
568 569
567 8672
566 8683
565 8684
563 564
562 8687
561 8688
560 8689
559 8690
557 558
556 8693
555 8704
554 8705
552 553
551 8708
550 8709
549 8710
547 548
546 8713
545 12072
544 12073
542 543
541 12076
540 12077
539 12078
538 12079
537 12148
536 12149
534 535
533 12152
532 12153
531 12154
529 530
528 12157
527 12158
526 12183
525 12184
523 524
522 12187
521 12188
520 12189
518 519
517 12192
516 12193
515 12194
513 514
512 12197
511 12198
510 12199
508 509
507 12202
506 12203
505 12204
504 12205
502 503
501 12650
500 12651
499 12652
497 498
496 12655
495 12656
494 12657
492 493
491 12660
490 12661
489 12662
488 12663
486 487
485 12666
484 12667
483 12668
482 12669
481 8724
480 8725
478 479
477 8728
476 8729
475 8730
473 474
472 8733
471 12268
470 12269
468 469
467 12272
466 12273
465 12274
464 12275
462 463
461 12350
460 12351
459 12352
457 458
456 12355
455 12356
454 12357
452 453
451 12360
450 9789
449 9790
447 448
446 9793
445 9794
444 9795
442 443
441 9798
440 9799
439 9800
438 9801
436 437
435 9804
434 9805
433 9806
431 432
430 9809
429 9810
428 9811
427 9812
426 9813
425 9814
424 9815
423 9816
422 9817
420 421
419 9820
418 12903
417 12904
416 12905
415 12906
413 414
412 12909
411 12910
410 12911
409 12912
408 12913
406 407
405 12916
404 12917
403 12918
402 12919
401 12920
400 12921
399 12922
397 398
396 12925
395 12926
394 12927
393 12928
392 12929
391 12930
390 7056
388 389
387 7059
386 7060
385 7061
384 7062
383 7063
382 7064
381 7065
379 380
378 7068
377 7069
376 7070
375 7071
372 13027
371 13028
370 13029
369 13030
368 13031
367 13032
366 7048
365 7049
364 7050
363 7051
362 7052
361 7053
360 7054
359 7055
358 12931
357 12932
356 12933
355 12934
354 12935
353 12936
352 12937
351 12938
350 12939
349 12940
348 12941
347 12942
346 12943
345 12944
344 12945
343 12946
342 9501
341 9502
340 9503
339 9504
338 9505
337 9506
336 9507
335 9508
334 9509
333 9510
332 9511
331 9512
330 9513
329 9514
328 9515
327 9516
326 9517
325 9518
324 9519
323 9520
322 9521
321 9522
320 9479
319 9480
318 9481
317 9482
316 9483
315 9484
314 9485
313 9486
312 9487
311 9488
309 310
308 12335
307 12336
306 12337
305 12338
304 12339
303 12340
302 12341
301 12342
300 12343
299 12344
298 12345
297 12346
296 12347
295 12276
294 12277
293 12278
292 12279
291 12280
290 12281
289 12282
288 12283
287 12284
286 12285
285 12286
284 12287
283 12288
282 12289
281 12444
280 12445
279 12446
278 12447
277 12448
276 12449
275 12450
274 12451
273 12452
272 12453
271 12454
270 12455
269 12456
268 9459
267 9460
266 9461
265 9462
264 9463
263 9464
262 9465
261 9466
260 9467
259 9468
258 9469
256 257
255 12170
254 12171
253 12172
252 12173
251 12174
250 12175
249 12176
248 12177
247 12178
246 12179
245 12180
244 12181
243 12182
242 12159
241 12160
240 12161
239 12162
238 12163
237 12164
236 12165
235 12166
234 12167
233 12080
232 12081
231 12082
230 12083
229 12084
228 12085
227 12086
226 12087
225 12088
224 12089
223 12090
222 12091
221 12092
220 12093
219 12094
218 8808
217 8809
216 8810
215 8811
213 214
212 8814
211 8815
210 8816
209 8817
208 8818
207 8819
206 8820
205 8796
204 8797
203 8798
202 8799
201 8800
200 8801
199 8802
198 8803
197 8804
196 8805
195 8806
194 8807
193 8775
192 8776
191 8777
190 8778
189 8779
188 8780
187 8781
186 8782
185 8783
184 8784
183 8785
182 11915
181 11916
180 11917
179 11918
177 178
176 11921
175 11922
174 11923
173 11924
172 11925
171 11926
170 11869
169 11870
168 11871
167 11872
166 11873
165 11874
164 11875
163 11876
162 11877
161 11878
160 11879
159 11880
158 11881
157 11882
156 11883
155 11829
154 11830
153 11831
152 11832
151 11833
150 11834
149 11835
148 11836
147 11132
146 11133
145 11134
144 11135
143 11136
142 11137
141 11138
140 11057
139 11058
138 11059
137 11060
136 11061
135 11062
134 11063
133 11064
132 11065
131 11066
130 11067
129 11068
128 11069
127 11070
126 10968
125 10969
124 10970
123 10971
122 10972
121 10973
120 10974
119 10975
118 11538
117 11539
116 11540
115 11541
114 11542
113 11543
112 11544
111 11545
110 11546
109 11547
108 11548
107 11549
106 11550
105 11551
104 11552
103 11553
102 11554
101 11555
100 11556
99 11557
98 11558
97 11559
96 11560
95 11561
94 11562
93 11563
92 10201
91 10202
90 10203
89 10204
88 10205
87 10206
86 10207
85 10208
84 10191
83 10192
82 10193
81 10194
80 10195
79 10196
78 10197
77 10198
76 10199
75 10200
74 10169
73 10170
72 10171
71 10172
70 10173
69 10174
68 10175
67 10176
66 10177
65 10094
64 10095
63 10096
62 10097
61 10098
60 10099
59 10100
58 10101
57 10102
56 10103
55 10104
54 10105
53 10106
52 10107
51 10108
50 10547
49 10548
48 10549
47 10550
46 10551
45 10552
44 10553
43 10554
42 10597
41 10598
40 10599
39 10600
38 10601
37 10602
36 10603
35 10604
34 10605
33 10606
32 10607
31 10608
30 10609
29 10610
28 10611
27 10612
26 10613
25 10614
24 10615
23 10616
22 10617
21 13319
20 13320
19 13321
18 13322
17 13323
16 13324
15 13325
14 13326
13 13327
12 13328
11 13329
10 13330
9 13331
8 13332
7 13333
6 13334
5 13335
4 13336
3 13337
2 13338
1 13339
