6658 9525
6657 9526
6656 9527
6655 9528
6654 9529
6653 9530
6652 10105
6651 10106
6650 10107
6649 10108
6648 10109
6647 10110
6646 10111
6645 10339
6644 10340
6643 10341
6642 10342
6641 10343
6640 10344
6639 10345
6638 10346
6637 10347
6636 10348
6635 10349
6634 10350
6633 10461
6632 10462
6631 10463
6630 10464
6629 10465
6628 10466
6627 10467
6626 10468
6625 10469
6624 8748
6623 8749
6622 8750
6621 8751
6620 8752
6619 8753
6618 8754
6617 8755
6616 8756
6615 8757
6614 8758
6613 10704
6612 10705
6611 10706
6610 10707
6609 10990
6608 10991
6607 10992
6606 10993
6605 10994
6604 10995
6603 11132
6602 11133
6601 11134
6600 11135
6599 11136
6598 11137
6597 11138
6596 11139
6595 11140
6594 11141
6593 11142
6592 11143
6591 11144
6590 9673
6589 9674
6588 9675
6587 9676
6586 9677
6585 9678
6584 9679
6583 9680
6582 8770
6581 8771
6580 8772
6579 8773
6578 8774
6577 8775
6576 8776
6575 8777
6574 8778
6573 8779
6572 8780
6571 11876
6570 11877
6569 11878
6568 11879
6567 11880
6566 11881
6565 11882
6564 11883
6563 11884
6562 11885
6561 11886
6560 11887
6559 11888
6558 11889
6557 11890
6556 11891
6555 11892
6554 11893
6553 11894
6552 11895
6551 11896
6550 11897
6549 11898
6548 11899
6547 11900
6546 11901
6545 11902
6544 11903
6543 11904
6542 11905
6541 11906
6540 11907
6539 11908
6538 11909
6537 9742
6536 9743
6535 9744
6534 9745
6533 9746
6532 9747
6531 9748
6530 9749
6529 12172
6528 12173
6527 12174
6526 12175
6525 12176
6524 12177
6523 12178
6522 12179
6521 12180
6520 12181
6519 12182
6518 12183
6517 11955
6516 11956
6515 11957
6514 11958
6513 11959
6512 11960
6511 11961
6510 11962
6509 11963
6508 11964
6507 12419
6506 12420
6505 12421
6504 12422
6503 12423
6502 12424
6501 12425
6500 12426
6499 12427
6498 12428
6497 12429
6496 12430
6495 12431
6494 12432
6493 12433
6492 12434
6491 12435
6490 12436
6489 12437
6488 12438
6487 12439
6486 12440
6485 9807
6484 9808
6483 9809
6482 9810
6481 9811
6480 9812
6479 9813
6478 9814
6477 9815
6476 9816
6475 9779
6474 9780
6473 9781
6472 9782
6471 9783
6470 9784
6469 9785
6468 12455
6467 12456
6466 12457
6465 12458
6464 12459
6463 12460
6462 12461
6461 12462
6460 12463
6459 12464
6458 12465
6457 12466
6456 12467
6455 12932
6454 12933
6453 12934
6452 12935
6451 12936
6450 12937
6449 12938
6448 12939
6447 12940
6446 12941
6445 12942
6444 12943
6443 12944
6442 9999
6441 10000
6440 10001
6439 10002
6438 10003
6437 10004
6436 10005
6435 10006
6434 10007
6433 12979
6432 12980
6431 12981
6430 12982
6429 12983
6428 12984
6427 12985
6426 12986
6425 12987
6424 12988
6423 12989
6422 12990
6421 12991
6420 12992
6419 12993
6418 12994
6417 12995
6416 12996
6415 12997
6414 12998
6413 12999
6412 13143
6411 13144
6410 13145
6409 13146
6408 13147
6407 13148
6406 13149
6405 13150
6404 13151
6403 13152
6402 13153
6401 13154
6400 13155
6399 10019
6398 10020
6397 10021
6396 10022
6395 10023
6394 10024
6393 10025
6392 10026
6391 10027
6390 10038
6389 10039
6388 10040
6387 10041
6386 10042
6385 10043
6384 10044
6383 10045
6382 10046
6381 10047
6380 10059
6379 10060
6378 10061
6377 10062
6376 10063
6375 10064
6374 10065
6373 10066
6372 10067
6371 10068
6370 13202
6369 13203
6368 13204
6367 13205
6366 13206
6365 13207
6364 13208
6363 13209
6362 13210
6361 7656
6360 7657
6359 7658
6358 7659
6357 7660
6356 7661
6355 7662
6354 7663
6353 7664
6352 7665
6351 7666
6350 13333
6349 13334
6348 13335
6347 13336
6346 13337
6345 13338
6344 13339
6341 8983
6340 8984
6339 8985
6338 8986
6337 8987
6336 8988
6335 8989
6334 8990
6333 8991
6332 8992
6331 8993
6330 8994
6329 7651
6328 7652
6327 7653
6326 7654
6325 7655
6324 13211
6323 13212
6322 13213
6321 13214
6320 13215
6319 13216
6318 13217
6317 13218
6316 13219
6315 13220
6314 13221
6313 13222
6312 13223
6311 13224
6310 13225
6309 13226
6308 13227
6307 13228
6306 13229
6305 13230
6304 13231
6303 13232
6302 13233
6301 13234
6300 13235
6299 13236
6298 13237
6297 13238
6296 13239
6295 13240
6294 13241
6293 13124
6292 13125
6291 13126
6290 13127
6289 13128
6288 13129
6287 13130
6286 13131
6285 13132
6284 13133
6283 13134
6282 13135
6281 13136
6280 13137
6279 13138
6278 13139
6277 13140
6276 13141
6275 13142
6274 13000
6273 13001
6272 13002
6271 13003
6270 13004
6269 13005
6268 13006
6267 13007
6266 13008
6265 13009
6264 13010
6263 13011
6262 13012
6261 8802
6260 8803
6259 8804
6258 8805
6257 8806
6256 8807
6255 8808
6254 8809
6253 8810
6252 8811
6251 8812
6250 8813
6249 8814
6248 8815
6247 8816
6246 8817
6245 8818
6244 8819
6243 8820
6242 8821
6241 12922
6240 12923
6239 12924
6238 12925
6237 12926
6236 12927
6235 12928
6234 12929
6233 12930
6232 12931
6231 12468
6230 12469
6229 12470
6228 12471
6227 12472
6226 12473
6225 12474
6224 12475
6223 9987
6222 9988
6221 9989
6220 9990
6219 9991
6218 9992
6217 9993
6216 9994
6215 9995
6214 9996
6213 9997
6212 9998
6211 9817
6210 9818
6209 9819
6208 9820
6207 9821
6206 9822
6205 9823
6204 9824
6203 9825
6202 9826
6201 9827
6200 9828
6199 9829
6198 12227
6197 12228
6196 12229
6195 12230
6194 12231
6193 12232
6192 12233
6191 12234
6190 12235
6189 12236
6188 12237
6187 12238
6186 12239
6185 12414
6184 12415
6183 12416
6182 12417
6181 12418
6180 11965
6179 11966
6178 11967
6177 11968
6176 11969
6175 11970
6174 11971
6173 11972
6172 11973
6171 11974
6170 11975
6169 11976
6168 11977
6167 11978
6166 11979
6165 11980
6164 12166
6163 12167
6162 12168
6161 12169
6160 12170
6159 12171
6158 9750
6157 9751
6156 9752
6155 9753
6154 9754
6153 9755
6152 9756
6151 9757
6150 9758
6149 9759
6148 9760
6147 9761
6146 11245
6145 11246
6144 11247
6143 11248
6142 11249
6141 11250
6140 11251
6139 11252
6138 11253
6137 11254
6136 11592
6135 11593
6134 11594
6133 11595
6132 11596
6131 11597
6130 11598
6129 11599
6128 11600
6127 11601
6126 11602
6125 11603
6124 11604
6123 11605
6122 11870
6121 11871
6120 11872
6119 11873
6118 11874
6117 11875
6116 8781
6115 8782
6114 8783
6113 8784
6112 8785
6111 8786
6110 8787
6109 8788
6108 8789
6107 8790
6106 9681
6105 9682
6104 9683
6103 9684
6102 9685
6101 9706
6100 9707
6099 9708
6098 9709
6097 9710
6096 9711
6095 11122
6094 11123
6093 11124
6092 11125
6091 11126
6090 11127
6089 11128
6088 11129
6087 11130
6086 11131
6085 10996
6084 10997
6083 10998
6082 10999
6081 11000
6080 10699
6079 10700
6078 10701
6077 10702
6076 10703
6075 8759
6074 8760
6073 8761
6072 8762
6071 8763
6070 8764
6069 8765
6068 8766
6067 8767
6066 8768
6065 8769
6064 10470
6063 10471
6062 10472
6061 10473
6060 10474
6059 10323
6058 10324
6057 10325
6056 10326
6055 10327
6054 10328
6053 10329
6052 10330
6051 10331
6050 10332
6049 10333
6048 10334
6047 10335
6046 10336
6045 10337
6044 10338
6043 10112
6042 10113
6041 10114
6040 10115
6039 10116
6038 10117
6037 10118
6036 10119
6035 10120
6034 10121
6033 10122
6032 10123
6031 10124
6028 10165
6027 10166
6026 10167
6025 10168
6024 10169
6023 10170
6022 10171
6021 10172
6020 10173
6019 10174
6018 10175
6017 10176
6016 10177
6015 10253
6014 10254
6013 10255
6012 10256
6011 10257
6010 10258
6009 10259
6008 10260
6007 10261
6006 10262
6005 10263
6004 10264
6003 10304
6002 10305
6001 10306
6000 10307
5999 10308
5998 10309
5997 10310
5996 10311
5995 10312
5994 10957
5993 10958
5992 10959
5991 10960
5990 10961
5989 10962
5988 10963
5987 10964
5986 10965
5985 10966
5984 10967
5983 10968
5982 10969
5981 10970
5980 10971
5979 10972
5978 10714
5977 10715
5976 10716
5975 10717
5974 10718
5973 10719
5972 10720
5971 10721
5970 10722
5969 10723
5968 10724
5967 10725
5966 10726
5965 10727
5964 10728
5963 10729
5962 10730
5961 10731
5960 10732
5959 11116
5958 11117
5957 11118
5956 11119
5955 11120
5954 11121
5953 9712
5952 9713
5951 9714
5950 9715
5949 9716
5948 9717
5947 9718
5946 9719
5945 9720
5944 9721
5943 9722
5942 9723
5941 9724
5940 9725
5939 9726
5938 9727
5937 9728
5936 11170
5935 11171
5934 11172
5933 11173
5932 11174
5931 11175
5930 11176
5929 11177
5928 11178
5927 11179
5926 11180
5925 11181
5924 11182
5923 11183
5922 11184
5921 11185
5920 11186
5919 11187
5918 11188
5917 11189
5916 11321
5915 11322
5914 11323
5913 11324
5912 11325
5911 11326
5910 11584
5909 11585
5908 11586
5907 11587
5906 11588
5905 11589
5904 11590
5903 11591
5902 11255
5901 11256
5900 11257
5899 11258
5898 11259
5897 11238
5896 11239
5895 11240
5894 11241
5893 11242
5892 11243
5891 11244
5890 9762
5889 9763
5888 9764
5887 9765
5886 9766
5885 9767
5884 9768
5883 9769
5882 9770
5881 9771
5880 9772
5879 9773
5878 9774
5877 9775
5876 9776
5875 9777
5874 9778
5873 12147
5872 12148
5871 12149
5870 12150
5869 12151
5868 12113
5867 12114
5866 12115
5865 12116
5864 12117
5863 12118
5862 11936
5861 11937
5860 11938
5859 11939
5858 11940
5857 11941
5856 11942
5855 11943
5854 11944
5853 11945
5852 12389
5851 12390
5850 12391
5849 12392
5848 12393
5847 12394
5846 12343
5845 12344
5844 12345
5843 12346
5842 12347
5841 12348
5840 12349
5839 12350
5838 12351
5837 12352
5836 12353
5835 12220
5834 12221
5833 12222
5832 12223
5831 12224
5830 12225
5829 12226
5828 9830
5827 9831
5826 9832
5825 9833
5824 9834
5823 9835
5822 9836
5821 9837
5820 9838
5819 9839
5818 9840
5817 9841
5816 9842
5815 9843
5814 9844
5813 9845
5812 9846
5811 9847
5810 9848
5809 9849
5808 9850
5807 9851
5806 9852
5805 9979
5804 9980
5803 9981
5802 9982
5800 5801
5799 9985
5798 9986
5797 12476
5796 12477
5795 12478
5794 12479
5793 12480
5792 12481
5791 12907
5790 12908
5789 12909
5788 12910
5787 12911
5786 12912
5785 12913
5784 12914
5783 12915
5782 12916
5781 12917
5780 12918
5779 12919
5778 12920
5777 12921
5776 8822
5775 8823
5774 8824
5773 8825
5772 8826
5771 8827
5770 8828
5769 8829
5768 8830
5767 8831
5766 8832
5765 8833
5764 8834
5763 8835
5762 8791
5761 8792
5760 8793
5759 8794
5758 8795
5757 8796
5755 5756
5754 8799
5753 8800
5752 8801
5751 13013
5750 13014
5749 13015
5748 13016
5747 13017
5746 13018
5745 13019
5744 13020
5743 13021
5742 13022
5741 13023
5740 13024
5739 13025
5738 13026
5737 13027
5736 13028
5735 13029
5734 13030
5733 13031
5732 13032
5731 13033
5730 13034
5729 13107
5728 13108
5727 13109
5726 13110
5725 13111
5724 13112
5723 13113
5722 13114
5721 13115
5720 13116
5719 13117
5718 13118
5717 13119
5716 13120
5715 13121
5714 13122
5713 13123
5712 13242
5711 13243
5710 13244
5709 13245
5708 13246
5707 13247
5706 13248
5705 13249
5704 13250
5703 13251
5702 13252
5701 13253
5700 13254
5699 13255
5698 13256
5697 13257
5696 13258
5695 13259
5694 13260
5693 13261
5692 13262
5691 13263
5690 13264
5689 13265
5688 13266
5687 13267
5686 13268
5685 9022
5684 9023
5683 9024
5682 9025
5681 9026
5680 9027
5679 9028
5678 7644
5677 7645
5676 7646
5675 7647
5674 7648
5673 7649
5672 7650
5671 8995
5670 8996
5669 8997
5668 8998
5667 8999
5666 9517
5665 9518
5664 9519
5663 9520
5662 9521
5661 9522
5660 9523
5659 9524
5656 9209
5655 9210
5654 9211
5653 9212
5652 9213
5651 9214
5650 9215
5649 9216
5648 9217
5647 7633
5646 7634
5645 7635
5644 7636
5643 7637
5642 7638
5641 7639
5640 7640
5639 7641
5638 7642
5637 7643
5636 9029
5635 9030
5634 9031
5633 9032
5632 9033
5631 9034
5630 9035
5629 9036
5628 8637
5627 8638
5626 8639
5625 8640
5624 8641
5623 8642
5622 8643
5621 8644
5620 8645
5619 8646
5618 8647
5617 8648
5616 8649
5615 8650
5614 8651
5613 8652
5612 8653
5611 8282
5610 8283
5609 8284
5608 8285
5607 8286
5606 8287
5605 8288
5604 8289
5603 8290
5602 8291
5601 8292
5600 8293
5599 8294
5598 8295
5597 8019
5596 8020
5595 8021
5594 8022
5593 8023
5592 8024
5591 8025
5590 8026
5589 8027
5588 8028
5587 8029
5586 8030
5585 8031
5584 13048
5583 13049
5582 13050
5581 13051
5580 13052
5579 13053
5578 13054
5577 13055
5576 13056
5575 13057
5574 13058
5573 12662
5572 12663
5571 12664
5570 12665
5569 12666
5568 12667
5567 12668
5566 12669
5565 12670
5564 12671
5563 12672
5562 12673
5561 12674
5560 12675
5559 8977
5558 8978
5557 8979
5556 8980
5555 8981
5554 8982
5553 8836
5552 8837
5551 8838
5550 8839
5549 8840
5548 8841
5547 8842
5546 8843
5545 8844
5544 8845
5543 8846
5542 8847
5541 8848
5540 8849
5539 8850
5538 8851
5537 8852
5536 8853
5535 8854
5534 8855
5533 8856
5532 8857
5531 8858
5530 12547
5529 12548
5528 12549
5527 12550
5526 12551
5525 12552
5524 9966
5523 9967
5522 9968
5521 9969
5520 9970
5519 9971
5518 9972
5517 9973
5516 9974
5515 9975
5514 9976
5513 9977
5512 9978
5511 9853
5510 9854
5509 9855
5508 9856
5507 9857
5506 9858
5505 9859
5504 9860
5503 9861
5502 9862
5501 9863
5500 9864
5499 9865
5498 7913
5497 7914
5496 7915
5495 7916
5494 7917
5493 7918
5492 7919
5491 7920
5490 7921
5489 7922
5488 7923
5487 7924
5486 7925
5485 7926
5484 7927
5483 7928
5482 12248
5481 12249
5480 12250
5479 12251
5478 12252
5477 12336
5476 12337
5475 12338
5474 12339
5473 12340
5472 12341
5471 12342
5470 12395
5469 12396
5468 12397
5467 12398
5466 12399
5465 12400
5464 12401
5463 12402
5462 12403
5461 12100
5460 12101
5459 12102
5458 12103
5457 12104
5456 12105
5455 12106
5454 12107
5453 12108
5452 12109
5451 12110
5450 12111
5449 12112
5448 12152
5447 12153
5446 12154
5445 12155
5444 12156
5443 12157
5442 12158
5441 12159
5440 7700
5439 7701
5438 7702
5437 7703
5436 7704
5435 7705
5434 7706
5433 7707
5432 7708
5431 7709
5430 7710
5429 7711
5428 7712
5427 7713
5426 7714
5425 7715
5424 7716
5423 7717
5422 7718
5421 7719
5420 7720
5419 11571
5418 11572
5417 11573
5416 11574
5415 11575
5414 11576
5413 11577
5412 11578
5411 11579
5410 11580
5409 11581
5408 11582
5407 11583
5406 11327
5405 11328
5404 11329
5403 11330
5402 11331
5401 11332
5400 11333
5399 11334
5398 11335
5397 11701
5396 11702
5395 11703
5394 11704
5393 11705
5392 11706
5391 11707
5390 11708
5389 11709
5388 11710
5387 11711
5386 11712
5385 11713
5384 11714
5383 11715
5382 11716
5381 11717
5380 11718
5379 11719
5378 11720
5377 11721
5376 11722
5375 11723
5374 11724
5373 11083
5372 11084
5371 11085
5370 11086
5369 11087
5368 11088
5367 11089
5366 11090
5365 11091
5364 11092
5363 11093
5362 7850
5361 7851
5360 7852
5359 7853
5358 7854
5357 7855
5356 7856
5355 11009
5354 11010
5353 11011
5352 11012
5351 11013
5350 11014
5349 11015
5348 11016
5347 11017
5346 11018
5345 11019
5344 7821
5343 7822
5342 7823
5341 7824
5340 7825
5339 7826
5338 10941
5337 10942
5336 10943
5335 10944
5334 10945
5333 10946
5332 10947
5331 10948
5330 10949
5329 10950
5328 10951
5327 10952
5326 10953
5325 10954
5324 10955
5323 10956
5322 10313
5321 10314
5320 10315
5319 10316
5318 10317
5317 10318
5316 10555
5315 10556
5314 10557
5313 10558
5312 10559
5311 10560
5310 10561
5309 10245
5308 10246
5307 10247
5306 10248
5305 10249
5304 10250
5303 10251
5302 10252
5301 10178
5300 10179
5299 10180
5298 10181
5297 10182
5296 10183
5295 10184
5294 10135
5293 10136
5292 10137
5291 10138
5290 10139
5289 10140
5286 10129
5285 10130
5284 10131
5283 10132
5282 10133
5281 10134
5280 10185
5279 10186
5278 10187
5277 10188
5276 10189
5275 10190
5274 10191
5273 10543
5272 10544
5271 10545
5270 10546
5269 10547
5268 10548
5267 10549
5266 10550
5265 10551
5264 10552
5263 10553
5262 10554
5261 10319
5260 10320
5259 10321
5258 10322
5257 10475
5256 10476
5255 10477
5254 10478
5253 10479
5252 10480
5251 10481
5250 10482
5249 10483
5248 10484
5247 10485
5246 10486
5245 10487
5244 10488
5243 10489
5242 10490
5241 10694
5240 10695
5239 10696
5238 10697
5237 10698
5236 11001
5235 11002
5234 11003
5233 11004
5232 11005
5231 11006
5230 11007
5229 11008
5228 7857
5227 7858
5226 7859
5225 7860
5224 7861
5223 7862
5222 7863
5221 7864
5220 9701
5219 9702
5218 9703
5217 9704
5216 9705
5215 9686
5214 9687
5213 9688
5212 9689
5211 9690
5210 11854
5209 11855
5208 11856
5207 11857
5206 11858
5205 11859
5204 11860
5203 11861
5202 11862
5201 11863
5200 11864
5199 11865
5198 11866
5197 11867
5196 11868
5195 11869
5194 11606
5193 11607
5192 11608
5191 11609
5190 11610
5189 11611
5188 11559
5187 11560
5186 11561
5185 11562
5184 11563
5183 11564
5182 11565
5181 11566
5180 11567
5179 11568
5178 11569
5177 11570
5176 7721
5175 7722
5174 7723
5173 7724
5172 7725
5171 7726
5170 7727
5169 7728
5168 7690
5167 7691
5166 7692
5165 7693
5164 7694
5163 7695
5162 7696
5161 7697
5160 7698
5159 7699
5158 12160
5157 12161
5156 12162
5155 12163
5154 12164
5153 12165
5152 11981
5151 11982
5150 11983
5149 11984
5148 11985
5147 12094
5146 12095
5145 12096
5144 12097
5143 12098
5142 12099
5141 12404
5140 12405
5139 12406
5138 12407
5137 12408
5136 12409
5135 12410
5134 12411
5133 12412
5132 12413
5131 12240
5130 12241
5129 12242
5128 12243
5127 12244
5126 12245
5125 12246
5124 12247
5123 7929
5122 7930
5121 7931
5120 7932
5119 7933
5118 7934
5117 7935
5116 7936
5115 9940
5114 9941
5113 9942
5112 9943
5111 9944
5110 9945
5109 9946
5108 9947
5107 9948
5106 9949
5105 9950
5104 9951
5103 9952
5102 9953
5101 9954
5100 9955
5099 9956
5098 9957
5097 9958
5096 9959
5095 9960
5094 9961
5093 9962
5092 9963
5091 9964
5090 9965
5089 12553
5088 12554
5087 12555
5086 12556
5085 12557
5084 12558
5083 12559
5082 12560
5081 12561
5080 12562
5079 12563
5078 12564
5077 12565
5076 12566
5075 12567
5074 12568
5073 12569
5072 8965
5071 8966
5070 8967
5069 8968
5068 8969
5067 8970
5066 8971
5065 8972
5064 8973
5063 8974
5062 8975
5061 8976
5060 12676
5059 12677
5058 12678
5057 12679
5056 12680
5055 12681
5054 12682
5053 12683
5052 8587
5051 8588
5050 8589
5049 8590
5048 8591
5047 8592
5046 8593
5045 8594
5044 8595
5043 8596
5042 8597
5041 8598
5040 8599
5039 8600
5038 8601
5037 8602
5036 8603
5035 8604
5034 8605
5033 8606
5032 8607
5031 8608
5030 8609
5029 8296
5028 8297
5027 8298
5026 8299
5025 8300
5024 8301
5023 8302
5022 8303
5021 8304
5020 8305
5019 8306
5018 8307
5017 8308
5016 8309
5015 8310
5014 8311
5013 8312
5012 8313
5011 8314
5010 8315
5009 8316
5008 8317
5007 8318
5006 8319
5005 8320
5004 8321
5003 8322
5002 8323
5001 8324
5000 8325
4999 8326
4998 8327
4997 8328
4996 8329
4995 8330
4994 8331
4993 8332
4992 8333
4991 8334
4990 8335
4989 8336
4988 8337
4987 9195
4986 9196
4985 9197
4984 9198
4983 9199
4982 9200
4981 9201
4980 9202
4979 9203
4978 9204
4975 9185
4974 9186
4973 9187
4972 9188
4971 9189
4970 9190
4969 9191
4968 9192
4967 9193
4966 9194
4965 8338
4964 8339
4963 8340
4962 8341
4961 8342
4960 8343
4959 8344
4958 8345
4957 8346
4956 8347
4955 8348
4954 8349
4953 8350
4952 8351
4951 8352
4950 8353
4949 8354
4948 8355
4947 8356
4946 8395
4945 8396
4944 8397
4943 8398
4942 8399
4941 8400
4940 8401
4939 8402
4938 8403
4937 8404
4936 8405
4935 8406
4934 8407
4933 8408
4932 8409
4931 8410
4930 8411
4929 8412
4928 8413
4927 8414
4926 8415
4925 8416
4924 8417
4923 8418
4922 8419
4921 8420
4920 7260
4919 7261
4918 7262
4917 7263
4916 7264
4915 7265
4914 7266
4913 7267
4912 8576
4911 8577
4910 8578
4909 8579
4908 8580
4907 8581
4906 8582
4905 8583
4904 8584
4903 8585
4902 8586
4901 12684
4900 12685
4899 12686
4898 12687
4897 12688
4896 12689
4895 12690
4894 12691
4893 12692
4892 12693
4891 12694
4890 12695
4889 12696
4888 8959
4887 8960
4886 8961
4885 8962
4884 8963
4883 8964
4882 12570
4881 12571
4880 12572
4879 12573
4878 12574
4877 12575
4876 12576
4875 12577
4874 12578
4873 12579
4872 12580
4871 12581
4870 9910
4869 9911
4868 9912
4867 9913
4866 9914
4865 9915
4864 9916
4863 9917
4862 9918
4861 9919
4860 9920
4859 9921
4858 9922
4857 9923
4856 9924
4855 9925
4854 9926
4853 9927
4852 9928
4851 9929
4850 9930
4849 9931
4848 9932
4847 9933
4846 9934
4845 9935
4844 9936
4843 9937
4842 9938
4841 9939
4840 7937
4839 7938
4838 7939
4837 7940
4836 7941
4835 7942
4834 7943
4833 7944
4832 7945
4831 7946
4830 7947
4829 7948
4828 12075
4827 12076
4826 12077
4825 12078
4824 12079
4823 12080
4822 12081
4821 12082
4820 12083
4819 12084
4818 12085
4817 12086
4816 12087
4815 12088
4814 12089
4813 12090
4812 12091
4811 12092
4810 12093
4809 11986
4808 11987
4807 11988
4806 11989
4805 11990
4804 7558
4803 7559
4802 7560
4801 7561
4800 7562
4799 7563
4798 7564
4797 7565
4796 7807
4795 7808
4794 7809
4793 7810
4792 7811
4791 7812
4790 7813
4789 7814
4788 7729
4787 7730
4786 7731
4785 7732
4784 7733
4783 11430
4782 11431
4781 11432
4780 11433
4779 11434
4778 11435
4777 11436
4776 11551
4775 11552
4774 11553
4773 11554
4772 11555
4771 11556
4770 11557
4769 11558
4768 11612
4767 11613
4766 11614
4765 11615
4764 11616
4763 11617
4762 11838
4761 11839
4760 11840
4759 11841
4758 11842
4757 11843
4756 11844
4755 11845
4754 11846
4753 11847
4752 11848
4751 11849
4750 11850
4749 11851
4748 11852
4747 11853
4746 9691
4745 9692
4744 9693
4743 9694
4742 9695
4741 9696
4740 9697
4739 9698
4738 9699
4737 9700
4736 7865
4735 7866
4734 7867
4733 7868
4732 7869
4731 7870
4730 7871
4729 7872
4728 7873
4727 7874
4726 10860
4725 10861
4724 10862
4723 10863
4722 10864
4721 10865
4720 10689
4719 10690
4718 10691
4717 10692
4716 10693
4715 10491
4714 10492
4713 10493
4712 10494
4711 10495
4710 10496
4709 10497
4708 10498
4707 10499
4706 10500
4705 10501
4704 10502
4703 10503
4702 10504
4701 10505
4700 10506
4699 10527
4698 10528
4697 10529
4696 10530
4695 10531
4694 10532
4693 10533
4692 10534
4691 10535
4690 10536
4689 10537
4688 10538
4687 10539
4686 10540
4685 10541
4684 10542
4683 10192
4682 10193
4681 10194
4680 10195
4679 10196
4678 7240
4677 7241
4676 7242
4675 7243
4674 7244
4673 7245
4672 7246
4671 7247
4668 9581
4667 9582
4666 9583
4665 9584
4664 9585
4663 9586
4662 9587
4661 9588
4660 9589
4659 9590
4658 9591
4657 10209
4656 10210
4655 10211
4654 10212
4653 10213
4652 10214
4651 10215
4650 10216
4649 10217
4648 10218
4647 10219
4646 10220
4645 10221
4644 10581
4643 10582
4642 10583
4641 10584
4640 10585
4639 10586
4638 10587
4637 10588
4636 10589
4635 10590
4634 10925
4633 10926
4632 10927
4631 10928
4630 10929
4629 10930
4628 10931
4627 10932
4626 10933
4625 10934
4624 10935
4623 10936
4622 10937
4621 10938
4620 10939
4619 10940
4618 7827
4617 7828
4616 7829
4615 7830
4614 7831
4613 7832
4612 7833
4611 7834
4610 10854
4609 10855
4608 10856
4607 10857
4606 10858
4605 10859
4604 7875
4603 7876
4602 7877
4601 7878
4600 7879
4599 7880
4598 7881
4597 7882
4596 7883
4595 7884
4594 7885
4593 7886
4592 7887
4591 7888
4590 11754
4589 11755
4588 11756
4587 11757
4586 11758
4585 11759
4584 11760
4583 11761
4582 11762
4581 11763
4580 11764
4579 11765
4578 11766
4577 11767
4576 11768
4575 11769
4574 11770
4573 11771
4572 11772
4571 11666
4570 11667
4569 11668
4568 11669
4567 11670
4566 11671
4565 11672
4564 11673
4563 11674
4562 11675
4561 11676
4560 11677
4559 11678
4558 11679
4557 11680
4556 11380
4555 11381
4554 11382
4553 11383
4552 11384
4551 11385
4550 11386
4549 11544
4548 11545
4547 11546
4546 11547
4545 11548
4544 11549
4543 11550
4542 11437
4541 11438
4540 11439
4539 11440
4538 11441
4537 11482
4536 11483
4535 11484
4534 11485
4533 11486
4532 11487
4531 11488
4530 11489
4529 11490
4528 7797
4527 7798
4526 7799
4525 7800
4524 7801
4523 7802
4522 7803
4521 7804
4520 7805
4519 7806
4518 7566
4517 7567
4516 7568
4515 7569
4514 7570
4513 7571
4512 7572
4511 7573
4510 7574
4509 7575
4508 7149
4507 7150
4506 7151
4505 7152
4504 7153
4503 7154
4502 7155
4501 7156
4500 7157
4499 7158
4498 7159
4497 7160
4496 7161
4495 7162
4494 7163
4493 7164
4492 7165
4491 7166
4490 7167
4489 12064
4488 12065
4487 12066
4486 12067
4485 12068
4484 12069
4483 12070
4482 12071
4481 12072
4480 12073
4479 12074
4478 7949
4477 7950
4476 7951
4475 7952
4474 7953
4473 7954
4472 7955
4471 7956
4470 7957
4469 7958
4468 7959
4467 7960
4466 7296
4465 7297
4464 7298
4463 7299
4462 7300
4461 7301
4460 7302
4459 7303
4458 7304
4457 7305
4456 7306
4455 9881
4454 9882
4453 9883
4452 9884
4451 9885
4450 9886
4449 9887
4448 9888
4447 9889
4446 9890
4445 9891
4444 9892
4443 9893
4442 9894
4441 9895
4440 9896
4439 9897
4438 9898
4437 9899
4436 9900
4435 9901
4434 9902
4433 9903
4432 9904
4431 9905
4430 9906
4429 9907
4428 9908
4427 9909
4426 12582
4425 12583
4424 12584
4423 12585
4422 12586
4421 12587
4420 12588
4419 12589
4418 12590
4417 12591
4416 12592
4415 12593
4414 12594
4413 12595
4412 12596
4411 12619
4410 12620
4409 12621
4408 12622
4407 12623
4406 12624
4405 12625
4404 12626
4403 12627
4402 12628
4401 8091
4400 8092
4399 8093
4398 8094
4397 8095
4396 8096
4395 8097
4394 8098
4393 8099
4392 8558
4391 8559
4390 8560
4389 8561
4388 8562
4387 8563
4386 8564
4385 8565
4384 8566
4383 8567
4382 8568
4381 8569
4380 8570
4379 8571
4378 8572
4377 8573
4376 8574
4375 8575
4374 7268
4373 7269
4372 7270
4371 7271
4370 7272
4369 7273
4368 8235
4367 8236
4366 8237
4365 8238
4364 8239
4363 8240
4362 8241
4361 8242
4360 8243
4359 8244
4358 8269
4357 8270
4356 8271
4355 8272
4354 8273
4353 8274
4352 8275
4351 8276
4350 8277
4349 8278
4348 8279
4347 8280
4346 8281
4345 8654
4344 8655
4343 8656
4342 8657
4341 8658
4340 8659
4339 8660
4338 8389
4337 8390
4336 8391
4335 8392
4334 8393
4333 8394
4332 8357
4331 8358
4330 8359
4329 8360
4328 8361
4327 9066
4326 9067
4325 9068
4324 9069
4323 9070
4322 9071
4321 9072
4320 9073
4319 9074
4318 9075
4317 9164
4316 9165
4315 9166
4314 9167
4313 9168
4312 9169
4311 9170
4310 9171
4309 9172
4308 9173
4307 9174
4306 9175
4305 9176
4304 9177
4303 9178
4302 9179
4301 9180
4298 9147
4297 9148
4296 9149
4295 9150
4294 9151
4293 9152
4292 9153
4291 9154
4290 9155
4289 9156
4288 9157
4287 9158
4286 9159
4285 9160
4284 9161
4283 9162
4282 9163
4281 9076
4280 9077
4279 9078
4278 9079
4277 9080
4276 9081
4275 9082
4274 7175
4273 7176
4272 7177
4271 7178
4270 7179
4269 7180
4268 8381
4267 8382
4266 8383
4265 8384
4264 8385
4263 8386
4262 8387
4261 8388
4260 8661
4259 8662
4258 8663
4257 8664
4256 8665
4255 8666
4254 8667
4253 8668
4252 8669
4251 8670
4250 8671
4249 8672
4248 8673
4247 8218
4246 8219
4245 8220
4244 8221
4243 8222
4242 8223
4241 8224
4240 8225
4239 8226
4238 8227
4237 8228
4236 8229
4235 8230
4234 8231
4233 8232
4232 8233
4231 8234
4230 7274
4229 7275
4228 7276
4227 7277
4226 7278
4225 7279
4224 7280
4223 7281
4222 7282
4221 7283
4220 8544
4219 8545
4218 8546
4217 8547
4216 8548
4215 8549
4214 8550
4213 8551
4212 8552
4211 8553
4210 8554
4209 8555
4208 8556
4207 8557
4206 8100
4205 8101
4204 8102
4203 8103
4202 8104
4201 8105
4200 8106
4199 8107
4198 8108
4197 8109
4196 8110
4195 8910
4194 8911
4193 8912
4192 8913
4191 8914
4190 8915
4189 8916
4188 8917
4187 8918
4186 8919
4185 8920
4184 8921
4183 8922
4182 8923
4181 8924
4180 8925
4179 8926
4178 8927
4177 8928
4176 8929
4175 8930
4174 8931
4173 8932
4172 8933
4171 8934
4170 8935
4169 8936
4168 7377
4167 7378
4166 7379
4165 7380
4164 7381
4163 7382
4162 7383
4161 7384
4160 7385
4159 7386
4158 7387
4157 7388
4156 7389
4155 7390
4154 7391
4153 7392
4152 7393
4151 7394
4150 7395
4149 7396
4148 7397
4147 7398
4146 7399
4145 7400
4144 7401
4143 7402
4142 7403
4141 7404
4140 7405
4139 7406
4138 7407
4137 7408
4136 7409
4135 7410
4134 7961
4133 7962
4132 7963
4131 7964
4130 7965
4129 7966
4128 7967
4127 7968
4126 7969
4125 7970
4124 7971
4123 7972
4122 7075
4121 7076
4120 7077
4119 7078
4118 7079
4117 7080
4116 12059
4115 12060
4114 12061
4113 12062
4112 12063
4111 7168
4110 7169
4109 7170
4108 7171
4107 7172
4106 7173
4105 7174
4104 7137
4103 7138
4102 7139
4101 7140
4100 7141
4099 7142
4098 7143
4097 7144
4096 7145
4095 7146
4094 7147
4093 7148
4092 7576
4091 7577
4090 7578
4089 7579
4088 7580
4087 7581
4086 7582
4085 7583
4084 7584
4083 7585
4082 7586
4081 7587
4080 7588
4079 7790
4078 7791
4077 7792
4076 7793
4075 7794
4074 7795
4073 7796
4072 11491
4071 11492
4070 11493
4069 11494
4068 11495
4067 11496
4066 7760
4065 7761
4064 7762
4063 7763
4062 7764
4061 7765
4060 7766
4059 11536
4058 11537
4057 11538
4056 11539
4055 11540
4054 11541
4053 11542
4052 11543
4051 11387
4050 11388
4049 11389
4048 11390
4047 11391
4046 11392
4045 11650
4044 11651
4043 11652
4042 11653
4041 11654
4040 11655
4039 11656
4038 11657
4037 11658
4036 11659
4035 11660
4034 11661
4033 11662
4032 11663
4031 11664
4030 11665
4029 11773
4028 11774
4027 11775
4026 11776
4025 11777
4024 11778
4023 11779
4022 11780
4021 11781
4020 11782
4019 11783
4018 11784
4017 7003
4016 7004
4015 7005
4014 7006
4013 7007
4012 7008
4011 10803
4010 10804
4009 10805
4008 10806
4007 10807
4006 10808
4005 10809
4004 10810
4003 10811
4002 10812
4001 10813
4000 10814
3999 10815
3998 10816
3997 10817
3996 10818
3995 10819
3994 10820
3993 10821
3992 10899
3991 10900
3990 10901
3989 10902
3988 10903
3987 10904
3986 10905
3985 10906
3984 10907
3983 10908
3982 10909
3981 10910
3980 10911
3979 10912
3978 10913
3977 10914
3976 10915
3975 10916
3974 10917
3973 10918
3972 10919
3971 10920
3970 10921
3969 10922
3968 10923
3967 10924
3966 10591
3965 10592
3964 10593
3963 10594
3962 10595
3961 10596
3960 10597
3959 10598
3958 10599
3957 10600
3956 10601
3955 10602
3954 6938
3953 6939
3952 6940
3951 6941
3950 6942
3949 6943
3948 10204
3947 10205
3946 10206
3945 10207
3944 10208
3943 9592
3942 9593
3941 9594
3940 9595
3939 9596
3938 9597
3937 9598
3936 9599
3935 9600
3934 9601
3933 9602
3930 7252
3929 7253
3928 7254
3927 7255
3926 7256
3925 7257
3924 7258
3923 7259
3922 10197
3921 10198
3920 10199
3919 10200
3918 10201
3917 10202
3916 10203
3915 6944
3914 6945
3913 6946
3912 6947
3911 6948
3910 6949
3909 6950
3908 6951
3907 6952
3906 10522
3905 10523
3904 10524
3903 10525
3902 10526
3901 10507
3900 10508
3899 10509
3898 10510
3897 10511
3896 10673
3895 10674
3894 10675
3893 10676
3892 10677
3891 10678
3890 10679
3889 10680
3888 10681
3887 10682
3886 10683
3885 10684
3884 10685
3883 10686
3882 10687
3881 10688
3880 10866
3879 10867
3878 10868
3877 10869
3876 10870
3875 10871
3874 10791
3873 10792
3872 10793
3871 10794
3870 10795
3869 10796
3868 10797
3867 10798
3866 10799
3865 10800
3864 10801
3863 10802
3862 7009
3861 7010
3860 7011
3859 7012
3858 7013
3857 7014
3856 7015
3855 7016
3854 11822
3853 11823
3852 11824
3851 11825
3850 11826
3849 11827
3848 11828
3847 11829
3846 11830
3845 11831
3844 11832
3843 11833
3842 11834
3841 11835
3840 11836
3839 11837
3838 11618
3837 11619
3836 11620
3835 11621
3834 11622
3833 11414
3832 11415
3831 11416
3830 11417
3829 11418
3828 11419
3827 11420
3826 11421
3825 11422
3824 11423
3823 11424
3822 11425
3821 11426
3820 11427
3819 11428
3818 11429
3817 7734
3816 7735
3815 7736
3814 7737
3813 7738
3812 7543
3811 7544
3810 7545
3809 7546
3808 7547
3807 7548
3806 7549
3805 7550
3804 7551
3803 7552
3802 7553
3801 7554
3800 7555
3799 7556
3798 7557
3797 11991
3796 11992
3795 11993
3794 11994
3793 11995
3792 11996
3791 12046
3790 12047
3789 12048
3788 12049
3787 12050
3786 12051
3785 12052
3784 12053
3783 12054
3782 12055
3781 12056
3780 12057
3779 12058
3778 7081
3777 7082
3776 7083
3775 7084
3774 7085
3773 7086
3772 7087
3771 7088
3770 6660
3769 6661
3768 6662
3767 6663
3766 6664
3765 6665
3764 6666
3763 6667
3762 6668
3761 6669
3760 6670
3759 6682
3758 6683
3757 6684
3756 6685
3755 6686
3754 6687
3753 6688
3752 6689
3751 6690
3750 6691
3749 7363
3748 7364
3747 7365
3746 7366
3745 7367
3744 7368
3743 7369
3742 7370
3741 7371
3740 7372
3739 7373
3738 7374
3737 7375
3736 7376
3735 8937
3734 8938
3733 8939
3732 8940
3731 8941
3730 8942
3729 8943
3728 8944
3727 8945
3726 8946
3725 8947
3724 8948
3723 8949
3722 8950
3721 8951
3720 8952
3719 8953
3718 8954
3717 8955
3716 8956
3715 8957
3714 8958
3713 12697
3712 12698
3711 12699
3710 12700
3709 12701
3708 12702
3707 12703
3706 12704
3705 8532
3704 8533
3703 8534
3702 8535
3701 8536
3700 8537
3699 8538
3698 8539
3697 8540
3696 8541
3695 8542
3694 8543
3693 7284
3692 7285
3691 7286
3690 7287
3689 7288
3688 7289
3687 7290
3686 7291
3685 7292
3684 7293
3683 7294
3682 7295
3681 8421
3680 8422
3679 8423
3678 8424
3677 8425
3676 8426
3675 8427
3674 8428
3673 8429
3672 8430
3671 8431
3670 8432
3669 8433
3668 8434
3667 8435
3666 8436
3665 8437
3664 8438
3663 7226
3662 7227
3661 7228
3660 7229
3659 7230
3658 7231
3657 7232
3656 7233
3655 7234
3654 7235
3653 7236
3652 7237
3651 7238
3650 7239
3649 9083
3648 9084
3647 9085
3646 9086
3645 9087
3644 9088
3643 9089
3642 6811
3641 6812
3640 6813
3639 6814
3638 6815
3637 6816
3636 6817
3635 6818
3634 6819
3633 6820
3632 6821
3631 6822
3630 6823
3629 6824
3626 6836
3625 6837
3624 6838
3623 6839
3622 6840
3621 6841
3620 6803
3619 6804
3618 6805
3617 6806
3616 6807
3615 6808
3614 6809
3613 6810
3612 9090
3611 9091
3610 9092
3609 9093
3608 9094
3607 9095
3606 9096
3605 9097
3604 9098
3603 9099
3602 9100
3601 7216
3600 7217
3599 7218
3598 7219
3597 7220
3596 7221
3595 7222
3594 7223
3593 7224
3592 7225
3591 8439
3590 8440
3589 8441
3588 8442
3587 8443
3586 8444
3585 8445
3584 8446
3583 8447
3582 8448
3581 8449
3580 8450
3579 8451
3578 8452
3577 8453
3576 8454
3575 8455
3574 8456
3573 8457
3572 8458
3571 8459
3570 8460
3569 8461
3568 8513
3567 8514
3566 8515
3565 8516
3564 8517
3563 8518
3562 8519
3561 8520
3560 8521
3559 8522
3558 8523
3557 8524
3556 8525
3555 8526
3554 8527
3553 8528
3552 8529
3551 8530
3550 8531
3549 12705
3548 12706
3547 12707
3546 12708
3545 12709
3544 12710
3543 12711
3542 12712
3541 12713
3540 12714
3539 12715
3538 12716
3537 12717
3536 12718
3535 12719
3534 12720
3533 12721
3532 12722
3531 12723
3530 12724
3529 12725
3528 12726
3527 12727
3526 6714
3525 6715
3524 6716
3523 6717
3522 6718
3521 6719
3520 6720
3519 6721
3518 6722
3517 7353
3516 7354
3515 7355
3514 7356
3513 7357
3512 7358
3511 7359
3510 7360
3509 7361
3508 7362
3507 6692
3506 6693
3505 6694
3504 6695
3503 6696
3502 6697
3501 6698
3500 6699
3499 6700
3498 6701
3497 6671
3496 6672
3495 6673
3494 6674
3493 6675
3492 6676
3491 6677
3490 6678
3489 6679
3488 6680
3487 6681
3486 7089
3485 7090
3484 7091
3483 7092
3482 7093
3481 7094
3480 7095
3479 7096
3478 7097
3477 7098
3476 7099
3475 7100
3474 12037
3473 12038
3472 12039
3471 12040
3470 12041
3469 12042
3468 12043
3467 12044
3466 12045
3465 11997
3464 11998
3463 11999
3462 12000
3461 12001
3460 12002
3459 12003
3458 12004
3457 12005
3456 12006
3455 12007
3454 12008
3453 12009
3452 7535
3451 7536
3450 7537
3449 7538
3448 7539
3447 7540
3446 7541
3445 7542
3444 7739
3443 7740
3442 7741
3441 7742
3440 7743
3439 7744
3438 7745
3437 7746
3436 7747
3435 7748
3434 7749
3433 7750
3432 7751
3431 11406
3430 11407
3429 11408
3428 11409
3427 11410
3426 11411
3425 11412
3424 11413
3423 11623
3422 11624
3421 11625
3420 11626
3419 11627
3418 11628
3417 11629
3416 11630
3415 11631
3414 11632
3413 11633
3412 11634
3411 11635
3410 11814
3409 11815
3408 11816
3407 11817
3406 11818
3405 11819
3404 11820
3403 11821
3402 7017
3401 7018
3400 7019
3399 7020
3398 7021
3397 7022
3396 7023
3395 7024
3394 7025
3393 7026
3392 7027
3391 7028
3390 10783
3389 10784
3388 10785
3387 10786
3386 10787
3385 10788
3384 10789
3383 10790
3382 10872
3381 10873
3380 10874
3379 10875
3378 10876
3377 10877
3376 10878
3375 10879
3374 10880
3373 10881
3372 10882
3371 10883
3370 10884
3369 10885
3368 10665
3367 10666
3366 10667
3365 10668
3364 10669
3363 10670
3362 10671
3361 10672
3360 10512
3359 10513
3358 10514
3357 10515
3356 10516
3355 10517
3354 10518
3353 10519
3352 10520
3351 10521
3350 6953
3349 6954
3348 6955
3347 6956
3346 6957
3345 6958
3344 6959
3343 6960
3342 6961
3341 6962
3340 6963
3339 6964
3338 6965
3337 9649
3336 9650
3335 9651
3334 9652
3333 9653
3332 9654
3331 9655
3330 9656
3329 9657
3328 9658
3327 9659
3324 9637
3323 9638
3322 9639
3321 9640
3320 9641
3319 9642
3318 9643
3317 9644
3316 9645
3315 9646
3314 9647
3313 9648
3312 6966
3311 6967
3310 6968
3309 6969
3308 6970
3307 6971
3306 6972
3305 6973
3304 6974
3303 6975
3302 6976
3301 6977
3300 10621
3299 10622
3298 10623
3297 10624
3296 10625
3295 10626
3294 10627
3293 10628
3292 10629
3291 10630
3290 10631
3289 10632
3288 10654
3287 10655
3286 10656
3285 10657
3284 10658
3283 10659
3282 10660
3281 10661
3280 10662
3279 10663
3278 10664
3277 10886
3276 10887
3275 10888
3274 10889
3273 10890
3272 10891
3271 10892
3270 10893
3269 10894
3268 10895
3267 10896
3266 10897
3265 10898
3264 10822
3263 10823
3262 10824
3261 10825
3260 10826
3259 10827
3258 10828
3257 10829
3256 10830
3255 10777
3254 10778
3253 10779
3252 10780
3251 10781
3250 10782
3249 7029
3248 7030
3247 7031
3246 7032
3245 7033
3244 7034
3243 7035
3242 7036
3241 7037
3240 7038
3239 7039
3238 7040
3237 11802
3236 11803
3235 11804
3234 11805
3233 11806
3232 11807
3231 11808
3230 11809
3229 11810
3228 11811
3227 11812
3226 11813
3225 11636
3224 11637
3223 11638
3222 11639
3221 11640
3220 11641
3219 11642
3218 11643
3217 11644
3216 11645
3215 11646
3214 11647
3213 11648
3212 11649
3211 11393
3210 11394
3209 11395
3208 11396
3207 11397
3206 11398
3205 11399
3204 11400
3203 11401
3202 11402
3201 11403
3200 11404
3199 11405
3198 7752
3197 7753
3196 7754
3195 7755
3194 7756
3193 7757
3192 7758
3191 7759
3190 11497
3189 11498
3188 11499
3187 11500
3186 11501
3185 11502
3184 11503
3183 11504
3182 7525
3181 7526
3180 7527
3179 7528
3178 7529
3177 7530
3176 7531
3175 7532
3174 7533
3173 7534
3172 12010
3171 12011
3170 12012
3169 12013
3168 12014
3167 12015
3166 12016
3165 12017
3164 12018
3163 12019
3162 12020
3161 12021
3160 12022
3159 12023
3158 12024
3157 12025
3156 12026
3155 12027
3154 12028
3153 12029
3152 12030
3151 12031
3150 12032
3149 12033
3148 12034
3147 12035
3146 12036
3145 7101
3144 7102
3143 7103
3142 7104
3141 7105
3140 7106
3139 6723
3138 6724
3137 6725
3136 6726
3135 6727
3134 6728
3133 6729
3132 6730
3131 6731
3130 6732
3129 7991
3128 7992
3127 7993
3126 7994
3125 7995
3124 7996
3123 7997
3122 7998
3121 7999
3120 8000
3119 7327
3118 7328
3117 7329
3116 7330
3115 7331
3114 7332
3113 7333
3112 7334
3111 7335
3110 7336
3109 7337
3108 7338
3107 7339
3106 7340
3105 7341
3104 7342
3103 7343
3102 7344
3101 7345
3100 7346
3099 7347
3098 7348
3097 7349
3096 7350
3095 7351
3094 7352
3093 6702
3092 6703
3091 6704
3090 6705
3089 6706
3088 6707
3087 6708
3086 6709
3085 6710
3084 6711
3083 6712
3082 6713
3081 12728
3080 12729
3079 12730
3078 12731
3077 12732
3076 12733
3075 6745
3074 6746
3073 6747
3072 6748
3071 6749
3070 6750
3069 6751
3068 6752
3067 6763
3066 6764
3065 6765
3064 6766
3063 6767
3062 6768
3061 6769
3060 6770
3059 6771
3058 8131
3057 8132
3056 8133
3055 8134
3054 8135
3053 8136
3052 8137
3051 8138
3050 8139
3049 8140
3048 8141
3047 8142
3046 8495
3045 8496
3044 8497
3043 8498
3042 8499
3041 8500
3040 8501
3039 8502
3038 8503
3037 8504
3036 8505
3035 8506
3034 8507
3033 8508
3032 8509
3031 8510
3030 8511
3029 8512
3028 8462
3027 8463
3026 8464
3025 8465
3024 8466
3023 8197
3022 8198
3021 8199
3020 8200
3019 8201
3018 8202
3017 8203
3016 8204
3015 8205
3014 8689
3013 8690
3012 8691
3011 8692
3010 8693
3009 8694
3008 8695
3007 8696
3006 8697
3005 8698
3004 8699
3003 8700
3002 8701
3001 8702
3000 8703
2999 8704
2998 8705
2997 8706
2996 8707
2995 8708
2994 7210
2993 7211
2992 7212
2991 7213
2990 7214
2989 7215
2988 9101
2987 9102
2986 9103
2985 9104
2984 9105
2983 9106
2982 9107
2981 9108
2980 9109
2979 9110
2978 9111
2977 9112
2976 9113
2975 9114
2974 9115
2973 6797
2972 6798
2971 6799
2970 6800
2969 6801
2968 6802
2967 6825
2966 6826
2965 6827
2964 6828
2963 6829
2962 6830
2961 6831
2958 6783
2957 6784
2956 6785
2955 6786
2954 6787
2953 6788
2952 6789
2951 6790
2950 6791
2949 6792
2947 2948
2946 6795
2945 6796
2944 9116
2943 9117
2942 9118
2941 9119
2940 9120
2939 9121
2938 7193
2936 2937
2935 7196
2934 7197
2933 7198
2932 7199
2931 7200
2930 7201
2929 7202
2928 7203
2926 2927
2925 7206
2924 7207
2923 7208
2922 7209
2921 8709
2920 8710
2919 8711
2918 8712
2916 2917
2915 8715
2914 8716
2913 8717
2912 8718
2911 8719
2910 8720
2909 8721
2908 8680
2907 8681
2906 8682
2905 8683
2904 8684
2902 2903
2901 8687
2900 8688
2899 8206
2898 8207
2897 8208
2896 8209
2894 2895
2893 8192
2892 8193
2891 8194
2890 8195
2889 8196
2887 2888
2886 8469
2885 8470
2884 8471
2883 8472
2881 2882
2880 8475
2879 8476
2878 8477
2877 8478
2876 8479
2874 2875
2873 8482
2872 8483
2871 8484
2870 8485
2869 8486
2867 2868
2866 8489
2865 8490
2864 8491
2863 8492
2861 2862
2860 8143
2859 8144
2858 8145
2857 8146
2856 8147
2855 8148
2853 2854
2852 8126
2851 8127
2850 8128
2849 8129
2848 8130
2846 2847
2845 6774
2844 6775
2843 6776
2842 6777
2841 6778
2839 2840
2838 6781
2837 6782
2836 6753
2835 6754
2834 6755
2833 6756
2831 2832
2830 6759
2829 6760
2828 6761
2827 6762
2826 12734
2824 2825
2823 12737
2822 12738
2821 12739
2820 12740
2819 12741
2818 12742
2816 2817
2815 12745
2814 12746
2813 12747
2812 12748
2811 12749
2810 12750
2808 2809
2807 12753
2806 12754
2805 12755
2804 12756
2803 12757
2802 12758
2800 2801
2799 12761
2798 12762
2797 12763
2796 12764
2795 12765
2794 12766
2792 2793
2791 12769
2790 12770
2789 12771
2788 12772
2787 12773
2785 2786
2784 12776
2783 12777
2782 12778
2781 12779
2780 7321
2779 7322
2777 2778
2776 7325
2775 7326
2774 8001
2773 8002
2772 8003
2770 2771
2769 8006
2768 7986
2767 7987
2766 7988
2765 7989
2764 7990
2762 2763
2761 6735
2760 6736
2759 6737
2758 6738
2757 6739
2755 2756
2754 6742
2753 6743
2752 6744
2751 7107
2750 7108
2749 7109
2748 7110
2747 7111
2746 7112
2745 7113
2743 2744
2742 7116
2741 7117
2740 7118
2739 7119
2738 7120
2736 2737
2735 7123
2734 7124
2733 7125
2732 7126
2731 7127
2729 2730
2728 6917
2727 6918
2726 6919
2725 6920
2724 6921
2722 2723
2721 6924
2720 6925
2719 6926
2718 7507
2717 7508
2715 2716
2714 7511
2713 7512
2712 7513
2711 7514
2710 7515
2708 2709
2707 7518
2706 7519
2705 7520
2704 7521
2703 7522
2701 2702
2700 11505
2699 11506
2698 11507
2697 11508
2696 11509
2695 11510
2694 11511
2692 2693
2691 11514
2690 11515
2689 11516
2688 11517
2687 11518
2685 2686
2684 11521
2683 11522
2682 11523
2681 11524
2679 2680
2678 11527
2677 11528
2676 11362
2675 11363
2674 11364
2672 2673
2671 11367
2670 11368
2669 11369
2668 11370
2667 11371
2665 2666
2664 6897
2663 6898
2662 6899
2661 6900
2659 2660
2658 6903
2657 6904
2656 6905
2655 7432
2653 2654
2652 7435
2651 7436
2650 7437
2649 7438
2648 7439
2646 2647
2645 7442
2644 11795
2643 11796
2642 11797
2641 11798
2640 11799
2639 11800
2638 11801
2637 7041
2635 2636
2634 7044
2633 7045
2632 7046
2631 7047
2629 2630
2628 7050
2627 7051
2626 7052
2625 7053
2623 2624
2622 10770
2621 10771
2620 10772
2619 10773
2617 2618
2616 10776
2615 10831
2614 10832
2613 10833
2611 2612
2610 10836
2609 10837
2608 10838
2607 10839
2605 2606
2604 10842
2603 6873
2602 6874
2601 6875
2599 2600
2598 6878
2597 6879
2596 6880
2595 6881
2593 2594
2592 6852
2591 6853
2590 6854
2589 6855
2588 6856
2587 6857
2586 6858
2585 6859
2584 6860
2583 6861
2582 10649
2581 10650
2579 2580
2578 10653
2577 10633
2576 10634
2575 10635
2574 10636
2573 10637
2571 2572
2570 10615
2569 10616
2568 10617
2567 10618
2566 10619
2565 10620
2563 2564
2562 6980
2561 6981
2560 6982
2559 6983
2558 6984
2557 6985
2556 6986
2554 2555
2553 6989
2552 6990
2551 6991
2550 9620
2549 9621
2548 9622
2547 9623
2545 2546
2544 9626
2543 9627
2542 9628
2541 9629
2540 9630
2539 9631
2538 9632
2535 9607
2534 9608
2533 9609
2532 9610
2531 9611
2530 9612
2529 9613
2527 2528
2526 9616
2525 9617
2524 9618
2523 9619
2522 6927
2521 6928
2520 6929
2518 2519
2517 6932
2516 6933
2515 6934
2514 6935
2513 6936
2512 6937
2511 10603
2510 10604
2508 2509
2507 10607
2506 10608
2505 10609
2504 10610
2503 10611
2502 10612
2500 2501
2499 10640
2498 10641
2497 10642
2496 10643
2495 10644
2494 10645
2492 2493
2491 10648
2490 6842
2489 6843
2488 6844
2487 6845
2486 6846
2485 6847
2484 6848
2483 6849
2482 6850
2481 6851
2479 2480
2478 6864
2477 6865
2476 6866
2475 6867
2473 2474
2472 6870
2471 6871
2470 6872
2469 10843
2467 2468
2466 10846
2465 10847
2464 10752
2463 10753
2461 2462
2460 10756
2459 10757
2458 10758
2457 10759
2455 2456
2454 10762
2453 10763
2452 10764
2451 10765
2449 2450
2448 6992
2447 6993
2446 6994
2445 6995
2443 2444
2442 6998
2441 6999
2440 7000
2438 2439
2437 11785
2436 11786
2435 11787
2434 11788
2432 2433
2431 11791
2430 11792
2429 11793
2428 11794
2427 7443
2425 2426
2424 7446
2423 7447
2422 7426
2421 7427
2419 2420
2418 7430
2417 7431
2416 6884
2415 6885
2414 6886
2412 2413
2411 6889
2410 6890
2409 6891
2408 6892
2406 2407
2405 11372
2404 11373
2403 11374
2402 11375
2400 2401
2399 11358
2398 11359
2397 11360
2396 11361
2395 11529
2393 2394
2392 11532
2391 11533
2390 11534
2389 11535
2387 2388
2386 7769
2385 7770
2384 7771
2383 7772
2382 7773
2380 2381
2379 7776
2378 7777
2377 7778
2376 7779
2375 7780
2374 7781
2373 7782
2372 7783
2370 2371
2369 7786
2368 7787
2367 7788
2366 7789
2365 7589
2363 2364
2362 7592
2361 7593
2360 7594
2359 7501
2357 2358
2356 7504
2355 7505
2354 7506
2353 6906
2352 6907
2350 2351
2349 6910
2348 6911
2347 6912
2346 6913
2345 6914
2343 2344
2342 7130
2341 7131
2340 7132
2339 7133
2337 2338
2336 7136
2335 7054
2334 7055
2333 7056
2332 7057
2330 2331
2329 7060
2328 7061
2327 7062
2326 7063
2325 7064
2323 2324
2322 7067
2321 7068
2320 7069
2319 7070
2318 7071
2316 2317
2315 7074
2314 7973
2313 7974
2312 7975
2311 7976
2309 2310
2308 7979
2307 7980
2306 7981
2305 7982
2304 7983
2302 2303
2301 8007
2300 8008
2299 8009
2298 8010
2297 8011
2295 2296
2294 7317
2293 7318
2292 7319
2291 7320
2290 12780
2288 2289
2287 12783
2286 12784
2285 12785
2284 12786
2283 12787
2281 2282
2280 12790
2279 12791
2278 12792
2277 12793
2276 12511
2274 2275
2273 12514
2272 12515
2271 12516
2270 12517
2269 12518
2268 12519
2267 12520
2266 12521
2265 12522
2264 12523
2262 2263
2261 12526
2260 12527
2259 12528
2258 12529
2257 12530
2255 2256
2254 8885
2253 8886
2252 8887
2251 8888
2250 8889
2248 2249
2247 8892
2246 8893
2245 8894
2244 8895
2243 8896
2241 2242
2240 8899
2239 8900
2238 8901
2237 8902
2235 2236
2234 8905
2233 8906
2232 8907
2231 8908
2230 8909
2228 2229
2227 8113
2226 8114
2225 8115
2224 8116
2223 8117
2221 2222
2220 8120
2219 8121
2218 8122
2217 8123
2216 8149
2215 8150
2214 8151
2213 8152
2212 8153
2210 2211
2209 8156
2208 8157
2207 8158
2206 8159
2205 8160
2203 2204
2202 8163
2201 8164
2200 8165
2199 8166
2197 2198
2196 8169
2195 8170
2194 8171
2193 8172
2191 2192
2190 8175
2189 8176
2188 8177
2187 8178
2185 2186
2184 8181
2183 8182
2182 8183
2181 8184
2180 8185
2178 2179
2177 8188
2176 8189
2175 8210
2174 8211
2172 2173
2171 8214
2170 8215
2169 8216
2168 8217
2167 8674
2166 8675
2164 2165
2163 8678
2162 8679
2161 8722
2160 8723
2159 8724
2158 8725
2157 8726
2156 8727
2154 2155
2153 8730
2152 8731
2151 8373
2150 8374
2149 8375
2148 8376
2147 8377
2145 2146
2144 8380
2143 7181
2142 7182
2141 7183
2140 7184
2139 7185
2138 7186
2137 7187
2135 2136
2134 7190
2133 7191
2132 7192
2131 9122
2130 9123
2129 9124
2128 9125
2127 9126
2125 2126
2124 9129
2123 9130
2122 9131
2121 9132
2120 9133
2119 9134
2118 9135
2117 9136
2116 9137
2114 2115
2113 9140
2112 9141
2111 9142
2108 7611
2107 7612
2106 7613
2105 7614
2104 7615
2103 7616
2101 2102
2100 7619
2099 7620
2098 7621
2097 7622
2096 7623
2095 7624
2094 7625
2093 7626
2091 2092
2090 9054
2089 9055
2088 9056
2087 9057
2086 9058
2085 9059
2084 9060
2082 2083
2081 9063
2080 9064
2079 9065
2078 8362
2077 8363
2076 8364
2075 8365
2074 8366
2072 2073
2071 8369
2070 8370
2069 8371
2068 8372
2067 8732
2066 8733
2064 2065
2063 8736
2062 8737
2061 8738
2060 8739
2059 8740
2058 8741
2057 8742
2056 8743
2055 8744
2054 8745
2053 8746
2052 8747
2050 2051
2049 8263
2048 8264
2047 8265
2046 8266
2044 2045
2043 8245
2042 8246
2041 8247
2040 8248
2038 2039
2037 8046
2036 8047
2035 8048
2034 8049
2032 2033
2031 8052
2030 8053
2029 8054
2028 8055
2026 2027
2025 8058
2024 8059
2023 8060
2022 8061
2020 2021
2019 8064
2018 8065
2017 8066
2016 8067
2014 2015
2013 8070
2012 8071
2011 8072
2010 8073
2008 2009
2007 8076
2006 8077
2005 8078
2004 8079
2003 8080
2002 8081
2001 8082
1999 2000
1998 8085
1997 8086
1996 8087
1995 8088
1993 1994
1992 12629
1991 12630
1990 12631
1989 12632
1988 12633
1986 1987
1985 12615
1984 12616
1983 12617
1982 12618
1980 1981
1979 12599
1978 12600
1977 12601
1976 8872
1975 8873
1973 1974
1972 8876
1971 8877
1970 8878
1969 8879
1967 1968
1966 8882
1965 8883
1964 8884
1963 12533
1961 1962
1960 12536
1959 12537
1958 12538
1957 12539
1956 12496
1954 1955
1953 12499
1952 12500
1951 12501
1950 12502
1949 12503
1948 12504
1947 12505
1945 1946
1944 12508
1943 12509
1942 12510
1941 12794
1939 1940
1938 12797
1937 12798
1936 12799
1935 9875
1934 9876
1932 1933
1931 9879
1930 9880
1929 7307
1928 7308
1926 1927
1925 7311
1924 7312
1923 7313
1922 7314
1921 8012
1919 1920
1918 8015
1917 8016
1916 8017
1915 8018
1913 1914
1912 12268
1911 12269
1910 12270
1909 12271
1907 1908
1906 12274
1905 12275
1904 12276
1903 12277
1902 12278
1900 1901
1899 12281
1898 12282
1897 12283
1896 12284
1895 12285
1894 12286
1893 12287
1892 12288
1890 1891
1889 12291
1888 12292
1887 12293
1886 12294
1884 1885
1883 12297
1882 12298
1881 12299
1880 12300
1879 12301
1877 1878
1876 12304
1875 12305
1874 12306
1873 7485
1871 1872
1870 7488
1869 7489
1868 7490
1867 7491
1865 1866
1864 7494
1863 7495
1862 7496
1861 7497
1860 7498
1858 1859
1857 7595
1856 7596
1855 7597
1854 7598
1852 1853
1851 7601
1850 7602
1849 7603
1848 7604
1846 1847
1845 7607
1844 7608
1843 7609
1842 7610
1841 11474
1840 11475
1839 11476
1838 11477
1837 11478
1835 1836
1834 11481
1833 11442
1832 11443
1831 11444
1829 1830
1828 11447
1827 11448
1826 11449
1825 11450
1824 11451
1822 1823
1821 11350
1820 11351
1819 11352
1818 11353
1816 1817
1815 11376
1814 11377
1813 11378
1812 11379
1810 1811
1809 11683
1808 11684
1807 11685
1806 11686
1804 1805
1803 11689
1802 11690
1801 11691
1800 11692
1799 7421
1797 1798
1796 7424
1795 7425
1794 7448
1793 7449
1791 1792
1790 7452
1789 11735
1788 11736
1787 11737
1786 11738
1784 1785
1783 11741
1782 11742
1781 11743
1780 11744
1778 1779
1777 11747
1776 11748
1775 11749
1774 11750
1772 1773
1771 11753
1770 7889
1769 7890
1767 1768
1766 7893
1765 7894
1764 7895
1763 7896
1761 1762
1760 7899
1759 7900
1758 10746
1757 10747
1755 1756
1754 10750
1753 10751
1752 10848
1751 10849
1749 1750
1748 10852
1747 10853
1746 7835
1745 7836
1743 1744
1742 7839
1741 7840
1740 7841
1739 7842
1737 1738
1736 10381
1735 10382
1734 10383
1733 10384
1732 10385
1731 10386
1730 10387
1729 10388
1728 10389
1727 10390
1725 1726
1724 10393
1723 10394
1722 10395
1721 10396
1720 10397
1719 10398
1717 1718
1716 10401
1715 10573
1714 10574
1713 10575
1712 10576
1711 10577
1710 10578
1708 1709
1707 10222
1706 10223
1705 10224
1704 10225
1703 10226
1702 10227
1701 10228
1699 1700
1698 10231
1697 10232
1696 10233
1695 10234
1694 9564
1693 9565
1692 9566
1691 9567
1689 1690
1688 9570
1687 9571
1686 9572
1685 9573
1684 9574
1683 9575
1682 9576
1679 10145
1678 10146
1677 10147
1676 10148
1675 10149
1674 10150
1673 10151
1672 10152
1670 1671
1669 9561
1668 9562
1667 9563
1666 10235
1665 10236
1664 10237
1663 10238
1662 10239
1660 1661
1659 10242
1658 10243
1657 10244
1656 10562
1655 10563
1654 10564
1653 10565
1651 1652
1650 10568
1649 10569
1648 10570
1647 10571
1646 10572
1645 10402
1644 10403
1642 1643
1641 10406
1640 10407
1639 10408
1638 10409
1637 10410
1636 10411
1634 1635
1633 10414
1632 10415
1631 10416
1630 10417
1629 10372
1628 10373
1627 10374
1626 10375
1625 10376
1623 1624
1622 7815
1621 7816
1620 7817
1619 7818
1617 1618
1616 11020
1615 11021
1614 11022
1613 11023
1611 1612
1610 11026
1609 11027
1608 10740
1607 10741
1605 1606
1604 10744
1603 10745
1602 7843
1601 7844
1599 1600
1598 7847
1597 7848
1596 7849
1594 1595
1593 11096
1592 11097
1591 11098
1590 11099
1588 1589
1587 11077
1586 11078
1585 11079
1584 11080
1582 1583
1581 11725
1580 11726
1579 11727
1577 1578
1576 11730
1575 11731
1574 11732
1573 11733
1572 11734
1571 7411
1569 1570
1568 7414
1567 7415
1566 7416
1565 7417
1563 1564
1562 7420
1561 11693
1560 11694
1559 11695
1557 1558
1556 11698
1555 11699
1554 11700
1553 11336
1551 1552
1550 11339
1549 11340
1548 11341
1547 11342
1546 11343
1544 1545
1543 11346
1542 11347
1541 11348
1540 11349
1538 1539
1537 11456
1536 11457
1535 11458
1534 11459
1532 1533
1531 11462
1530 11463
1529 11464
1528 11465
1526 1527
1525 11468
1524 11469
1523 11470
1522 11471
1521 11472
1520 11473
1519 7453
1518 7454
1517 7455
1516 7456
1514 1515
1513 7459
1512 7460
1511 7461
1510 7462
1508 1509
1507 7465
1506 7466
1505 7467
1504 7468
1502 1503
1501 7471
1500 7472
1499 7473
1498 7474
1496 1497
1495 7477
1494 7478
1493 7479
1492 7480
1490 1491
1489 7483
1488 7484
1487 12307
1486 12308
1484 1485
1483 12311
1482 12312
1481 12313
1480 12314
1478 1479
1477 12317
1476 12318
1475 12319
1474 12320
1472 1473
1471 12323
1470 12324
1469 12325
1468 12326
1466 1467
1465 12329
1464 12330
1463 12331
1462 12332
1461 12333
1459 1460
1458 12253
1457 12254
1456 12255
1455 12256
1453 1454
1452 12259
1451 12260
1450 12261
1449 12262
1447 1448
1446 12265
1445 7901
1444 7902
1443 7903
1441 1442
1440 7906
1439 7907
1438 7908
1437 7909
1435 1436
1434 7912
1433 9866
1432 9867
1431 9868
1429 1430
1428 9871
1427 9872
1426 9873
1425 9874
1423 1424
1422 12802
1421 12803
1420 12804
1419 12805
1417 1418
1416 12808
1415 12809
1414 12810
1413 12811
1411 1412
1410 12814
1409 12489
1408 12490
1407 12491
1406 12492
1404 1405
1403 12495
1402 12540
1401 12541
1400 12542
1398 1399
1397 12545
1396 12546
1395 8859
1394 8860
1392 1393
1391 8863
1390 8864
1389 8865
1388 8866
1386 1387
1385 8869
1384 8870
1383 8871
1382 12602
1380 1381
1379 12605
1378 12606
1377 12607
1376 12608
1374 1375
1373 12611
1372 12612
1371 12634
1370 12635
1368 1369
1367 12638
1366 12639
1365 12640
1363 1364
1362 12643
1361 12644
1360 12645
1359 12646
1357 1358
1356 12649
1355 12650
1354 12651
1353 12652
1352 12653
1351 12654
1349 1350
1348 12657
1347 12658
1346 12659
1344 1345
1343 13059
1342 13060
1341 13061
1340 13062
1338 1339
1337 13065
1336 13042
1335 13043
1334 13044
1332 1333
1331 13047
1330 8032
1329 8033
1327 1328
1326 8036
1325 8037
1324 8038
1323 8039
1321 1322
1320 8042
1319 8043
1318 8249
1317 8250
1315 1316
1314 8253
1313 8254
1312 8255
1310 1311
1309 8258
1308 8259
1307 8260
1306 8610
1305 8611
1303 1304
1302 8614
1301 8615
1300 8616
1299 8617
1298 8618
1297 8619
1296 8620
1295 8621
1293 1294
1292 8624
1291 8625
1290 8626
1289 8627
1288 8628
1287 8629
1285 1286
1284 8632
1283 8633
1282 8634
1281 8635
1280 8636
1279 9037
1278 9038
1276 1277
1275 9041
1274 9042
1273 9043
1272 9044
1271 9045
1270 9046
1269 9047
1267 1268
1266 9050
1265 9051
1264 7627
1263 7628
1262 7629
1261 7630
1260 7631
1259 7632
1257 1258
1256 9220
1255 9221
1254 9222
1253 9223
1252 9224
1251 9225
1250 9226
1249 9227
1246 9508
1245 9509
1243 1244
1242 9512
1241 9513
1240 9514
1239 9515
1238 9516
1237 9000
1236 9001
1234 1235
1233 9004
1232 9005
1231 9006
1230 9007
1229 9008
1228 9009
1227 9010
1226 9011
1224 1225
1223 9014
1222 9015
1221 9016
1220 9017
1219 9018
1218 9019
1216 1217
1215 13269
1214 13270
1213 13271
1212 13272
1211 13273
1210 13274
1209 13275
1207 1208
1206 13278
1205 13279
1204 13280
1203 13281
1202 13282
1200 1201
1199 13285
1198 13286
1197 13287
1196 13288
1195 13289
1194 13290
1192 1193
1191 13293
1190 13294
1189 13295
1188 13296
1186 1187
1185 13299
1184 13300
1183 13301
1182 13302
1180 1181
1179 9495
1178 9496
1177 9497
1175 1176
1174 9500
1173 9501
1172 9502
1171 9503
1169 1170
1168 13102
1167 13103
1166 13104
1164 1165
1163 13035
1162 13036
1161 13037
1160 13038
1158 1159
1157 13041
1156 13066
1155 13067
1153 1154
1152 13070
1151 13071
1150 9472
1148 1149
1147 9475
1146 9476
1145 9477
1144 9478
1142 1143
1141 9481
1140 9440
1139 9441
1138 9442
1137 9443
1136 9444
1135 9445
1134 9446
1132 1133
1131 9449
1130 9450
1129 9451
1127 1128
1126 9454
1125 9455
1124 9456
1123 9457
1121 1122
1120 9460
1119 9461
1118 12879
1117 12880
1115 1116
1114 12883
1113 12884
1112 12885
1110 1111
1109 12888
1108 12889
1107 12890
1106 12891
1104 1105
1103 12894
1102 12895
1101 12896
1099 1100
1098 12899
1097 12900
1096 12901
1095 12902
1093 1094
1092 12905
1091 12906
1090 12482
1089 12483
1087 1088
1086 12486
1085 12487
1084 12488
1083 12815
1082 12816
1081 12817
1080 12818
1078 1079
1077 9406
1076 9407
1075 9408
1074 9409
1072 1073
1071 9412
1070 9413
1069 9414
1067 1068
1066 9385
1065 9386
1064 9387
1063 9388
1061 1062
1060 9391
1059 9392
1058 9393
1057 9394
1055 1056
1054 9366
1053 9367
1052 9368
1050 1051
1049 9371
1048 9372
1047 9373
1046 12213
1044 1045
1043 12216
1042 12217
1041 12218
1040 12219
1038 1039
1037 12356
1036 12357
1035 12358
1034 12359
1032 1033
1031 12362
1030 12363
1029 12364
1028 12365
1027 12366
1026 12367
1024 1025
1023 9345
1022 9346
1021 9347
1020 9348
1018 1019
1017 9351
1016 9352
1015 9353
1014 11929
1012 1013
1011 11932
1010 11933
1009 11934
1008 11935
1006 1007
1005 12121
1004 12122
1003 12123
1002 12124
1000 1001
999 12127
998 12128
997 12129
995 996
994 12132
993 9321
992 9322
991 9323
989 990
988 9326
987 9327
986 9328
985 9329
983 984
982 9300
981 9301
980 9302
979 9303
977 978
976 9306
975 9307
974 9308
973 9309
972 11231
970 971
969 11234
968 11235
967 11236
966 11237
964 965
963 11262
962 11263
961 11264
960 11265
958 959
957 11268
956 11269
955 11270
954 11271
952 953
951 11312
950 11313
949 11314
948 11315
946 947
945 11318
944 11319
943 11320
942 11190
940 941
939 11193
938 11194
937 11195
936 11196
934 935
933 11199
932 11200
931 11201
930 9280
928 929
927 9283
926 9284
925 9285
924 9286
922 923
921 9289
920 9260
919 9261
918 9262
917 9263
916 9264
914 915
913 9267
912 9268
911 9269
910 11071
908 909
907 11074
906 11075
905 11076
903 904
902 11104
901 11105
900 11106
899 11107
897 898
896 11110
895 11111
894 11112
893 11113
891 892
890 10733
889 10734
888 10735
886 887
885 10738
884 10739
883 11028
882 11029
880 881
879 11032
878 9239
877 9240
876 9241
874 875
873 9244
872 9245
871 9246
870 9247
868 869
867 10367
866 10368
865 10369
864 10370
863 10371
862 10418
861 10419
860 10420
859 10421
857 858
856 10424
855 10425
854 10426
853 10427
852 10428
850 851
849 10431
848 10432
847 10433
846 10297
845 10298
844 10299
843 10300
841 842
840 10303
839 10265
838 10266
837 10267
836 10268
835 10269
834 10270
833 10271
831 832
830 10274
829 10275
828 10276
827 10277
826 10278
825 9554
824 9555
823 9556
821 822
820 10153
819 10154
818 10155
817 10156
816 10157
815 10158
814 10159
813 10160
810 9541
809 9542
808 9543
807 9544
806 9545
805 9546
804 9547
803 9548
801 802
800 9551
799 9552
798 9553
797 10080
796 10081
795 10082
794 10083
793 10084
792 10085
790 791
789 10088
788 10089
787 10286
786 10287
785 10288
784 10289
783 10290
782 10291
780 781
779 10294
778 10295
777 10296
776 10434
775 10435
774 10436
772 773
771 10439
770 10440
769 10441
768 10442
767 10443
766 10444
764 765
763 10359
762 10360
761 10361
760 10362
759 10363
758 10364
757 10365
756 10366
754 755
753 9230
752 9231
751 9232
750 9233
748 749
747 9236
746 9237
745 9238
744 10973
742 743
741 10976
740 10977
739 10978
737 738
736 11033
735 11034
734 11035
733 11036
731 732
730 11039
729 11040
728 11041
727 11042
725 726
724 11059
723 11060
722 11061
720 721
719 11064
718 11065
717 11066
716 11067
714 715
713 11070
712 9250
711 9251
710 9252
708 709
707 9255
706 9256
705 9257
704 9258
703 9259
702 9270
700 701
699 9273
698 9274
697 9275
696 9276
694 695
693 9279
692 11145
691 11146
690 11147
688 689
687 11150
686 11151
685 11152
684 11299
682 683
681 11302
680 11303
679 11304
678 11305
676 677
675 11308
674 11309
673 11310
672 11311
670 671
669 11276
668 11277
667 11278
665 666
664 11281
663 11218
662 11219
661 11220
659 660
658 11223
657 11224
656 11225
654 655
653 11228
652 11229
651 11230
650 9290
649 9291
648 9292
647 9293
645 646
644 9296
643 9297
642 9298
641 9299
639 640
638 9312
637 9313
636 9314
634 635
633 9317
632 9318
631 9319
630 9320
628 629
627 12135
626 12136
625 12137
623 624
622 12140
621 11916
620 11917
619 11918
617 618
616 11921
615 11922
614 11923
613 11924
611 612
610 11927
609 11928
608 9332
606 607
605 9335
604 9336
603 9337
602 9338
600 601
599 9341
598 9342
597 12368
596 12369
595 12370
594 12371
593 12372
592 12373
590 591
589 12200
588 12201
587 12202
586 12203
584 585
583 12206
582 12207
581 12208
579 580
578 12211
577 12212
576 9354
575 9355
573 574
572 9358
571 9359
570 9360
568 569
567 9363
566 9374
565 9375
563 564
562 9378
561 9379
560 9380
559 9381
557 558
556 9384
555 9395
554 9396
552 553
551 9399
550 9400
549 9401
547 548
546 9404
545 9405
544 12441
542 543
541 12444
540 12445
539 12446
538 12447
537 12821
536 12822
534 535
533 12825
532 12826
531 12827
529 530
528 12830
527 12831
526 12841
525 12842
523 524
522 12845
521 12846
520 12847
518 519
517 12850
516 12851
515 12852
513 514
512 12870
511 12871
510 12872
508 509
507 12875
506 12876
505 12877
504 12878
502 503
501 9419
500 9420
499 9421
497 498
496 9424
495 9425
494 9426
492 493
491 9429
490 9430
489 9431
488 9432
486 487
485 9435
484 9436
483 9437
482 9438
481 9439
480 9462
478 479
477 9465
476 9466
475 9467
473 474
472 9470
471 9471
470 12945
468 469
467 12948
466 12949
465 12950
464 12951
462 463
461 13089
460 13090
459 13091
457 458
456 13094
455 13095
454 13096
452 453
451 13099
450 9482
449 9483
447 448
446 9486
445 9487
444 9488
442 443
441 9491
440 9492
439 13156
438 13157
436 437
435 13160
434 13161
433 13162
431 432
430 13165
429 13166
428 13167
427 13168
426 13169
425 13170
424 13171
423 13172
422 13173
420 421
419 13176
418 13177
417 13178
416 13179
415 13180
413 414
412 13183
411 13184
410 13185
409 13186
408 13187
406 407
405 13190
404 13191
403 13192
402 13193
401 13194
400 13303
399 13304
397 398
396 13307
395 13308
394 13309
393 13310
392 13311
391 13312
390 7674
388 389
387 7677
386 7678
385 7679
384 7680
383 7681
382 7682
381 7683
379 380
378 7686
377 7687
376 7688
375 7689
372 13326
371 13327
370 13328
369 13329
368 13330
367 13331
366 13332
365 7667
364 7668
363 7669
362 7670
361 7671
360 7672
359 7673
358 13313
357 13314
356 13315
355 13316
354 13317
353 13318
352 13319
351 13320
350 13321
349 13195
348 13196
347 13197
346 13198
345 13199
344 13200
343 13201
342 10069
341 10070
340 10071
339 10072
338 10073
337 10074
336 10075
335 10076
334 10077
333 10078
332 10079
331 10048
330 10049
329 10050
328 10051
327 10052
326 10053
325 10054
324 10055
323 10056
322 10057
321 10058
320 10028
319 10029
318 10030
317 10031
316 10032
315 10033
314 10034
313 10035
312 10036
311 10037
309 310
308 13074
307 13075
306 13076
305 13077
304 13078
303 13079
302 13080
301 13081
300 13082
299 13083
298 13084
297 13085
296 13086
295 12952
294 12953
293 12954
292 12955
291 12956
290 12957
289 12958
288 12959
287 12960
286 12961
285 12962
284 12963
283 12964
282 12965
281 12966
280 12967
279 12968
278 12969
277 12970
276 12971
275 12972
274 12973
273 12974
272 12975
271 12976
270 12977
269 12978
268 10008
267 10009
266 10010
265 10011
264 10012
263 10013
262 10014
261 10015
260 10016
259 10017
258 10018
256 257
255 12865
254 12866
253 12867
252 12853
251 12854
250 12855
249 12856
248 12857
247 12858
246 12859
245 12860
244 12861
243 12862
242 12832
241 12833
240 12834
239 12835
238 12836
237 12837
236 12838
235 12839
234 12840
233 12448
232 12449
231 12450
230 12451
229 12452
228 12453
227 12454
226 9786
225 9787
224 9788
223 9789
222 9790
221 9791
220 9792
219 9793
218 9794
217 9795
216 9796
215 9797
213 214
212 9800
211 9801
210 9802
209 9803
208 9804
207 9805
206 9806
205 12184
204 12185
203 12186
202 12187
201 12188
200 12189
199 12190
198 12191
197 12192
196 12193
195 12194
194 12195
193 12196
192 12197
191 12198
190 12199
189 12376
188 12377
187 12378
186 12379
185 12380
184 12381
183 12382
182 12383
181 12384
180 12385
179 12386
177 178
176 11946
175 11947
174 11948
173 11949
172 11950
171 11951
170 11952
169 11953
168 11954
167 11910
166 11911
165 11912
164 11913
163 11914
162 11915
161 12141
160 12142
159 12143
158 12144
157 12145
156 12146
155 9729
154 9730
153 9731
152 9732
151 9733
150 9734
149 9735
148 9736
147 9737
146 9738
145 9739
144 9740
143 9741
142 11202
141 11203
140 11204
139 11205
138 11206
137 11207
136 11208
135 11209
134 11210
133 11211
132 11212
131 11213
130 11214
129 11215
128 11216
127 11217
126 11282
125 11283
124 11284
123 11285
122 11286
121 11287
120 11288
119 11289
118 11290
117 11291
116 11292
115 11293
114 11294
113 11295
112 11296
111 11297
110 11298
109 11153
108 11154
107 11155
106 11156
105 11157
104 11158
103 11159
102 11160
101 11161
100 11162
99 11163
98 11164
97 11165
96 11166
95 11167
94 11168
93 11169
92 9660
91 9661
90 9662
89 9663
88 9664
87 9665
86 9666
85 9667
84 9668
83 9669
82 9670
81 9671
80 9672
79 11052
78 11053
77 11054
76 11055
75 11056
74 11043
73 11044
72 11045
71 11046
70 11047
69 11048
68 11049
67 11050
66 11051
65 10981
64 10982
63 10983
62 10984
61 10985
60 10986
59 10987
58 10988
57 10989
56 10708
55 10709
54 10710
53 10711
52 10712
51 10713
50 10351
49 10352
48 10353
47 10354
46 10355
45 10356
44 10357
43 10358
42 10447
41 10448
40 10449
39 10450
38 10451
37 10452
36 10453
35 10454
34 10455
33 10456
32 10457
31 10458
30 10459
29 10460
28 10279
27 10280
26 10281
25 10282
24 10283
23 10284
22 10285
21 10090
20 10091
19 10092
18 10093
17 10094
16 10095
15 10096
14 10097
13 10098
12 10099
11 10100
10 10101
9 10102
8 10103
7 10104
6 9531
5 9532
4 9533
3 9534
2 9535
1 9536
