6658 9028
6657 9029
6656 9030
6655 9031
6654 9032
6653 9033
6652 9034
6651 9035
6650 9036
6649 9037
6648 9038
6647 9039
6646 9040
6645 13052
6644 13053
6643 13054
6642 13055
6641 13056
6640 13057
6639 13058
6638 13059
6637 13060
6636 13061
6635 13062
6634 13063
6633 13064
6632 9622
6631 9623
6630 9624
6629 9625
6628 9626
6627 9627
6626 9628
6625 9629
6624 9114
6623 9115
6622 9116
6621 9117
6620 9118
6619 9119
6618 9120
6617 9121
6616 9122
6615 9123
6614 9124
6613 9136
6612 9137
6611 9138
6610 9139
6609 9140
6608 9141
6607 9142
6606 9143
6605 9144
6604 9145
6603 9156
6602 9157
6601 9158
6600 9159
6599 9160
6598 9161
6597 9162
6596 9163
6595 9164
6594 9165
6593 9166
6592 9178
6591 9179
6590 9180
6589 9181
6588 9182
6587 9183
6586 9184
6585 9185
6584 9186
6583 9187
6582 9188
6581 10458
6580 10459
6579 10460
6578 10461
6577 10462
6576 10463
6575 10464
6574 10465
6573 10466
6572 10467
6571 10468
6570 10469
6569 10470
6568 10471
6567 10472
6566 10473
6565 10474
6564 10475
6563 10476
6562 10477
6561 10478
6560 9872
6559 9873
6558 9874
6557 9875
6556 9876
6555 9877
6554 9878
6553 9879
6552 9880
6551 9881
6550 10865
6549 10866
6548 10867
6547 10868
6546 10869
6545 10870
6544 10871
6543 10872
6542 10873
6541 10874
6540 10875
6539 10876
6538 10877
6537 10878
6536 10879
6535 10880
6534 10881
6533 10882
6532 10883
6531 10884
6530 10885
6529 10886
6528 10887
6527 10990
6526 10991
6525 10992
6524 10993
6523 10994
6522 10995
6521 10996
6520 10997
6519 10998
6518 10999
6517 11000
6516 11001
6515 11002
6514 11003
6513 11004
6512 11005
6511 11006
6510 11007
6509 11008
6508 11627
6507 11628
6506 11629
6505 11630
6504 11631
6503 11632
6502 11633
6501 11634
6500 11635
6499 11636
6498 11637
6497 11638
6496 11639
6495 11640
6494 11641
6493 11642
6492 11643
6491 11644
6490 11645
6489 11646
6488 11647
6487 11648
6486 11649
6485 9705
6484 9706
6483 9707
6482 9708
6481 9709
6480 9710
6479 9711
6478 9712
6477 9713
6476 12256
6475 12257
6474 12258
6473 12259
6472 12260
6471 12261
6470 12262
6469 12263
6468 12264
6467 12265
6466 12266
6465 12267
6464 12268
6463 12269
6462 12270
6461 12271
6460 12272
6459 12273
6458 12274
6457 12275
6456 12276
6455 12277
6454 12278
6453 12118
6452 12119
6451 12120
6450 12121
6449 12122
6448 12123
6447 12124
6446 12125
6445 12448
6444 12449
6443 12450
6442 12451
6441 12452
6440 12453
6439 12454
6438 12455
6437 12456
6436 12457
6435 12458
6434 12459
6433 12460
6432 12461
6431 12462
6430 12463
6429 12464
6428 12465
6427 12466
6426 12467
6425 12468
6424 12469
6423 12470
6422 12471
6421 12472
6420 12473
6419 12474
6418 12475
6417 12476
6416 12477
6415 12478
6414 12479
6413 12480
6412 12527
6411 12528
6410 12529
6409 12530
6408 12531
6407 12532
6406 12533
6405 12534
6404 12535
6403 9319
6402 9320
6401 9321
6400 9322
6399 9323
6398 9324
6397 9325
6396 9326
6395 9327
6394 9328
6393 9329
6392 9330
6391 9331
6390 9332
6389 9333
6388 9334
6387 9335
6386 9336
6385 9337
6384 9338
6383 9339
6382 9340
6381 9341
6380 9342
6379 9343
6378 9344
6377 9345
6376 9346
6375 9347
6374 9348
6373 9349
6372 9350
6371 9351
6370 9352
6369 9353
6368 9354
6367 12844
6366 12845
6365 12846
6364 12847
6363 12848
6362 12849
6361 12850
6360 12851
6359 12852
6358 12853
6355 9274
6354 9275
6353 9276
6352 9277
6351 9278
6350 9279
6349 9280
6348 9281
6347 9282
6346 9283
6345 9284
6344 9285
6343 9286
6342 9287
6341 9288
6340 9289
6339 9290
6338 9291
6337 9292
6336 9293
6335 9294
6334 9295
6333 9296
6332 9297
6331 9298
6330 9299
6329 9300
6328 9301
6327 9302
6326 9303
6325 9304
6324 9305
6323 9306
6322 9307
6321 9308
6320 9309
6319 9310
6318 9311
6317 9312
6316 9313
6315 9314
6314 9315
6313 9316
6312 9317
6311 9318
6310 12536
6309 12537
6308 12538
6307 12539
6306 12540
6305 12541
6304 12542
6303 12543
6302 12544
6301 12545
6300 9227
6299 9228
6298 9229
6297 9230
6296 9231
6295 9232
6294 9233
6293 9234
6292 9235
6291 9236
6290 9237
6289 9238
6288 9239
6287 9240
6286 9241
6285 9242
6284 9243
6283 9244
6282 9245
6281 9246
6280 9247
6279 9248
6278 9249
6277 9250
6276 12441
6275 12442
6274 12443
6273 12444
6272 12445
6271 12446
6270 12447
6269 12126
6268 12127
6267 12128
6266 12129
6265 12130
6264 12131
6263 12132
6262 12133
6261 12134
6260 12135
6259 12136
6258 12137
6257 12138
6256 12139
6255 12240
6254 12241
6253 12242
6252 12243
6251 12244
6250 12245
6249 12246
6248 12247
6247 12248
6246 12249
6245 12250
6244 12251
6243 12252
6242 12253
6241 12254
6240 12255
6239 9714
6238 9715
6237 9716
6236 9717
6235 9718
6234 9719
6233 9720
6232 9721
6231 9722
6230 9723
6229 9724
6228 9725
6227 9726
6226 11454
6225 11455
6224 11456
6223 11457
6222 11458
6221 11459
6220 11460
6219 11461
6218 11462
6217 11463
6216 11464
6215 11465
6214 11466
6213 11621
6212 11622
6211 11623
6210 11624
6209 11625
6208 11626
6207 11009
6206 11010
6205 11011
6204 11012
6203 11013
6202 11014
6201 11015
6200 11016
6199 11017
6198 11018
6197 11019
6196 11020
6195 11021
6194 11022
6193 11023
6192 11024
6191 11025
6190 11026
6189 11027
6188 11028
6187 11029
6186 11030
6185 11031
6184 11032
6183 11033
6182 11034
6181 10849
6180 10850
6179 10851
6178 10852
6177 10853
6176 10854
6175 10855
6174 10856
6173 10857
6172 10858
6171 10859
6170 10860
6169 10861
6168 10862
6167 10863
6166 10864
6165 9882
6164 9883
6163 9884
6162 9885
6161 9886
6160 9887
6159 9888
6158 9889
6157 9890
6156 9891
6155 9892
6154 9893
6153 9894
6152 9895
6151 9896
6150 9897
6149 9898
6148 9899
6147 9900
6146 9901
6145 9902
6144 9903
6143 9904
6142 10450
6141 10451
6140 10452
6139 10453
6138 10454
6137 10455
6136 10456
6135 10457
6134 9189
6133 9190
6132 9191
6131 9192
6130 9193
6129 9194
6128 9195
6127 9196
6126 9197
6125 9198
6124 9167
6123 9168
6122 9169
6121 9170
6120 9171
6119 9172
6118 9173
6117 9174
6116 9175
6115 9176
6114 9177
6113 9146
6112 9147
6111 9148
6110 9149
6109 9150
6108 9151
6107 9152
6106 9153
6105 9154
6104 9155
6103 9125
6102 9126
6101 9127
6100 9128
6099 9129
6098 9130
6097 9131
6096 9132
6095 9133
6094 9134
6093 9135
6092 9630
6091 9631
6090 9632
6089 9633
6088 9634
6087 9635
6086 13037
6085 13038
6084 13039
6083 13040
6082 13041
6081 13042
6080 13043
6079 13044
6078 13045
6077 13046
6076 13047
6075 13048
6074 13049
6073 13050
6072 13051
6071 9041
6070 9042
6069 9043
6068 9044
6067 9045
6066 9046
6065 9047
6064 9048
6063 9049
6062 9050
6061 9051
6060 9052
6059 9053
6056 12888
6055 12889
6054 12890
6053 12891
6052 12892
6051 12893
6050 12894
6049 12895
6048 12896
6047 12897
6046 12898
6045 12899
6044 12900
6043 12901
6042 12902
6041 12903
6040 12904
6039 12905
6038 12906
6037 12907
6036 12908
6035 12909
6034 12910
6033 12911
6032 12912
6031 12913
6030 12914
6029 12915
6028 12916
6027 12917
6026 12918
6025 12919
6024 12920
6023 12921
6022 9678
6021 9679
6020 9680
6019 9681
6018 9682
6017 9683
6016 9684
6015 9685
6014 9686
6013 9687
6012 9688
6011 9689
6010 9690
6009 9691
6008 9692
6007 9693
6006 9767
6005 9768
6004 9769
6003 9770
6002 9771
6001 9772
6000 9773
5999 9774
5998 9775
5997 9776
5996 9777
5995 9778
5994 9779
5993 9780
5992 9781
5991 9782
5990 9783
5989 9784
5988 10255
5987 10256
5986 10257
5985 10258
5984 10259
5983 10260
5982 10261
5981 10262
5980 10263
5979 10264
5978 10265
5977 10266
5976 10267
5975 9976
5974 9977
5973 9978
5972 9979
5971 9980
5970 9981
5969 9982
5968 9983
5967 9984
5966 9985
5965 9986
5964 9987
5963 9988
5962 9989
5961 9990
5960 9991
5959 10442
5958 10443
5957 10444
5956 10445
5955 10446
5954 10447
5953 10448
5952 10449
5951 9905
5950 9906
5949 9907
5948 9908
5947 9909
5946 9910
5945 9911
5944 9912
5943 9913
5942 9914
5941 9915
5940 9916
5939 9917
5938 9918
5937 9846
5936 9847
5935 9848
5934 9849
5933 9850
5932 9851
5931 9852
5930 9853
5929 9854
5928 9855
5927 9856
5926 9857
5925 9858
5924 9859
5923 11128
5922 11129
5921 11130
5920 11131
5919 11132
5918 11133
5917 11134
5916 11135
5915 11136
5914 11137
5913 11138
5912 11139
5911 11140
5910 11141
5909 11142
5908 11057
5907 11058
5906 11059
5905 11060
5904 11061
5903 11062
5902 11063
5901 10896
5900 10897
5899 10898
5898 10899
5897 10900
5896 10901
5895 10902
5894 10903
5893 10967
5892 10968
5891 10969
5890 10970
5889 10971
5888 10972
5887 10973
5886 10974
5885 10975
5884 10976
5883 10977
5882 10686
5881 10687
5880 10688
5879 10689
5878 10690
5877 10691
5876 10692
5875 11425
5874 11426
5873 11427
5872 11428
5871 11429
5870 11430
5869 11431
5868 11432
5867 11433
5866 11434
5865 11435
5864 11436
5863 11437
5862 11438
5861 11439
5860 11440
5859 11441
5858 11442
5857 11443
5856 11444
5855 11445
5854 11446
5853 11447
5852 11448
5851 11449
5850 11450
5849 11451
5848 11452
5847 11453
5846 9727
5845 9728
5844 9729
5843 9730
5842 9731
5841 9732
5840 9733
5839 9734
5838 9735
5837 9736
5835 5836
5834 9739
5833 9740
5832 9741
5831 9742
5830 9743
5829 12210
5828 12211
5827 12212
5826 12213
5825 12214
5824 12215
5823 12216
5822 12069
5821 12070
5820 12071
5819 12072
5818 12073
5817 12074
5816 12075
5815 12076
5814 12077
5813 12078
5812 12079
5811 12080
5810 12081
5809 12082
5808 12083
5807 12084
5806 12085
5805 12086
5804 12087
5803 12088
5802 12089
5801 12090
5800 12091
5799 12092
5798 12093
5797 12094
5796 12095
5795 12096
5794 12097
5793 12098
5791 5792
5790 12101
5789 12102
5788 12103
5787 12402
5786 12403
5785 12404
5784 12405
5783 12406
5782 12407
5781 12408
5780 12409
5779 9199
5778 9200
5777 9201
5776 9202
5775 9203
5774 9204
5773 9205
5772 9206
5771 9207
5770 9208
5769 9209
5768 9210
5767 9211
5766 9212
5765 9213
5764 9214
5763 9215
5762 9216
5761 9217
5760 9218
5759 9219
5758 9220
5757 9221
5756 9222
5755 9223
5754 9224
5753 9225
5752 9226
5751 12546
5750 12547
5749 12548
5748 12549
5747 12550
5746 12551
5745 12552
5744 12553
5743 12554
5742 12555
5741 12556
5740 12557
5739 12558
5738 12559
5736 5737
5735 12783
5734 12784
5733 12785
5732 12786
5731 12787
5730 12788
5729 12789
5728 12790
5727 12791
5726 12792
5725 12754
5724 12755
5723 12756
5722 12757
5721 12758
5720 12759
5719 12760
5718 12761
5717 12723
5716 12724
5715 12725
5714 12726
5713 12727
5712 12728
5711 12729
5710 12730
5709 12731
5708 12732
5707 9390
5706 9391
5705 9392
5704 9393
5703 9394
5702 9395
5701 9396
5700 9397
5699 9398
5698 9399
5697 9400
5696 9401
5695 9402
5694 9403
5693 9404
5692 9405
5691 9406
5690 9407
5689 9408
5688 9409
5687 9410
5686 9411
5683 9016
5682 9017
5681 9018
5680 9019
5679 9020
5678 9021
5677 7655
5676 7656
5675 7657
5674 7658
5673 7659
5672 7660
5671 7661
5670 7662
5669 7663
5668 7664
5667 7665
5666 7666
5665 7667
5664 7668
5663 7669
5662 12712
5661 12713
5660 12714
5659 12715
5658 12716
5657 12717
5656 12718
5655 12719
5654 12720
5653 12721
5652 12722
5651 12762
5650 12763
5649 12764
5648 12765
5647 12766
5646 12767
5645 12768
5644 12769
5643 12770
5642 12771
5641 12772
5640 12773
5639 12774
5638 12775
5637 12776
5636 12777
5635 12778
5634 12779
5633 12780
5632 12560
5631 12561
5630 12562
5629 12563
5628 12564
5627 12565
5626 12566
5625 8526
5624 8527
5623 8528
5622 8529
5621 8530
5620 8531
5619 8532
5618 8533
5617 8534
5616 8535
5615 8536
5614 8537
5613 8538
5612 8539
5611 8540
5610 8541
5609 8602
5608 8603
5607 8604
5606 8605
5605 8606
5604 8607
5603 8608
5602 9262
5601 9263
5600 9264
5599 9265
5598 9266
5597 9267
5596 9268
5595 9269
5594 9270
5593 9271
5592 9272
5591 9273
5590 12410
5589 12411
5588 12412
5587 12413
5586 12414
5585 12415
5584 12416
5583 12417
5582 12418
5581 12419
5580 12420
5579 12421
5578 12422
5577 12423
5576 12424
5575 12425
5574 12426
5573 12427
5572 12148
5571 12149
5570 12150
5569 12151
5568 12152
5567 12153
5566 12154
5565 12155
5564 12156
5563 12157
5562 12158
5561 12159
5560 12160
5559 12161
5558 12162
5557 12060
5556 12061
5555 12062
5554 12063
5553 12064
5552 12065
5551 12066
5550 12067
5549 12068
5548 12217
5547 12218
5546 12219
5545 12220
5544 12221
5543 12222
5542 12223
5541 7759
5540 7760
5539 7761
5538 7762
5537 7763
5536 7764
5535 7765
5534 7766
5533 11513
5532 11514
5531 11515
5530 11516
5529 11517
5528 11518
5527 11519
5526 11520
5525 10623
5524 10624
5523 10625
5522 10626
5521 10627
5520 10628
5519 10629
5518 10630
5517 10631
5516 10632
5515 10633
5514 10634
5513 10635
5512 10636
5511 10637
5510 10638
5509 10639
5508 10640
5507 11414
5506 11415
5505 11416
5504 11417
5503 11418
5502 11419
5501 11420
5500 11421
5499 11422
5498 11423
5497 11424
5496 10693
5495 10694
5494 10695
5493 10696
5492 10697
5491 10698
5490 10699
5489 10700
5488 10701
5487 10702
5486 10703
5485 10704
5484 10705
5483 10706
5482 10707
5481 10708
5480 10709
5479 10710
5478 11042
5477 11043
5476 11044
5475 11045
5474 11046
5473 11047
5472 11048
5471 11049
5470 11050
5469 11051
5468 11052
5467 11053
5466 11054
5465 11055
5464 11056
5463 11143
5462 11144
5461 11145
5460 11146
5459 11147
5458 11148
5457 11149
5456 11150
5455 11151
5454 11152
5453 11153
5452 11154
5451 11155
5450 11156
5449 8115
5448 8116
5447 8117
5446 8118
5445 8119
5444 8120
5443 8121
5442 8122
5441 8231
5440 8232
5439 8233
5438 8234
5437 8235
5436 8236
5435 8237
5434 8238
5433 8239
5432 8240
5431 8241
5430 8242
5429 8243
5428 8244
5427 8245
5426 8246
5425 10429
5424 10430
5423 10431
5422 10432
5421 10433
5420 10434
5419 10435
5418 10436
5417 10437
5416 10438
5415 10439
5414 10440
5413 10441
5412 9992
5411 9993
5410 9994
5409 9995
5408 9996
5407 9997
5406 9998
5405 9999
5404 10000
5403 10001
5402 10002
5401 10003
5400 10004
5399 10342
5398 10343
5397 10344
5396 10345
5395 10346
5394 10347
5393 10348
5392 10349
5391 10350
5390 10351
5389 10352
5388 10353
5387 10354
5386 10355
5385 10356
5384 10357
5383 10358
5382 10359
5381 10360
5380 10361
5379 7928
5378 7929
5377 7930
5376 7931
5375 7932
5374 7933
5373 7934
5372 7935
5371 9656
5370 9657
5369 9658
5368 9659
5367 9660
5366 9661
5365 9662
5364 9663
5363 9664
5362 9665
5361 9666
5360 9667
5359 9668
5358 9669
5357 9670
5356 9671
5355 9672
5354 9673
5353 9674
5352 9675
5351 9676
5350 9677
5349 12922
5348 12923
5347 12924
5346 12925
5345 12926
5344 12927
5343 12928
5342 12929
5341 12930
5340 12931
5339 12932
5338 12933
5337 12934
5336 12935
5335 12936
5334 12937
5333 12938
5332 12939
5331 12940
5330 12941
5329 12942
5328 12943
5327 12944
5326 12945
5325 12946
5324 12947
5323 12948
5322 12949
5321 12950
5320 12951
5319 12952
5318 12953
5317 12954
5316 12955
5313 9058
5312 9059
5311 9060
5310 9061
5309 9062
5308 9063
5307 9064
5306 9065
5305 9066
5304 9067
5303 9068
5302 9069
5301 9070
5300 13022
5299 13023
5298 13024
5297 13025
5296 13026
5295 13027
5294 13028
5293 13029
5292 13030
5291 13031
5290 13032
5289 13033
5288 13034
5287 13035
5286 13036
5285 9636
5284 9637
5283 9638
5282 9639
5281 9640
5280 9641
5279 9642
5278 9643
5277 9644
5276 9645
5275 9646
5274 9647
5273 9648
5272 9649
5271 9650
5270 9651
5269 9652
5268 9653
5267 9654
5266 9655
5265 7936
5264 7937
5263 7938
5262 7939
5261 7940
5260 7941
5259 7942
5258 10395
5257 10396
5256 10397
5255 10398
5254 10399
5253 10400
5252 10401
5251 10402
5250 10403
5249 10404
5248 10405
5247 10406
5246 10407
5245 10408
5244 10409
5243 10410
5242 10411
5241 10412
5240 10413
5239 10414
5238 10415
5237 10416
5236 10417
5235 10418
5234 10419
5233 10420
5232 10421
5231 10422
5230 10423
5229 10424
5228 10425
5227 10426
5226 10427
5225 10428
5224 8247
5223 8248
5222 8249
5221 8250
5220 8251
5219 8252
5218 8253
5217 8254
5216 10822
5215 10823
5214 10824
5213 10825
5212 10826
5211 10827
5210 10828
5209 10829
5208 10830
5207 10831
5206 10832
5205 10833
5204 10834
5203 10835
5202 10836
5201 10837
5200 10838
5199 10839
5198 10840
5197 10841
5196 10842
5195 10843
5194 10844
5193 10845
5192 10846
5191 10847
5190 10848
5189 11035
5188 11036
5187 11037
5186 11038
5185 11039
5184 11040
5183 11041
5182 10711
5181 10712
5180 10713
5179 10714
5178 10715
5177 10716
5176 10717
5175 10718
5174 10719
5173 10720
5172 10721
5171 10722
5170 10723
5169 10724
5168 10725
5167 10726
5166 10727
5165 10728
5164 11615
5163 11616
5162 11617
5161 11618
5160 11619
5159 11620
5158 11467
5157 11468
5156 11469
5155 11470
5154 11471
5153 11472
5152 11473
5151 11474
5150 11475
5149 11476
5148 11477
5147 11478
5146 11479
5145 11480
5144 11481
5143 11482
5142 7750
5141 7751
5140 7752
5139 7753
5138 7754
5137 7755
5136 7756
5135 7757
5134 7758
5133 12224
5132 12225
5131 12226
5130 12227
5129 12228
5128 12229
5127 12230
5126 12231
5125 12232
5124 12233
5123 12234
5122 12235
5121 12236
5120 12237
5119 12238
5118 12239
5117 12140
5116 12141
5115 12142
5114 12143
5113 12144
5112 12145
5111 12146
5110 12147
5109 12428
5108 12429
5107 12430
5106 12431
5105 12432
5104 12433
5103 12434
5102 12435
5101 12436
5100 12437
5099 12438
5098 12439
5097 12440
5096 9251
5095 9252
5094 9253
5093 9254
5092 9255
5091 9256
5090 9257
5089 9258
5088 9259
5087 9260
5086 9261
5085 8609
5084 8610
5083 8611
5082 8612
5081 8613
5080 8614
5079 9001
5078 9002
5077 9003
5076 9004
5075 9005
5074 9006
5073 9007
5072 9008
5071 9009
5070 9010
5069 9011
5068 12567
5067 12568
5066 12569
5065 12570
5064 12571
5063 12572
5062 12573
5061 12574
5060 12575
5059 12576
5058 12577
5057 12578
5056 12579
5055 12580
5054 12581
5053 12582
5052 12583
5051 12584
5050 12585
5049 12586
5048 12587
5047 12588
5046 12589
5045 12590
5044 12591
5043 12592
5042 12593
5041 12594
5040 12595
5039 12596
5038 12597
5037 12598
5036 12599
5035 12600
5034 7645
5033 7646
5032 7647
5031 7648
5030 7649
5029 7650
5028 7651
5027 7652
5026 7653
5025 7654
5024 9022
5023 9023
5022 9024
5021 9025
5020 9026
5019 9027
5016 7630
5015 7631
5014 7632
5013 7633
5012 7634
5011 7635
5010 7636
5009 7637
5008 7638
5007 7639
5006 7640
5005 7641
5004 7642
5003 7643
5002 7644
5001 12601
5000 12602
4999 12603
4998 12604
4997 12605
4996 12606
4995 12607
4994 12608
4993 12609
4992 12610
4991 12611
4990 12612
4989 8969
4988 8970
4987 8971
4986 8972
4985 8973
4984 8974
4983 8975
4982 8976
4981 8977
4980 8978
4979 8979
4978 8980
4977 8981
4976 8982
4975 8983
4974 8984
4973 8985
4972 8986
4971 8987
4970 8988
4969 8989
4968 8990
4967 8991
4966 8992
4965 8993
4964 8994
4963 8995
4962 8996
4961 8997
4960 8998
4959 8999
4958 9000
4957 8615
4956 8616
4955 8617
4954 8618
4953 8619
4952 8620
4951 8621
4950 8622
4949 8623
4948 7302
4947 7303
4946 7304
4945 7305
4944 7306
4943 7307
4942 7308
4941 7309
4940 7310
4939 7311
4938 7312
4937 7313
4936 7314
4935 7315
4934 11932
4933 11933
4932 11934
4931 11935
4930 11936
4929 11937
4928 11938
4927 11939
4926 11940
4925 11941
4924 11942
4923 11943
4922 11944
4921 11945
4920 11946
4919 11947
4918 11948
4917 11949
4916 7791
4915 7792
4914 7793
4913 7794
4912 7795
4911 7796
4910 7797
4909 7798
4908 7799
4907 7800
4906 7801
4905 7802
4904 7803
4903 7912
4902 7913
4901 7914
4900 7915
4899 7916
4898 7917
4897 7918
4896 11483
4895 11484
4894 11485
4893 11486
4892 11487
4891 11488
4890 11489
4889 11490
4888 11491
4887 11492
4886 11493
4885 11494
4884 11605
4883 11606
4882 11607
4881 11608
4880 11609
4879 11610
4878 11611
4877 11612
4876 11613
4875 11614
4874 10729
4873 10730
4872 10731
4871 10732
4870 10733
4869 10734
4868 10735
4867 10736
4866 10737
4865 10738
4864 10739
4863 10740
4862 10741
4861 10742
4860 10785
4859 10786
4858 10787
4857 10788
4856 10789
4855 10790
4854 10791
4853 10792
4852 10793
4851 10794
4850 10795
4849 10796
4848 10797
4847 10798
4846 10799
4845 10800
4844 10801
4843 10802
4842 10803
4841 10804
4840 10805
4839 10806
4838 10807
4837 10808
4836 10809
4835 10810
4834 10811
4833 10812
4832 10813
4831 10814
4830 10815
4829 10816
4828 10817
4827 10818
4826 10819
4825 10820
4824 10821
4823 8255
4822 8256
4821 8257
4820 8258
4819 8259
4818 8260
4817 8261
4816 8262
4815 8263
4814 8264
4813 8265
4812 8266
4811 8267
4810 8268
4809 8269
4808 8270
4807 8271
4806 8272
4805 8273
4804 8274
4803 8275
4802 8276
4801 8277
4800 8278
4799 8279
4798 8280
4797 10124
4796 10125
4795 10126
4794 10127
4793 10128
4792 10129
4791 10130
4790 10131
4789 10387
4788 10388
4787 10389
4786 10390
4785 10391
4784 10392
4783 10393
4782 10394
4781 7943
4780 7944
4779 7945
4778 7946
4777 7947
4776 7948
4775 7949
4774 7950
4773 7951
4772 7952
4771 7953
4770 7954
4769 7955
4768 7956
4767 7957
4766 7958
4765 7959
4764 7960
4763 7961
4762 13165
4761 13166
4760 13167
4759 13168
4758 13169
4757 13170
4756 13171
4755 7468
4754 7469
4753 7470
4752 7471
4751 7472
4750 7473
4749 7474
4748 7475
4747 13014
4746 13015
4745 13016
4744 13017
4743 13018
4742 13019
4741 13020
4740 13021
4739 9071
4738 9072
4737 9073
4736 9074
4735 9075
4734 9076
4733 9077
4732 9078
4731 9079
4730 9080
4729 9081
4728 9082
4727 9083
4724 12990
4723 12991
4722 12992
4721 12993
4720 12994
4719 12995
4718 12996
4717 12997
4716 12998
4715 12999
4714 13000
4713 13001
4712 13002
4711 13003
4710 13004
4709 13005
4708 13006
4707 13007
4706 13008
4705 13009
4704 13010
4703 13011
4702 13012
4701 13013
4700 7339
4699 7340
4698 7341
4697 7342
4696 7343
4695 7344
4694 7345
4693 7346
4692 7347
4691 13156
4690 13157
4689 13158
4688 13159
4687 13160
4686 13161
4685 13162
4684 13163
4683 13164
4682 7962
4681 7963
4680 7964
4679 7965
4678 7966
4677 7967
4676 7968
4675 7969
4674 7970
4673 7971
4672 7972
4671 7973
4670 7974
4669 8088
4668 8089
4667 8090
4666 8091
4665 8092
4664 8093
4663 8094
4662 8095
4661 8096
4660 8097
4659 8098
4658 8099
4657 8100
4656 10379
4655 10380
4654 10381
4653 10382
4652 10383
4651 10384
4650 10385
4649 10386
4648 10132
4647 10133
4646 10134
4645 10135
4644 10136
4643 10137
4642 10138
4641 10139
4640 10140
4639 10141
4638 10142
4637 8301
4636 8302
4635 8303
4634 8304
4633 8305
4632 8306
4631 8307
4630 8308
4629 8309
4628 8310
4627 8311
4626 8312
4625 8313
4624 8314
4623 8315
4622 8316
4621 8317
4620 8318
4619 8319
4618 8320
4617 8321
4616 8322
4615 8323
4614 8367
4613 8368
4612 8369
4611 8370
4610 8371
4609 8372
4608 8373
4607 8374
4606 8510
4605 8511
4604 8512
4603 8513
4602 8514
4601 8515
4600 8516
4599 8517
4598 8518
4597 8519
4596 8520
4595 8521
4594 8522
4593 8523
4592 8524
4591 8525
4590 11157
4589 11158
4588 11159
4587 11160
4586 11161
4585 11162
4584 11163
4583 11164
4582 11165
4581 11166
4580 11167
4579 11168
4578 11169
4577 11170
4576 11171
4575 11172
4574 11173
4573 11174
4572 11175
4571 11218
4570 11219
4569 11220
4568 11221
4567 11222
4566 11223
4565 11224
4564 7476
4563 7477
4562 7478
4561 7479
4560 7480
4559 7481
4558 7482
4557 7483
4556 7484
4555 7485
4554 7486
4553 7487
4552 7488
4551 7489
4550 7490
4549 7491
4548 7492
4547 7493
4546 7494
4545 7495
4544 7496
4543 7497
4542 7498
4541 7499
4540 7500
4539 7501
4538 7502
4537 7503
4536 11593
4535 11594
4534 11595
4533 11596
4532 11597
4531 11598
4530 11599
4529 11600
4528 11601
4527 11602
4526 11603
4525 11604
4524 11495
4523 11496
4522 11497
4521 11498
4520 11499
4519 11500
4518 11501
4517 11502
4516 11503
4515 11504
4514 11505
4513 11506
4512 11507
4511 11508
4510 11509
4509 11510
4508 11511
4507 11512
4506 7767
4505 7768
4504 7769
4503 7770
4502 7771
4501 7772
4500 7773
4499 7774
4498 7775
4497 7776
4496 7777
4495 7778
4494 7779
4493 7780
4492 7781
4491 7782
4490 7783
4489 7784
4488 7785
4487 7786
4486 7787
4485 7788
4484 7789
4483 7790
4482 11950
4481 11951
4480 11952
4479 11953
4478 11954
4477 11955
4476 11956
4475 11957
4474 11958
4473 11959
4472 11960
4471 11961
4470 11962
4469 11963
4468 11964
4467 11726
4466 11727
4465 11728
4464 11729
4463 11730
4462 11731
4461 11732
4460 11733
4459 11734
4458 11735
4457 7285
4456 7286
4455 7287
4454 7288
4453 7289
4452 7290
4451 7291
4450 7292
4449 7293
4448 7294
4447 7295
4446 7296
4445 7297
4444 7298
4443 7299
4442 7300
4441 7301
4440 8624
4439 8625
4438 8626
4437 8627
4436 8628
4435 8629
4434 8630
4433 8631
4432 8632
4431 8633
4430 8634
4429 8635
4428 8636
4427 8760
4426 8761
4425 8762
4424 8763
4423 8764
4422 8765
4421 8766
4420 8767
4419 8768
4418 8769
4417 8770
4416 8771
4415 8772
4414 8818
4413 8819
4412 8820
4411 8821
4410 8822
4409 8823
4408 8824
4407 8825
4406 8951
4405 8952
4404 8953
4403 8954
4402 8955
4401 8956
4400 8957
4399 8958
4398 8959
4397 8960
4396 8961
4395 8962
4394 8963
4393 8964
4392 8965
4391 8966
4390 8967
4389 8968
4388 12613
4387 12614
4386 12615
4385 12616
4384 12617
4383 12618
4382 12619
4381 12620
4380 12621
4379 12622
4378 12623
4377 12624
4376 12625
4375 12626
4374 12627
4373 12628
4372 12629
4371 12630
4370 12631
4369 12632
4368 12633
4367 12634
4366 12635
4365 12636
4364 12637
4363 12638
4362 7620
4361 7621
4360 7622
4359 7623
4358 7624
4357 7625
4354 7268
4353 7269
4352 7270
4351 7271
4350 7272
4349 7273
4348 7274
4347 7275
4346 7276
4345 7277
4344 7278
4343 7279
4342 7280
4341 7281
4340 7282
4339 7283
4338 7284
4337 7090
4336 7091
4335 7092
4334 7093
4333 7094
4332 7095
4331 7096
4330 7097
4329 7098
4328 7099
4327 7100
4326 7101
4325 7102
4324 7103
4323 7104
4322 7105
4321 7106
4320 8935
4319 8936
4318 8937
4317 8938
4316 8939
4315 8940
4314 8941
4313 8942
4312 8943
4311 8944
4310 8945
4309 8946
4308 8947
4307 8948
4306 8949
4305 8950
4304 8826
4303 8827
4302 8828
4301 8829
4300 8830
4299 8831
4298 8832
4297 8833
4296 8834
4295 8835
4294 8750
4293 8751
4292 8752
4291 8753
4290 8754
4289 8755
4288 8756
4287 8757
4286 8758
4285 8759
4284 8637
4283 8638
4282 8639
4281 8640
4280 8641
4279 8642
4278 8643
4277 8644
4276 8645
4275 8646
4274 8647
4273 8648
4272 8649
4271 8650
4270 8651
4269 8652
4268 8653
4267 7326
4266 7327
4265 7328
4264 7329
4263 7330
4262 7331
4261 7332
4260 7333
4259 7334
4258 7335
4257 7336
4256 7337
4255 7338
4254 11736
4253 11737
4252 11738
4251 11739
4250 11740
4249 11741
4248 11742
4247 11743
4246 11744
4245 11745
4244 11746
4243 11747
4242 11893
4241 11894
4240 11895
4239 11896
4238 11897
4237 11898
4236 11899
4235 11900
4234 11901
4233 11902
4232 11903
4231 11904
4230 11905
4229 11906
4228 11907
4227 11908
4226 11909
4225 7812
4224 7813
4223 7814
4222 7815
4221 7816
4220 7817
4219 7818
4218 7819
4217 7820
4216 7821
4215 7822
4214 7823
4213 7824
4212 7825
4211 7826
4210 7827
4209 7828
4208 7829
4207 7830
4206 7831
4205 7832
4204 7833
4203 7834
4202 7835
4201 7836
4200 7837
4199 6981
4198 6982
4197 6983
4196 6984
4195 6985
4194 6986
4193 6987
4192 6988
4191 6989
4190 6990
4189 6991
4188 6992
4187 6993
4186 6994
4185 6995
4184 6996
4183 7580
4182 7581
4181 7582
4180 7583
4179 7584
4178 7585
4177 7586
4176 7587
4175 7588
4174 7589
4173 7590
4172 7591
4171 7592
4170 7593
4169 7594
4168 7595
4167 7596
4166 7597
4165 7598
4164 7599
4163 7600
4162 7601
4161 7602
4160 7603
4159 7604
4158 7605
4157 7606
4156 7607
4155 7608
4154 7609
4153 7610
4152 7611
4151 7612
4150 7613
4149 11225
4148 11226
4147 11227
4146 11228
4145 11229
4144 11230
4143 11231
4142 11232
4141 11233
4140 11234
4139 11235
4138 11236
4137 11237
4136 11238
4135 11239
4134 11240
4133 11241
4132 11242
4131 11243
4130 11244
4129 11245
4128 11246
4127 11247
4126 11248
4125 11249
4124 11250
4123 8494
4122 8495
4121 8496
4120 8497
4119 8498
4118 8499
4117 8500
4116 8501
4115 8502
4114 8503
4113 8504
4112 8505
4111 8506
4110 8507
4109 8508
4108 8509
4107 8375
4106 8376
4105 8377
4104 8378
4103 8379
4102 8380
4101 8381
4100 8382
4099 8383
4098 8384
4097 8385
4096 8386
4095 8387
4094 10062
4093 10063
4092 10064
4091 10065
4090 10066
4089 10067
4088 10068
4087 8290
4086 8291
4085 8292
4084 8293
4083 8294
4082 8295
4081 8296
4080 8297
4079 8298
4078 8299
4077 8300
4076 10143
4075 10144
4074 10145
4073 10146
4072 10147
4071 10148
4070 10149
4069 10150
4068 10151
4067 10152
4066 10153
4065 10154
4064 10155
4063 10156
4062 10157
4061 10158
4060 8032
4059 8033
4058 8034
4057 8035
4056 8036
4055 8037
4054 8038
4053 8039
4052 8080
4051 8081
4050 8082
4049 8083
4048 8084
4047 8085
4046 8086
4045 8087
4044 7975
4043 7976
4042 7977
4041 7978
4040 7979
4039 7980
4038 7981
4037 7982
4036 7983
4035 7984
4034 7985
4033 7986
4032 13180
4031 13181
4030 13182
4029 13183
4028 13184
4027 13185
4026 13186
4025 13187
4024 13188
4023 13189
4022 13190
4021 13191
4020 13192
4019 13193
4018 13194
4017 13195
4016 13196
4015 13197
4014 13198
4013 13199
4012 13200
4011 13201
4010 13202
4009 13203
4008 13204
4007 13205
4006 13206
4005 13207
4004 13208
4003 13209
4002 13210
4001 13211
4000 13212
3999 13213
3998 13214
3997 7237
3996 7238
3995 7239
3994 7240
3993 7241
3992 7242
3991 7243
3990 7244
3987 9088
3986 9089
3985 9090
3984 9091
3983 9092
3982 9093
3981 9094
3980 9095
3979 9096
3978 9097
3977 9098
3976 9099
3975 9100
3974 7452
3973 7453
3972 7454
3971 7455
3970 7456
3969 7457
3968 7458
3967 7459
3966 7460
3965 7461
3964 7462
3963 7463
3962 7464
3961 7465
3960 7466
3959 7467
3958 13172
3957 13173
3956 13174
3955 13175
3954 13176
3953 13177
3952 13178
3951 13179
3950 7987
3949 7988
3948 7989
3947 7990
3946 7991
3945 7992
3944 7993
3943 7994
3942 7995
3941 7996
3940 7997
3939 7998
3938 7999
3937 8000
3936 8001
3935 8002
3934 8003
3933 8004
3932 10108
3931 10109
3930 10110
3929 10111
3928 10112
3927 10113
3926 10114
3925 10115
3924 10116
3923 10117
3922 10118
3921 10119
3920 10120
3919 10121
3918 10122
3917 10123
3916 8281
3915 8282
3914 8283
3913 8284
3912 8285
3911 8286
3910 8287
3909 8288
3908 8289
3907 10069
3906 10070
3905 10071
3904 10072
3903 10073
3902 10074
3901 10075
3900 8444
3899 8445
3898 8446
3897 8447
3896 8448
3895 8449
3894 8450
3893 8451
3892 8452
3891 8453
3890 8454
3889 8455
3888 8456
3887 8457
3886 8458
3885 8459
3884 8460
3883 8461
3882 8462
3881 8463
3880 8464
3879 6660
3878 6661
3877 6662
3876 6663
3875 6664
3874 6665
3873 6666
3872 6667
3871 6668
3870 6669
3869 10770
3868 10771
3867 10772
3866 10773
3865 10774
3864 10775
3863 10776
3862 10777
3861 10778
3860 10779
3859 10780
3858 10781
3857 10782
3856 10783
3855 10784
3854 10743
3853 10744
3852 10745
3851 10746
3850 10747
3849 10748
3848 7566
3847 7567
3846 7568
3845 7569
3844 7570
3843 7571
3842 7572
3841 7573
3840 7574
3839 7575
3838 7576
3837 7577
3836 7578
3835 7579
3834 6997
3833 6998
3832 6999
3831 7000
3830 7001
3829 7002
3828 7003
3827 7004
3826 7897
3825 7898
3824 7899
3823 7900
3822 7901
3821 7902
3820 7903
3819 7904
3818 7905
3817 7906
3816 7907
3815 7908
3814 7909
3813 7910
3812 7911
3811 7804
3810 7805
3809 7806
3808 7807
3807 7808
3806 7809
3805 7810
3804 7811
3803 11910
3802 11911
3801 11912
3800 11913
3799 11914
3798 11915
3797 11916
3796 11917
3795 11918
3794 11919
3793 11920
3792 11921
3791 11922
3790 11923
3789 11924
3788 11925
3787 11926
3786 11927
3785 11928
3784 11929
3783 11930
3782 11931
3781 7316
3780 7317
3779 7318
3778 7319
3777 7320
3776 7321
3775 7322
3774 7323
3773 7324
3772 7325
3771 8654
3770 8655
3769 8656
3768 8657
3767 8658
3766 8659
3765 8660
3764 8661
3763 8662
3762 8903
3761 8904
3760 8905
3759 8906
3758 8907
3757 8908
3756 8909
3755 8910
3754 8911
3753 8912
3752 8913
3751 8914
3750 8915
3749 8916
3748 8917
3747 8918
3746 8919
3745 8920
3744 8921
3743 8922
3742 8923
3741 8924
3740 8925
3739 8926
3738 8927
3737 8928
3736 8929
3735 8930
3734 8931
3733 8932
3732 8933
3731 8934
3730 7107
3729 7108
3728 7109
3727 7110
3726 7111
3725 7112
3724 7113
3723 7114
3722 7115
3721 7116
3720 7117
3719 7118
3718 7119
3717 7120
3716 7121
3715 7122
3714 7123
3713 7124
3712 7125
3711 6859
3710 6860
3709 6861
3708 6862
3707 6863
3706 6864
3705 6865
3704 6866
3703 6867
3702 6868
3699 6849
3698 6850
3697 6851
3696 6852
3695 6853
3694 6854
3693 6855
3692 6856
3691 6857
3690 6858
3689 7126
3688 7127
3687 7128
3686 7129
3685 7130
3684 7131
3683 7132
3682 7133
3681 7134
3680 7135
3679 6732
3678 6733
3677 6734
3676 6735
3675 6736
3674 6737
3673 6738
3672 6739
3671 6740
3670 6741
3669 6742
3668 6710
3667 6711
3666 6712
3665 6713
3664 6714
3663 6715
3662 6716
3661 6717
3660 6718
3659 8883
3658 8884
3657 8885
3656 8886
3655 8887
3654 8888
3653 8889
3652 8890
3651 8891
3650 8892
3649 8893
3648 8894
3647 8895
3646 8896
3645 8897
3644 8898
3643 8899
3642 8900
3641 8901
3640 8902
3639 8663
3638 8664
3637 8665
3636 8666
3635 8667
3634 8668
3633 8669
3632 8670
3631 8671
3630 8672
3629 11831
3628 11832
3627 11833
3626 11834
3625 11835
3624 11836
3623 11837
3622 11838
3621 11839
3620 11840
3619 11841
3618 11842
3617 11843
3616 11844
3615 11845
3614 11846
3613 11847
3612 11848
3611 11849
3610 11850
3609 11851
3608 11852
3607 11853
3606 11854
3605 6691
3604 6692
3603 6693
3602 6694
3601 6695
3600 6696
3599 6697
3598 6698
3597 7876
3596 7877
3595 7878
3594 7879
3593 7880
3592 7881
3591 7882
3590 7883
3589 7884
3588 7885
3587 7886
3586 7887
3585 7888
3584 7889
3583 7890
3582 7891
3581 7892
3580 7893
3579 7894
3578 7895
3577 7896
3576 7005
3575 7006
3574 7007
3573 7008
3572 7009
3571 7010
3570 7011
3569 7012
3568 7013
3567 7014
3566 7015
3565 7556
3564 7557
3563 7558
3562 7559
3561 7560
3560 7561
3559 7562
3558 7563
3557 7564
3556 7565
3555 10749
3554 10750
3553 10751
3552 10752
3551 10753
3550 10754
3549 10755
3548 10756
3547 10757
3546 10758
3545 10759
3544 10760
3543 10761
3542 10762
3541 10763
3540 10764
3539 10765
3538 10766
3537 10767
3536 10768
3535 10769
3534 6670
3533 6671
3532 6672
3531 6673
3530 6674
3529 6675
3528 6676
3527 6677
3526 6678
3525 6679
3524 8465
3523 8466
3522 8467
3521 8468
3520 8469
3519 8470
3518 8471
3517 8472
3516 8473
3515 8474
3514 8475
3513 8476
3512 8477
3511 8436
3510 8437
3509 8438
3508 8439
3507 8440
3506 8441
3505 8442
3504 8443
3503 10076
3502 10077
3501 10078
3500 10079
3499 10080
3498 10081
3497 10082
3496 10083
3495 10084
3494 10085
3493 10086
3492 10087
3491 10088
3490 10089
3489 10090
3488 10091
3487 10092
3486 10093
3485 10094
3484 10095
3483 10096
3482 10097
3481 10098
3480 10099
3479 10100
3478 10101
3477 10102
3476 10103
3475 10104
3474 10105
3473 10106
3472 10107
3471 8005
3470 8006
3469 8007
3468 8008
3467 8009
3466 8010
3465 8011
3464 8012
3463 8013
3462 7419
3461 7420
3460 7421
3459 7422
3458 7423
3457 7424
3456 7425
3455 7426
3454 7427
3453 7428
3452 7429
3451 7430
3450 7431
3449 7432
3448 7433
3447 7434
3446 7435
3445 7436
3444 7437
3443 7438
3442 7439
3441 7440
3440 7441
3439 7442
3438 7443
3437 7444
3436 7445
3435 7446
3434 7447
3433 7448
3432 7449
3431 7450
3430 7451
3429 9101
3428 9102
3427 9103
3426 9104
3425 9105
3424 9106
3423 9107
3422 9108
3421 9109
3420 9110
3419 9111
3418 9112
3417 9113
3414 7229
3413 7230
3412 7231
3411 7232
3410 7233
3409 7234
3408 7235
3407 7236
3406 13215
3405 13216
3404 13217
3403 13218
3402 13219
3401 13220
3400 13221
3399 13222
3398 13223
3397 13224
3396 13225
3395 13226
3394 13227
3393 13228
3392 13229
3391 13230
3390 7390
3389 7391
3388 7392
3387 7393
3386 7394
3385 7395
3384 7396
3383 7397
3382 7398
3381 7399
3380 7400
3379 7401
3378 7402
3377 7403
3376 7404
3375 7405
3374 7406
3373 7407
3372 7408
3371 7409
3370 7410
3369 7411
3368 7412
3367 7413
3366 7414
3365 7415
3364 7416
3363 7417
3362 7418
3361 8014
3360 8015
3359 8016
3358 8017
3357 8018
3356 8019
3355 8020
3354 8021
3353 8022
3352 8023
3351 8024
3350 8025
3349 8026
3348 8027
3347 8028
3346 8029
3345 8030
3344 8031
3343 10159
3342 10160
3341 10161
3340 10162
3339 10163
3338 10164
3337 10165
3336 10166
3335 10167
3334 10168
3333 10169
3332 10170
3331 10171
3330 10172
3329 10173
3328 10174
3327 10175
3326 10176
3325 10177
3324 10178
3323 10179
3322 10180
3321 10181
3320 10182
3319 10183
3318 10184
3317 10185
3316 10186
3315 10187
3314 6743
3313 6744
3312 6745
3311 6746
3310 6747
3309 6748
3308 6749
3307 6750
3306 6751
3305 6752
3304 8428
3303 8429
3302 8430
3301 8431
3300 8432
3299 8433
3298 8434
3297 8435
3296 8478
3295 8479
3294 8480
3293 8481
3292 8482
3291 8483
3290 8484
3289 8485
3288 8486
3287 8487
3286 8488
3285 8489
3284 8490
3283 8491
3282 8492
3281 8493
3280 11251
3279 11252
3278 11253
3277 11254
3276 11255
3275 11256
3274 11257
3273 11258
3272 11259
3271 11260
3270 11261
3269 11262
3268 11263
3267 11264
3266 11265
3265 11266
3264 11267
3263 11268
3262 11269
3261 6765
3260 6766
3259 6767
3258 6768
3257 6769
3256 6770
3255 6771
3254 6772
3253 6773
3252 11323
3251 11324
3250 11325
3249 11326
3248 11327
3247 11328
3246 11329
3245 11330
3244 11331
3243 11332
3242 11333
3241 11334
3240 11335
3239 11336
3238 11337
3237 11338
3236 11339
3235 7546
3234 7547
3233 7548
3232 7549
3231 7550
3230 7551
3229 7552
3228 7553
3227 7554
3226 7555
3225 7016
3224 7017
3223 7018
3222 7019
3221 7020
3220 7021
3219 7022
3218 7023
3217 7024
3216 7025
3215 7026
3214 7027
3213 7028
3212 7029
3211 7030
3210 7031
3209 7032
3208 7033
3207 7034
3206 7035
3205 7036
3204 7037
3203 7038
3202 7039
3201 7858
3200 7859
3199 7860
3198 7861
3197 7862
3196 7863
3195 7864
3194 7865
3193 7866
3192 7867
3191 7868
3190 7869
3189 7870
3188 7871
3187 7872
3186 7873
3185 7874
3184 7875
3183 6680
3182 6681
3181 6682
3180 6683
3179 6684
3178 6685
3177 6686
3176 6687
3175 6688
3174 6689
3173 6690
3172 11855
3171 11856
3170 11857
3169 11858
3168 11859
3167 11860
3166 11861
3165 11862
3164 11863
3163 11864
3162 11865
3161 11866
3160 11867
3159 11868
3158 11869
3157 6785
3156 6786
3155 6787
3154 6788
3153 6789
3152 6790
3151 6791
3150 6792
3149 6793
3148 11823
3147 11824
3146 11825
3145 11826
3144 11827
3143 11828
3142 11829
3141 11830
3140 8673
3139 8674
3138 8675
3137 8676
3136 8677
3135 8678
3134 8679
3133 8680
3132 8681
3131 8682
3130 8683
3129 8684
3128 8685
3127 8686
3126 8687
3125 8688
3124 6805
3123 6806
3122 6807
3121 6808
3120 6809
3119 6810
3118 6811
3117 6812
3116 6813
3115 8867
3114 8868
3113 8869
3112 8870
3111 8871
3110 8872
3109 8873
3108 8874
3107 8875
3106 8876
3105 8877
3104 8878
3103 8879
3102 8880
3101 8881
3100 8882
3099 6699
3098 6700
3097 6701
3096 6702
3095 6703
3094 6704
3093 6705
3092 6706
3091 6707
3090 6708
3089 6709
3088 6719
3087 6720
3086 6721
3085 6722
3084 6723
3083 6724
3082 6725
3081 6726
3080 6727
3079 6728
3078 6729
3077 6730
3076 6731
3075 7136
3074 7137
3073 7138
3072 7139
3071 7140
3070 7141
3069 7142
3068 7143
3067 7144
3066 7145
3065 7146
3064 7147
3063 7148
3062 7149
3061 6836
3060 6837
3059 6838
3058 6839
3057 6840
3056 6841
3055 6842
3054 6843
3053 6844
3050 6826
3048 3049
3047 6829
3046 6830
3045 6831
3044 6832
3043 6833
3042 6834
3041 6835
3039 3040
3038 7152
3037 7153
3036 7154
3035 7155
3034 7156
3033 7157
3032 7158
3030 3031
3029 7161
3028 7162
3027 7163
3026 7164
3025 7165
3024 7166
3023 7167
3021 3022
3020 7170
3019 7171
3018 7172
3017 7173
3016 7174
3015 7175
3014 7176
3012 3013
3011 7179
3010 7180
3009 7181
3008 7182
3007 7183
3006 7184
3004 3005
3003 7187
3002 7188
3001 7189
3000 7190
2999 7191
2998 7192
2997 7193
2996 7194
2994 2995
2993 8852
2992 8853
2991 8854
2990 8855
2988 2989
2987 8858
2986 8859
2985 8860
2984 8861
2982 2983
2981 8864
2980 8865
2979 8866
2978 6814
2976 2977
2975 6817
2974 6818
2973 6819
2972 6820
2970 2971
2969 6823
2968 6824
2967 6825
2965 2966
2964 8691
2963 8692
2962 8693
2961 8694
2959 2960
2958 8697
2957 8698
2956 8699
2955 8700
2953 2954
2952 8703
2951 8704
2950 8705
2948 2949
2947 8708
2946 8709
2945 8710
2944 8711
2943 11816
2942 11817
2941 11818
2940 11819
2938 2939
2937 11822
2936 6794
2935 6795
2934 6796
2932 2933
2931 6799
2930 6800
2929 6801
2928 6802
2926 2927
2925 11870
2924 11871
2923 11872
2922 11873
2920 2921
2919 11876
2918 11877
2917 11878
2916 11879
2915 11880
2913 2914
2912 11883
2911 11884
2910 11991
2909 11992
2907 2908
2906 11995
2905 11996
2904 11997
2903 11998
2901 2902
2900 12001
2899 12002
2898 12003
2897 12004
2896 12005
2894 2895
2893 12008
2892 12009
2891 12010
2890 12011
2889 6964
2888 6965
2887 6966
2886 6967
2884 2885
2883 6970
2882 6971
2881 6972
2880 6973
2878 2879
2877 7853
2876 7854
2875 7855
2874 7856
2873 7857
2871 2872
2870 7042
2869 7043
2868 7044
2867 7045
2865 2866
2864 7048
2863 7049
2862 7050
2861 7051
2860 7052
2858 2859
2857 6944
2856 6945
2855 6946
2854 6947
2852 2853
2851 6950
2850 6951
2849 6952
2848 7528
2846 2847
2845 7531
2844 7532
2843 7533
2842 7534
2840 2841
2839 7537
2838 7538
2837 7539
2836 7540
2835 7541
2834 7542
2833 7543
2831 2832
2830 11340
2829 11341
2828 11342
2826 2827
2825 11345
2824 11346
2823 11347
2822 11348
2820 2821
2819 11351
2818 11352
2817 11315
2816 11316
2814 2815
2813 11319
2812 11320
2811 11321
2810 11322
2808 2809
2807 6776
2806 6777
2805 6778
2804 6779
2802 2803
2801 6782
2800 6783
2799 6784
2798 11270
2796 2797
2795 11273
2794 11274
2793 11275
2792 11276
2790 2791
2789 11279
2788 11280
2787 11281
2786 11282
2784 2785
2783 8177
2782 8178
2781 8179
2780 8180
2779 8181
2777 2778
2776 8184
2775 8185
2774 8186
2772 2773
2771 8189
2770 8190
2769 8191
2768 8192
2766 2767
2765 8195
2764 8196
2763 8411
2762 8412
2760 2761
2759 8415
2758 8416
2757 8417
2756 8418
2754 2755
2753 8421
2752 8422
2751 8423
2749 2750
2748 8426
2747 8427
2746 6753
2745 6754
2743 2744
2742 6757
2741 6758
2740 6759
2738 2739
2737 6762
2736 6763
2735 6764
2733 2734
2732 10190
2731 10191
2730 10192
2729 10193
2727 2728
2726 10196
2725 10197
2724 10198
2723 10199
2722 10200
2721 10201
2720 10202
2718 2719
2717 10205
2716 10206
2715 10207
2713 2714
2712 10210
2711 6921
2710 6922
2708 2709
2707 6925
2706 6926
2705 6927
2703 2704
2702 6930
2701 8052
2700 8053
2698 2699
2697 8056
2696 8057
2695 8058
2693 2694
2692 8061
2691 8062
2690 8063
2688 2689
2687 8066
2686 8067
2685 8068
2683 2684
2682 8071
2681 6900
2680 6901
2679 6902
2677 2678
2676 6905
2675 6906
2674 6907
2672 2673
2671 6910
2670 6879
2669 6880
2668 6881
2667 6882
2666 6883
2664 2665
2663 6886
2662 6887
2661 6888
2660 7372
2658 2659
2657 7375
2656 7376
2655 7377
2654 7378
2653 7379
2651 2652
2650 7382
2649 7383
2648 7384
2647 7385
2646 7386
2644 2645
2643 7389
2642 13231
2641 13232
2640 13233
2639 13234
2637 2638
2636 13237
2635 13238
2634 13239
2633 13240
2632 13241
2631 13242
2629 2630
2628 7212
2627 7213
2626 7214
2625 7215
2624 7216
2623 7217
2621 2622
2620 7220
2619 7221
2618 7222
2617 7223
2616 7224
2613 7199
2612 7200
2611 7201
2610 7202
2609 7203
2607 2608
2606 7206
2605 7207
2604 7208
2603 7209
2602 7210
2601 7211
2599 2600
2598 13247
2597 13248
2596 13249
2595 13250
2594 13251
2593 13252
2591 2592
2590 13255
2589 13256
2588 13257
2587 13258
2586 13259
2585 13260
2583 2584
2582 7358
2581 7359
2580 7360
2579 7361
2578 7362
2576 2577
2575 7365
2574 7366
2573 7367
2572 7368
2571 7369
2569 2570
2568 6869
2567 6870
2566 6871
2565 6872
2563 2564
2562 6875
2561 6876
2560 6877
2559 6878
2558 6889
2556 2557
2555 6892
2554 6893
2553 6894
2551 2552
2550 6897
2549 6898
2548 6899
2547 8072
2545 2546
2544 8075
2543 8076
2542 8077
2540 2541
2539 8040
2538 8041
2537 8042
2535 2536
2534 8045
2533 8046
2532 8047
2530 2531
2529 8050
2528 8051
2526 2527
2525 6913
2524 6914
2523 6915
2521 2522
2520 6918
2519 6919
2518 6920
2516 2517
2515 10213
2514 10214
2513 10215
2511 2512
2510 10039
2509 10040
2508 10041
2506 2507
2505 10044
2504 10045
2503 10046
2502 10047
2500 2501
2499 10050
2498 10051
2497 10052
2496 10053
2494 2495
2493 10056
2492 10057
2491 10058
2489 2490
2488 10061
2487 8388
2486 8389
2484 2485
2483 8392
2482 8393
2481 8394
2480 8395
2478 2479
2477 8398
2476 8399
2475 8400
2473 2474
2472 8403
2471 8404
2470 8405
2468 2469
2467 8408
2466 8409
2465 8410
2464 8197
2462 2463
2461 8200
2460 8201
2459 8202
2457 2458
2456 8161
2455 8162
2454 8163
2453 8164
2451 2452
2450 8167
2449 8168
2448 8169
2447 8170
2446 8171
2445 8172
2443 2444
2442 11283
2441 11284
2440 11285
2439 11286
2437 2438
2436 11289
2435 11290
2434 11291
2432 2433
2431 11294
2430 11295
2429 11296
2428 11297
2426 2427
2425 11300
2424 11301
2423 11302
2421 2422
2420 11305
2419 11306
2418 11307
2417 11308
2415 2416
2414 11311
2413 11312
2412 11313
2411 11314
2409 2410
2408 11355
2407 11356
2406 11357
2404 2405
2403 11360
2402 11361
2401 11362
2400 11363
2398 2399
2397 11366
2396 11367
2395 7512
2394 7513
2393 7514
2392 7515
2391 7516
2390 7517
2388 2389
2387 7520
2386 7521
2385 7522
2384 7523
2382 2383
2381 7526
2380 7527
2379 6931
2378 6932
2376 2377
2375 6935
2374 6936
2373 6937
2372 6938
2370 2371
2369 6941
2368 6974
2367 6975
2366 6976
2364 2365
2363 6979
2362 6980
2361 7838
2360 7839
2358 2359
2357 7842
2356 7843
2355 7844
2353 2354
2352 7847
2351 7848
2350 7849
2349 7850
2347 2348
2346 6955
2345 6956
2344 6957
2343 6958
2341 2342
2340 6961
2339 6962
2338 6963
2337 12012
2336 12013
2335 12014
2334 12015
2332 2333
2331 12018
2330 12019
2329 12020
2328 12021
2326 2327
2325 12024
2324 12025
2323 11984
2321 2322
2320 11987
2319 11988
2318 11989
2317 11990
2315 2316
2314 11887
2313 11888
2312 11889
2311 11890
2309 2310
2308 11748
2307 11749
2306 11750
2305 11751
2303 2304
2302 11754
2301 11755
2300 11756
2299 11757
2297 2298
2296 11760
2295 11761
2294 11762
2292 2293
2291 11807
2290 11808
2289 11809
2288 11810
2286 2287
2285 11813
2284 11814
2283 11815
2282 8712
2281 8713
2280 8714
2278 2279
2277 8717
2276 8718
2275 8719
2274 8720
2272 2273
2271 8723
2270 8724
2269 8725
2267 2268
2266 8728
2265 8729
2264 8730
2262 2263
2261 8733
2260 8734
2259 8735
2258 8736
2256 2257
2255 8739
2254 8740
2253 8741
2251 2252
2250 8744
2249 8745
2248 8746
2246 2247
2245 8749
2244 8836
2243 8837
2242 8838
2240 2241
2239 8841
2238 8842
2237 8843
2236 8844
2234 2235
2233 8847
2232 8848
2231 8849
2230 7053
2228 2229
2227 7056
2226 7057
2225 7058
2224 7059
2223 7060
2222 7061
2220 2221
2219 7064
2218 7065
2217 7066
2216 7067
2215 7068
2213 2214
2212 7071
2211 7072
2210 7073
2209 7074
2208 7075
2207 7076
2205 2206
2204 7079
2203 7080
2202 7081
2201 7082
2200 7083
2199 7084
2198 7085
2196 2197
2195 7088
2194 7089
2193 7245
2192 7246
2191 7247
2190 7248
2188 2189
2187 7251
2186 7252
2185 7253
2184 7254
2183 7255
2182 7256
2181 7257
2179 2180
2178 7260
2177 7261
2176 7262
2175 7263
2172 7614
2171 7615
2170 7616
2169 7617
2168 7618
2167 7619
2165 2166
2164 12641
2163 12642
2162 12643
2161 12644
2160 12645
2159 12646
2158 12647
2156 2157
2155 12650
2154 12651
2153 12652
2152 12653
2151 12654
2150 12655
2148 2149
2147 12658
2146 12659
2145 12660
2144 12661
2143 12662
2142 12663
2140 2141
2139 12666
2138 12667
2137 12668
2136 12669
2135 12670
2134 12671
2132 2133
2131 12674
2130 12675
2129 12676
2128 12677
2126 2127
2125 12680
2124 12681
2123 12682
2122 12683
2121 8803
2120 8804
2119 8805
2118 8806
2117 8807
2116 8808
2114 2115
2113 8811
2112 8812
2111 8813
2109 2110
2108 8816
2107 8817
2106 8773
2105 8774
2103 2104
2102 8777
2101 8778
2100 8779
2098 2099
2097 8557
2096 8558
2095 8559
2093 2094
2092 8562
2091 8563
2090 8564
2088 2089
2087 8567
2086 8568
2085 8569
2083 2084
2082 8572
2081 8573
2080 8574
2078 2079
2077 8577
2076 8578
2075 8579
2073 2074
2072 8582
2071 8583
2070 8584
2068 2069
2067 11794
2066 11795
2065 11796
2064 11797
2063 11798
2061 2062
2060 11801
2059 11802
2058 11803
2057 11804
2055 2056
2054 11765
2053 11766
2052 11767
2050 2051
2049 11770
2048 11719
2047 11720
2045 2046
2044 11723
2043 11724
2042 11725
2041 11965
2039 2040
2038 11968
2037 11969
2036 11970
2034 2035
2033 11973
2032 11974
2031 11975
2029 2030
2028 11978
2027 11979
2026 11980
2025 11981
2023 2024
2022 12026
2021 12027
2020 12028
2018 2019
2017 12031
2016 12032
2015 12033
2014 12034
2012 2013
2011 12037
2010 12038
2009 12039
2008 12040
2007 12041
2005 2006
2004 10585
2003 10586
2002 10587
2000 2001
1999 10590
1998 10591
1997 10592
1996 10593
1994 1995
1993 10596
1992 10597
1991 10598
1989 1990
1988 10601
1987 10602
1986 10603
1985 10604
1983 1984
1982 10607
1981 10608
1980 10609
1978 1979
1977 10612
1976 10613
1975 11575
1974 11576
1972 1973
1971 11579
1970 11580
1969 11581
1967 1968
1966 11584
1965 11585
1964 11586
1962 1963
1961 11589
1960 11590
1959 11591
1958 11592
1956 1957
1955 7506
1954 7507
1953 7508
1952 7509
1951 7510
1950 7511
1948 1949
1947 11370
1946 11371
1945 11372
1943 1944
1942 11375
1941 11376
1940 11377
1939 11378
1937 1938
1936 11381
1935 11382
1934 11383
1932 1933
1931 7742
1930 7743
1929 7744
1927 1928
1926 7747
1925 7748
1924 7749
1923 11209
1921 1922
1920 11212
1919 11213
1918 11214
1916 1917
1915 11217
1914 11176
1913 11177
1911 1912
1910 11180
1909 11181
1908 11182
1907 11183
1905 1906
1904 11186
1903 11187
1902 8143
1900 1901
1899 8146
1898 8147
1897 8148
1896 8149
1895 8150
1894 8151
1893 8152
1891 1892
1890 8155
1889 8156
1888 8157
1887 8158
1885 1886
1884 8205
1883 8206
1882 8207
1880 1881
1879 8210
1878 8211
1877 8212
1875 1876
1874 8215
1873 8216
1872 8217
1871 8218
1869 1870
1868 8361
1867 8362
1866 8363
1864 1865
1863 8366
1862 8324
1861 8325
1859 1860
1858 8328
1857 8329
1856 8330
1854 1855
1853 8333
1852 8334
1851 8335
1849 1850
1848 10024
1847 10025
1846 10026
1845 10027
1843 1844
1842 10030
1841 10031
1840 10032
1839 10033
1837 1838
1836 10036
1835 10037
1834 10038
1832 1833
1831 10220
1830 10221
1829 10222
1827 1828
1826 10225
1825 10226
1824 10227
1822 1823
1821 10230
1820 10231
1819 10232
1817 1818
1816 10373
1815 10374
1814 10375
1812 1813
1811 10378
1810 8101
1809 8102
1807 1808
1806 8105
1805 8106
1803 1804
1802 8109
1801 8110
1800 8111
1799 8112
1797 1798
1796 7720
1795 7721
1794 7722
1792 1793
1791 7725
1790 7726
1789 7727
1787 1788
1786 13138
1785 13139
1784 13140
1783 13141
1782 13142
1781 13143
1780 13144
1779 13145
1778 13146
1777 13147
1775 1776
1774 13150
1773 13151
1772 13152
1771 13153
1769 1770
1768 7348
1767 7349
1766 7350
1765 7351
1764 7352
1763 7353
1761 1762
1760 13261
1759 13262
1758 13263
1757 13264
1756 13265
1754 1755
1753 13268
1752 13269
1751 13270
1750 13271
1749 13272
1748 13273
1746 1747
1745 13276
1744 12973
1743 12974
1742 12975
1741 12976
1740 12977
1738 1739
1737 12980
1736 12981
1735 12982
1734 12983
1733 12984
1732 12985
1729 12960
1728 12961
1727 12962
1726 12963
1725 12964
1724 12965
1722 1723
1721 12968
1720 12969
1719 12970
1718 12971
1717 12972
1716 13277
1714 1715
1713 13280
1712 13281
1711 13282
1710 13283
1709 13284
1708 13285
1706 1707
1705 13288
1704 13289
1703 13290
1702 13291
1701 13292
1700 13112
1698 1699
1697 13115
1696 13116
1695 13117
1694 13118
1693 13119
1691 1692
1690 13122
1689 13123
1688 13124
1687 13125
1686 13126
1684 1685
1683 13129
1682 13130
1681 13131
1680 13132
1679 13133
1678 13134
1677 13135
1676 13136
1675 13137
1673 1674
1672 7712
1671 7713
1670 7714
1668 1669
1667 7717
1666 7718
1665 7719
1663 1664
1662 7921
1661 7922
1660 7923
1658 1659
1657 7926
1656 7927
1655 10362
1653 1654
1652 10365
1651 10366
1650 10367
1648 1649
1647 10370
1646 10371
1645 10372
1643 1644
1642 10237
1641 10238
1640 10239
1638 1639
1637 10335
1636 10336
1635 10337
1633 1634
1632 10340
1631 10341
1630 10005
1628 1629
1627 10008
1626 10009
1624 1625
1623 10012
1622 10013
1621 10014
1620 10015
1619 10016
1617 1618
1616 10019
1615 10020
1614 10021
1612 1613
1611 8338
1610 8339
1609 8340
1608 8341
1606 1607
1605 8344
1604 8345
1603 8346
1601 1602
1600 8349
1599 8350
1598 8351
1596 1597
1595 8354
1594 8355
1593 8356
1591 1592
1590 8219
1589 8220
1588 8221
1586 1587
1585 8224
1584 8225
1583 8226
1581 1582
1580 8229
1579 8230
1578 8123
1577 8124
1575 1576
1574 8127
1573 8128
1572 8129
1570 1571
1569 8132
1568 8133
1567 8134
1566 8135
1565 8136
1564 8137
1563 8138
1562 8139
1560 1561
1559 8142
1558 11188
1557 11189
1555 1556
1554 11192
1553 11193
1552 11194
1550 1551
1549 11197
1548 11198
1547 11199
1545 1546
1544 11202
1543 11203
1542 11204
1540 1541
1539 11207
1538 11208
1537 7730
1535 1536
1534 7733
1533 7734
1532 7735
1530 1531
1529 7738
1528 7739
1527 11384
1526 11385
1524 1525
1523 11388
1522 11389
1521 11390
1519 1520
1518 11393
1517 11394
1516 11395
1514 1515
1513 11398
1512 11399
1511 11400
1509 1510
1508 11403
1507 11404
1506 11405
1505 11406
1503 1504
1502 11409
1501 11410
1500 11411
1498 1499
1497 10641
1496 10642
1495 10643
1493 1494
1492 10646
1491 11568
1490 11569
1488 1489
1487 11572
1486 11573
1485 11574
1483 1484
1482 10616
1481 10617
1480 10618
1478 1479
1477 10621
1476 10622
1475 11521
1474 11522
1472 1473
1471 11525
1470 11526
1469 11527
1467 1468
1466 11530
1465 11531
1464 11532
1462 1463
1461 11535
1460 10576
1459 10577
1457 1458
1456 10580
1455 10581
1454 10582
1452 1453
1451 12044
1450 12045
1449 12046
1448 12047
1446 1447
1445 12050
1444 12051
1443 12052
1441 1442
1440 12055
1439 12056
1438 12057
1436 1437
1435 12163
1434 12164
1433 12165
1431 1432
1430 12168
1429 12169
1428 11700
1426 1427
1425 11703
1424 11704
1423 11705
1421 1422
1420 11708
1419 11709
1418 11710
1416 1417
1415 11713
1414 11714
1413 11715
1411 1412
1410 11718
1409 11771
1408 11772
1406 1407
1405 11775
1404 11776
1403 11777
1401 1402
1400 11780
1399 11781
1398 11782
1396 1397
1395 11785
1394 11786
1393 11787
1392 11788
1391 11789
1389 1390
1388 8585
1387 8586
1386 8587
1384 1385
1383 8590
1382 8591
1380 1381
1379 8594
1378 8595
1377 8596
1375 1376
1374 8599
1373 8600
1372 8601
1370 1371
1369 8544
1368 8545
1367 8546
1365 1366
1364 8549
1363 8550
1361 1362
1360 8553
1359 8554
1358 8780
1356 1357
1355 8783
1354 8784
1353 8785
1351 1352
1350 8788
1349 8789
1348 8790
1346 1347
1345 8793
1344 8794
1343 8795
1342 8796
1340 1341
1339 8799
1338 8800
1337 8801
1336 8802
1335 12684
1334 12685
1333 12686
1331 1332
1330 12689
1329 12690
1328 12691
1327 12692
1326 12693
1324 1325
1323 12696
1322 12697
1321 12698
1320 12699
1319 12700
1317 1318
1316 12703
1315 12704
1314 12705
1313 12706
1312 12707
1310 1311
1309 12710
1308 12711
1307 7670
1306 7671
1305 7672
1304 7673
1302 1303
1301 7676
1300 7677
1299 7678
1298 7679
1297 7680
1296 7681
1294 1295
1293 9426
1292 9427
1291 9428
1290 9429
1289 9430
1288 9431
1286 1287
1285 9434
1284 9435
1281 9416
1280 9417
1279 9418
1278 9419
1276 1277
1275 9422
1274 9423
1273 9424
1272 9425
1271 7684
1270 7685
1268 1269
1267 7688
1266 7689
1265 7690
1264 7691
1263 9383
1262 9384
1260 1261
1259 9387
1258 9388
1257 9389
1256 12733
1255 12734
1253 1254
1252 12737
1251 12738
1250 12739
1249 12740
1248 12741
1246 1247
1245 12744
1244 12745
1243 12746
1242 12747
1241 12748
1239 1240
1238 12751
1237 12752
1236 12753
1235 12793
1233 1234
1232 12796
1231 12797
1230 12798
1229 12799
1228 12800
1227 12801
1225 1226
1224 12804
1223 12805
1222 12806
1220 1221
1219 9594
1218 9595
1217 9596
1215 1216
1214 9599
1213 9600
1212 9601
1210 1211
1209 12322
1208 12323
1206 1207
1205 12326
1204 12327
1203 12328
1201 1202
1200 12331
1199 12332
1198 12333
1196 1197
1195 12336
1194 12337
1192 1193
1191 12340
1190 12341
1189 12342
1187 1188
1186 12345
1185 12346
1183 1184
1182 12349
1181 12350
1180 12351
1178 1179
1177 12354
1176 12355
1174 1175
1173 12358
1172 12359
1171 12360
1170 12361
1168 1169
1167 9574
1166 9575
1165 9576
1163 1164
1162 9579
1161 9580
1160 9581
1158 1159
1157 9551
1156 9552
1154 1155
1153 9555
1152 9556
1151 9557
1149 1150
1148 9560
1147 11687
1146 11688
1144 1145
1143 11691
1142 11692
1141 11693
1139 1140
1138 11696
1137 11697
1135 1136
1134 12170
1133 12171
1132 12172
1130 1131
1129 12175
1128 12176
1127 12177
1125 1126
1124 12180
1123 12181
1122 12182
1120 1121
1119 12185
1118 12186
1116 1117
1115 10563
1114 10564
1113 10565
1112 10566
1110 1111
1109 10569
1108 10570
1106 1107
1105 10573
1104 10574
1103 10575
1101 1102
1100 11538
1099 11539
1098 11540
1096 1097
1095 11543
1094 11544
1093 11545
1091 1092
1090 11548
1089 11549
1087 1088
1086 11552
1085 11553
1084 11554
1082 1083
1081 11557
1080 11558
1079 11559
1077 1078
1076 11562
1075 11563
1074 11564
1072 1073
1071 11567
1070 10647
1069 10648
1067 1068
1066 10651
1065 10652
1063 1064
1062 10655
1061 10656
1060 10657
1058 1059
1057 10660
1056 10661
1055 10662
1054 9527
1053 9528
1052 9529
1050 1051
1049 9532
1048 9533
1047 9534
1045 1046
1044 9537
1043 10952
1042 10953
1040 1041
1039 10956
1038 10957
1037 10958
1035 1036
1034 10961
1033 10962
1032 10963
1030 1031
1029 10966
1028 10904
1027 10905
1025 1026
1024 10908
1023 10909
1022 10910
1020 1021
1019 10913
1018 10914
1017 10915
1015 1016
1014 10918
1013 10919
1012 11092
1010 1011
1009 11095
1008 11096
1007 11097
1005 1006
1004 11100
1003 11101
1002 11102
1000 1001
999 11105
998 11106
997 11107
996 11108
994 995
993 11111
992 11112
991 9506
989 990
988 9509
987 9510
986 9511
984 985
983 9514
982 9515
981 9838
979 980
978 9841
977 9842
976 9843
974 975
973 9919
972 9920
971 9921
969 970
968 9924
967 9925
966 9926
964 965
963 9929
962 9930
961 9931
959 960
958 9934
957 9935
956 9936
955 9937
953 954
952 9940
951 9941
950 9942
948 949
947 9488
946 9489
945 9490
943 944
942 9493
941 9494
940 9495
939 10319
938 10320
936 937
935 10323
934 10324
933 10325
931 932
930 10328
929 10329
928 10330
926 927
925 10333
924 10334
923 10242
921 922
920 10245
919 10246
917 918
916 10249
915 10250
914 10251
912 913
911 10254
910 9785
909 9786
907 908
906 9789
905 9790
904 9791
902 903
901 9794
900 9795
899 9796
897 898
896 9466
895 9467
894 9468
892 893
891 9471
890 9472
889 9473
887 888
886 9446
885 9447
884 9448
883 9449
882 9450
881 9451
880 9452
879 9453
877 878
876 13096
875 13097
874 13098
873 13099
872 13100
870 871
869 13103
868 13104
867 13105
866 13106
865 13107
863 864
862 13110
861 13111
860 13293
859 13294
858 13295
857 13296
855 856
854 13299
853 13300
852 13301
851 13302
850 13303
849 13304
847 848
846 13307
845 13308
844 12871
843 12872
842 12873
841 12874
840 12875
838 839
837 12878
836 12879
835 12880
834 12881
833 12882
832 12883
829 12858
828 12859
827 12860
826 12861
825 12862
824 12863
823 12864
821 822
820 12867
819 12868
818 12869
817 12870
816 13309
815 13310
813 814
812 13313
811 13314
810 13315
809 13316
808 13317
807 13318
806 13074
804 805
803 13077
802 13078
801 13079
800 13080
799 13081
798 13082
796 797
795 13085
794 13086
793 13087
792 13088
791 13089
789 790
788 13092
787 13093
786 13094
785 13095
783 784
782 9438
781 9439
780 9440
779 9441
778 9442
777 9443
776 9444
775 9445
773 774
772 9458
771 9459
770 9460
768 769
767 9463
766 9464
765 9465
763 764
762 9746
761 9747
760 9748
758 759
757 9751
756 9752
755 10285
753 754
752 10288
751 10289
750 10290
748 749
747 10293
746 10294
744 745
743 10297
742 10298
741 10299
739 740
738 10302
737 10303
736 10304
734 735
733 10307
732 10308
731 10309
729 730
728 10312
727 10313
726 10314
724 725
723 10317
722 10318
721 9476
720 9477
719 9478
717 718
716 9481
715 9482
714 9483
712 713
711 9943
710 9944
709 9945
707 708
706 9948
705 9949
704 9950
702 703
701 9816
700 9817
699 9818
697 698
696 9821
695 9822
694 9823
692 693
691 9826
690 9827
689 9828
687 688
686 9831
685 9832
684 9833
682 683
681 9836
680 9837
679 9496
677 678
676 9499
675 9500
674 9501
672 673
671 9504
670 9505
668 669
667 11115
666 11116
665 11117
664 11118
663 11119
662 11120
660 661
659 11081
658 11082
657 11083
655 656
654 11086
653 11087
652 11088
650 651
649 11091
648 10920
646 647
645 10923
644 10924
643 10925
641 642
640 10928
639 10929
638 10930
636 637
635 10933
634 10934
633 10935
631 632
630 10938
629 10939
627 628
626 10942
625 10943
624 10944
622 623
621 10947
620 10948
619 10949
617 618
616 9516
615 9517
614 9518
612 613
611 9521
610 9522
609 9523
607 608
606 9526
605 10663
604 10664
602 603
601 10667
600 10668
599 10669
597 598
596 10481
595 10482
594 10483
592 593
591 10486
590 10487
588 589
587 10490
586 10500
585 10501
583 584
582 10504
581 10505
580 10506
578 579
577 10509
576 10510
574 575
573 10530
572 10531
571 10532
569 570
568 10535
567 10536
565 566
564 10539
563 10540
562 10541
560 561
559 10544
558 10545
556 557
555 10548
554 10549
553 10550
551 552
550 10553
549 10554
548 10555
547 10556
546 10557
544 545
543 10560
542 12187
541 12188
539 540
538 12191
537 12192
535 536
534 11664
533 11665
532 11666
530 531
529 11669
528 11670
526 527
525 11673
524 11674
523 11675
521 522
520 11678
519 11679
517 518
516 11682
515 11683
514 11684
512 513
511 9538
510 9539
508 509
507 9542
506 9543
505 9544
503 504
502 9547
501 9548
499 500
498 9563
497 9564
496 9565
494 495
493 9568
492 9569
490 491
489 12362
488 12363
487 12364
485 486
484 12367
483 12368
482 12369
480 481
479 12372
478 12373
476 477
475 12376
474 12377
473 12378
471 472
470 12297
469 12298
467 468
466 12301
465 12302
463 464
462 12305
461 12306
460 12307
458 459
457 12310
456 12311
454 455
453 12314
452 12315
450 451
449 12318
448 12319
447 9582
445 446
444 9585
443 9586
442 9587
440 441
439 9590
438 9591
436 437
435 12483
434 12484
433 12485
431 432
430 12488
429 12489
428 12490
427 12491
426 12492
424 425
423 12495
422 12496
421 12497
419 420
418 12807
417 12808
416 12809
415 12810
414 12811
412 413
411 12814
410 12815
409 12816
408 12817
406 407
405 9372
404 9373
403 9374
402 9375
401 9376
400 9377
398 399
397 9380
396 9381
395 9382
394 7692
393 7693
391 392
390 7696
389 7697
388 7698
387 7699
386 7700
385 7701
383 384
382 7704
381 7705
380 7706
379 7707
378 7708
377 7709
374 12832
373 12833
372 12834
371 12835
370 12836
369 12837
368 12838
367 12839
366 12840
365 12841
364 12842
363 12843
362 9355
361 9356
360 9357
359 9358
358 9359
357 9360
356 9361
355 9362
354 9363
353 9364
352 9365
351 9366
350 9367
349 9368
348 9369
347 12818
346 12819
345 12820
344 12821
343 12822
342 12823
341 12824
340 12825
339 12826
338 12827
337 12500
336 12501
335 12502
334 12503
333 12504
332 12505
331 12506
330 12507
329 12508
328 12509
327 12510
326 12511
325 12512
324 12513
323 12514
322 12515
321 12516
320 12517
319 12518
318 12519
317 12520
316 12521
315 12522
314 12523
313 12524
312 12525
311 12526
310 12279
309 12280
308 12281
306 307
305 12284
304 12285
303 12286
302 12287
301 12288
300 12289
299 12290
298 12291
297 12292
296 12293
295 12294
294 12379
293 12380
292 12381
291 12382
290 12383
289 12384
288 12385
287 12386
286 12387
285 12388
284 12389
283 12390
282 12391
281 12392
280 12393
279 12394
278 12395
277 12396
275 276
274 12399
273 12400
272 12401
271 12104
270 12105
269 12106
268 12107
267 12108
266 12109
265 12110
264 12111
263 12112
262 12113
261 12114
260 12115
259 12116
258 12117
257 11650
256 11651
255 11652
253 254
252 11655
251 11656
250 11657
249 11658
248 11659
247 11660
246 11661
245 11662
244 11663
243 12195
242 12196
241 12197
240 12198
239 12199
238 12200
237 12201
236 12202
235 12203
234 12204
233 12205
232 12206
231 12207
229 230
228 9694
227 9695
226 9696
225 9697
224 9698
223 9699
222 9700
221 9701
220 9702
219 9703
218 9704
217 10521
216 10522
215 10523
214 10524
213 10525
212 10526
211 10527
209 210
208 10513
207 10514
206 10515
205 10516
204 10517
203 10518
202 10519
201 10520
200 10491
199 10492
198 10493
197 10494
196 10495
195 10496
194 10497
193 10498
192 10499
191 10670
190 10671
189 10672
188 10673
187 10674
186 10675
185 10676
184 10677
183 10678
182 10679
181 10680
180 10681
179 10682
178 10683
177 10684
176 10685
175 10978
174 10979
173 10980
172 10981
170 171
169 10984
168 10985
167 10986
166 10987
165 10988
164 10989
163 10888
162 10889
161 10890
160 10891
159 10892
158 10893
157 10894
156 10895
155 11064
154 11065
153 11066
152 11067
151 11068
150 11069
149 11070
148 11071
147 11072
146 11073
145 11074
144 11075
143 11076
142 11077
141 11078
140 11121
139 11122
138 11123
137 11124
136 11125
135 11126
134 11127
133 9860
132 9861
131 9862
130 9863
129 9864
128 9865
127 9866
126 9867
125 9868
124 9869
123 9870
122 9871
121 9799
120 9800
119 9801
118 9802
117 9803
116 9804
115 9805
114 9806
113 9807
112 9808
111 9809
110 9810
109 9811
108 9812
107 9813
106 9951
105 9952
104 9953
103 9954
102 9955
101 9956
100 9957
99 9958
98 9959
97 9960
96 9961
95 9962
94 9963
93 9964
92 9965
91 9966
90 9967
89 9968
88 9969
87 9970
86 9971
85 9972
84 9973
83 9974
82 9975
81 10268
80 10269
79 10270
78 10271
77 10272
76 10273
75 10274
74 10275
73 10276
72 10277
71 10278
70 10279
69 10280
68 10281
67 10282
66 10283
65 10284
64 9753
63 9754
62 9755
61 9756
60 9757
59 9758
58 9759
57 9760
56 9761
55 9762
54 9763
53 9764
52 9765
51 9766
50 9602
49 9603
48 9604
47 9605
46 9606
45 9607
44 9608
43 9609
42 9610
41 9611
40 9612
39 9613
38 9614
37 9615
36 9616
35 9617
34 9618
33 9619
32 9620
31 9621
30 13065
29 13066
28 13067
27 13068
26 13069
25 13070
24 13071
23 13072
22 13073
21 13319
20 13320
19 13321
18 13322
17 13323
16 13324
15 13325
14 13326
13 13327
12 13328
11 13329
10 13330
9 13331
8 13332
7 13333
6 13334
5 13335
4 13336
3 13337
2 13338
1 13339
