6658 8586
6657 8587
6656 8588
6655 8589
6654 8590
6653 8591
6652 8592
6651 8593
6650 8594
6649 8595
6648 8596
6647 8597
6646 8598
6645 9482
6644 9483
6643 9484
6642 9485
6641 9486
6640 9487
6639 9488
6638 9489
6637 9490
6636 9491
6635 9492
6634 9493
6633 9494
6632 9880
6631 9881
6630 9882
6629 9883
6628 9884
6627 9885
6626 9886
6625 9887
6624 9888
6623 9889
6622 9890
6621 9891
6620 9892
6619 9893
6618 9894
6617 9895
6616 9896
6615 9897
6614 9898
6613 8656
6612 8657
6611 8658
6610 8659
6609 8660
6608 8661
6607 8662
6606 8663
6605 8664
6604 8665
6603 10123
6602 10124
6601 10125
6600 10126
6599 10127
6598 10128
6597 10129
6596 10130
6595 10131
6594 10132
6593 10133
6592 10134
6591 10135
6590 10291
6589 10292
6588 10293
6587 10294
6586 10295
6585 10296
6584 10297
6583 10298
6582 10251
6581 10252
6580 10253
6579 10254
6578 10255
6577 10256
6576 10257
6575 10258
6574 10259
6573 10260
6572 10261
6571 10262
6570 10263
6569 10264
6568 10223
6567 10224
6566 10225
6565 10226
6564 10227
6563 10228
6562 10229
6561 10577
6560 10578
6559 10579
6558 10580
6557 10581
6556 10582
6555 10583
6554 10584
6553 10585
6552 10586
6551 10587
6550 10588
6549 10645
6548 10646
6547 10647
6546 10648
6545 10649
6544 10650
6543 10651
6542 10652
6541 10653
6540 11605
6539 11606
6538 11607
6537 11608
6536 11609
6535 11610
6534 11611
6533 11612
6532 11613
6531 11614
6530 11615
6529 11616
6528 11617
6527 11618
6526 11619
6525 11620
6524 11621
6523 11622
6522 11623
6521 11624
6520 11625
6519 11626
6518 11627
6517 11628
6516 11629
6515 11630
6514 11631
6513 11632
6512 11633
6511 11634
6510 11635
6509 11636
6508 11637
6507 8953
6506 8954
6505 8955
6504 8956
6503 8957
6502 8958
6501 8959
6500 8960
6499 8961
6498 12249
6497 12250
6496 12251
6495 12252
6494 12253
6493 12254
6492 12255
6491 12256
6490 12257
6489 12258
6488 12259
6487 12260
6486 12261
6485 12262
6484 12263
6483 12264
6482 12265
6481 12266
6480 12267
6479 12268
6478 12269
6477 12270
6476 12271
6475 12272
6474 12338
6473 12339
6472 12340
6471 12341
6470 12342
6469 12343
6468 12344
6467 12345
6466 12346
6465 12347
6464 12348
6463 12349
6462 12350
6461 12351
6460 12352
6459 12353
6458 12354
6457 12355
6456 12356
6455 12357
6454 12385
6453 12386
6452 12387
6451 12388
6450 12389
6449 12390
6448 12391
6447 12392
6446 12393
6445 8991
6444 8992
6443 8993
6442 8994
6441 8995
6440 8996
6439 8997
6438 8998
6437 8999
6436 9000
6435 9001
6434 9002
6433 9003
6432 9004
6431 9005
6430 9006
6429 9007
6428 9008
6427 9009
6426 9010
6425 9011
6424 9012
6423 9013
6422 9014
6421 9015
6420 9016
6419 9017
6418 9018
6417 9019
6416 9020
6415 9021
6414 9022
6413 9023
6412 9024
6411 12753
6410 12754
6409 12755
6408 12756
6407 12757
6406 12758
6405 12759
6404 12760
6403 12761
6402 9193
6401 9194
6400 9195
6399 9196
6398 9197
6397 9198
6396 9199
6395 9200
6394 9201
6393 9202
6392 9203
6391 9204
6390 9205
6389 9206
6388 9207
6387 9208
6386 9209
6385 9210
6384 9211
6383 9212
6382 9213
6381 9214
6380 9215
6379 9216
6378 9217
6377 9218
6376 9219
6375 9220
6374 9221
6373 9222
6372 9223
6371 9224
6370 9225
6369 9226
6368 9227
6367 9291
6366 9292
6365 9293
6364 9294
6363 9295
6362 9296
6361 9297
6360 9298
6359 9299
6358 13283
6357 13284
6356 13285
6355 13286
6354 13287
6353 13288
6352 13289
6351 13290
6350 13291
6347 8676
6346 8677
6345 8678
6344 8679
6343 8680
6342 8681
6341 8682
6340 8683
6339 8684
6338 8685
6337 8686
6336 8687
6335 9251
6334 9252
6333 9253
6332 9254
6331 9255
6330 9256
6329 9257
6328 9258
6327 9259
6326 9260
6325 9261
6324 9262
6323 9263
6322 9264
6321 9265
6320 9266
6319 9267
6318 9268
6317 9269
6316 9270
6315 9271
6314 9272
6313 9273
6312 9274
6311 9275
6310 9276
6309 9277
6308 9278
6307 9279
6306 9280
6305 9281
6304 9282
6303 9283
6302 9284
6301 9285
6300 9286
6299 9287
6298 9288
6297 9289
6296 9290
6295 12762
6294 12763
6293 12764
6292 12765
6291 12766
6290 12767
6289 12768
6288 12769
6287 12770
6286 12771
6285 12772
6284 12773
6283 12774
6282 12775
6281 12776
6280 12777
6279 12778
6278 12779
6277 12780
6276 12781
6275 12782
6274 12854
6273 12855
6272 12856
6271 12857
6270 12858
6269 12859
6268 12860
6267 12861
6266 12862
6265 12863
6264 12864
6263 12865
6262 12866
6261 9185
6260 9186
6259 9187
6258 9188
6257 9189
6256 9190
6255 9191
6254 9192
6253 12394
6252 12395
6251 12396
6250 12397
6249 12398
6248 12399
6247 12400
6246 12401
6245 12402
6244 12403
6243 12404
6242 12405
6241 12406
6240 12407
6239 12408
6238 12409
6237 12410
6236 12411
6235 12412
6234 12413
6233 12414
6232 12415
6231 12040
6230 12041
6229 12042
6228 12043
6227 12044
6226 12045
6225 12046
6224 12047
6223 12048
6222 12049
6221 12050
6220 12051
6219 12231
6218 12232
6217 12233
6216 12234
6215 12235
6214 12236
6213 12237
6212 12238
6211 12239
6210 12240
6209 12241
6208 12242
6207 12243
6206 12244
6205 12245
6204 12246
6203 12247
6202 12248
6201 8962
6200 8963
6199 8964
6198 8965
6197 8966
6196 8967
6195 8968
6194 8969
6193 8970
6192 8971
6191 8972
6190 8973
6189 8974
6188 11333
6187 11334
6186 11335
6185 11336
6184 11337
6183 11338
6182 11339
6181 11340
6180 11341
6179 11342
6178 11343
6177 11344
6176 11345
6175 11589
6174 11590
6173 11591
6172 11592
6171 11593
6170 11594
6169 11595
6168 11596
6167 11597
6166 11598
6165 11599
6164 11600
6163 11601
6162 11602
6161 11603
6160 11604
6159 10654
6158 10655
6157 10656
6156 10657
6155 10658
6154 10659
6153 10660
6152 10661
6151 10662
6150 10663
6149 10664
6148 10665
6147 10666
6146 10569
6145 10570
6144 10571
6143 10572
6142 10573
6141 10574
6140 10575
6139 10576
6138 10230
6137 10231
6136 10232
6135 10233
6134 10234
6133 10235
6132 10236
6131 10237
6130 10238
6129 10239
6128 10240
6127 10241
6126 10242
6125 10243
6124 10244
6123 10245
6122 10246
6121 10247
6120 10248
6119 10249
6118 10250
6117 10299
6116 10300
6115 10301
6114 10302
6113 10303
6112 10304
6111 10305
6110 10109
6109 10110
6108 10111
6107 10112
6106 10113
6105 10114
6104 10115
6103 10116
6102 10117
6101 10118
6100 10119
6099 10120
6098 10121
6097 10122
6096 8666
6095 8667
6094 8668
6093 8669
6092 8670
6091 8671
6090 8672
6089 8673
6088 8674
6087 8675
6086 9899
6085 9900
6084 9901
6083 9902
6082 9903
6081 9904
6080 9905
6079 9906
6078 9907
6077 9908
6076 9909
6075 9910
6074 9911
6073 9912
6072 9913
6071 9914
6070 9424
6069 9425
6068 9426
6067 9427
6066 9428
6065 9429
6064 9430
6063 9431
6062 9474
6061 9475
6060 9476
6059 9477
6058 9478
6057 9479
6056 9480
6055 9481
6054 8599
6053 8600
6052 8601
6051 8602
6050 8603
6049 8604
6048 8605
6047 8570
6046 8571
6045 8572
6044 8573
6043 8574
6042 8575
6039 8767
6038 8768
6037 8769
6036 8770
6035 8771
6034 8772
6033 8773
6032 8774
6031 8775
6030 8776
6029 8777
6028 8778
6027 8779
6026 9463
6025 9464
6024 9465
6023 9466
6022 9467
6021 9468
6020 9469
6019 9470
6018 9471
6017 9472
6016 9473
6015 9432
6014 9433
6013 9434
6012 9435
6011 9436
6010 9437
6009 9438
6008 9439
6007 9440
6006 9441
6005 9958
6004 9959
6003 9960
6002 9961
6001 9962
6000 9963
5999 9964
5998 9965
5997 9966
5996 9967
5995 9968
5994 9969
5993 9970
5992 9971
5991 9972
5990 9973
5989 9539
5988 9540
5987 9541
5986 9542
5985 9543
5984 9544
5983 9545
5982 9546
5981 9547
5980 9548
5979 9549
5978 9550
5977 9551
5976 9552
5975 9553
5974 9554
5973 9555
5972 9556
5971 9609
5970 9610
5969 9611
5968 9612
5967 9613
5966 9614
5965 9615
5964 9616
5963 9617
5962 9618
5961 9619
5960 9620
5959 9621
5958 9622
5957 9623
5956 9624
5955 9625
5954 9626
5953 9627
5952 9628
5951 9629
5950 9630
5949 9631
5948 9632
5947 9633
5946 9634
5945 9635
5944 9636
5943 9637
5942 10539
5941 10540
5940 10541
5939 10542
5938 10543
5937 10544
5936 10545
5935 10546
5934 10547
5933 10548
5932 10549
5931 10550
5930 10551
5929 10552
5928 10553
5927 10554
5926 10555
5925 10556
5924 10557
5923 10558
5922 10559
5921 10560
5920 10561
5919 10562
5918 10563
5917 10564
5916 10565
5915 10566
5914 10567
5913 10568
5912 10667
5911 10668
5910 10669
5909 10670
5908 10671
5907 10672
5906 10673
5905 10674
5904 10675
5903 10676
5902 10677
5901 10678
5900 11424
5899 11425
5898 11426
5897 11427
5896 11428
5895 11429
5894 11430
5893 11431
5892 11432
5891 11433
5890 11434
5889 11435
5888 11436
5887 11437
5886 11438
5885 11439
5884 11440
5883 11441
5882 11442
5881 11443
5880 11444
5879 11445
5878 11446
5877 11447
5876 11317
5875 11318
5874 11319
5873 11320
5872 11321
5871 11322
5870 11323
5869 11324
5868 11325
5867 11326
5866 11327
5865 11328
5864 11329
5863 11330
5862 11331
5861 11332
5860 8975
5859 8976
5858 8977
5857 8978
5856 8979
5855 8980
5854 8981
5853 8982
5852 8983
5851 8984
5850 8985
5849 8986
5848 8987
5847 8988
5846 8989
5845 8990
5844 11750
5843 11751
5842 11752
5841 11753
5840 11754
5839 11755
5838 11756
5837 11698
5836 11699
5835 11700
5834 11701
5833 11702
5832 11703
5831 11704
5830 11705
5829 11706
5828 11707
5827 11708
5826 11709
5825 11710
5824 11669
5823 11670
5822 11671
5821 11672
5820 11673
5819 11674
5818 11675
5817 11676
5816 12032
5814 5815
5813 12035
5812 12036
5811 12037
5810 12038
5809 12039
5808 12416
5807 12417
5806 12418
5805 12419
5804 12420
5803 12421
5802 12422
5801 12423
5800 12424
5799 12425
5798 12426
5797 12427
5796 12428
5795 12429
5794 12630
5793 12631
5792 12632
5791 12633
5790 12634
5789 12635
5788 12636
5787 12637
5786 12638
5785 12639
5784 12640
5783 12641
5782 12642
5781 12643
5780 12644
5779 12645
5778 12646
5777 12647
5776 12648
5775 12649
5774 12650
5773 12651
5772 12837
5770 5771
5769 12840
5768 12841
5767 12842
5766 12843
5765 12844
5764 12845
5763 12846
5762 12847
5761 12848
5760 12849
5759 12850
5758 12851
5757 12852
5756 12853
5755 12783
5754 12784
5753 12785
5752 12786
5751 12787
5750 12788
5749 12789
5748 9032
5747 9033
5746 9034
5745 9035
5744 9036
5743 9037
5742 9038
5741 9039
5740 9040
5739 9041
5738 9042
5737 9043
5736 9044
5735 9045
5734 9046
5733 9047
5732 9048
5731 9049
5730 13112
5729 13113
5728 13114
5727 13115
5726 13116
5725 13117
5724 13118
5723 13119
5722 13120
5721 13121
5720 13122
5719 13034
5718 13035
5717 13036
5716 13037
5715 13038
5714 13039
5713 13040
5712 13041
5711 13042
5710 13043
5709 13257
5708 13258
5707 13259
5706 13260
5705 13261
5704 13262
5703 13263
5702 13264
5701 13265
5700 13266
5699 13267
5698 13268
5697 9236
5696 9237
5695 9238
5694 9239
5693 9240
5692 9241
5691 9242
5690 9243
5689 9244
5688 9245
5687 9246
5686 9247
5685 9248
5684 9249
5683 9250
5682 8688
5681 8689
5680 8690
5679 8691
5678 8692
5677 8693
5676 8694
5675 8695
5674 8696
5673 8697
5672 8698
5671 8699
5670 8700
5667 7882
5666 7883
5665 7884
5664 7885
5663 7886
5662 7887
5661 7888
5660 7889
5659 7890
5658 7891
5657 7892
5656 7893
5655 7894
5654 7895
5653 7896
5652 7897
5651 7898
5650 7899
5649 7900
5648 7901
5647 7902
5646 7903
5645 7904
5644 7905
5643 7906
5642 7907
5641 7908
5640 13244
5639 13245
5638 13246
5637 13247
5636 13248
5635 13249
5634 13250
5633 13251
5632 13252
5631 13253
5630 13254
5629 13255
5628 13256
5627 13044
5626 13045
5625 13046
5624 13047
5623 13048
5622 13049
5621 13050
5620 13051
5619 13052
5618 13053
5617 13054
5616 13055
5615 13056
5614 13104
5613 13105
5612 13106
5611 13107
5610 13108
5609 13109
5608 13110
5607 13111
5606 9050
5605 9051
5604 9052
5603 9053
5602 9054
5601 9055
5600 9056
5599 9057
5598 9058
5597 9059
5596 9060
5595 9061
5594 9062
5593 9063
5592 9064
5591 9065
5590 9066
5589 9067
5588 12885
5587 12886
5586 12887
5585 12888
5584 12889
5583 12890
5582 12891
5581 12892
5580 9109
5579 9110
5578 9111
5577 9112
5576 9113
5575 9114
5574 9115
5573 9116
5572 9157
5571 9158
5570 9159
5569 9160
5568 9161
5567 9162
5566 9163
5565 9164
5564 9165
5563 9166
5562 9167
5561 9168
5560 9169
5559 9170
5558 9171
5557 9172
5556 9173
5555 9174
5554 12619
5553 12620
5552 12621
5551 12622
5550 12623
5549 12624
5548 12625
5547 12626
5546 12627
5545 12628
5544 12629
5543 12430
5542 12431
5541 12432
5540 12433
5539 12434
5538 12435
5537 12436
5536 12437
5535 12438
5534 12439
5533 12440
5532 12441
5531 12442
5530 12024
5529 12025
5528 12026
5527 12027
5526 12028
5525 12029
5524 12030
5523 12031
5522 11677
5521 11678
5520 11679
5519 11680
5518 11681
5517 11682
5516 11683
5515 11684
5514 11685
5513 11686
5512 11687
5511 11688
5510 11689
5509 11690
5508 11691
5507 11692
5506 11693
5505 11694
5504 11695
5503 11696
5502 11697
5501 11757
5500 11758
5499 11759
5498 11760
5497 11761
5496 11762
5495 11763
5494 11764
5493 11765
5492 11766
5491 11767
5490 11768
5489 11769
5488 10959
5487 10960
5486 10961
5485 10962
5484 10963
5483 10964
5482 10965
5481 10966
5480 10967
5479 10968
5478 10969
5477 10970
5476 10971
5475 10972
5474 10973
5473 10974
5472 11354
5471 11355
5470 11356
5469 11357
5468 11358
5467 11359
5466 11360
5465 11361
5464 11362
5463 11363
5462 11364
5461 11365
5460 11366
5459 11403
5458 11404
5457 11405
5456 11406
5455 11407
5454 11408
5453 11409
5452 11410
5451 11411
5450 11412
5449 11413
5448 11414
5447 11415
5446 11416
5445 11417
5444 11418
5443 11419
5442 11420
5441 11421
5440 11422
5439 11423
5438 10679
5437 10680
5436 10681
5435 10682
5434 10683
5433 10684
5432 10685
5431 10686
5430 10687
5429 10688
5428 10689
5427 10690
5426 10691
5425 10692
5424 10693
5423 10694
5422 10695
5421 10696
5420 8330
5419 8331
5418 8332
5417 8333
5416 8334
5415 8335
5414 8336
5413 8337
5412 10523
5411 10524
5410 10525
5409 10526
5408 10527
5407 10528
5406 10529
5405 10530
5404 10531
5403 10532
5402 10533
5401 10534
5400 10535
5399 10536
5398 10537
5397 10538
5396 9638
5395 9639
5394 9640
5393 9641
5392 9642
5391 9643
5390 9644
5389 9645
5388 9646
5387 9647
5386 9648
5385 9649
5384 9650
5383 9651
5382 9652
5381 9653
5380 9654
5379 9655
5378 9656
5377 9657
5376 9658
5375 9659
5374 9660
5373 9661
5372 9662
5371 9663
5370 9664
5369 9665
5368 9666
5367 9667
5366 9668
5365 9669
5364 9670
5363 10082
5362 10083
5361 10084
5360 10085
5359 10086
5358 10087
5357 10088
5356 9935
5355 9936
5354 9937
5353 9938
5352 9939
5351 9940
5350 9941
5349 9942
5348 9943
5347 9944
5346 9945
5345 9946
5344 9947
5343 9948
5342 9949
5341 9950
5340 9951
5339 9952
5338 9953
5337 9954
5336 9955
5335 9956
5334 9957
5333 9442
5332 9443
5331 9444
5330 9445
5329 9446
5328 9447
5327 9448
5326 9449
5325 9450
5324 9451
5323 9452
5322 9453
5321 9454
5320 9455
5319 9456
5318 9457
5317 9458
5316 9459
5315 9460
5314 9461
5313 9462
5312 8780
5311 8781
5310 8782
5309 8783
5308 8784
5307 8785
5306 8786
5305 8787
5304 8788
5303 8789
5302 8790
5301 8791
5300 8792
5297 8580
5296 8581
5295 8582
5294 8583
5293 8584
5292 8585
5291 8606
5290 8607
5289 8608
5288 8609
5287 8610
5286 8611
5285 8612
5284 9408
5283 9409
5282 9410
5281 9411
5280 9412
5279 9413
5278 9414
5277 9415
5276 9416
5275 9417
5274 9418
5273 9419
5272 9420
5271 9421
5270 9422
5269 9423
5268 9915
5267 9916
5266 9917
5265 9918
5264 9919
5263 9920
5262 9921
5261 9922
5260 9923
5259 9924
5258 9925
5257 9926
5256 9927
5255 9928
5254 9929
5253 9930
5252 9931
5251 9932
5250 9933
5249 9934
5248 10089
5247 10090
5246 10091
5245 10092
5244 10093
5243 10094
5242 10095
5241 10096
5240 10097
5239 10098
5238 10099
5237 10100
5236 10101
5235 10102
5234 10103
5233 10104
5232 10105
5231 10106
5230 10107
5229 10108
5228 10306
5227 10307
5226 10308
5225 10309
5224 10310
5223 10311
5222 10312
5221 8307
5220 8308
5219 8309
5218 8310
5217 8311
5216 8312
5215 8313
5214 8314
5213 8315
5212 8316
5211 8317
5210 8318
5209 8319
5208 8320
5207 8321
5206 8322
5205 8323
5204 8324
5203 8325
5202 8326
5201 8327
5200 8328
5199 8329
5198 10697
5197 10698
5196 10699
5195 10700
5194 10701
5193 10702
5192 10703
5191 10704
5190 10705
5189 10706
5188 10707
5187 10708
5186 10709
5185 10710
5184 10711
5183 10712
5182 10713
5181 10714
5180 10715
5179 11574
5178 11575
5177 11576
5176 11577
5175 11578
5174 11579
5173 11580
5172 11581
5171 11582
5170 11583
5169 11584
5168 11585
5167 11586
5166 11587
5165 11588
5164 11346
5163 11347
5162 11348
5161 11349
5160 11350
5159 11351
5158 11352
5157 11353
5156 10975
5155 10976
5154 10977
5153 10978
5152 10979
5151 10980
5150 10981
5149 10982
5148 10983
5147 10984
5146 10985
5145 10986
5144 10987
5143 10988
5142 10989
5141 10990
5140 10991
5139 10992
5138 10993
5137 12215
5136 12216
5135 12217
5134 12218
5133 12219
5132 12220
5131 12221
5130 12222
5129 12223
5128 12224
5127 12225
5126 12226
5125 12227
5124 12228
5123 12229
5122 12230
5121 12052
5120 12053
5119 12054
5118 12055
5117 12056
5116 12057
5115 12058
5114 12059
5113 12060
5112 12061
5111 12062
5110 12063
5109 12064
5108 12065
5107 12066
5106 12067
5105 12604
5104 12605
5103 12606
5102 12607
5101 12608
5100 12609
5099 12610
5098 12611
5097 12612
5096 12613
5095 12614
5094 12615
5093 12616
5092 12617
5091 12618
5090 9175
5089 9176
5088 9177
5087 9178
5086 9179
5085 9180
5084 9181
5083 9182
5082 9183
5081 9184
5080 12867
5079 12868
5078 12869
5077 12870
5076 12871
5075 12872
5074 12873
5073 12874
5072 12875
5071 12876
5070 12877
5069 12878
5068 12879
5067 12880
5066 12881
5065 12882
5064 12883
5063 12884
5062 9068
5061 9069
5060 9070
5059 9071
5058 9072
5057 9073
5056 9074
5055 9075
5054 9076
5053 9077
5052 9078
5051 13212
5050 13213
5049 13214
5048 13215
5047 13216
5046 13217
5045 13218
5044 13219
5043 13220
5042 13221
5041 13222
5040 13223
5039 13224
5038 13225
5037 13226
5036 13227
5035 13228
5034 13229
5033 13230
5032 13231
5031 13232
5030 13233
5029 13234
5028 13235
5027 13236
5026 13237
5025 13238
5024 13239
5023 13240
5022 13241
5021 13242
5020 13243
5019 7909
5018 7910
5017 7911
5016 7912
5015 7913
5014 7914
5013 7915
5012 7916
5011 7917
5010 7918
5009 7919
5008 7866
5007 7867
5006 7868
5005 7869
5004 7870
5003 7871
5002 7872
5001 7873
5000 7874
4999 7875
4998 7876
4997 7877
4994 7854
4993 7855
4992 7856
4991 7857
4990 7858
4989 7859
4988 7860
4987 7861
4986 7862
4985 7863
4984 7864
4983 7865
4982 7920
4981 7921
4980 7922
4979 7923
4978 7924
4977 7925
4976 7926
4975 7927
4974 7928
4973 7929
4972 7930
4971 7931
4970 7932
4969 7933
4968 7934
4967 7935
4966 7936
4965 7937
4964 7938
4963 7939
4962 7940
4961 7941
4960 7942
4959 7943
4958 7944
4957 7945
4956 7451
4955 7452
4954 7453
4953 7454
4952 7455
4951 7456
4950 7457
4949 7458
4948 13204
4947 13205
4946 13206
4945 13207
4944 13208
4943 13209
4942 13210
4941 13211
4940 9079
4939 9080
4938 9081
4937 9082
4936 9083
4935 9084
4934 9085
4933 9086
4932 9087
4931 9088
4930 9089
4929 9090
4928 9091
4927 9092
4926 9093
4925 9094
4924 9095
4923 9096
4922 9097
4921 9098
4920 9099
4919 9100
4918 9101
4917 7415
4916 7416
4915 7417
4914 7418
4913 7419
4912 7420
4911 7421
4910 7422
4909 7423
4908 7424
4907 7425
4906 7426
4905 7427
4904 12587
4903 12588
4902 12589
4901 12590
4900 12591
4899 12592
4898 12593
4897 12594
4896 12595
4895 12596
4894 12597
4893 12598
4892 12599
4891 12600
4890 12601
4889 12602
4888 12603
4887 12068
4886 12069
4885 12070
4884 12071
4883 12072
4882 12073
4881 12074
4880 12075
4879 12076
4878 12077
4877 12078
4876 12079
4875 12080
4874 12081
4873 12082
4872 12083
4871 12084
4870 12085
4869 12086
4868 12087
4867 12204
4866 12205
4865 12206
4864 12207
4863 12208
4862 12209
4861 12210
4860 12211
4859 12212
4858 12213
4857 12214
4856 10994
4855 10995
4854 10996
4853 10997
4852 10998
4851 10999
4850 11000
4849 11001
4848 11002
4847 11003
4846 11004
4845 11005
4844 11006
4843 11007
4842 11008
4841 11256
4840 11257
4839 11258
4838 11259
4837 11260
4836 11261
4835 11262
4834 11263
4833 11555
4832 11556
4831 11557
4830 11558
4829 11559
4828 11560
4827 11561
4826 11562
4825 11563
4824 11564
4823 11565
4822 11566
4821 11567
4820 11568
4819 11569
4818 11570
4817 11571
4816 11572
4815 11573
4814 10716
4813 10717
4812 10718
4811 10719
4810 10720
4809 10721
4808 10722
4807 10723
4806 10724
4805 10725
4804 10726
4803 10727
4802 10728
4801 8354
4800 8355
4799 8356
4798 8357
4797 8358
4796 8359
4795 8360
4794 8361
4793 8362
4792 8363
4791 8364
4790 8365
4789 8366
4788 8554
4787 8555
4786 8556
4785 8557
4784 8558
4783 8559
4782 8560
4781 8561
4780 8562
4779 8563
4778 8564
4777 8565
4776 8566
4775 8567
4774 8568
4773 8569
4772 10313
4771 10314
4770 10315
4769 10316
4768 10317
4767 10318
4766 10319
4765 10320
4764 10321
4763 10322
4762 10323
4761 10324
4760 10325
4759 10326
4758 10327
4757 7826
4756 7827
4755 7828
4754 7829
4753 7830
4752 7831
4751 7832
4750 7307
4749 7308
4748 7309
4747 7310
4746 7311
4745 7312
4744 7313
4743 7314
4742 7315
4741 7316
4740 7317
4739 7318
4738 7319
4737 7320
4736 7321
4735 7322
4734 7323
4733 7324
4732 7325
4731 7326
4730 7327
4729 7328
4728 7329
4727 7330
4726 7331
4725 7332
4724 7333
4723 7189
4722 7190
4721 7191
4720 7192
4719 7193
4718 7194
4717 9400
4716 9401
4715 9402
4714 9403
4713 9404
4712 9405
4711 9406
4710 9407
4709 8613
4708 8614
4707 8615
4706 8616
4705 8617
4704 8618
4703 8619
4702 8620
4701 8621
4700 8622
4699 8623
4698 8624
4697 8625
4694 8218
4693 8219
4692 8220
4691 8221
4690 8222
4689 8223
4688 8224
4687 8225
4686 8226
4685 8227
4684 8228
4683 8229
4682 8230
4681 9390
4680 9391
4679 9392
4678 9393
4677 9394
4676 9395
4675 9396
4674 9397
4673 9398
4672 9399
4671 7195
4670 7196
4669 7197
4668 7198
4667 7199
4666 7200
4665 7201
4664 7202
4663 7203
4662 7204
4661 7205
4660 7278
4659 7279
4658 7280
4657 7281
4656 7282
4655 7283
4654 7284
4653 7285
4652 7286
4651 7287
4650 7288
4649 7289
4648 7290
4647 7291
4646 7292
4645 7293
4644 7294
4643 7295
4642 7296
4641 7297
4640 7298
4639 7299
4638 7300
4637 7301
4636 7302
4635 7303
4634 7304
4633 7305
4632 7306
4631 7687
4630 7688
4629 7689
4628 7690
4627 7691
4626 7692
4625 7693
4624 7694
4623 7695
4622 7696
4621 7697
4620 7698
4619 7699
4618 7700
4617 9701
4616 9702
4615 9703
4614 9704
4613 9705
4612 9706
4611 9707
4610 9708
4609 9709
4608 9710
4607 8470
4606 8471
4605 8472
4604 8473
4603 8474
4602 8475
4601 8476
4600 8477
4599 8478
4598 8479
4597 8480
4596 8481
4595 8482
4594 8483
4593 8484
4592 10512
4591 10513
4590 10514
4589 10515
4588 10516
4587 10517
4586 10518
4585 10519
4584 10520
4583 10521
4582 10522
4581 8338
4580 8339
4579 8340
4578 8341
4577 8342
4576 8343
4575 8344
4574 8345
4573 8346
4572 8347
4571 8348
4570 8349
4569 8350
4568 8351
4567 8352
4566 8353
4565 10729
4564 10730
4563 10731
4562 10732
4561 10733
4560 10734
4559 10735
4558 10736
4557 10737
4556 10738
4555 11526
4554 11527
4553 11528
4552 11529
4551 11530
4550 11531
4549 11532
4548 11533
4547 11534
4546 11535
4545 11536
4544 11537
4543 11538
4542 11539
4541 11540
4540 11541
4539 11542
4538 11543
4537 11544
4536 11545
4535 11546
4534 11547
4533 11548
4532 11549
4531 11550
4530 11551
4529 11552
4528 11553
4527 11554
4526 11264
4525 11265
4524 11266
4523 11267
4522 11268
4521 11269
4520 11270
4519 11271
4518 11272
4517 11273
4516 11274
4515 11275
4514 11276
4513 11277
4512 11278
4511 11817
4510 11818
4509 11819
4508 11820
4507 11821
4506 11822
4505 11823
4504 11824
4503 11825
4502 11826
4501 11827
4500 11828
4499 11829
4498 11830
4497 11831
4496 11832
4495 11833
4494 11834
4493 11835
4492 12196
4491 12197
4490 12198
4489 12199
4488 12200
4487 12201
4486 12202
4485 12203
4484 12088
4483 12089
4482 12090
4481 12091
4480 12092
4479 12093
4478 12094
4477 12095
4476 12096
4475 12097
4474 12098
4473 12099
4472 12100
4471 12101
4470 12102
4469 12103
4468 12473
4467 12474
4466 12475
4465 12476
4464 12477
4463 12478
4462 12479
4461 12480
4460 12481
4459 12482
4458 12483
4457 12484
4456 12485
4455 12486
4454 12487
4453 12488
4452 12489
4451 12490
4450 12491
4449 12492
4448 12493
4447 12494
4446 12495
4445 12496
4444 12497
4443 12498
4442 12499
4441 12500
4440 12501
4439 7396
4438 7397
4437 7398
4436 7399
4435 7400
4434 7401
4433 7402
4432 7403
4431 7404
4430 7405
4429 7406
4428 7407
4427 7408
4426 7409
4425 7410
4424 7411
4423 7412
4422 7413
4421 7414
4420 9102
4419 9103
4418 9104
4417 9105
4416 9106
4415 9107
4414 9108
4413 12893
4412 12894
4411 12895
4410 12896
4409 12897
4408 12898
4407 12899
4406 12900
4405 12901
4404 12902
4403 12903
4402 12904
4401 12905
4400 12906
4399 12907
4398 13185
4397 13186
4396 13187
4395 13188
4394 13189
4393 13190
4392 13191
4391 13192
4390 13193
4389 13194
4388 13195
4387 13196
4386 13197
4385 13198
4384 13199
4383 13200
4382 13201
4381 13202
4380 13203
4379 7459
4378 7460
4377 7461
4376 7462
4375 7463
4374 7464
4373 7465
4372 7466
4371 7467
4370 7468
4369 7469
4368 7470
4367 7471
4366 7472
4365 8049
4364 8050
4363 8051
4362 8052
4361 8053
4360 8054
4359 8055
4358 8056
4357 8057
4356 8058
4355 8059
4354 8060
4353 8104
4352 8105
4351 8106
4350 8107
4349 8108
4348 8109
4347 8110
4346 8111
4345 8112
4344 8151
4343 8152
4342 8153
4341 8154
4340 8155
4339 8156
4338 8157
4337 8158
4336 8159
4335 8160
4334 7842
4333 7843
4332 7844
4331 7845
4330 7846
4329 7847
4328 7848
4327 7849
4324 7180
4323 7181
4322 7182
4321 7183
4320 7184
4319 7185
4318 7186
4317 7187
4316 7188
4315 8142
4314 8143
4313 8144
4312 8145
4311 8146
4310 8147
4309 8148
4308 8149
4307 8150
4306 8113
4305 8114
4304 8115
4303 8116
4302 8117
4301 8118
4300 8119
4299 8120
4298 8121
4297 8037
4296 8038
4295 8039
4294 8040
4293 8041
4292 8042
4291 8043
4290 8044
4289 8045
4288 8046
4287 8047
4286 8048
4285 7473
4284 7474
4283 7475
4282 7476
4281 7477
4280 7478
4279 7479
4278 7480
4277 7668
4276 7669
4275 7670
4274 7671
4273 7672
4272 7673
4271 7674
4270 7675
4269 7676
4268 7577
4267 7578
4266 7579
4265 7580
4264 7581
4263 7582
4262 7583
4261 7584
4260 7585
4259 7586
4258 7587
4257 7588
4256 7589
4255 7590
4254 7591
4253 7592
4252 7593
4251 7594
4250 7595
4249 7596
4248 7597
4247 7598
4246 7599
4245 7600
4244 7601
4243 7602
4242 7079
4241 7080
4240 7081
4239 7082
4238 7083
4237 7084
4236 7085
4235 7086
4234 7087
4233 7088
4232 7089
4231 7090
4230 7091
4229 7092
4228 7093
4227 7094
4226 7437
4225 7438
4224 7439
4223 7440
4222 7441
4221 7442
4220 7443
4219 7444
4218 7445
4217 7446
4216 7447
4215 7448
4214 7449
4213 7450
4212 12502
4211 12503
4210 12504
4209 12505
4208 12506
4207 12507
4206 12508
4205 12509
4204 12510
4203 12511
4202 12512
4201 12513
4200 12514
4199 12515
4198 12516
4197 12517
4196 12518
4195 12519
4194 12520
4193 12521
4192 12522
4191 12523
4190 12166
4189 12167
4188 12168
4187 12169
4186 12170
4185 12171
4184 12172
4183 12173
4182 12174
4181 12175
4180 12176
4179 12177
4178 12178
4177 12179
4176 12180
4175 12181
4174 12182
4173 12183
4172 12184
4171 12185
4170 12186
4169 12187
4168 12188
4167 12189
4166 12190
4165 12191
4164 12192
4163 12193
4162 12194
4161 12195
4160 11836
4159 11837
4158 11838
4157 11839
4156 11840
4155 11841
4154 11842
4153 11052
4152 11053
4151 11054
4150 11055
4149 11056
4148 11057
4147 11058
4146 11059
4145 11060
4144 11061
4143 11062
4142 11063
4141 11064
4140 11065
4139 11066
4138 11067
4137 11228
4136 11229
4135 11230
4134 11231
4133 11232
4132 11233
4131 11234
4130 11235
4129 11236
4128 11237
4127 11238
4126 11239
4125 11240
4124 11241
4123 11242
4122 11243
4121 11149
4120 11150
4119 11151
4118 11152
4117 11153
4116 11154
4115 11155
4114 11156
4113 6990
4112 6991
4111 6992
4110 6993
4109 6994
4108 6995
4107 6996
4106 6997
4105 11518
4104 11519
4103 11520
4102 11521
4101 11522
4100 11523
4099 11524
4098 11525
4097 10739
4096 10740
4095 10741
4094 10742
4093 10743
4092 10744
4091 10745
4090 10746
4089 10747
4088 10748
4087 10749
4086 10750
4085 10751
4084 10752
4083 10753
4082 10754
4081 10755
4080 10756
4079 10757
4078 10758
4077 10759
4076 10760
4075 8440
4074 8441
4073 8442
4072 8443
4071 8444
4070 8445
4069 8446
4068 8447
4067 8448
4066 8449
4065 8450
4064 8451
4063 8452
4062 8453
4061 8454
4060 8455
4059 8456
4058 8457
4057 8458
4056 8459
4055 8460
4054 8461
4053 8462
4052 8463
4051 8464
4050 8465
4049 8466
4048 8467
4047 8468
4046 8469
4045 9711
4044 9712
4043 9713
4042 9714
4041 9715
4040 9716
4039 9717
4038 9718
4037 9719
4036 9720
4035 9721
4034 9722
4033 9723
4032 9724
4031 9725
4030 9726
4029 9727
4028 9728
4027 9729
4026 9730
4025 9731
4024 9732
4023 9733
4022 9734
4021 9735
4020 9736
4019 9737
4018 9738
4017 9739
4016 9740
4015 9741
4014 9742
4013 9743
4012 9744
4011 9745
4010 9746
4009 9747
4008 7380
4007 7381
4006 7382
4005 7383
4004 7384
4003 7385
4002 7386
4001 7387
4000 7388
3999 7389
3998 7390
3997 7391
3996 7392
3995 7393
3994 7394
3993 7395
3992 7206
3991 7207
3990 7208
3989 7209
3988 7210
3987 7211
3986 7212
3985 7213
3984 7214
3983 7215
3982 7216
3981 7217
3980 7218
3979 9382
3978 9383
3977 9384
3976 9385
3975 9386
3974 9387
3973 9388
3972 9389
3971 8231
3970 8232
3969 8233
3968 8234
3967 8235
3966 8236
3965 8237
3964 8238
3963 8239
3962 8240
3961 8241
3960 8242
3959 8243
3956 8630
3955 8631
3954 8632
3953 8633
3952 8634
3951 8635
3950 8636
3949 8637
3948 8638
3947 8639
3946 8640
3945 8641
3944 8642
3943 7263
3942 7264
3941 7265
3940 7266
3939 7267
3938 7268
3937 7269
3936 7270
3935 7271
3934 7272
3933 7273
3932 7274
3931 7275
3930 7276
3929 7277
3928 7334
3927 7335
3926 7336
3925 7337
3924 7338
3923 7339
3922 7800
3921 7801
3920 7802
3919 7803
3918 7804
3917 7805
3916 7806
3915 7807
3914 7808
3913 7809
3912 7810
3911 7811
3910 7812
3909 7813
3908 7814
3907 7815
3906 7816
3905 7817
3904 7818
3903 7819
3902 7820
3901 7821
3900 7822
3899 7823
3898 7824
3897 7825
3896 10328
3895 10329
3894 10330
3893 10331
3892 10332
3891 10333
3890 10334
3889 10335
3888 10336
3887 10337
3886 10338
3885 10339
3884 10340
3883 10341
3882 10342
3881 10343
3880 8538
3879 8539
3878 8540
3877 8541
3876 8542
3875 8543
3874 8544
3873 8545
3872 8546
3871 8547
3870 8548
3869 8549
3868 8550
3867 8551
3866 8552
3865 8553
3864 8367
3863 8368
3862 8369
3861 8370
3860 8371
3859 8372
3858 8373
3857 8374
3856 8375
3855 8376
3854 8377
3853 8378
3852 8379
3851 8380
3850 8381
3849 6660
3848 6661
3847 6662
3846 6663
3845 6664
3844 6665
3843 6666
3842 6667
3841 6668
3840 6669
3839 6670
3838 11135
3837 11136
3836 11137
3835 11138
3834 11139
3833 11140
3832 11141
3831 11142
3830 11143
3829 11144
3828 11145
3827 11146
3826 11147
3825 11148
3824 11244
3823 11245
3822 11246
3821 11247
3820 11248
3819 11249
3818 11250
3817 11251
3816 11252
3815 11253
3814 11254
3813 11255
3812 11009
3811 11010
3810 11011
3809 11012
3808 11013
3807 11014
3806 11015
3805 11016
3804 11017
3803 11018
3802 11019
3801 11020
3800 11021
3799 11022
3798 11023
3797 11024
3796 11910
3795 11911
3794 11912
3793 11913
3792 11914
3791 11915
3790 11916
3789 11917
3788 11918
3787 11919
3786 11920
3785 11921
3784 11922
3783 11923
3782 11924
3781 11925
3780 11926
3779 11927
3778 11928
3777 11929
3776 11930
3775 6682
3774 6683
3773 6684
3772 6685
3771 6686
3770 6687
3769 6688
3768 6689
3767 6690
3766 6691
3765 6692
3764 12573
3763 12574
3762 12575
3761 12576
3760 12577
3759 12578
3758 12579
3757 12580
3756 12581
3755 12582
3754 12583
3753 12584
3752 12585
3751 12586
3750 7428
3749 7429
3748 7430
3747 7431
3746 7432
3745 7433
3744 7434
3743 7435
3742 7436
3741 7095
3740 7096
3739 7097
3738 7098
3737 7099
3736 7100
3735 7101
3734 7102
3733 7103
3732 7554
3731 7555
3730 7556
3729 7557
3728 7558
3727 7559
3726 7560
3725 7561
3724 7562
3723 7563
3722 7564
3721 7565
3720 7566
3719 7567
3718 7568
3717 7569
3716 7570
3715 7571
3714 7572
3713 7573
3712 7574
3711 7575
3710 7576
3709 7677
3708 7678
3707 7679
3706 7680
3705 7681
3704 7682
3703 7683
3702 7684
3701 7685
3700 7686
3699 7946
3698 7947
3697 7948
3696 7949
3695 7950
3694 7951
3693 7952
3692 7953
3691 7954
3690 6723
3689 6724
3688 6725
3687 6726
3686 6727
3685 6728
3684 6729
3683 6730
3682 6731
3681 6732
3680 6831
3679 6832
3678 6833
3677 6834
3676 6835
3675 6836
3674 6837
3673 6838
3672 6839
3671 6840
3670 6841
3669 6842
3668 6843
3667 6844
3666 6845
3665 6846
3664 6847
3663 6848
3662 6849
3659 6813
3658 6814
3657 6815
3656 6816
3655 6817
3654 6818
3653 6819
3652 6820
3651 6821
3650 6822
3649 6823
3648 6824
3647 6825
3646 6826
3645 6827
3644 6828
3643 6829
3642 6830
3641 6733
3640 6734
3639 6735
3638 6736
3637 6737
3636 6738
3635 6739
3634 6740
3633 6741
3632 6742
3631 7955
3630 7956
3629 7957
3628 7958
3627 7959
3626 7960
3625 7961
3624 7962
3623 7963
3622 7964
3621 7965
3620 7966
3619 7967
3618 7525
3617 7526
3616 7527
3615 7528
3614 7529
3613 7530
3612 7531
3611 7532
3610 7533
3609 7534
3608 7535
3607 7536
3606 7537
3605 7538
3604 7539
3603 7540
3602 7541
3601 7542
3600 7543
3599 7544
3598 7545
3597 7546
3596 7547
3595 7548
3594 7549
3593 7550
3592 7551
3591 7552
3590 7553
3589 7104
3588 7105
3587 7106
3586 7107
3585 7108
3584 7109
3583 7110
3582 7111
3581 7112
3580 7113
3579 7114
3578 7115
3577 6715
3576 6716
3575 6717
3574 6718
3573 6719
3572 6720
3571 6721
3570 6722
3569 12562
3568 12563
3567 12564
3566 12565
3565 12566
3564 12567
3563 12568
3562 12569
3561 12570
3560 12571
3559 12572
3558 6693
3557 6694
3556 6695
3555 6696
3554 6697
3553 6698
3552 6699
3551 6700
3550 6701
3549 6702
3548 6703
3547 11931
3546 11932
3545 11933
3544 11934
3543 11935
3542 11936
3541 11937
3540 11938
3539 11939
3538 11940
3537 11941
3536 11901
3535 11902
3534 11903
3533 11904
3532 11905
3531 11906
3530 11907
3529 11908
3528 11909
3527 11025
3526 11026
3525 11027
3524 11028
3523 11029
3522 11030
3521 11031
3520 11032
3519 11033
3518 11034
3517 11035
3516 11036
3515 11037
3514 11038
3513 11107
3512 11108
3511 11109
3510 11110
3509 11111
3508 11112
3507 11113
3506 11114
3505 11115
3504 11116
3503 11117
3502 11118
3501 11119
3500 11120
3499 11121
3498 11122
3497 11123
3496 11124
3495 11125
3494 11126
3493 11127
3492 11128
3491 11129
3490 11130
3489 11131
3488 11132
3487 11133
3486 11134
3485 6671
3484 6672
3483 6673
3482 6674
3481 6675
3480 6676
3479 6677
3478 6678
3477 6679
3476 6680
3475 6681
3474 8382
3473 8383
3472 8384
3471 8385
3470 8386
3469 8387
3468 8388
3467 8389
3466 8390
3465 8391
3464 8392
3463 8393
3462 8394
3461 8395
3460 8396
3459 8397
3458 8398
3457 8399
3456 8400
3455 8401
3454 8402
3453 8528
3452 8529
3451 8530
3450 8531
3449 8532
3448 8533
3447 8534
3446 8535
3445 8536
3444 8537
3443 10344
3442 10345
3441 10346
3440 10347
3439 10348
3438 10349
3437 10350
3436 10351
3435 10352
3434 10353
3433 10354
3432 10355
3431 10356
3430 10357
3429 7771
3428 7772
3427 7773
3426 7774
3425 7775
3424 7776
3423 7777
3422 7778
3421 7779
3420 7780
3419 7781
3418 7782
3417 7783
3416 7784
3415 7785
3414 7786
3413 7787
3412 7788
3411 7789
3410 7790
3409 7791
3408 7792
3407 7793
3406 7794
3405 7795
3404 7796
3403 7797
3402 7798
3401 7799
3400 7340
3399 7341
3398 7342
3397 7343
3396 7344
3395 7345
3394 7346
3393 7347
3392 7348
3391 7349
3390 7350
3389 7351
3388 7352
3387 7255
3386 7256
3385 7257
3384 7258
3383 7259
3382 7260
3381 7261
3380 7262
3379 8643
3378 8644
3377 8645
3376 8646
3375 8647
3374 8648
3373 8649
3372 8650
3371 8651
3370 8652
3369 8653
3368 8654
3367 8655
3364 6871
3363 6872
3362 6873
3361 6874
3360 6875
3359 6876
3358 6877
3357 6878
3356 6879
3355 6880
3354 6881
3353 6882
3352 6883
3351 6884
3350 6885
3349 7247
3348 7248
3347 7249
3346 7250
3345 7251
3344 7252
3343 7253
3342 7254
3341 7353
3340 7354
3339 7355
3338 7356
3337 7357
3336 7358
3335 7359
3334 7360
3333 7361
3332 7362
3331 7363
3330 7364
3329 7365
3328 7366
3327 7367
3326 7368
3325 7369
3324 7370
3323 7371
3322 7372
3321 7373
3320 7374
3319 7375
3318 7376
3317 7377
3316 7378
3315 7379
3314 9748
3313 9749
3312 9750
3311 9751
3310 9752
3309 9753
3308 9754
3307 9755
3306 9756
3305 7756
3304 7757
3303 7758
3302 7759
3301 7760
3300 7761
3299 7762
3298 7763
3297 7764
3296 7765
3295 7766
3294 7767
3293 7768
3292 7769
3291 7770
3290 10358
3289 10359
3288 10360
3287 10361
3286 10362
3285 10363
3284 10364
3283 10365
3282 10366
3281 10367
3280 10368
3279 10369
3278 10370
3277 10371
3276 10372
3275 8512
3274 8513
3273 8514
3272 8515
3271 8516
3270 8517
3269 8518
3268 8519
3267 8520
3266 8521
3265 8522
3264 8523
3263 8524
3262 8525
3261 8526
3260 8527
3259 8403
3258 8404
3257 8405
3256 8406
3255 8407
3254 8408
3253 8409
3252 8410
3251 8411
3250 8412
3249 8413
3248 8414
3247 8415
3246 8416
3245 8417
3244 8418
3243 6743
3242 6744
3241 6745
3240 6746
3239 6747
3238 6748
3237 6749
3236 6750
3235 6751
3234 7036
3233 7037
3232 7038
3231 7039
3230 7040
3229 7041
3228 7042
3227 7043
3226 7044
3225 7045
3224 7046
3223 7047
3222 7048
3221 7049
3220 7050
3219 7051
3218 7052
3217 7053
3216 7054
3215 7055
3214 7056
3213 7057
3212 7058
3211 7059
3210 7060
3209 11157
3208 11158
3207 11159
3206 11160
3205 11161
3204 11162
3203 11163
3202 11164
3201 11165
3200 11166
3199 11167
3198 11168
3197 11169
3196 11170
3195 11171
3194 11172
3193 11173
3192 11174
3191 11099
3190 11100
3189 11101
3188 11102
3187 11103
3186 11104
3185 11105
3184 11106
3183 11039
3182 11040
3181 11041
3180 11042
3179 11043
3178 11044
3177 11045
3176 11046
3175 11047
3174 11048
3173 11049
3172 11050
3171 11051
3170 11843
3169 11844
3168 11845
3167 11846
3166 11847
3165 11848
3164 11849
3163 11892
3162 11893
3161 11894
3160 11895
3159 11896
3158 11897
3157 11898
3156 11899
3155 11900
3154 11942
3153 11943
3152 11944
3151 11945
3150 11946
3149 11947
3148 11948
3147 11949
3146 12127
3145 12128
3144 12129
3143 12130
3142 12131
3141 12132
3140 12133
3139 12134
3138 12135
3137 12136
3136 12137
3135 12138
3134 12139
3133 12140
3132 12141
3131 12142
3130 12143
3129 12144
3128 12546
3127 12547
3126 12548
3125 12549
3124 12550
3123 12551
3122 12552
3121 12553
3120 12554
3119 12555
3118 12556
3117 12557
3116 12558
3115 12559
3114 12560
3113 12561
3112 6704
3111 6705
3110 6706
3109 6707
3108 6708
3107 6709
3106 6710
3105 6711
3104 6712
3103 6713
3102 6714
3101 7116
3100 7117
3099 7118
3098 7119
3097 7120
3096 7121
3095 7122
3094 7123
3093 7124
3092 7125
3091 7126
3090 7127
3089 7128
3088 7129
3087 7130
3086 7131
3085 7132
3084 7133
3083 7134
3082 7135
3081 7136
3080 7137
3079 7138
3078 7139
3077 7140
3076 7141
3075 6762
3074 6763
3073 6764
3072 6765
3071 6766
3070 6767
3069 6768
3068 6769
3067 6770
3066 6771
3065 7634
3064 7635
3063 7636
3062 7637
3061 7638
3060 7639
3059 7640
3058 7641
3057 7642
3056 7643
3055 7518
3054 7519
3053 7520
3052 7521
3051 7522
3050 7523
3049 7524
3048 7968
3047 7969
3046 7970
3045 7971
3044 7972
3043 7973
3042 7974
3041 7975
3040 7976
3039 7977
3038 7978
3037 7979
3036 7980
3035 7981
3034 7982
3033 7983
3032 7984
3031 7985
3030 7986
3029 7987
3028 7988
3027 7989
3026 7990
3025 7991
3024 7992
3023 7993
3022 7994
3021 7995
3020 7996
3019 7997
3018 7998
3017 7999
3016 8000
3015 8001
3014 8002
3013 8003
3012 6797
3011 6798
3010 6799
3009 6800
3008 6801
3007 6802
3006 6803
3005 6804
3004 6805
3003 6806
3002 6807
3001 6808
2998 6784
2997 6785
2996 6786
2995 6787
2994 6788
2992 2993
2991 6791
2990 6792
2989 6793
2988 6794
2987 6795
2986 6796
2985 8004
2984 8005
2982 2983
2981 8008
2980 8009
2979 8010
2978 8011
2977 8012
2976 8013
2975 8014
2974 8015
2972 2973
2971 8018
2970 8019
2969 8020
2968 8021
2967 8022
2966 8023
2965 8024
2963 2964
2962 8027
2961 8028
2960 7495
2959 7496
2958 7497
2957 7498
2956 7499
2954 2955
2953 7502
2952 7503
2951 7504
2950 7505
2949 7506
2948 7507
2947 7508
2946 7509
2945 7510
2944 7511
2942 2943
2941 7514
2940 7515
2939 7516
2938 7517
2937 7644
2935 2936
2934 7647
2933 7648
2932 7649
2931 7650
2929 2930
2928 7630
2927 7631
2926 7632
2925 7633
2923 2924
2922 6774
2921 6775
2920 6776
2919 6777
2917 2918
2916 6780
2915 6781
2914 6782
2913 6783
2911 2912
2910 7144
2909 7145
2908 7146
2907 7147
2906 7148
2904 2905
2903 7151
2902 7152
2901 7153
2900 7154
2898 2899
2897 7157
2896 7158
2895 7159
2894 7160
2893 7161
2892 7162
2891 7163
2890 7164
2889 7165
2887 2888
2886 6961
2885 6962
2884 6963
2883 6964
2882 6965
2880 2881
2879 6968
2878 6969
2877 6970
2876 6971
2874 2875
2873 6974
2872 6975
2871 6976
2870 6977
2869 6978
2867 2868
2866 6981
2865 6982
2864 6983
2863 6984
2862 6985
2860 2861
2859 6988
2858 6989
2857 12538
2856 12539
2855 12540
2853 2854
2852 12543
2851 12544
2850 12545
2849 12145
2848 12146
2846 2847
2845 12149
2844 12150
2843 12151
2842 12152
2841 12153
2840 12154
2839 12155
2838 12156
2837 12157
2836 12120
2834 2835
2833 12123
2832 12124
2831 12125
2830 12126
2829 11950
2827 2828
2826 11953
2825 11954
2824 11955
2823 11956
2822 11957
2820 2821
2819 11960
2818 11961
2817 11962
2816 11963
2815 11885
2813 2814
2812 11888
2811 11889
2810 11890
2809 11891
2808 11850
2806 2807
2805 11853
2804 11854
2803 11855
2802 11856
2801 11857
2799 2800
2798 11860
2797 11861
2796 11862
2795 11863
2794 11080
2792 2793
2791 11083
2790 11084
2789 11085
2788 11086
2787 11087
2786 11088
2785 11089
2783 2784
2782 11092
2781 11093
2780 11094
2779 11095
2778 11096
2776 2777
2775 11175
2774 11176
2773 11177
2772 11178
2770 2771
2769 11181
2768 11182
2767 11183
2766 11184
2764 2765
2763 11187
2762 11188
2761 11189
2760 11190
2759 11191
2757 2758
2756 11194
2755 11195
2754 11196
2753 11197
2751 2752
2750 7009
2749 7010
2748 7011
2747 7012
2746 7013
2744 2745
2743 7016
2742 7017
2741 7018
2740 7019
2738 2739
2737 7022
2736 7023
2735 7024
2734 7025
2733 7026
2732 7027
2730 2731
2729 7030
2728 7031
2727 7032
2726 7033
2724 2725
2723 6752
2722 6753
2721 6754
2720 6755
2718 2719
2717 6758
2716 6759
2715 6760
2714 6761
2712 2713
2711 8421
2710 8422
2709 8423
2708 8424
2707 8425
2705 2706
2704 8428
2703 8429
2702 8430
2701 8431
2699 2700
2698 6919
2697 6920
2696 6921
2695 6922
2693 2694
2692 6925
2691 6926
2690 6927
2688 2689
2687 8500
2686 8501
2685 8502
2684 8503
2682 2683
2681 8506
2680 8507
2679 8508
2678 8509
2677 8510
2676 8511
2675 10373
2674 10374
2672 2673
2671 10377
2670 10378
2669 10379
2668 6896
2666 2667
2665 6899
2664 6900
2663 6901
2661 2662
2660 6904
2659 6905
2658 7736
2657 7737
2655 2656
2654 7740
2653 7741
2652 7742
2650 2651
2649 7745
2648 7746
2647 7747
2645 2646
2644 7750
2643 7751
2642 7752
2641 7753
2639 2640
2638 9757
2637 9758
2636 9759
2635 9760
2633 2634
2632 9763
2631 9764
2630 9765
2629 9766
2627 2628
2626 9769
2625 9770
2624 9771
2623 9772
2622 9773
2621 9774
2620 9775
2619 9776
2617 2618
2616 9779
2615 9780
2614 9781
2613 9782
2612 9783
2610 2611
2609 9786
2608 9787
2607 9788
2606 9789
2605 7230
2603 2604
2602 7233
2601 7234
2600 7235
2599 7236
2598 7237
2597 7238
2595 2596
2594 7241
2593 7242
2592 7243
2591 7244
2590 7245
2589 7246
2588 6850
2586 2587
2585 6853
2584 6854
2583 6855
2582 6856
2581 6857
2580 6858
2578 2579
2577 6861
2576 6862
2575 6863
2574 6864
2573 6865
2572 6866
2569 8248
2568 8249
2567 8250
2566 8251
2565 8252
2564 8253
2562 2563
2561 8256
2560 8257
2559 8258
2558 8259
2557 8260
2556 8261
2555 8262
2553 2554
2552 9376
2551 9377
2550 9378
2549 9379
2548 9380
2547 9381
2545 2546
2544 7221
2543 7222
2542 7223
2541 7224
2540 7225
2539 7226
2537 2538
2536 7229
2535 9790
2534 9791
2533 9792
2532 9793
2531 9794
2529 2530
2528 9797
2527 9798
2526 9799
2525 9800
2524 9801
2522 2523
2521 9804
2520 9805
2519 10044
2518 10045
2517 10046
2516 10047
2515 10048
2513 2514
2512 10051
2511 10052
2510 10053
2509 10054
2507 2508
2506 10057
2505 10058
2504 10059
2503 10060
2501 2502
2500 10063
2499 10064
2498 7720
2496 2497
2495 7723
2494 7724
2493 7725
2492 7726
2490 2491
2489 7729
2488 7730
2487 7731
2485 2486
2484 7734
2483 7735
2482 6886
2481 6887
2479 2480
2478 6890
2477 6891
2476 6892
2474 2475
2473 6895
2472 10380
2471 10381
2469 2470
2468 10384
2467 10385
2466 10386
2465 10387
2464 10388
2463 10389
2462 10390
2461 10391
2460 10392
2458 2459
2457 8492
2456 8493
2455 8494
2454 8495
2452 2453
2451 6906
2450 6907
2449 6908
2447 2448
2446 6911
2445 6912
2444 6913
2443 6914
2441 2442
2440 8432
2439 8433
2438 8434
2437 8435
2435 2436
2434 8438
2433 8439
2432 10761
2431 10762
2429 2430
2428 10765
2427 10766
2426 10767
2425 10768
2423 2424
2422 10771
2421 10772
2420 10773
2419 10774
2417 2418
2416 10777
2415 11500
2414 11501
2413 11502
2411 2412
2410 11505
2409 11506
2408 11507
2407 11508
2406 11509
2405 11510
2404 11511
2402 2403
2401 11514
2400 11515
2399 11516
2398 11517
2396 2397
2395 7000
2394 7001
2393 7002
2392 7003
2390 2391
2389 7006
2388 11198
2387 11199
2386 11200
2384 2385
2383 11203
2382 11204
2381 11205
2380 11206
2378 2379
2377 11209
2376 11210
2375 11211
2374 11212
2372 2373
2371 11215
2370 11216
2369 11217
2368 11218
2366 2367
2365 11221
2364 11222
2363 11223
2362 11224
2360 2361
2359 11227
2358 11068
2357 11069
2356 11070
2355 11071
2354 11072
2353 11073
2352 11074
2351 11075
2350 11076
2348 2349
2347 11079
2346 11864
2345 11865
2344 11866
2342 2343
2341 11869
2340 11870
2339 11871
2338 11872
2337 11873
2335 2336
2334 11876
2333 11877
2332 11878
2331 11879
2329 2330
2328 11882
2327 11883
2326 11884
2325 11964
2323 2324
2322 11967
2321 11968
2320 11969
2319 11970
2318 11971
2316 2317
2315 11974
2314 11975
2313 11976
2312 12112
2310 2311
2309 12115
2308 12116
2307 12117
2306 12118
2305 12119
2303 2304
2302 12160
2301 12161
2300 12162
2299 12163
2298 12164
2297 12165
2296 12524
2294 2295
2293 12527
2292 12528
2291 12529
2290 12530
2289 12531
2287 2288
2286 12534
2285 12535
2284 12536
2283 12537
2281 2282
2280 6930
2279 6931
2278 6932
2277 6933
2275 2276
2274 6936
2273 6937
2272 6938
2271 6939
2270 6940
2268 2269
2267 6943
2266 6944
2265 6945
2264 6946
2262 2263
2261 6949
2260 6950
2259 6951
2258 6952
2256 2257
2255 6955
2254 6956
2253 6957
2252 6958
2251 7061
2249 2250
2248 7064
2247 7065
2246 7066
2245 7067
2244 7068
2243 7069
2242 7070
2240 2241
2239 7073
2238 7074
2237 7075
2236 7076
2234 2235
2233 7603
2232 7604
2231 7605
2229 2230
2228 7608
2227 7609
2226 7610
2225 7611
2223 2224
2222 7614
2221 7615
2220 7616
2219 7617
2217 2218
2216 7620
2215 7621
2214 7622
2213 7623
2211 2212
2210 7626
2209 7627
2208 7651
2207 7652
2205 2206
2204 7655
2203 7656
2202 7657
2201 7658
2199 2200
2198 7661
2197 7662
2196 7663
2195 7664
2194 7665
2192 2193
2191 7481
2190 7482
2189 7483
2188 7484
2187 7485
2186 7486
2185 7487
2183 2184
2182 7490
2181 7491
2180 7492
2179 7493
2178 7494
2177 8029
2175 2176
2174 8032
2173 8033
2172 8034
2171 8035
2170 8036
2169 8122
2168 8123
2166 2167
2165 8126
2164 8127
2163 8128
2162 8129
2161 8130
2160 8131
2159 8132
2157 2158
2156 8135
2155 8136
2154 8137
2153 8138
2152 8139
2151 8140
2150 8141
2149 7166
2147 2148
2146 7169
2145 7170
2144 7171
2143 7172
2142 7173
2141 7174
2140 7175
2137 7833
2135 2136
2134 7836
2133 7837
2132 7838
2131 7839
2130 7840
2129 7841
2128 8161
2127 8162
2125 2126
2124 8165
2123 8166
2122 8167
2121 8168
2120 8169
2119 8170
2118 8171
2116 2117
2115 8174
2114 8096
2113 8097
2112 8098
2111 8099
2110 8100
2109 8101
2107 2108
2106 8061
2105 8062
2104 8063
2103 8064
2102 8065
2101 8066
2099 2100
2098 8069
2097 8070
2096 8071
2095 8072
2094 8073
2093 13073
2091 2092
2090 13076
2089 13077
2088 13078
2087 13079
2086 13080
2085 13081
2084 13082
2083 13083
2082 13084
2081 13085
2079 2080
2078 13088
2077 13089
2076 13090
2075 13091
2073 2074
2072 13094
2071 13095
2070 13169
2069 13170
2067 2068
2066 13173
2065 13174
2064 13175
2062 2063
2061 13178
2060 13179
2059 13180
2058 13181
2056 2057
2055 13184
2054 12908
2053 12909
2051 2052
2050 12912
2049 12913
2048 12914
2046 2047
2045 12917
2044 12918
2043 12919
2042 12920
2040 2041
2039 9130
2038 9131
2037 9132
2035 2036
2034 9135
2033 9136
2032 9137
2031 9138
2030 9139
2029 9140
2027 2028
2026 9143
2025 9144
2024 9145
2023 9146
2021 2022
2020 9149
2019 12665
2018 12666
2017 12667
2015 2016
2014 12670
2013 12671
2012 12672
2011 12673
2009 2010
2008 12676
2007 12677
2006 12678
2005 12679
2003 2004
2002 12682
2001 12683
2000 12684
1999 12685
1997 1998
1996 8299
1995 8300
1994 8301
1992 1993
1991 8304
1990 8305
1989 8306
1988 12455
1986 1987
1985 12458
1984 12459
1983 12460
1982 12461
1980 1981
1979 12464
1978 12465
1977 12466
1976 12467
1975 12468
1974 12469
1972 1973
1971 12472
1970 12104
1969 12105
1968 12106
1966 1967
1965 12109
1964 12110
1963 12111
1962 11977
1960 1961
1959 11980
1958 11981
1957 11982
1956 11983
1954 1955
1953 11986
1952 11987
1951 11988
1950 11989
1948 1949
1947 11992
1946 11790
1945 11791
1944 11792
1942 1943
1941 11795
1940 11796
1939 11797
1938 11798
1936 1937
1935 11801
1934 11802
1933 11803
1931 1932
1930 11806
1929 11807
1928 11808
1927 11809
1925 1926
1924 11812
1923 11813
1922 11814
1921 11815
1920 11816
1919 11279
1918 11280
1916 1917
1915 11283
1914 11284
1913 11285
1912 11286
1910 1911
1909 11289
1908 11290
1907 11291
1906 11292
1904 1905
1903 11295
1902 11377
1901 11378
1899 1900
1898 11381
1897 11382
1896 11383
1895 11384
1893 1894
1892 11387
1891 11388
1890 11389
1889 11390
1887 1888
1886 11393
1885 11394
1884 11473
1883 11474
1881 1882
1880 11477
1879 11478
1878 11479
1877 11480
1875 1876
1874 11483
1873 11484
1872 11485
1871 11486
1869 1870
1868 11489
1867 11490
1866 11491
1865 11492
1864 11493
1863 11494
1862 11495
1860 1861
1859 11498
1858 11499
1857 10778
1856 10779
1854 1855
1853 10782
1852 10783
1851 10784
1850 10785
1848 1849
1847 10788
1846 10789
1845 10790
1844 10791
1842 1843
1841 8276
1840 8277
1839 8278
1837 1838
1836 8281
1835 8282
1834 8283
1833 8284
1831 1832
1830 10504
1829 10505
1828 10506
1827 10507
1825 1826
1824 10510
1823 10511
1822 8485
1821 8486
1819 1820
1818 8489
1817 8490
1816 8491
1814 1815
1813 10397
1812 10398
1811 10399
1810 10400
1809 10401
1807 1808
1806 10404
1805 10405
1804 10406
1802 1803
1801 10409
1800 10410
1799 9694
1797 1798
1796 9697
1795 9698
1794 9699
1793 9700
1791 1792
1790 7703
1789 7704
1788 7705
1786 1787
1785 7708
1784 7709
1783 7710
1781 1782
1780 7713
1779 7714
1778 7715
1777 7716
1775 1776
1774 7719
1773 10065
1772 10066
1770 1771
1769 10069
1768 10070
1767 10071
1766 10030
1764 1765
1763 10033
1762 10034
1761 10035
1760 10036
1758 1759
1757 10039
1756 10040
1755 10041
1754 10042
1753 10043
1752 9806
1750 1751
1749 9809
1748 9810
1747 9811
1746 9812
1745 9813
1743 1744
1742 9816
1741 9817
1740 9818
1739 9819
1738 9820
1737 9821
1735 1736
1734 9361
1733 9362
1732 9363
1731 9364
1730 9365
1729 9366
1727 1728
1726 9369
1725 9370
1724 9371
1723 9372
1722 9373
1721 9374
1720 9375
1718 1719
1717 8199
1716 8200
1715 8201
1714 8202
1713 8203
1712 8204
1710 1711
1709 8207
1708 8208
1707 8209
1706 8210
1705 8211
1704 8212
1703 8213
1700 8797
1699 8798
1698 8799
1697 8800
1696 8801
1695 8802
1694 8803
1692 1693
1691 8806
1690 8807
1689 8808
1688 8809
1687 8810
1686 8811
1685 8812
1683 1684
1682 8815
1681 9345
1680 9346
1679 9347
1678 9348
1677 9349
1676 9350
1674 1675
1673 9353
1672 9354
1671 9355
1670 9356
1669 9357
1668 9358
1666 1667
1665 9824
1664 9825
1663 9826
1662 9827
1661 9828
1660 9829
1658 1659
1657 9832
1656 9833
1655 9834
1654 9835
1653 9836
1651 1652
1650 10016
1649 10017
1648 10018
1647 10019
1646 10020
1644 1645
1643 10023
1642 10024
1641 10025
1640 10026
1638 1639
1637 10029
1636 10072
1635 10073
1634 10074
1632 1633
1631 10077
1630 10078
1629 10079
1627 1628
1626 9671
1625 9672
1624 9673
1622 1623
1621 9676
1620 9677
1619 9678
1618 9679
1616 1617
1615 9682
1614 9683
1613 9684
1611 1612
1610 9687
1609 9688
1608 9689
1606 1607
1605 9692
1604 9693
1603 10411
1602 10412
1600 1601
1599 10415
1598 10416
1597 10417
1595 1596
1594 10420
1593 10421
1592 10422
1591 10423
1590 10424
1588 1589
1587 10489
1586 10490
1585 10491
1583 1584
1582 10494
1581 10495
1580 10496
1579 10497
1577 1578
1576 10500
1575 10501
1574 10502
1573 10503
1571 1572
1570 8267
1569 8268
1568 8269
1566 1567
1565 8272
1564 8273
1563 8274
1562 8275
1560 1561
1559 10796
1558 10797
1557 10798
1555 1556
1554 10801
1553 10802
1552 10803
1551 10804
1549 1550
1548 10807
1547 10808
1546 10809
1545 10810
1543 1544
1542 10813
1541 10814
1540 10815
1539 10816
1538 10817
1537 10818
1536 10819
1535 10820
1533 1534
1532 10823
1531 10824
1530 10825
1529 10826
1527 1528
1526 10829
1525 11466
1524 11467
1522 1523
1521 11470
1520 11471
1519 11472
1518 11395
1516 1517
1515 11398
1514 11399
1513 11400
1511 1512
1510 11367
1509 11368
1508 11369
1507 11370
1505 1506
1504 11373
1503 11374
1502 11375
1501 11376
1499 1500
1498 11298
1497 11299
1496 11300
1494 1495
1493 10942
1492 10943
1491 10944
1490 10945
1488 1489
1487 10948
1486 10949
1485 10950
1484 10951
1483 10952
1482 10953
1481 10954
1480 10955
1478 1479
1477 10958
1476 11770
1475 11771
1474 11772
1472 1473
1471 11775
1470 11776
1469 11777
1468 11778
1466 1467
1465 11781
1464 11782
1463 11783
1461 1462
1460 11786
1459 11787
1458 11788
1457 11789
1455 1456
1454 11995
1453 11996
1452 11997
1450 1451
1449 12000
1448 12001
1447 12002
1446 12003
1444 1445
1443 12006
1442 12007
1441 12008
1439 1440
1438 12011
1437 12012
1436 12013
1435 12014
1433 1434
1432 12017
1431 12018
1430 12019
1428 1429
1427 12022
1426 12023
1425 12443
1424 12444
1422 1423
1421 12447
1420 12448
1419 12449
1418 12450
1416 1417
1415 12453
1414 12454
1413 8287
1411 1412
1410 8290
1409 8291
1408 8292
1407 8293
1405 1406
1404 8296
1403 12686
1402 12687
1400 1401
1399 12690
1398 12691
1397 12692
1396 12693
1394 1395
1393 12696
1392 12697
1391 12698
1389 1390
1388 12658
1387 12659
1386 12660
1385 12661
1383 1384
1382 12664
1381 9150
1380 9151
1378 1379
1377 9154
1376 9155
1375 9156
1374 9117
1372 1373
1371 9120
1370 9121
1369 9122
1368 9123
1366 1367
1365 9126
1364 9127
1363 9128
1362 9129
1360 1361
1359 12925
1358 12926
1357 12927
1355 1356
1354 12930
1353 12931
1352 12932
1350 1351
1349 12935
1348 12936
1347 13152
1345 1346
1344 13155
1343 13156
1342 13157
1340 1341
1339 13160
1338 13161
1337 13162
1335 1336
1334 13165
1333 13166
1332 13167
1331 13168
1329 1330
1328 13098
1327 13099
1326 13100
1324 1325
1323 13103
1322 13057
1321 13058
1320 13059
1318 1319
1317 13062
1316 13063
1315 13064
1314 13065
1313 13066
1312 13067
1311 13068
1310 13069
1308 1309
1307 13072
1306 8074
1305 8075
1304 8076
1303 8077
1301 1302
1300 8080
1299 8081
1298 8082
1297 8083
1296 8084
1295 8085
1293 1294
1292 8088
1291 8089
1290 8090
1289 8091
1288 8092
1287 8093
1285 1286
1284 8175
1283 8176
1282 8177
1281 8178
1280 8179
1279 8180
1278 8181
1276 1277
1275 8184
1274 8185
1273 8186
1272 8187
1271 8188
1270 8189
1269 8190
1267 1268
1266 8193
1265 8194
1264 8195
1263 8196
1260 8705
1259 8706
1258 8707
1257 8708
1256 8709
1255 8710
1253 1254
1252 8713
1251 8714
1250 8715
1249 8716
1248 8717
1247 8718
1246 8719
1244 1245
1243 8722
1242 8723
1241 8931
1240 8932
1239 8933
1238 8934
1236 1237
1235 8937
1234 8938
1233 8939
1232 8940
1231 12963
1230 12964
1228 1229
1227 12967
1226 12968
1225 12969
1224 12970
1223 12971
1222 12972
1220 1221
1219 12975
1218 12976
1217 12977
1216 12978
1215 12979
1213 1214
1212 12982
1211 13026
1210 13027
1209 13028
1208 13029
1206 1207
1205 13032
1204 13033
1203 13123
1202 13124
1200 1201
1199 13127
1198 13128
1197 13129
1195 1196
1194 13132
1193 13133
1192 13134
1190 1191
1189 13137
1188 13138
1187 13139
1185 1186
1184 13142
1183 13143
1182 13144
1180 1181
1179 13147
1178 13148
1177 13149
1175 1176
1174 12937
1173 12938
1172 12939
1170 1171
1169 12942
1168 8910
1167 8911
1165 1166
1164 8914
1163 8915
1162 8916
1160 1161
1159 8919
1158 8920
1157 8889
1155 1156
1154 8892
1153 8893
1152 8894
1151 8895
1150 8896
1149 8897
1148 8898
1146 1147
1145 12831
1144 12832
1143 12833
1142 12834
1140 1141
1139 12652
1138 12653
1137 12654
1135 1136
1134 12657
1133 12701
1132 12702
1130 1131
1129 12705
1128 12706
1127 12707
1125 1126
1124 8870
1123 8871
1122 8872
1120 1121
1119 8875
1118 8876
1117 8877
1116 8847
1114 1115
1113 8850
1112 8851
1111 8852
1109 1110
1108 8855
1107 8856
1106 8857
1104 1105
1103 12302
1102 12303
1101 12304
1099 1100
1098 12307
1097 12308
1096 12309
1095 12310
1094 12311
1093 12312
1092 12313
1090 1091
1089 12316
1088 12317
1087 12318
1085 1086
1084 11662
1083 11663
1082 11664
1080 1081
1079 11667
1078 11668
1077 11711
1075 1076
1074 11714
1073 11715
1072 11716
1071 11717
1069 1070
1068 11720
1067 11721
1066 11722
1064 1065
1063 8826
1062 8827
1061 8828
1059 1060
1058 8831
1057 8832
1056 8833
1054 1055
1053 10916
1052 10917
1051 10918
1050 10919
1048 1049
1047 10922
1046 10923
1045 10924
1043 1044
1042 10927
1041 10928
1040 10929
1039 10930
1038 10931
1037 10932
1035 1036
1034 10935
1033 10936
1032 10937
1030 1031
1029 10940
1028 10941
1027 11303
1025 1026
1024 11306
1023 11307
1022 11308
1021 11309
1019 1020
1018 11312
1017 11313
1016 11314
1014 1015
1013 11448
1012 11449
1011 11450
1010 11451
1008 1009
1007 11454
1006 11455
1005 11456
1003 1004
1002 11459
1001 11460
1000 11461
998 999
997 11464
996 11465
995 10830
994 10831
992 993
991 10834
990 10835
989 10836
987 988
986 10839
985 10840
984 10841
983 10842
982 10843
980 981
979 10174
978 10175
977 10176
975 976
974 10179
973 10180
972 10181
971 10182
969 970
968 10185
967 10186
966 10187
964 965
963 10190
962 10191
961 10192
960 10193
958 959
957 10196
956 10197
955 10198
953 954
952 10201
951 10202
950 10203
949 10204
947 948
946 10475
945 10476
944 10477
942 943
941 10480
940 10481
939 10482
938 10483
936 937
935 10486
934 10487
933 10488
931 932
930 10429
929 10430
928 10431
927 10432
926 10433
924 925
923 10436
922 10437
921 10438
920 10439
918 919
917 9590
916 9591
915 9592
913 914
912 9595
911 9596
910 9597
908 909
907 9600
906 9601
905 9602
904 9603
902 903
901 9606
900 9607
899 9608
897 898
896 9559
895 9560
894 9561
892 893
891 9564
890 9565
889 9566
887 888
886 9569
885 10000
884 10001
883 10002
881 882
880 10005
879 10006
878 10007
877 10008
875 876
874 10011
873 10012
872 10013
871 10014
870 10015
868 869
867 9841
866 9842
865 9843
864 9844
863 9845
861 862
860 9848
859 9849
858 9850
857 9851
856 9852
854 855
853 9330
852 9331
851 9332
850 9333
849 9334
848 9335
846 847
845 9338
844 9339
843 9340
842 9341
841 9342
840 9343
839 9344
837 838
836 8746
835 8747
834 8748
833 8749
832 8750
831 8751
830 8752
829 8753
827 828
826 8756
825 8757
824 8758
823 8759
822 8760
821 8761
820 8762
817 13296
816 13297
815 13298
814 13299
813 13300
812 13301
811 13302
809 810
808 13305
807 13306
806 13307
805 13308
804 13309
803 13310
802 13311
801 13312
799 800
798 13315
797 13316
796 13317
795 13318
794 9319
793 9320
792 9321
790 791
789 9324
788 9325
787 9326
786 9327
785 9328
784 9329
783 9855
781 782
780 9858
779 9859
778 9860
777 9861
776 9862
774 775
773 9865
772 9866
771 9867
770 9982
769 9983
768 9984
767 9985
766 9986
765 9987
764 9988
762 763
761 9991
760 9992
759 9993
758 9994
756 757
755 9997
754 9998
753 9999
751 752
750 9497
749 9498
748 9499
747 9500
745 746
744 9503
743 9504
742 9505
740 741
739 9508
738 9509
737 9510
735 736
734 9513
733 9514
732 9578
730 731
729 9581
728 9582
727 9583
726 9584
724 725
723 9587
722 9588
721 9589
719 720
718 10444
717 10445
716 10446
714 715
713 10449
712 10450
711 10451
710 10452
709 10453
708 10454
706 707
705 10457
704 10458
703 10459
701 702
700 10462
699 10463
698 10464
697 10465
695 696
694 10468
693 10469
692 10470
690 691
689 10205
688 10206
687 10207
686 10208
684 685
683 10211
682 10212
681 10213
679 680
678 10153
677 10154
676 10155
674 675
673 10158
672 10159
671 10160
669 670
668 10163
667 10164
666 10165
665 10166
663 664
662 10169
661 10170
660 10171
658 659
657 10589
656 10590
655 10591
654 10592
653 10593
652 10594
650 651
649 10597
648 10598
647 10599
645 646
644 10602
643 10603
642 10604
640 641
639 10607
638 10608
637 10609
635 636
634 10612
633 10613
632 10614
630 631
629 10617
628 10846
627 10847
625 626
624 10850
623 10851
622 10852
621 10853
619 620
618 10856
617 10882
616 10883
614 615
613 10886
612 10887
611 10888
609 610
608 10891
607 10892
606 10893
604 605
603 10896
602 10897
601 10898
600 10899
599 10900
598 10901
597 10902
596 10903
594 595
593 10906
592 10907
591 10908
589 590
588 10911
587 10912
586 10913
584 585
583 8816
582 8817
581 8818
579 580
578 8821
577 8822
576 8823
574 575
573 11725
572 11726
571 11727
569 570
568 11730
567 11731
566 11732
564 565
563 11651
562 11652
561 11653
559 560
558 11656
557 11657
556 11658
554 555
553 11661
552 12321
550 551
549 12324
548 12325
547 12326
545 546
544 12329
543 12330
542 12289
541 12290
540 12291
539 12292
537 538
536 12295
535 12296
534 12297
532 533
531 8836
530 8837
528 529
527 8840
526 8841
525 8842
523 524
522 8845
521 8846
520 8858
518 519
517 8861
516 8862
515 8863
513 514
512 8866
511 8867
510 12358
508 509
507 12361
506 12362
505 12363
503 504
502 12366
501 12817
500 12818
498 499
497 12821
496 12822
495 12823
493 494
492 12826
491 12827
490 12828
488 489
487 8880
486 8881
485 8882
484 8883
483 8884
482 8885
480 481
479 8888
478 8899
477 8900
475 476
474 8903
473 8904
471 472
470 8907
469 8908
468 8909
466 467
465 12710
464 12711
463 12712
461 462
460 12715
459 12716
457 458
456 12719
455 12720
454 12721
452 453
451 12724
450 12725
449 12726
447 448
446 12729
445 12730
444 12731
442 443
441 12734
440 12735
439 13011
437 438
436 13014
435 13015
434 13016
432 433
431 13019
430 13020
429 13021
428 13022
427 13023
426 13024
425 13025
424 12983
422 423
421 12986
420 12987
419 12988
418 12989
417 12990
415 416
414 12953
413 12954
412 12955
411 12956
410 12957
408 409
407 12960
406 12961
405 12962
404 8921
403 8922
401 402
400 8925
399 8926
398 8927
397 8928
396 8929
395 8930
393 394
392 8726
391 8727
390 8728
389 8729
388 8730
387 8731
385 386
384 8734
383 8735
382 8736
381 8737
380 8738
379 8739
378 8740
376 377
375 8743
372 13273
371 13274
370 13275
369 13276
368 13277
367 13278
366 13279
365 13280
364 13281
363 13282
362 9300
361 9301
360 9302
359 9303
358 9304
357 9305
356 9306
355 9307
354 9308
353 9309
352 9228
351 9229
350 9230
349 9231
348 9232
347 9233
346 9234
345 9235
344 12943
343 12944
342 12945
341 12946
340 12947
339 12948
338 12949
337 12950
336 12991
335 12992
334 12993
333 12994
332 12995
331 12996
330 12997
329 12998
328 12999
327 13000
326 13001
325 13002
324 13003
323 13004
322 13005
321 13006
320 13007
319 13008
318 13009
317 13010
316 12736
315 12737
314 12738
313 12739
312 12740
311 12741
310 12742
309 12743
308 12744
306 307
305 12747
304 12748
303 12749
302 12750
301 12751
300 12752
299 9025
298 9026
297 9027
296 9028
295 9029
294 9030
293 9031
292 12790
291 12791
290 12792
289 12793
288 12794
287 12795
286 12796
285 12797
284 12798
283 12799
282 12800
281 12801
280 12802
279 12803
278 12804
277 12805
276 12806
275 12807
274 12808
273 12809
272 12810
271 12811
270 12812
269 12813
268 12814
267 12815
266 12816
265 12367
264 12368
263 12369
262 12370
261 12371
260 12372
259 12373
258 12374
257 12375
256 12376
254 255
253 12379
252 12380
251 12381
250 12382
249 12383
248 12384
247 12273
246 12274
245 12275
244 12276
243 12277
242 12278
241 12279
240 12280
239 12281
238 12282
237 12283
236 12284
235 12285
234 12286
233 12287
232 12288
231 12331
230 12332
229 12333
228 12334
227 12335
226 12336
225 12337
224 11638
223 11639
222 11640
221 11641
220 11642
219 11643
218 11644
217 11645
216 11646
215 11647
214 11648
213 11733
211 212
210 11736
209 11737
208 11738
207 11739
206 11740
205 11741
204 11742
203 11743
202 11744
201 11745
200 11746
199 11747
198 11748
197 11749
196 8941
195 8942
194 8943
193 8944
192 8945
191 8946
190 8947
189 8948
188 8949
187 8950
186 8951
185 8952
184 10866
183 10867
182 10868
181 10869
180 10870
179 10871
178 10872
177 10873
176 10874
174 175
173 10877
172 10878
171 10879
170 10880
169 10881
168 10857
167 10858
166 10859
165 10860
164 10861
163 10862
162 10863
161 10864
160 10865
159 10618
158 10619
157 10620
156 10621
155 10622
154 10623
153 10624
152 10625
151 10626
150 10627
149 10628
148 10629
147 10630
146 10631
145 10632
144 10633
143 10634
142 10635
141 10636
140 10637
139 10638
138 10639
137 10640
136 10641
135 10642
134 10643
133 10644
132 10136
131 10137
130 10138
129 10139
128 10140
127 10141
126 10142
125 10143
124 10144
123 10145
122 10146
121 10147
120 10148
119 10149
118 10150
117 10214
116 10215
115 10216
114 10217
113 10218
112 10219
111 10220
110 10221
109 10222
108 10265
107 10266
106 10267
105 10268
104 10269
103 10270
102 10271
101 10272
100 10273
99 10274
98 10275
97 10276
96 10277
95 10278
94 10279
93 10280
92 10281
91 10282
90 10283
89 10284
88 10285
87 10286
86 10287
85 10288
84 10289
83 10290
82 9570
81 9571
80 9572
79 9573
78 9574
77 9575
76 9576
75 9577
74 9515
73 9516
72 9517
71 9518
70 9519
69 9520
68 9521
67 9522
66 9523
65 9524
64 9525
63 9526
62 9527
61 9528
60 9529
59 9530
58 9531
57 9532
56 9533
55 9534
54 9535
53 9536
52 9537
51 9538
50 9974
49 9975
48 9976
47 9977
46 9978
45 9979
44 9980
43 9981
42 9868
41 9869
40 9870
39 9871
38 9872
37 9873
36 9874
35 9875
34 9876
33 9877
32 9878
31 9879
30 9310
29 9311
28 9312
27 9313
26 9314
25 9315
24 9316
23 9317
22 9318
21 13319
20 13320
19 13321
18 13322
17 13323
16 13324
15 13325
14 13326
13 13327
12 13328
11 13329
10 13330
9 13331
8 13332
7 13333
6 13334
5 13335
4 13336
3 13337
2 13338
1 13339
