6658 7964
6657 7965
6656 7966
6655 7967
6654 7968
6653 7969
6652 7970
6651 7971
6650 7972
6649 7973
6648 7974
6647 7975
6646 7976
6645 9860
6644 9861
6643 9862
6642 9863
6641 9864
6640 9865
6639 9866
6638 9867
6637 9868
6636 9869
6635 9870
6634 9871
6633 9748
6632 9749
6631 9750
6630 9751
6629 9752
6628 9753
6627 9754
6626 9755
6625 9756
6624 9757
6623 9758
6622 9759
6621 9760
6620 9761
6619 9762
6618 9763
6617 9764
6616 9765
6615 9766
6614 9767
6613 8034
6612 8035
6611 8036
6610 8037
6609 8038
6608 8039
6607 8040
6606 8041
6605 8042
6604 8043
6603 8870
6602 8871
6601 8872
6600 8873
6599 8874
6598 8875
6597 8876
6596 8877
6595 8878
6594 8879
6593 8880
6592 8881
6591 10768
6590 10769
6589 10770
6588 10771
6587 10772
6586 10773
6585 10774
6584 10775
6583 10776
6582 9939
6581 9940
6580 9941
6579 9942
6578 9943
6577 9944
6576 9945
6575 9946
6574 9947
6573 9948
6572 9949
6571 9950
6570 9909
6569 9910
6568 9911
6567 9912
6566 9913
6565 9914
6564 9915
6563 9916
6562 9917
6561 11012
6560 11013
6559 11014
6558 11015
6557 11016
6556 11017
6555 11018
6554 11019
6553 11020
6552 11021
6551 11022
6550 11023
6549 11024
6548 11025
6547 11043
6546 11044
6545 11045
6544 11046
6543 11047
6542 11048
6541 11049
6540 11174
6539 11175
6538 11176
6537 11177
6536 11178
6535 11179
6534 11180
6533 11181
6532 11182
6531 11183
6530 11184
6529 11185
6528 11186
6527 11187
6526 11188
6525 11189
6524 11190
6523 11191
6522 11192
6521 11193
6520 11194
6519 11195
6518 8955
6517 8956
6516 8957
6515 8958
6514 8959
6513 8960
6512 8961
6511 8962
6510 8963
6509 11639
6508 11640
6507 11641
6506 11642
6505 11643
6504 11644
6503 11645
6502 11646
6501 11647
6500 11648
6499 11649
6498 11650
6497 11651
6496 11652
6495 11653
6494 11211
6493 11212
6492 11213
6491 11214
6490 11215
6489 11216
6488 11217
6487 12066
6486 12067
6485 12068
6484 12069
6483 12070
6482 12071
6481 12072
6480 12073
6479 12074
6478 12075
6477 12076
6476 12077
6475 12155
6474 12156
6473 12157
6472 12158
6471 12159
6470 12160
6469 12161
6468 12162
6467 12163
6466 12164
6465 12165
6464 12166
6463 12167
6462 12168
6461 12169
6460 12170
6459 12171
6458 12172
6457 12173
6456 12174
6455 12966
6454 12967
6453 12968
6452 12969
6451 12970
6450 12971
6449 12972
6448 12973
6447 12974
6446 12975
6445 12976
6444 12977
6443 12978
6442 12979
6441 12980
6440 12981
6439 12982
6438 12983
6437 12984
6436 12985
6435 12986
6434 12987
6433 12988
6432 12989
6431 12990
6430 12991
6429 12992
6428 12993
6427 12994
6426 12995
6425 12996
6424 12997
6423 12998
6422 9334
6421 9335
6420 9336
6419 9337
6418 9338
6417 9339
6416 9340
6415 9341
6414 9342
6413 9343
6412 8559
6411 8560
6410 8561
6409 8562
6408 8563
6407 8564
6406 8565
6405 8566
6404 8567
6403 8568
6402 8569
6401 8570
6400 8571
6399 8572
6398 8573
6397 8574
6396 8575
6395 8576
6394 8577
6393 8578
6392 8579
6391 8580
6390 8581
6389 8582
6388 8583
6387 8584
6386 8585
6385 8586
6384 8587
6383 8588
6382 8589
6381 8590
6380 8591
6379 8592
6378 8593
6377 8594
6376 8595
6375 8596
6374 8597
6373 8598
6372 8599
6371 8600
6370 8601
6369 8602
6368 8603
6367 8604
6366 8605
6365 8606
6364 8607
6363 8608
6362 8609
6361 8610
6360 8431
6359 8432
6358 8433
6357 8434
6356 8435
6355 8436
6354 8437
6353 8438
6352 8439
6351 8440
6350 8441
6349 8442
6348 13033
6347 13034
6346 13035
6345 13036
6344 13037
6343 13038
6342 13039
6341 13040
6338 8411
6337 8412
6336 8413
6335 8414
6334 8415
6333 8416
6332 8417
6331 8418
6330 8419
6329 8420
6328 8421
6327 8422
6326 8423
6325 8424
6324 8425
6323 8426
6322 8427
6321 8428
6320 8429
6319 8430
6318 8611
6317 8612
6316 8613
6315 8614
6314 8615
6313 8616
6312 8617
6311 8618
6310 8619
6309 8261
6308 8262
6307 8263
6306 8264
6305 8265
6304 8266
6303 8267
6302 8268
6301 8269
6300 8270
6299 8271
6298 8272
6297 8273
6296 8274
6295 8275
6294 8276
6293 8054
6292 8055
6291 8056
6290 8057
6289 8058
6288 8059
6287 8060
6286 8061
6285 12301
6284 12302
6283 12303
6282 12304
6281 12305
6280 12306
6279 12307
6278 12308
6277 12309
6276 12310
6275 12311
6274 12312
6273 12313
6272 12314
6271 12315
6270 12316
6269 12317
6268 12318
6267 12319
6266 12320
6265 12321
6264 12322
6263 12323
6262 12324
6261 12368
6260 12369
6259 12370
6258 12371
6257 12372
6256 12373
6255 12374
6254 12375
6253 12376
6252 12377
6251 12378
6250 12379
6249 12380
6248 12381
6247 12382
6246 12383
6245 12384
6244 12385
6243 12386
6242 12387
6241 12388
6240 12950
6239 12951
6238 12952
6237 12953
6236 12954
6235 12955
6234 12956
6233 12957
6232 12958
6231 12959
6230 12960
6229 12961
6228 12962
6227 12963
6226 12964
6225 12965
6224 12175
6223 12176
6222 12177
6221 12178
6220 12179
6219 12180
6218 12181
6217 12182
6216 12183
6215 12184
6214 12185
6213 12186
6212 12187
6211 12048
6210 12049
6209 12050
6208 12051
6207 12052
6206 12053
6205 12054
6204 12055
6203 12056
6202 12057
6201 12058
6200 12059
6199 12060
6198 12061
6197 12062
6196 12063
6195 12064
6194 12065
6193 11218
6192 11219
6191 11220
6190 11221
6189 11222
6188 11223
6187 11224
6186 11225
6185 11226
6184 11227
6183 11228
6182 11229
6181 11230
6180 11231
6179 11232
6178 11233
6177 11632
6176 11633
6175 11634
6174 11635
6173 11636
6172 11637
6171 11638
6170 8964
6169 8965
6168 8966
6167 8967
6166 8968
6165 8969
6164 8970
6163 8971
6162 8972
6161 8973
6160 8974
6159 8975
6158 8976
6157 8977
6156 8978
6155 8979
6154 8980
6153 8981
6152 8982
6151 8983
6150 11164
6149 11165
6148 11166
6147 11167
6146 11168
6145 11169
6144 11170
6143 11171
6142 11172
6141 11173
6140 11050
6139 11051
6138 11052
6137 11053
6136 11054
6135 11055
6134 11056
6133 11057
6132 11058
6131 11059
6130 11060
6129 11002
6128 11003
6127 11004
6126 11005
6125 11006
6124 11007
6123 11008
6122 11009
6121 11010
6120 11011
6119 9918
6118 9919
6117 9920
6116 9921
6115 9922
6114 9923
6113 9924
6112 9925
6111 9926
6110 9927
6109 9928
6108 9929
6107 9930
6106 9931
6105 9932
6104 9933
6103 9934
6102 9935
6101 9936
6100 9937
6099 9938
6098 10777
6097 10778
6096 10779
6095 10780
6094 10781
6093 10782
6092 10783
6091 10784
6090 10785
6089 10786
6088 10787
6087 10788
6086 8933
6085 8934
6084 8935
6083 8936
6082 8937
6081 8938
6080 8939
6079 8940
6078 8941
6077 8044
6076 8045
6075 8046
6074 8047
6073 8048
6072 8049
6071 8050
6070 8051
6069 8052
6068 8053
6067 9768
6066 9769
6065 9770
6064 9771
6063 9772
6062 9773
6061 9774
6060 9775
6059 9776
6058 9777
6057 9778
6056 9779
6055 9780
6054 9781
6053 9782
6052 9783
6051 9844
6050 9845
6049 9846
6048 9847
6047 9848
6046 9849
6045 9850
6044 9851
6043 9852
6042 9853
6041 9854
6040 9855
6039 9856
6038 9857
6037 9858
6036 9859
6035 7977
6034 7978
6033 7979
6032 7980
6031 7981
6030 7982
6029 7983
6028 7984
6027 7985
6026 7986
6025 7987
6024 7988
6023 7989
6020 13075
6019 13076
6018 13077
6017 13078
6016 13079
6015 13080
6014 13081
6013 13082
6012 13083
6011 13084
6010 13085
6009 13086
6008 13087
6007 13283
6006 13284
6005 13285
6004 13286
6003 13287
6002 13288
6001 13289
6000 13290
5999 13291
5998 13292
5997 13293
5996 13294
5995 9380
5994 9381
5993 9382
5992 9383
5991 9384
5990 9385
5989 9386
5988 9387
5987 9388
5986 9710
5985 9711
5984 9712
5983 9713
5982 9714
5981 9715
5980 9716
5979 9717
5978 9718
5977 9719
5976 9720
5975 9721
5974 9722
5973 9723
5972 9724
5971 9725
5970 8909
5969 8910
5968 8911
5967 8912
5966 8913
5965 8914
5964 8915
5963 8916
5962 8917
5961 8918
5960 8919
5959 8920
5958 8921
5957 8922
5956 8923
5955 8924
5954 8925
5953 8926
5952 8927
5951 8928
5950 8929
5949 8930
5948 8931
5947 8932
5946 10789
5945 10790
5944 10791
5943 10792
5942 10793
5941 10794
5940 10795
5939 10796
5938 10797
5937 10798
5936 10799
5935 10800
5934 10801
5933 10802
5932 10803
5931 10804
5930 10805
5929 10806
5928 9961
5927 9962
5926 9963
5925 9964
5924 9965
5923 9966
5922 9967
5921 9968
5920 9969
5919 9970
5918 9971
5917 9972
5916 9973
5915 9974
5914 9975
5913 9976
5912 9977
5911 9978
5910 9979
5909 8689
5908 8690
5907 8691
5906 8692
5905 8693
5904 8694
5903 8695
5902 10994
5901 10995
5900 10996
5899 10997
5898 10998
5897 10999
5896 11000
5895 11001
5894 11061
5893 11062
5892 11063
5891 11064
5890 11065
5889 11066
5888 11067
5887 11068
5886 11069
5885 11070
5884 11071
5883 11072
5882 11073
5881 11074
5880 11075
5879 11076
5878 11156
5877 11157
5876 11158
5875 11159
5874 11160
5873 11161
5872 11162
5871 11163
5870 8984
5869 8985
5868 8986
5867 8987
5866 8988
5865 8989
5864 8990
5863 8991
5862 8992
5861 8993
5860 9318
5859 9319
5858 9320
5857 9321
5856 9322
5855 9323
5854 9324
5853 9325
5852 9326
5851 9327
5850 9328
5849 9329
5848 9330
5847 9331
5846 9332
5845 9333
5844 11323
5843 11324
5842 11325
5841 11326
5840 11327
5839 11328
5838 11329
5837 11330
5836 11331
5835 11332
5834 11685
5833 11686
5832 11687
5831 11688
5830 11689
5829 11690
5828 11691
5827 11692
5826 11693
5825 11694
5824 11695
5823 11696
5822 11697
5821 11698
5820 11699
5819 11700
5818 11701
5817 11702
5816 11703
5815 11704
5814 11705
5813 11706
5812 11707
5811 11708
5810 11709
5809 11710
5808 11711
5807 12040
5806 12041
5805 12042
5804 12043
5803 12044
5802 12045
5801 12046
5800 12047
5799 12188
5798 12189
5797 12190
5796 12191
5795 12192
5794 12193
5793 12194
5792 12195
5791 12196
5790 12197
5789 12198
5788 12199
5787 12200
5786 12201
5785 12202
5784 12203
5783 12204
5782 12205
5781 12206
5780 12207
5779 12208
5778 12209
5777 12210
5776 12211
5775 12212
5774 12213
5773 12214
5772 12467
5771 12468
5770 12469
5769 12470
5768 12471
5767 12472
5766 12473
5765 12474
5764 12475
5763 12476
5762 12477
5761 12478
5760 12479
5759 12480
5758 12481
5757 12482
5756 12483
5755 12484
5754 12485
5753 12486
5752 12487
5751 12488
5750 12489
5749 12490
5748 12491
5747 12492
5746 12493
5745 12494
5744 12495
5743 12496
5742 12497
5741 12498
5740 12499
5739 12500
5738 12501
5737 12502
5736 12503
5735 12504
5734 12505
5733 12506
5732 12507
5731 12508
5730 12509
5729 12510
5728 12511
5727 12512
5726 12513
5725 12514
5724 12515
5723 12516
5722 12517
5721 12518
5720 12292
5719 12293
5718 12294
5717 12295
5716 12296
5715 12297
5714 12298
5713 12299
5712 12300
5711 8062
5710 8063
5709 8064
5708 8065
5707 8066
5706 8067
5705 8068
5704 8069
5703 8070
5702 8071
5701 8072
5700 8073
5699 8074
5698 8075
5697 8076
5696 8077
5695 8078
5694 8079
5693 8080
5692 8253
5691 8254
5690 8255
5689 8256
5688 8257
5687 8258
5686 8259
5685 8260
5684 8620
5683 8621
5682 8622
5681 8623
5680 8624
5679 8625
5678 8626
5677 8627
5676 8628
5675 8629
5674 8630
5673 8631
5672 8632
5671 7583
5670 7584
5669 7585
5668 7586
5667 7587
5666 7588
5665 7589
5664 7590
5663 7591
5662 7592
5661 7593
5660 7594
5659 7595
5658 7596
5657 7597
5656 7598
5655 7599
5654 7600
5653 7601
5650 7564
5649 7565
5648 7566
5647 7567
5646 7568
5645 7569
5644 7570
5643 7571
5642 7572
5641 7573
5640 7574
5639 7575
5638 7576
5637 7577
5636 7578
5635 7579
5634 7580
5633 7581
5632 7582
5631 8633
5630 8634
5629 8635
5628 8636
5627 8637
5626 8638
5625 8639
5624 8640
5623 8641
5622 8642
5621 8643
5620 8644
5619 8645
5618 8403
5617 8404
5616 8405
5615 8406
5614 8407
5613 8408
5612 8409
5611 8410
5610 8081
5609 8082
5608 8083
5607 8084
5606 8085
5605 8086
5604 8087
5603 8088
5602 8089
5601 8090
5600 8091
5599 8092
5598 8093
5597 8094
5596 8095
5595 8096
5594 8097
5593 8098
5592 8099
5591 8100
5590 8101
5589 8102
5588 12675
5587 12676
5586 12677
5585 12678
5584 12679
5583 12680
5582 12681
5581 12682
5580 12683
5579 12684
5578 12685
5577 12686
5576 12687
5575 12688
5574 12689
5573 12690
5572 12691
5571 12332
5570 12333
5569 12334
5568 12335
5567 12336
5566 12337
5565 12338
5564 12339
5563 12340
5562 12341
5561 12342
5560 12343
5559 12344
5558 12345
5557 12346
5556 12347
5555 12348
5554 12349
5553 12350
5552 12351
5551 12352
5550 12353
5549 12354
5548 12397
5547 12398
5546 12399
5545 12400
5544 12401
5543 12402
5542 12403
5541 12404
5540 12405
5539 12406
5538 12407
5537 12408
5536 12409
5535 12897
5534 12898
5533 12899
5532 12900
5531 12901
5530 12902
5529 12903
5528 12904
5527 12905
5526 12906
5525 12907
5524 12908
5523 12909
5522 12910
5521 11973
5520 11974
5519 11975
5518 11976
5517 11977
5516 11978
5515 11979
5514 11980
5513 11981
5512 11982
5511 11983
5510 11984
5509 12026
5508 12027
5507 12028
5506 12029
5505 12030
5504 12031
5503 12032
5502 12033
5501 12034
5500 12035
5499 12036
5498 12037
5497 12038
5496 12039
5495 11712
5494 11713
5493 11714
5492 11715
5491 11716
5490 11717
5489 11718
5488 11719
5487 11720
5486 11721
5485 11722
5484 11723
5483 11724
5482 11366
5481 11367
5480 11368
5479 11369
5478 11370
5477 11371
5476 11372
5475 11244
5474 11245
5473 11246
5472 11247
5471 11248
5470 11249
5469 11250
5468 11251
5467 11252
5466 11253
5465 11254
5464 11255
5463 11256
5462 11257
5461 11258
5460 11259
5459 11260
5458 11261
5457 11262
5456 11263
5455 11264
5454 11265
5453 11266
5452 11267
5451 11268
5450 9310
5449 9311
5448 9312
5447 9313
5446 9314
5445 9315
5444 9316
5443 9317
5442 8994
5441 8995
5440 8996
5439 8997
5438 8998
5437 8999
5436 9000
5435 9001
5434 9002
5433 9003
5432 9004
5431 9005
5430 9006
5429 7670
5428 7671
5427 7672
5426 7673
5425 7674
5424 7675
5423 7676
5422 7677
5421 7678
5420 7679
5419 7680
5418 7681
5417 7682
5416 7683
5415 7684
5414 7685
5413 10981
5412 10982
5411 10983
5410 10984
5409 10985
5408 10986
5407 10987
5406 10988
5405 10989
5404 10990
5403 10991
5402 10992
5401 10993
5400 8696
5399 8697
5398 8698
5397 8699
5396 8700
5395 8701
5394 8702
5393 8703
5392 8704
5391 8705
5390 8706
5389 8707
5388 8708
5387 8709
5386 8710
5385 8711
5384 8712
5383 8713
5382 8714
5381 8715
5380 8716
5379 8717
5378 8718
5377 10551
5376 10552
5375 10553
5374 10554
5373 10555
5372 10556
5371 10557
5370 10558
5369 10559
5368 10560
5367 10561
5366 10562
5365 10563
5364 10564
5363 10565
5362 10566
5361 9623
5360 9624
5359 9625
5358 9626
5357 9627
5356 9628
5355 9629
5354 9630
5353 9631
5352 9632
5351 9633
5350 9634
5349 9635
5348 9636
5347 9637
5346 9638
5345 9639
5344 9640
5343 9641
5342 9642
5341 9643
5340 9644
5339 9645
5338 9646
5337 9647
5336 9648
5335 9649
5334 9650
5333 9651
5332 9652
5331 9653
5330 9654
5329 9655
5328 9656
5327 9657
5326 9658
5325 9659
5324 9702
5323 9703
5322 9704
5321 9705
5320 9706
5319 9707
5318 9708
5317 9709
5316 9389
5315 9390
5314 9391
5313 9392
5312 9393
5311 9394
5310 9395
5309 9396
5308 9397
5307 9398
5306 9399
5305 9400
5304 9401
5303 13275
5302 13276
5301 13277
5300 13278
5299 13279
5298 13280
5297 13281
5296 13282
5295 13088
5294 13089
5293 13090
5292 13091
5291 13092
5290 13093
5289 13094
5288 13095
5287 13096
5286 13097
5285 13098
5284 13099
5283 13100
5280 7994
5279 7995
5278 7996
5277 7997
5276 7998
5275 7999
5274 8000
5273 8001
5272 8002
5271 8003
5270 8004
5269 8005
5268 8006
5267 9828
5266 9829
5265 9830
5264 9831
5263 9832
5262 9833
5261 9834
5260 9835
5259 9836
5258 9837
5257 9838
5256 9839
5255 9840
5254 9841
5253 9842
5252 9843
5251 9784
5250 9785
5249 9786
5248 9787
5247 9788
5246 9789
5245 9790
5244 9791
5243 9792
5242 9793
5241 9794
5240 9795
5239 9796
5238 9797
5237 9598
5236 9599
5235 9600
5234 9601
5233 9602
5232 9603
5231 9604
5230 9605
5229 9606
5228 9607
5227 9608
5226 9609
5225 9610
5224 9611
5223 9612
5222 9613
5221 9614
5220 9615
5219 9616
5218 9617
5217 9618
5216 9619
5215 9620
5214 9621
5213 9622
5212 10567
5211 10568
5210 10569
5209 10570
5208 10571
5207 10572
5206 10573
5205 10574
5204 10946
5203 10947
5202 10948
5201 10949
5200 10950
5199 10951
5198 10952
5197 10953
5196 10954
5195 10955
5194 10956
5193 10957
5192 10958
5191 10959
5190 10960
5189 10961
5188 10962
5187 10963
5186 10964
5185 10965
5184 10966
5183 10967
5182 10968
5181 10969
5180 10970
5179 10971
5178 10972
5177 10973
5176 10974
5175 10975
5174 10976
5173 10977
5172 10978
5171 10979
5170 10980
5169 7686
5168 7687
5167 7688
5166 7689
5165 7690
5164 7691
5163 7692
5162 7693
5161 7694
5160 7695
5159 7696
5158 7697
5157 7698
5156 7699
5155 7700
5154 7701
5153 7702
5152 7703
5151 9139
5150 9140
5149 9141
5148 9142
5147 9143
5146 9144
5145 9145
5144 9146
5143 9147
5142 9148
5141 9149
5140 9150
5139 9151
5138 9152
5137 9153
5136 9154
5135 9155
5134 9156
5133 9157
5132 11625
5131 11626
5130 11627
5129 11628
5128 11629
5127 11630
5126 11631
5125 11234
5124 11235
5123 11236
5122 11237
5121 11238
5120 11239
5119 11240
5118 11241
5117 11242
5116 11243
5115 11373
5114 11374
5113 11375
5112 11376
5111 11377
5110 11378
5109 11379
5108 11380
5107 11381
5106 11382
5105 11383
5104 11384
5103 11385
5102 11386
5101 11387
5100 11388
5099 11389
5098 12015
5097 12016
5096 12017
5095 12018
5094 12019
5093 12020
5092 12021
5091 12022
5090 12023
5089 12024
5088 12025
5087 11985
5086 11986
5085 11987
5084 11988
5083 11989
5082 11990
5081 11991
5080 11992
5079 11993
5078 11994
5077 12935
5076 12936
5075 12937
5074 12938
5073 12939
5072 12940
5071 12941
5070 12942
5069 12943
5068 12944
5067 12945
5066 12946
5065 12947
5064 12948
5063 12949
5062 12389
5061 12390
5060 12391
5059 12392
5058 12393
5057 12394
5056 12395
5055 12396
5054 12355
5053 12356
5052 12357
5051 12358
5050 12359
5049 12360
5048 12361
5047 12362
5046 12363
5045 12364
5044 12365
5043 12366
5042 12367
5041 12325
5040 12326
5039 12327
5038 12328
5037 12329
5036 12330
5035 12331
5034 12692
5033 12693
5032 12694
5031 12695
5030 12696
5029 12697
5028 12698
5027 12699
5026 12700
5025 12701
5024 12702
5023 12703
5022 8240
5021 8241
5020 8242
5019 8243
5018 8244
5017 8245
5016 8246
5015 8247
5014 8248
5013 8249
5012 8250
5011 8251
5010 8252
5009 8277
5008 8278
5007 8279
5006 8280
5005 8281
5004 8282
5003 8283
5002 8284
5001 8285
5000 8286
4999 8287
4998 8288
4997 8289
4996 8290
4995 8291
4994 8292
4993 8293
4992 8294
4991 8295
4990 8296
4989 8297
4988 8298
4987 8299
4986 8300
4985 8301
4984 8302
4983 8303
4982 8304
4981 7545
4980 7546
4979 7547
4978 7548
4977 7549
4976 7550
4975 7551
4974 7552
4973 7553
4972 7554
4971 7555
4970 7556
4969 7557
4968 7558
4967 7559
4964 7530
4963 7531
4962 7532
4961 7533
4960 7534
4959 7535
4958 7536
4957 7537
4956 7538
4955 7539
4954 7540
4953 7541
4952 7542
4951 7543
4950 7544
4949 8305
4948 8306
4947 8307
4946 8308
4945 8309
4944 8310
4943 8311
4942 8312
4941 8313
4940 8314
4939 8315
4938 8316
4937 8317
4936 7270
4935 7271
4934 7272
4933 7273
4932 7274
4931 7275
4930 7276
4929 7277
4928 7278
4927 7236
4926 7237
4925 7238
4924 7239
4923 7240
4922 7241
4921 7242
4920 7243
4919 7244
4918 7245
4917 7246
4916 8232
4915 8233
4914 8234
4913 8235
4912 8236
4911 8237
4910 8238
4909 8239
4908 12704
4907 12705
4906 12706
4905 12707
4904 12708
4903 12709
4902 12710
4901 12711
4900 12712
4899 12713
4898 12714
4897 12715
4896 12716
4895 12717
4894 12718
4893 12719
4892 12720
4891 12721
4890 12722
4889 12723
4888 12724
4887 12725
4886 12726
4885 12727
4884 12728
4883 7144
4882 7145
4881 7146
4880 7147
4879 7148
4878 7149
4877 7150
4876 7151
4875 7152
4874 7153
4873 7154
4872 7155
4871 7156
4870 7157
4869 7158
4868 7159
4867 7160
4866 7161
4865 12924
4864 12925
4863 12926
4862 12927
4861 12928
4860 12929
4859 12930
4858 12931
4857 12932
4856 12933
4855 12934
4854 11995
4853 11996
4852 11997
4851 11998
4850 11999
4849 12000
4848 12001
4847 12002
4846 12003
4845 12004
4844 12005
4843 12006
4842 12007
4841 12008
4840 12009
4839 12010
4838 12011
4837 12012
4836 12013
4835 12014
4834 11390
4833 11391
4832 11392
4831 11393
4830 11394
4829 11395
4828 11396
4827 11397
4826 11398
4825 11399
4824 11400
4823 11401
4822 11604
4821 11605
4820 11606
4819 11607
4818 11608
4817 11609
4816 11610
4815 11611
4814 11612
4813 11613
4812 11614
4811 11615
4810 11616
4809 11617
4808 11618
4807 11619
4806 11620
4805 11621
4804 11622
4803 11623
4802 11624
4801 9158
4800 9159
4799 9160
4798 9161
4797 9162
4796 9163
4795 9164
4794 9165
4793 9166
4792 9167
4791 9168
4790 9169
4789 9170
4788 9133
4787 9134
4786 9135
4785 9136
4784 9137
4783 9138
4782 7704
4781 7705
4780 7706
4779 7707
4778 7708
4777 7709
4776 7710
4775 7711
4774 7712
4773 7713
4772 7714
4771 7715
4770 7716
4769 7717
4768 7718
4767 7719
4766 7720
4765 7721
4764 7722
4763 7723
4762 7724
4761 10274
4760 10275
4759 10276
4758 10277
4757 10278
4756 10279
4755 10280
4754 10281
4753 10282
4752 10283
4751 10284
4750 10285
4749 10286
4748 10287
4747 10288
4746 10143
4745 10144
4744 10145
4743 10146
4742 10147
4741 10148
4740 10149
4739 10150
4738 10938
4737 10939
4736 10940
4735 10941
4734 10942
4733 10943
4732 10944
4731 10945
4730 10575
4729 10576
4728 10577
4727 10578
4726 10579
4725 10580
4724 10581
4723 10582
4722 10583
4721 10584
4720 10585
4719 10586
4718 10587
4717 10588
4716 10589
4715 10590
4714 10591
4713 10592
4712 10593
4711 10594
4710 10595
4709 10596
4708 10597
4707 10598
4706 10599
4705 10600
4704 9591
4703 9592
4702 9593
4701 9594
4700 9595
4699 9596
4698 9597
4697 9798
4696 9799
4695 9800
4694 9801
4693 9802
4692 9803
4691 9804
4690 9805
4689 9806
4688 9807
4687 9808
4686 9809
4685 9810
4684 9811
4683 9812
4682 9813
4681 9814
4680 9815
4679 9816
4678 9817
4677 9818
4676 9819
4675 9820
4674 9821
4673 9822
4672 9823
4671 9824
4670 9825
4669 9826
4668 9827
4667 8007
4666 8008
4665 8009
4664 8010
4663 8011
4662 8012
4661 8013
4660 7128
4659 7129
4658 7130
4657 7131
4656 7132
4655 7133
4652 13135
4651 13136
4650 13137
4649 13138
4648 13139
4647 13140
4646 13141
4645 13142
4644 13143
4643 13144
4642 13145
4641 13146
4640 13147
4639 13239
4638 13240
4637 13241
4636 13242
4635 13243
4634 13244
4633 13245
4632 13246
4631 13247
4630 13248
4629 13249
4628 13250
4627 9420
4626 9421
4625 9422
4624 9423
4623 9424
4622 9425
4621 9426
4620 9427
4619 9428
4618 10401
4617 10402
4616 10403
4615 10404
4614 10405
4613 10406
4612 10407
4611 10408
4610 10409
4609 10410
4608 10411
4607 10412
4606 10413
4605 10414
4604 10415
4603 10416
4602 10417
4601 10418
4600 10419
4599 10420
4598 10421
4597 10422
4596 10423
4595 10424
4594 10425
4593 10426
4592 10427
4591 10428
4590 10429
4589 10430
4588 10431
4587 10432
4586 10433
4585 10434
4584 10435
4583 10436
4582 10437
4581 10438
4580 10439
4579 10440
4578 10441
4577 10442
4576 10443
4575 10444
4574 10445
4573 10919
4572 10920
4571 10921
4570 10922
4569 10923
4568 10924
4567 10925
4566 10926
4565 10927
4564 10928
4563 10929
4562 10930
4561 10931
4560 10932
4559 10933
4558 10934
4557 10935
4556 10936
4555 10937
4554 10151
4553 10152
4552 10153
4551 10154
4550 10155
4549 10156
4548 10157
4547 10158
4546 10159
4545 10069
4544 10070
4543 10071
4542 10072
4541 10073
4540 10074
4539 10075
4538 10076
4537 10077
4536 10078
4535 10079
4534 10266
4533 10267
4532 10268
4531 10269
4530 10270
4529 10271
4528 10272
4527 10273
4526 7725
4525 7726
4524 7727
4523 7728
4522 7729
4521 7730
4520 7731
4519 7732
4518 7733
4517 7734
4516 7735
4515 7736
4514 7737
4513 7821
4512 7822
4511 7823
4510 7824
4509 7825
4508 7826
4507 7827
4506 7828
4505 7829
4504 7830
4503 7831
4502 7832
4501 7833
4500 9027
4499 9028
4498 9029
4497 9030
4496 9031
4495 9032
4494 9033
4493 9034
4492 9272
4491 9273
4490 9274
4489 9275
4488 9276
4487 9277
4486 9278
4485 9279
4484 9280
4483 9281
4482 9282
4481 11575
4480 11576
4479 11577
4478 11578
4477 11579
4476 11580
4475 11581
4474 11582
4473 11583
4472 11584
4471 11585
4470 11586
4469 11587
4468 11588
4467 11589
4466 11590
4465 11591
4464 11592
4463 11593
4462 11594
4461 11595
4460 11596
4459 11597
4458 11598
4457 11599
4456 11600
4455 11601
4454 11602
4453 11603
4452 11402
4451 11403
4450 11404
4449 11405
4448 11406
4447 11407
4446 11408
4445 11409
4444 11410
4443 11411
4442 11412
4441 11413
4440 11414
4439 11415
4438 11416
4437 7333
4436 7334
4435 7335
4434 7336
4433 7337
4432 7338
4431 7339
4430 7340
4429 11957
4428 11958
4427 11959
4426 11960
4425 11961
4424 11962
4423 11963
4422 11964
4421 11965
4420 11966
4419 11967
4418 11968
4417 11969
4416 11970
4415 11971
4414 11972
4413 12911
4412 12912
4411 12913
4410 12914
4409 12915
4408 12916
4407 12917
4406 12918
4405 12919
4404 12920
4403 12921
4402 12922
4401 12923
4400 7162
4399 7163
4398 7164
4397 7165
4396 7166
4395 7167
4394 7168
4393 7169
4392 7170
4391 7171
4390 7172
4389 7173
4388 7174
4387 7175
4386 7176
4385 7177
4384 7178
4383 7179
4382 7180
4381 7181
4380 7182
4379 7183
4378 7184
4377 7185
4376 7936
4375 7937
4374 7938
4373 7939
4372 7940
4371 7941
4370 7942
4369 7943
4368 7944
4367 7945
4366 7946
4365 7947
4364 12552
4363 12553
4362 12554
4361 12555
4360 12556
4359 12557
4358 12558
4357 12559
4356 12560
4355 12561
4354 12562
4353 12563
4352 12564
4351 12565
4350 12566
4349 12567
4348 12568
4347 12569
4346 12570
4345 7217
4344 7218
4343 7219
4342 7220
4341 7221
4340 7222
4339 7223
4338 7224
4337 7225
4336 7226
4335 7227
4334 7228
4333 7229
4332 7230
4331 7231
4330 7232
4329 7233
4328 7234
4327 7235
4326 7279
4325 7280
4324 7281
4323 7282
4322 7283
4321 7284
4320 7285
4319 7286
4318 7287
4317 7288
4316 7289
4315 7290
4314 7291
4313 6979
4312 6980
4311 6981
4310 6982
4309 6983
4308 6984
4307 6985
4306 6986
4305 6987
4304 6988
4303 6989
4302 6990
4301 6991
4300 7510
4299 7511
4298 7512
4297 7513
4296 7514
4295 7515
4294 7516
4293 7517
4292 7518
4291 7519
4290 7520
4289 7521
4288 7522
4287 7523
4286 7524
4285 7525
4282 7119
4281 7120
4280 7121
4279 7122
4278 7123
4277 7124
4276 7125
4275 7126
4274 7127
4273 6959
4272 6960
4271 6961
4270 6962
4269 6963
4268 6964
4267 6965
4266 6966
4265 6967
4264 6968
4263 6969
4262 6970
4261 6971
4260 6972
4259 6973
4258 6974
4257 6975
4256 6976
4255 6977
4254 6978
4253 7292
4252 7293
4251 7294
4250 7295
4249 7296
4248 7297
4247 7298
4246 7299
4245 7300
4244 7301
4243 7302
4242 7303
4241 7304
4240 7305
4239 7306
4238 7307
4237 7254
4236 7255
4235 7256
4234 7257
4233 7258
4232 7259
4231 7260
4230 7261
4229 7262
4228 7263
4227 7264
4226 7265
4225 7266
4224 7267
4223 7268
4222 7269
4221 12571
4220 12572
4219 12573
4218 12574
4217 12575
4216 12576
4215 12577
4214 12578
4213 12579
4212 12580
4211 12581
4210 12582
4209 12583
4208 12584
4207 12585
4206 12586
4205 12587
4204 12588
4203 12589
4202 12590
4201 12591
4200 12592
4199 12593
4198 7928
4197 7929
4196 7930
4195 7931
4194 7932
4193 7933
4192 7934
4191 7935
4190 7186
4189 7187
4188 7188
4187 7189
4186 7190
4185 7191
4184 7192
4183 7193
4182 7194
4181 7195
4180 7196
4179 7197
4178 7198
4177 7199
4176 7200
4175 7201
4174 7202
4173 7203
4172 11922
4171 11923
4170 11924
4169 11925
4168 11926
4167 11927
4166 11928
4165 11929
4164 11930
4163 11931
4162 11932
4161 11933
4160 11934
4159 11935
4158 11936
4157 11937
4156 11938
4155 11939
4154 11940
4153 11941
4152 11942
4151 11943
4150 11944
4149 11945
4148 11946
4147 11947
4146 11948
4145 11949
4144 11950
4143 11951
4142 11952
4141 11953
4140 11954
4139 11955
4138 11956
4137 7341
4136 7342
4135 7343
4134 7344
4133 7345
4132 7346
4131 7347
4130 7348
4129 7349
4128 7350
4127 7351
4126 7352
4125 7353
4124 7354
4123 7355
4122 7356
4121 7357
4120 7358
4119 7359
4118 7360
4117 7361
4116 11459
4115 11460
4114 11461
4113 11462
4112 11463
4111 11464
4110 11465
4109 11466
4108 7065
4107 7066
4106 7067
4105 7068
4104 7069
4103 7070
4102 7071
4101 7072
4100 7073
4099 7074
4098 7075
4097 7076
4096 7077
4095 7078
4094 7079
4093 7080
4092 7081
4091 7082
4090 9215
4089 9216
4088 9217
4087 9218
4086 9219
4085 9220
4084 9221
4083 9222
4082 9264
4081 9265
4080 9266
4079 9267
4078 9268
4077 9269
4076 9270
4075 9271
4074 9035
4073 9036
4072 9037
4071 9038
4070 9039
4069 9040
4068 9041
4067 9042
4066 9043
4065 9044
4064 9045
4063 9046
4062 9047
4061 7813
4060 7814
4059 7815
4058 7816
4057 7817
4056 7818
4055 7819
4054 7820
4053 7738
4052 7739
4051 7740
4050 7741
4049 7742
4048 7743
4047 7744
4046 7745
4045 7746
4044 7747
4043 7748
4042 10256
4041 10257
4040 10258
4039 10259
4038 10260
4037 10261
4036 10262
4035 10263
4034 10264
4033 10265
4032 10080
4031 10081
4030 10082
4029 10083
4028 10084
4027 10085
4026 10086
4025 10087
4024 10088
4023 10089
4022 10090
4021 10091
4020 10092
4019 10093
4018 10094
4017 10095
4016 10096
4015 10097
4014 10098
4013 10099
4012 10100
4011 10101
4010 10102
4009 10103
4008 10104
4007 10105
4006 10106
4005 10107
4004 10108
4003 10109
4002 10110
4001 10111
4000 10112
3999 10113
3998 10114
3997 10115
3996 10116
3995 10117
3994 10118
3993 10619
3992 10620
3991 10621
3990 10622
3989 10623
3988 10624
3987 10625
3986 10626
3985 10627
3984 10628
3983 10629
3982 10630
3981 10631
3980 9566
3979 9567
3978 9568
3977 9569
3976 9570
3975 9571
3974 9572
3973 9573
3972 9574
3971 9575
3970 9576
3969 9577
3968 9578
3967 9579
3966 9580
3965 9581
3964 9582
3963 9583
3962 10387
3961 10388
3960 10389
3959 10390
3958 10391
3957 10392
3956 10393
3955 10394
3954 10395
3953 10396
3952 10397
3951 10398
3950 10399
3949 10400
3948 9429
3947 9430
3946 9431
3945 9432
3944 9433
3943 9434
3942 9435
3941 13225
3940 13226
3939 13227
3938 13228
3937 13229
3936 13230
3935 13231
3934 13232
3933 13233
3932 13234
3931 13235
3930 13236
3929 13237
3928 13238
3927 13148
3926 13149
3925 13150
3924 13151
3923 13152
3922 13153
3921 13154
3920 13155
3919 13156
3918 13157
3917 13158
3916 13159
3915 13160
3912 7138
3911 7139
3910 7140
3909 7141
3908 7142
3907 7143
3906 8014
3905 8015
3904 8016
3903 8017
3902 8018
3901 8019
3900 8020
3899 13213
3898 13214
3897 13215
3896 13216
3895 13217
3894 13218
3893 13219
3892 13220
3891 13221
3890 13222
3889 13223
3888 13224
3887 9436
3886 9437
3885 9438
3884 9439
3883 9440
3882 9441
3881 9442
3880 9443
3879 9444
3878 10378
3877 10379
3876 10380
3875 10381
3874 10382
3873 10383
3872 10384
3871 10385
3870 10386
3869 9584
3868 9585
3867 9586
3866 9587
3865 9588
3864 9589
3863 9590
3862 10601
3861 10602
3860 10603
3859 10604
3858 10605
3857 10606
3856 10607
3855 10608
3854 10609
3853 10610
3852 10611
3851 10612
3850 10613
3849 10614
3848 10615
3847 10616
3846 10617
3845 10618
3844 10119
3843 10120
3842 10121
3841 10122
3840 10123
3839 10124
3838 10125
3837 10126
3836 10127
3835 10128
3834 10129
3833 10130
3832 10131
3831 10132
3830 10133
3829 10134
3828 10135
3827 10136
3826 10137
3825 10138
3824 10139
3823 10140
3822 10141
3821 10142
3820 10289
3819 10290
3818 10291
3817 10292
3816 10293
3815 10294
3814 10295
3813 10296
3812 10297
3811 10298
3810 10299
3809 10300
3808 10301
3807 10302
3806 10303
3805 9106
3804 9107
3803 9108
3802 9109
3801 9110
3800 9111
3799 9112
3798 9113
3797 9114
3796 9115
3795 9116
3794 9117
3793 9118
3792 9119
3791 9120
3790 9121
3789 9122
3788 9123
3787 9124
3786 9125
3785 9126
3784 9127
3783 9128
3782 9129
3781 9130
3780 9131
3779 9132
3778 9171
3777 9172
3776 9173
3775 9174
3774 9175
3773 9176
3772 9177
3771 9178
3770 9179
3769 9180
3768 9181
3767 9182
3766 9183
3765 9184
3764 9185
3763 9186
3762 7052
3761 7053
3760 7054
3759 7055
3758 7056
3757 7057
3756 7058
3755 7059
3754 7060
3753 7061
3752 7062
3751 7063
3750 7064
3749 11467
3748 11468
3747 11469
3746 11470
3745 11471
3744 11472
3743 11473
3742 11474
3741 6660
3740 6661
3739 6662
3738 6663
3737 6664
3736 6665
3735 6666
3734 6667
3733 6668
3732 6669
3731 7410
3730 7411
3729 7412
3728 7413
3727 7414
3726 7415
3725 7416
3724 7417
3723 7418
3722 7419
3721 7420
3720 7421
3719 7422
3718 7423
3717 7424
3716 7425
3715 7426
3714 7427
3713 7428
3712 7429
3711 7430
3710 11909
3709 11910
3708 11911
3707 11912
3706 11913
3705 11914
3704 11915
3703 11916
3702 11917
3701 11918
3700 11919
3699 11920
3698 11921
3697 7204
3696 7205
3695 7206
3694 7207
3693 7208
3692 7209
3691 7210
3690 7211
3689 7212
3688 7213
3687 7214
3686 7215
3685 7216
3684 12729
3683 12730
3682 12731
3681 12732
3680 12733
3679 12734
3678 12735
3677 12736
3676 12737
3675 12738
3674 12739
3673 12740
3672 12741
3671 12742
3670 12743
3669 12744
3668 8216
3667 8217
3666 8218
3665 8219
3664 8220
3663 8221
3662 8222
3661 8223
3660 8224
3659 8225
3658 8226
3657 8227
3656 8228
3655 8229
3654 8230
3653 8231
3652 7247
3651 7248
3650 7249
3649 7250
3648 7251
3647 7252
3646 7253
3645 7308
3644 7309
3643 7310
3642 7311
3641 7312
3640 7313
3639 7314
3638 7315
3637 7316
3636 7317
3635 7318
3634 7319
3633 8318
3632 8319
3631 8320
3630 8321
3629 8322
3628 8323
3627 8324
3626 7031
3625 7032
3624 7033
3623 7034
3622 7035
3621 7036
3620 7037
3619 7038
3618 7039
3617 7040
3616 7041
3615 7042
3614 7043
3613 7044
3612 7045
3611 7046
3610 7047
3609 7048
3608 7049
3607 7050
3606 7051
3603 6822
3602 6823
3601 6824
3600 6825
3599 6826
3598 6827
3597 6828
3596 6829
3595 6830
3594 6831
3593 6832
3592 6833
3591 6834
3590 7023
3589 7024
3588 7025
3587 7026
3586 7027
3585 7028
3584 7029
3583 7030
3582 8325
3581 8326
3580 8327
3579 8328
3578 8329
3577 8330
3576 8331
3575 8332
3574 8333
3573 8334
3572 8335
3571 8336
3570 8337
3569 6731
3568 6732
3567 6733
3566 6734
3565 6735
3564 6736
3563 6737
3562 6738
3561 6739
3560 6740
3559 6711
3558 6712
3557 6713
3556 6714
3555 6715
3554 6716
3553 6717
3552 6718
3551 6719
3550 8206
3549 8207
3548 8208
3547 8209
3546 8210
3545 8211
3544 8212
3543 8213
3542 8214
3541 8215
3540 12745
3539 12746
3538 12747
3537 12748
3536 12749
3535 12750
3534 12751
3533 12752
3532 12753
3531 12754
3530 12755
3529 12756
3528 12757
3527 12758
3526 12759
3525 12760
3524 12761
3523 12762
3522 12763
3521 12764
3520 12765
3519 12766
3518 12767
3517 6691
3516 6692
3515 6693
3514 6694
3513 6695
3512 6696
3511 6697
3510 6698
3509 6699
3508 6700
3507 11900
3506 11901
3505 11902
3504 11903
3503 11904
3502 11905
3501 11906
3500 11907
3499 11908
3498 7431
3497 7432
3496 7433
3495 7434
3494 7435
3493 7436
3492 7437
3491 7438
3490 7439
3489 7440
3488 7441
3487 7442
3486 7443
3485 7402
3484 7403
3483 7404
3482 7405
3481 7406
3480 7407
3479 7408
3478 7409
3477 6670
3476 6671
3475 6672
3474 6673
3473 6674
3472 6675
3471 6676
3470 6677
3469 6678
3468 6679
3467 11475
3466 11476
3465 11477
3464 11478
3463 11479
3462 11480
3461 11481
3460 11482
3459 11483
3458 11484
3457 11485
3456 7096
3455 7097
3454 7098
3453 7099
3452 7100
3451 7101
3450 7102
3449 7103
3448 7104
3447 7105
3446 9187
3445 9188
3444 9189
3443 9190
3442 9191
3441 9192
3440 9193
3439 9194
3438 9195
3437 9196
3436 9197
3435 9198
3434 9199
3433 9077
3432 9078
3431 9079
3430 9080
3429 9081
3428 9082
3427 9083
3426 9084
3425 9085
3424 9086
3423 9087
3422 9088
3421 9089
3420 9090
3419 9091
3418 9092
3417 9093
3416 9094
3415 9095
3414 9096
3413 9097
3412 9098
3411 9099
3410 9100
3409 9101
3408 9102
3407 9103
3406 9104
3405 9105
3404 10304
3403 10305
3402 10306
3401 10307
3400 10308
3399 10309
3398 10310
3397 10311
3396 10312
3395 10313
3394 10314
3393 10315
3392 10316
3391 10317
3390 10318
3389 10319
3388 10320
3387 10321
3386 10322
3385 10323
3384 10324
3383 10325
3382 10326
3381 10327
3380 10328
3379 10329
3378 10330
3377 10331
3376 10332
3375 10333
3374 10334
3373 10335
3372 10336
3371 10337
3370 10338
3369 10339
3368 10340
3367 10341
3366 10342
3365 10343
3364 10344
3363 10345
3362 10346
3361 10347
3360 10348
3359 10349
3358 10350
3357 10351
3356 10352
3355 10353
3354 10354
3353 10355
3352 10356
3351 10357
3350 10358
3349 10359
3348 10360
3347 10361
3346 10362
3345 10363
3344 10364
3343 10365
3342 10366
3341 10367
3340 10368
3339 10369
3338 10370
3337 10371
3336 10372
3335 10373
3334 10374
3333 10375
3332 10376
3331 10377
3330 9445
3329 9446
3328 9447
3327 9448
3326 9449
3325 9450
3324 9451
3323 9452
3322 9453
3321 9454
3320 9455
3319 9456
3318 9457
3317 13205
3316 13206
3315 13207
3314 13208
3313 13209
3312 13210
3311 13211
3310 13212
3309 8021
3308 8022
3307 8023
3306 8024
3305 8025
3304 8026
3303 8027
3302 8028
3301 8029
3300 8030
3299 8031
3298 8032
3297 8033
3294 6855
3293 6856
3292 6857
3291 6858
3290 6859
3289 6860
3288 6861
3287 6862
3286 6863
3285 6864
3284 6865
3283 6866
3282 6867
3281 6868
3280 6869
3279 13197
3278 13198
3277 13199
3276 13200
3275 13201
3274 13202
3273 13203
3272 13204
3271 9458
3270 9459
3269 9460
3268 9461
3267 9462
3266 9463
3265 9464
3264 9465
3263 9466
3262 9467
3261 9468
3260 9469
3259 9470
3258 9471
3257 9472
3256 9473
3255 9474
3254 9475
3253 9476
3252 9477
3251 9520
3250 9521
3249 9522
3248 9523
3247 9524
3246 9525
3245 9526
3244 9527
3243 9528
3242 9529
3241 9530
3240 9531
3239 9532
3238 9533
3237 9534
3236 9535
3235 9536
3234 9537
3233 9538
3232 9539
3231 9540
3230 9541
3229 9542
3228 9543
3227 9544
3226 9545
3225 6741
3224 6742
3223 6743
3222 6744
3221 6745
3220 6746
3219 6747
3218 6748
3217 6749
3216 6750
3215 10474
3214 10475
3213 10476
3212 10477
3211 10478
3210 10479
3209 10480
3208 10481
3207 10482
3206 10483
3205 10484
3204 10485
3203 10486
3202 10487
3201 10488
3200 10489
3199 10490
3198 10491
3197 10492
3196 10202
3195 10203
3194 10204
3193 10205
3192 10206
3191 10207
3190 10208
3189 10209
3188 10210
3187 10211
3186 10212
3185 10213
3184 10214
3183 10215
3182 10216
3181 10217
3180 10218
3179 10219
3178 10220
3177 10221
3176 10222
3175 10223
3174 10224
3173 10225
3172 10226
3171 10227
3170 10228
3169 10229
3168 10230
3167 10231
3166 10232
3165 10233
3164 10234
3163 10235
3162 7771
3161 7772
3160 7773
3159 7774
3158 7775
3157 7776
3156 7777
3155 7778
3154 7779
3153 7780
3152 7781
3151 7782
3150 7783
3149 7784
3148 7785
3147 7786
3146 7787
3145 7788
3144 7789
3143 7790
3142 9068
3141 9069
3140 9070
3139 9071
3138 9072
3137 9073
3136 9074
3135 9075
3134 9076
3133 9200
3132 9201
3131 9202
3130 9203
3129 9204
3128 9205
3127 9206
3126 9207
3125 9208
3124 9209
3123 9210
3122 9211
3121 9212
3120 9213
3119 9214
3118 7083
3117 7084
3116 7085
3115 7086
3114 7087
3113 7088
3112 7089
3111 7090
3110 7091
3109 7092
3108 7093
3107 7094
3106 7095
3105 11486
3104 11487
3103 11488
3102 11489
3101 11490
3100 11491
3099 11492
3098 11493
3097 11494
3096 11495
3095 11496
3094 11497
3093 11498
3092 11499
3091 11500
3090 11501
3089 7383
3088 7384
3087 7385
3086 7386
3085 7387
3084 7388
3083 7389
3082 7390
3081 7391
3080 7392
3079 7393
3078 7394
3077 7395
3076 7396
3075 7397
3074 7398
3073 7399
3072 7400
3071 7401
3070 7444
3069 7445
3068 7446
3067 7447
3066 7448
3065 7449
3064 7450
3063 7451
3062 7452
3061 11881
3060 11882
3059 11883
3058 11884
3057 11885
3056 11886
3055 11887
3054 11888
3053 11889
3052 11890
3051 11891
3050 11892
3049 11893
3048 11894
3047 11895
3046 11896
3045 11897
3044 11898
3043 11899
3042 6680
3041 6681
3040 6682
3039 6683
3038 6684
3037 6685
3036 6686
3035 6687
3034 6688
3033 6689
3032 6690
3031 12768
3030 12769
3029 12770
3028 12771
3027 12772
3026 12773
3025 12774
3024 12775
3023 12776
3022 12777
3021 12778
3020 12779
3019 12780
3018 12781
3017 12782
3016 6763
3015 6764
3014 6765
3013 6766
3012 6767
3011 6768
3010 6769
3009 6770
3008 6771
3007 6772
3006 6785
3005 6786
3004 6787
3003 6788
3002 6789
3001 6790
3000 6791
2999 6792
2998 6793
2997 8198
2996 8199
2995 8200
2994 8201
2993 8202
2992 8203
2991 8204
2990 8205
2989 6701
2988 6702
2987 6703
2986 6704
2985 6705
2984 6706
2983 6707
2982 6708
2981 6709
2980 6710
2979 6720
2978 6721
2977 6722
2976 6723
2975 6724
2974 6725
2973 6726
2972 6727
2971 6728
2970 6729
2969 6730
2968 8338
2967 8339
2966 8340
2965 8341
2964 8342
2963 8343
2962 8344
2961 8345
2960 8346
2959 8347
2958 8348
2957 8349
2956 8350
2955 8351
2954 8352
2953 7014
2952 7015
2951 7016
2950 7017
2949 7018
2948 7019
2947 7020
2946 7021
2945 7022
2944 6804
2943 6805
2942 6806
2941 6807
2940 6808
2939 6809
2938 6810
2937 6811
2936 6812
2935 6813
2934 6814
2933 6815
2932 6816
2931 6817
2928 6932
2927 6933
2926 6934
2925 6935
2924 6936
2923 6937
2922 6938
2920 2921
2919 6941
2918 6942
2917 6943
2916 6944
2915 6945
2914 6946
2913 6947
2912 6948
2911 6949
2909 2910
2908 7009
2907 7010
2906 7011
2905 7012
2904 7013
2903 8353
2902 8354
2901 8355
2900 8356
2899 8357
2897 2898
2896 8360
2895 8361
2894 8362
2893 8363
2892 8364
2891 8365
2890 8160
2889 8161
2887 2888
2886 8164
2885 8165
2884 8166
2883 8167
2882 8168
2881 8169
2880 8170
2879 8171
2878 8172
2876 2877
2875 8175
2874 8176
2873 8177
2872 8178
2871 8179
2870 8180
2868 2869
2867 8183
2866 8184
2865 8185
2864 8186
2863 8187
2862 8188
2860 2861
2859 8191
2858 8192
2857 8193
2856 8194
2855 8195
2853 2854
2852 6794
2851 6795
2850 6796
2849 6797
2848 6798
2846 2847
2845 6801
2844 6802
2843 6803
2842 6773
2841 6774
2840 6775
2838 2839
2837 6778
2836 6779
2835 6780
2834 6781
2833 6782
2831 2832
2830 12783
2829 12784
2828 12785
2827 12786
2826 12787
2825 12788
2824 12789
2823 12790
2822 12791
2820 2821
2819 12794
2818 12795
2817 12796
2816 12797
2815 12798
2814 12799
2812 2813
2811 12802
2810 12803
2809 12804
2808 12805
2807 12806
2806 12807
2804 2805
2803 12810
2802 12811
2801 12812
2800 12813
2799 12814
2798 12815
2796 2797
2795 12818
2794 12819
2793 12820
2792 12821
2791 12822
2790 12823
2788 2789
2787 12826
2786 12827
2785 11874
2784 11875
2783 11876
2782 11877
2780 2781
2779 11880
2778 7453
2777 7454
2776 7455
2775 7456
2774 7457
2773 7458
2772 7459
2771 7460
2770 7461
2768 2769
2767 7464
2766 7465
2765 7466
2764 7467
2763 7468
2762 7469
2760 2761
2759 7472
2758 7473
2757 7474
2756 7475
2755 7476
2754 7375
2752 2753
2751 7378
2750 7379
2749 7380
2748 7381
2747 7382
2746 11502
2745 11503
2743 2744
2742 11506
2741 11507
2740 11508
2739 11509
2738 11510
2737 11511
2735 2736
2734 11514
2733 11515
2732 11516
2731 11517
2730 11518
2729 11519
2727 2728
2726 11522
2725 11523
2724 11524
2723 11525
2722 11526
2721 11527
2719 2720
2718 11530
2717 11531
2716 11532
2715 11533
2714 11534
2712 2713
2711 9232
2710 9233
2709 9234
2708 9235
2707 9236
2706 9237
2704 2705
2703 9240
2702 9241
2701 9242
2700 9243
2699 9244
2697 2698
2696 9247
2695 9248
2694 9249
2693 9250
2692 9251
2691 9061
2689 2690
2688 9064
2687 9065
2686 9066
2685 9067
2684 7791
2682 2683
2681 7794
2680 7795
2679 7796
2678 7797
2677 7798
2676 7799
2674 2675
2673 7802
2672 7803
2671 7804
2670 7762
2669 7763
2668 7764
2667 7765
2666 7766
2665 7767
2664 7768
2662 2663
2661 10236
2660 10237
2659 10238
2658 10239
2657 10240
2655 2656
2654 10243
2653 10244
2652 10245
2651 10246
2650 10247
2648 2649
2647 6924
2646 6925
2645 6926
2644 6927
2643 6928
2642 6929
2640 2641
2639 10185
2638 10186
2637 10187
2636 10188
2635 10189
2633 2634
2632 10192
2631 10193
2630 10194
2629 10195
2627 2628
2626 10198
2625 10199
2624 10200
2623 10201
2622 10493
2620 2621
2619 10496
2618 10497
2617 10498
2616 10499
2615 10500
2614 10501
2613 10502
2611 2612
2610 10505
2609 10506
2608 10507
2607 10467
2605 2606
2604 10470
2603 10471
2602 10472
2601 10473
2599 2600
2598 6753
2597 6754
2596 6755
2595 6756
2594 6757
2592 2593
2591 6760
2590 6761
2589 6762
2588 9546
2586 2587
2585 9549
2584 9550
2583 9551
2582 9552
2580 2581
2579 9555
2578 9556
2577 9557
2576 6901
2575 6902
2573 2574
2572 6905
2571 6906
2570 6907
2569 6908
2568 6909
2566 2567
2565 9513
2564 9514
2563 9515
2562 9516
2561 9517
2560 9518
2559 9519
2558 9478
2557 9479
2555 2556
2554 9482
2553 9483
2552 9484
2551 9485
2550 9486
2549 9487
2547 2548
2546 9490
2545 9491
2544 6880
2543 6881
2542 6882
2541 6883
2540 6884
2538 2539
2537 6887
2536 6888
2535 6889
2534 13189
2533 13190
2532 13191
2531 13192
2530 13193
2528 2529
2527 13196
2526 6835
2525 6836
2524 6837
2523 6838
2522 6839
2521 6840
2520 6841
2518 2519
2517 6844
2516 6845
2515 6846
2514 6847
2513 6848
2512 6849
2511 6850
2508 13165
2507 13166
2506 13167
2505 13168
2504 13169
2503 13170
2502 13171
2501 13172
2499 2500
2498 13175
2497 13176
2496 13177
2495 13178
2494 13179
2493 13180
2492 13181
2491 13182
2489 2490
2488 13185
2487 13186
2486 13187
2485 13188
2484 6870
2483 6871
2482 6872
2481 6873
2479 2480
2478 6876
2477 6877
2476 6878
2475 6879
2474 9492
2473 9493
2472 9494
2470 2471
2469 9497
2468 9498
2467 9499
2466 9500
2465 9501
2464 9502
2462 2463
2461 9505
2460 9506
2459 9507
2458 9508
2457 9509
2456 9510
2455 9511
2454 9512
2452 2453
2451 6892
2450 6893
2449 6894
2448 6895
2447 6896
2445 2446
2444 6899
2443 6900
2442 9558
2441 9559
2440 9560
2438 2439
2437 9563
2436 9564
2435 9565
2434 10632
2432 2433
2431 10635
2430 10636
2429 10637
2428 10638
2426 2427
2425 10453
2424 10454
2423 10455
2422 10456
2420 2421
2419 10459
2418 10460
2417 10461
2416 10462
2415 10463
2413 2414
2412 10466
2411 10508
2410 10509
2409 10510
2407 2408
2406 10513
2405 10514
2404 10515
2403 10516
2402 10517
2401 10518
2400 10519
2398 2399
2397 10522
2396 10523
2395 10169
2394 10170
2392 2393
2391 10173
2390 10174
2389 10175
2388 10176
2387 10177
2385 2386
2384 10180
2383 10181
2382 10182
2381 10183
2380 10184
2378 2379
2377 6914
2376 6915
2375 6916
2374 6917
2373 6918
2371 2372
2370 6921
2369 10248
2368 10249
2367 10250
2366 10251
2364 2365
2363 10254
2362 10255
2361 7749
2360 7750
2359 7751
2357 2358
2356 7754
2355 7755
2354 7756
2353 7757
2352 7758
2351 7759
2350 7760
2349 7761
2348 7805
2347 7806
2346 7807
2344 2345
2343 7810
2342 7811
2341 7812
2340 9048
2339 9049
2337 2338
2336 9052
2335 9053
2334 9054
2333 9055
2332 9056
2330 2331
2329 9059
2328 9060
2327 9252
2326 9253
2325 9254
2323 2324
2322 9257
2321 9258
2320 9259
2319 9260
2318 9261
2316 2317
2315 9223
2314 9224
2313 9225
2312 9226
2311 9227
2309 2310
2308 9230
2307 9231
2306 11537
2305 11538
2304 11539
2303 11540
2301 2302
2300 11543
2299 11544
2298 11545
2297 11546
2296 11547
2295 11548
2294 11549
2293 11550
2291 2292
2290 11446
2289 11447
2288 11448
2287 11449
2286 11450
2284 2285
2283 11453
2282 11454
2281 11455
2280 11456
2279 11457
2278 11458
2276 2277
2275 7364
2274 7365
2273 7366
2272 7367
2271 7368
2269 2270
2268 7371
2267 7372
2266 7373
2265 7374
2264 7477
2263 7478
2261 2262
2260 7481
2259 7482
2258 7483
2257 7484
2256 7485
2254 2255
2253 7488
2252 7489
2251 7490
2250 7491
2249 11857
2248 11858
2246 2247
2245 11861
2244 11862
2243 11863
2242 11864
2241 11865
2240 11866
2238 2239
2237 11869
2236 11870
2235 11871
2234 11872
2233 11873
2232 12828
2230 2231
2229 12831
2228 12832
2227 12833
2226 12834
2225 12835
2223 2224
2222 12838
2221 12839
2220 12840
2219 12841
2218 12842
2217 12843
2215 2216
2214 12846
2213 12847
2212 12848
2211 12849
2210 12850
2208 2209
2207 12853
2206 7904
2205 7905
2204 7906
2203 7907
2201 2202
2200 7910
2199 7911
2198 7912
2197 7913
2196 7914
2195 7915
2193 2194
2192 7918
2191 7919
2190 7920
2189 7921
2188 7922
2187 7923
2185 2186
2184 7926
2183 7927
2182 12594
2181 12595
2180 12596
2178 2179
2177 12599
2176 12600
2175 12601
2174 12602
2172 2173
2171 12605
2170 12606
2169 12607
2168 12608
2167 12609
2165 2166
2164 12612
2163 12613
2162 12614
2161 12615
2160 12616
2158 2159
2157 12619
2156 12620
2155 12621
2154 12622
2153 12623
2151 2152
2150 12626
2149 12627
2148 12628
2147 12629
2146 12630
2144 2145
2143 8143
2142 8144
2141 8145
2140 8146
2139 8147
2138 8148
2137 8149
2136 8150
2135 8151
2134 8152
2133 8153
2132 8154
2130 2131
2129 8157
2128 8158
2127 8159
2126 8366
2125 8367
2124 8368
2123 8369
2122 8370
2120 2121
2119 8373
2118 8374
2117 8375
2116 8376
2115 8377
2114 8378
2113 7000
2112 7001
2111 7002
2109 2110
2108 7005
2107 7006
2106 6950
2105 6951
2104 6952
2103 6953
2102 6954
2101 6955
2100 6956
2098 2099
2097 7106
2096 7107
2095 7108
2094 7109
2093 7110
2092 7111
2091 7112
2090 7113
2089 7114
2086 7492
2084 2085
2083 7495
2082 7496
2081 7497
2080 7498
2079 7499
2078 7500
2077 7501
2076 7502
2075 7503
2073 2074
2072 7506
2071 7507
2070 7508
2069 7509
2068 6992
2067 6993
2066 6994
2065 6995
2064 6996
2062 2063
2061 6999
2060 8379
2059 8380
2058 8381
2057 8382
2056 8383
2055 8384
2054 8385
2052 2053
2051 8388
2050 8389
2049 8390
2048 8391
2047 8392
2046 8393
2045 8394
2044 8395
2042 2043
2041 8131
2040 8132
2039 8133
2038 8134
2037 8135
2036 8136
2035 8137
2034 8138
2032 2033
2031 8141
2030 8142
2029 12633
2028 12634
2027 12635
2025 2026
2024 12638
2023 12639
2022 12640
2021 12641
2020 12642
2018 2019
2017 12645
2016 12646
2015 12647
2014 12648
2012 2013
2011 12651
2010 12652
2009 12653
2008 12654
2007 12655
2005 2006
2004 12658
2003 12659
2002 12545
2001 12546
1999 2000
1998 12549
1997 12550
1996 12551
1995 7948
1993 1994
1992 7951
1991 7952
1990 7953
1989 7954
1988 7955
1986 1987
1985 7958
1984 7959
1983 7960
1982 7961
1981 7962
1980 7963
1979 7891
1978 7892
1977 7893
1975 1976
1974 7896
1973 7897
1972 7898
1971 7899
1970 7900
1968 1969
1967 7903
1966 12854
1965 12855
1964 12856
1963 12857
1961 1962
1960 12860
1959 12861
1958 12862
1957 12863
1956 12864
1954 1955
1953 12867
1952 12868
1951 12869
1950 12870
1948 1949
1947 12873
1946 12874
1945 12875
1944 12876
1943 12877
1941 1942
1940 12880
1939 11842
1938 11843
1937 11844
1936 11845
1934 1935
1933 11848
1932 11849
1931 11850
1930 11851
1929 11852
1928 11853
1927 11854
1926 11855
1925 11856
1924 7320
1922 1923
1921 7323
1920 7324
1919 7325
1918 7326
1917 7327
1915 1916
1914 7330
1913 7331
1912 7332
1911 11417
1910 11418
1908 1909
1907 11421
1906 11422
1905 11423
1904 11424
1903 11425
1901 1902
1900 11428
1899 11429
1898 11430
1897 11431
1896 11432
1894 1895
1893 11435
1892 11436
1891 11437
1890 11438
1888 1889
1887 11441
1886 11442
1885 11443
1884 11444
1883 11445
1881 1882
1880 11555
1879 11556
1878 11557
1877 11558
1876 11559
1875 11560
1874 11561
1873 11562
1872 11563
1871 11564
1870 11565
1868 1869
1867 11568
1866 11569
1865 11570
1864 11571
1863 11572
1861 1862
1860 9283
1859 9284
1858 9285
1857 9286
1855 1856
1854 9289
1853 9290
1852 9291
1851 9292
1850 9293
1848 1849
1847 9296
1846 9297
1845 9020
1844 9021
1843 9022
1841 1842
1840 9025
1839 9026
1838 7834
1837 7835
1836 7836
1834 1835
1833 7839
1832 7840
1831 7841
1830 7842
1829 7843
1827 1828
1826 7846
1825 7847
1824 7651
1823 7652
1822 7653
1821 7654
1820 7655
1819 7656
1818 7657
1817 7658
1816 7659
1814 1815
1813 10042
1812 10043
1811 10044
1810 10045
1809 10046
1807 1808
1806 10049
1805 10050
1804 10051
1803 10052
1802 10053
1800 1801
1799 10056
1798 10057
1797 10058
1796 10059
1794 1795
1793 10062
1792 10063
1791 10064
1790 10065
1789 10066
1787 1788
1786 10160
1785 10161
1784 10162
1783 10163
1782 10164
1780 1781
1779 10167
1778 10168
1777 10524
1776 10525
1774 1775
1773 10528
1772 10529
1771 10530
1770 10531
1769 10532
1768 10533
1767 10534
1765 1766
1764 10537
1763 10538
1762 10539
1761 10912
1760 10913
1758 1759
1757 10916
1756 10917
1755 10918
1754 10446
1752 1753
1751 10449
1750 10450
1749 10451
1748 10452
1746 1747
1745 10643
1744 10644
1743 10645
1742 10646
1740 1741
1739 10649
1738 10650
1737 10651
1736 10652
1734 1735
1733 10655
1732 10656
1731 10657
1730 10658
1729 10659
1727 1728
1726 10662
1725 10663
1724 10664
1723 10665
1722 10666
1720 1721
1719 9669
1718 9670
1717 9671
1716 9672
1715 9673
1714 9674
1713 9675
1711 1712
1710 9678
1709 9679
1708 9680
1707 9681
1706 9682
1705 9683
1703 1704
1702 9686
1701 9687
1700 9688
1699 9689
1698 9413
1697 9414
1696 9415
1695 9416
1693 1694
1692 9419
1691 13251
1690 13252
1689 13253
1688 13254
1687 13255
1686 13256
1684 1685
1683 13259
1682 13260
1681 13261
1680 13262
1679 13263
1678 13264
1677 13118
1676 13119
1675 13120
1673 1674
1672 13123
1671 13124
1670 13125
1669 13126
1668 13127
1667 13128
1666 13129
1665 13130
1662 13105
1661 13106
1660 13107
1659 13108
1658 13109
1657 13110
1656 13111
1655 13112
1653 1654
1652 13115
1651 13116
1650 13117
1649 13265
1648 13266
1647 13267
1646 13268
1645 13269
1644 13270
1642 1643
1641 13273
1640 13274
1639 9402
1638 9403
1637 9404
1636 9405
1635 9406
1634 9407
1632 1633
1631 9410
1630 9411
1629 9412
1628 9690
1627 9691
1626 9692
1625 9693
1623 1624
1622 9696
1621 9697
1620 9698
1619 9699
1618 9700
1617 9701
1616 9660
1614 1615
1613 9663
1612 9664
1611 9665
1610 9666
1609 9667
1608 9668
1606 1607
1605 10671
1604 10672
1603 10673
1602 10674
1601 10675
1599 1600
1598 10678
1597 10679
1596 10680
1595 10681
1593 1594
1592 10684
1591 10886
1590 10887
1589 10888
1588 10889
1586 1587
1585 10892
1584 10893
1583 10894
1582 10895
1580 1581
1579 10898
1578 10899
1577 10900
1576 10901
1574 1575
1573 10904
1572 10905
1571 10906
1570 10907
1568 1569
1567 10910
1566 10911
1565 10540
1564 10541
1562 1563
1561 10544
1560 10545
1559 10546
1558 10547
1557 10548
1556 10549
1555 10550
1554 8719
1552 1553
1551 8722
1550 8723
1549 8724
1548 8725
1546 1547
1545 8728
1544 8729
1543 8730
1542 8731
1541 8732
1539 1540
1538 8735
1537 8736
1536 8737
1535 8738
1533 1534
1532 8741
1531 8742
1530 8743
1529 8744
1528 10026
1526 1527
1525 10029
1524 10030
1523 10031
1522 10032
1520 1521
1519 10035
1518 10036
1517 10037
1516 10038
1515 10039
1513 1514
1512 7640
1511 7641
1510 7642
1509 7643
1507 1508
1506 7646
1505 7647
1504 7648
1503 7649
1502 7650
1501 7662
1500 7663
1498 1499
1497 7666
1496 7667
1495 7668
1494 7669
1492 1493
1491 9009
1490 9010
1489 9011
1488 9012
1487 9013
1485 1486
1484 9016
1483 9017
1482 9018
1481 9019
1479 1480
1478 9300
1477 9301
1476 9302
1475 9303
1474 9304
1472 1473
1471 9307
1470 9308
1469 9309
1468 11269
1467 11270
1465 1466
1464 11273
1463 11274
1462 11275
1461 11276
1459 1460
1458 11279
1457 11280
1456 11281
1455 11341
1454 11342
1452 1453
1451 11345
1450 11346
1449 11347
1448 11348
1447 11349
1446 11350
1444 1445
1443 11353
1442 11354
1441 11355
1440 11356
1439 11357
1437 1438
1436 11360
1435 11361
1434 11362
1433 11363
1431 1432
1430 11725
1429 11726
1428 11727
1427 11728
1426 11729
1424 1425
1423 11803
1422 11804
1421 11805
1420 11806
1418 1419
1417 11809
1416 11810
1415 11811
1414 11812
1413 11813
1411 1412
1410 11816
1409 11817
1408 11818
1407 11819
1405 1406
1404 11822
1403 11823
1402 11824
1401 11825
1399 1400
1398 11828
1397 11829
1396 11830
1395 11831
1394 11832
1393 11833
1392 11834
1390 1391
1389 11837
1388 11838
1387 11839
1386 11840
1385 11841
1383 1384
1382 12883
1381 12884
1380 12885
1379 12886
1377 1378
1376 12889
1375 12890
1374 12891
1373 12892
1371 1372
1370 12895
1369 12896
1368 12410
1367 12411
1366 12412
1364 1365
1363 12415
1362 12416
1361 12417
1360 12418
1358 1359
1357 12421
1356 12422
1355 12423
1354 12424
1353 12425
1351 1352
1350 7884
1349 7885
1348 7886
1347 7887
1345 1346
1344 7890
1343 7848
1342 7849
1341 7850
1340 7851
1339 7852
1338 7853
1336 1337
1335 7856
1334 7857
1333 7858
1332 7859
1330 1331
1329 12536
1328 12537
1327 12538
1326 12539
1324 1325
1323 12542
1322 12543
1321 12544
1320 12660
1318 1319
1317 12663
1316 12664
1315 12665
1314 12666
1312 1313
1311 12669
1310 12670
1309 12671
1308 12672
1306 1307
1305 8103
1304 8104
1303 8105
1302 8106
1301 8107
1299 1300
1298 8110
1297 8111
1296 8112
1295 8113
1293 1294
1292 8116
1291 8117
1290 8118
1289 8119
1288 8120
1287 8121
1286 8122
1285 8123
1284 8124
1283 8125
1282 8126
1280 1281
1279 8396
1278 8397
1277 8398
1276 8399
1275 8400
1274 8401
1273 8402
1271 1272
1270 8648
1269 8649
1268 8650
1267 8651
1266 8652
1265 8653
1264 8654
1262 1263
1261 8657
1260 8658
1259 8659
1258 8660
1257 8661
1256 8662
1255 8663
1254 8664
1252 1253
1251 8667
1250 8668
1249 8669
1248 8670
1247 8671
1246 8672
1245 8673
1244 8674
1243 8675
1241 1242
1240 8678
1239 8679
1238 8680
1237 8681
1234 7606
1233 7607
1232 7608
1231 7609
1230 7610
1229 7611
1227 1228
1226 7614
1225 7615
1224 7616
1223 7617
1222 7618
1221 7619
1220 7620
1219 7621
1218 7622
1216 1217
1215 8861
1214 8862
1213 8863
1212 8864
1211 8865
1210 8866
1209 8867
1207 1208
1206 8483
1205 8484
1204 8485
1203 8486
1202 8487
1201 8488
1200 8489
1198 1199
1197 8492
1196 8493
1195 8494
1194 8495
1193 8496
1192 8497
1190 1191
1189 8500
1188 8501
1187 8502
1186 8503
1185 8504
1184 8505
1183 8506
1182 8507
1180 1181
1179 8510
1178 8511
1177 8512
1176 8513
1174 1175
1173 8841
1172 8842
1171 8843
1170 8844
1169 8845
1167 1168
1166 8848
1165 12284
1164 12285
1162 1163
1161 12288
1160 12289
1159 12290
1158 12291
1156 1157
1155 12521
1154 12522
1153 12523
1152 12524
1150 1151
1149 12527
1148 12528
1147 12529
1146 12530
1144 1145
1143 12533
1142 12534
1141 12535
1139 1140
1138 7864
1137 7865
1136 7866
1135 7867
1133 1134
1132 7870
1131 7871
1130 7872
1129 7873
1128 7874
1126 1127
1125 7877
1124 7878
1123 7879
1122 7880
1120 1121
1119 7883
1118 12428
1117 12429
1116 12430
1114 1115
1113 12433
1112 12434
1111 12435
1110 12436
1108 1109
1107 12439
1106 12440
1105 12441
1104 12442
1102 1103
1101 8819
1100 8820
1099 8821
1098 8822
1096 1097
1095 8825
1094 8826
1093 8827
1092 8828
1090 1091
1089 8800
1088 8801
1087 8802
1086 8803
1084 1085
1083 8806
1082 8807
1081 12106
1080 12107
1078 1079
1077 12110
1076 12111
1075 12112
1074 12113
1073 12114
1071 1072
1070 12117
1069 12118
1068 12119
1067 12120
1065 1066
1064 12123
1063 12124
1062 12125
1061 12126
1059 1060
1058 11789
1057 11790
1056 11791
1055 11792
1053 1054
1052 11795
1051 11796
1050 11797
1049 11798
1047 1048
1046 11801
1045 11802
1044 11732
1043 11733
1041 1042
1040 11736
1039 11737
1038 11738
1037 11739
1035 1036
1034 11742
1033 11743
1032 11744
1031 11745
1029 1030
1028 11677
1027 11678
1026 11679
1025 11680
1023 1024
1022 11683
1021 11684
1020 11333
1019 11334
1018 11335
1017 11336
1016 11337
1015 11338
1013 1014
1012 11282
1011 11283
1010 11284
1009 11285
1008 11286
1006 1007
1005 11289
1004 11290
1003 11291
1002 11292
1000 1001
999 11295
998 11296
997 8777
996 8778
994 995
993 8781
992 8782
991 8783
990 8784
989 8785
987 988
986 11138
985 11139
984 11140
983 11141
981 982
980 11144
979 11145
978 11146
977 11147
975 976
974 11150
973 11151
972 11152
971 11153
969 970
968 11077
967 11078
966 11079
965 11080
964 11081
963 11082
962 11083
961 11084
959 960
958 11087
957 11088
956 11089
955 10010
953 954
952 10013
951 10014
950 10015
949 10016
947 948
946 10019
945 10020
944 10021
943 10022
942 10023
940 941
939 8682
938 8683
937 8684
936 8685
934 935
933 8688
932 9980
931 9981
930 9982
928 929
927 9985
926 9986
925 9987
924 10838
923 10839
921 922
920 10842
919 10843
918 10844
917 10845
915 916
914 10848
913 10849
912 10850
911 10851
910 10852
909 10853
908 10854
907 10855
905 906
904 10858
903 10859
902 10860
901 10861
899 900
898 10864
897 10865
896 10866
895 10867
894 10868
892 893
891 10871
890 10872
889 10873
888 10874
886 887
885 10877
884 10878
883 10879
882 10880
880 881
879 10883
878 10884
877 10885
876 10685
874 875
873 10688
872 10689
871 10690
870 10691
868 869
867 10694
866 10695
865 10696
864 10697
863 10698
861 862
860 10701
859 10702
858 10703
857 10704
856 10705
855 10706
853 854
852 10709
851 10710
850 8756
849 8757
848 8758
847 8759
845 846
844 8762
843 8763
842 8764
841 8765
840 8766
839 9373
838 9374
836 837
835 9377
834 9378
833 9379
832 13295
831 13296
830 13297
829 13298
828 13299
826 827
825 13302
824 13303
823 13304
822 13305
821 13306
820 13307
819 13308
818 13058
817 13059
815 816
814 13062
813 13063
812 13064
811 13065
810 13066
809 13067
808 13068
807 13069
806 13070
803 13045
802 13046
801 13047
800 13048
799 13049
798 13050
797 13051
796 13052
795 13053
793 794
792 13056
791 13057
790 13309
789 13310
788 13311
787 13312
786 13313
785 13314
784 13315
782 783
781 13318
780 9362
779 9363
778 9364
777 9365
776 9366
775 9367
774 9368
773 9369
771 772
770 9372
769 8745
768 8746
767 8747
766 8748
765 8749
764 8750
762 763
761 8753
760 8754
759 8755
758 10711
757 10712
756 10713
755 10714
754 10715
753 10716
752 10717
751 10718
750 10719
748 749
747 10722
746 10723
745 10724
744 10725
743 10726
741 742
740 10729
739 10730
738 10731
737 10732
735 736
734 10735
733 10736
732 10737
731 10738
729 730
728 10741
727 10742
726 10743
725 10744
723 724
722 10747
721 10748
720 10749
719 10750
717 718
716 10753
715 10754
714 10755
713 10756
711 712
710 10759
709 10760
708 10815
707 10816
705 706
704 10819
703 10820
702 10821
701 10822
700 10823
699 10824
698 10825
697 10826
696 10827
694 695
693 10830
692 10831
691 10832
690 10833
688 689
687 10836
686 10837
685 9872
684 9873
682 683
681 9876
680 9877
679 9878
678 9879
677 9880
675 676
674 9883
673 9884
672 9885
671 9886
669 670
668 9889
667 9890
666 9998
665 9999
663 664
662 10002
661 10003
660 10004
659 10005
657 658
656 10008
655 10009
654 11026
653 11027
651 652
650 11030
649 11031
648 11032
647 11033
646 11034
645 11090
644 11091
643 11092
641 642
640 11095
639 11096
638 11097
637 11098
635 636
634 11126
633 11127
632 11128
631 11129
629 630
628 11132
627 11133
626 11134
625 11135
623 624
622 8767
621 8768
620 8769
619 8770
617 618
616 8773
615 8774
614 8775
613 8776
611 612
610 11299
609 11300
608 11301
607 11302
606 11303
604 605
603 11306
602 11307
601 11308
600 11309
598 599
597 11312
596 11313
595 11314
594 11315
592 593
591 11666
590 11667
589 11668
588 11669
587 11670
585 586
584 11673
583 11674
582 11675
581 11676
579 580
578 11198
577 11199
576 11200
574 575
573 11203
572 11763
571 11764
570 11765
568 569
567 11768
566 11769
565 11770
564 11771
562 563
561 11774
560 11775
559 11776
558 11777
556 557
555 11780
554 11781
553 11782
551 552
550 11785
549 11786
548 12127
547 12128
545 546
544 12131
543 12132
542 12133
541 12134
539 540
538 12137
537 12138
536 12097
535 12098
534 12099
533 12100
531 532
530 12103
529 12104
528 12105
527 8788
525 526
524 8791
523 8792
522 8793
521 8794
519 520
518 8797
517 8808
516 8809
514 515
513 8812
512 8813
511 8814
510 8815
508 509
507 8818
506 12445
505 12446
504 12447
502 503
501 12450
500 12451
499 12452
497 498
496 12231
495 12232
494 12233
493 12234
491 492
490 12237
489 12238
488 12239
487 12240
485 486
484 12243
483 12244
482 12245
481 12246
480 12247
479 12248
478 12249
477 12250
475 476
474 12253
473 12254
472 12255
470 471
469 12258
468 12259
467 12260
466 12261
464 465
463 12264
462 12265
461 12266
459 460
458 12269
457 12270
456 12271
454 455
453 12274
452 12275
451 12276
450 12277
448 449
447 12280
446 12281
445 12282
444 12283
442 443
441 8831
440 8832
439 8833
437 438
436 8836
435 8837
434 8838
433 8514
431 432
430 8517
429 8518
428 8519
427 8520
426 8521
425 12999
424 13000
423 13001
422 13002
421 13003
419 420
418 13006
417 13007
416 13008
415 13009
414 8470
413 8471
411 412
410 8474
409 8475
408 8476
407 8477
406 8478
405 8479
403 404
402 8482
401 8849
400 8850
399 8851
398 8852
397 8853
396 8854
395 8855
393 394
392 8858
391 7623
390 7624
389 7625
388 7626
387 7627
386 7628
384 385
383 7631
382 7632
381 7633
380 7634
379 7635
378 7636
377 7637
376 7638
375 7639
372 13024
371 13025
370 13026
369 13027
368 13028
367 13029
366 13030
365 13031
364 13032
363 8443
362 8444
361 8445
360 8446
359 8447
358 8448
357 8449
356 8450
355 8451
354 8452
353 8453
352 8454
351 8455
350 8456
349 8457
348 8458
347 8459
346 8460
345 8461
344 8462
343 8463
342 8464
341 8465
340 8466
339 8467
338 8468
337 8469
336 13010
335 13011
334 13012
333 13013
332 13014
331 13015
330 13016
329 13017
328 13018
327 13019
326 8522
325 8523
324 8524
323 8525
322 8526
321 8527
320 8528
319 8529
318 8530
317 8531
316 8532
315 8533
314 8534
312 313
311 8537
310 8538
309 8539
308 8540
307 8541
306 8542
305 8543
304 8544
303 8545
302 8546
301 8547
300 8548
299 8549
298 8550
297 8551
296 8552
295 8553
294 8554
293 8555
292 8556
291 8557
290 8558
289 9344
288 9345
287 9346
286 9347
285 9348
284 9349
283 9350
282 9351
281 9352
280 9353
279 9354
278 12215
277 12216
276 12217
275 12218
274 12219
273 12220
272 12221
271 12222
270 12223
269 12224
268 12225
267 12226
266 12227
265 12228
264 12453
263 12454
262 12455
261 12456
260 12457
258 259
257 12460
256 12461
255 12462
254 12463
253 12464
252 12465
251 12466
250 12078
249 12079
248 12080
247 12081
246 12082
245 12083
244 12084
243 12085
242 12086
241 12087
240 12088
239 12089
238 12090
237 12091
236 12092
235 12093
234 12094
233 12095
232 12096
231 12139
230 12140
229 12141
228 12142
227 12143
226 12144
225 12145
224 12146
223 12147
222 12148
221 12149
220 12150
219 12151
218 12152
216 217
215 11748
214 11749
213 11750
212 11751
211 11752
210 11753
209 11754
208 11755
207 11756
206 11757
205 11758
204 11759
203 11760
202 11761
201 11762
200 11204
199 11205
198 11206
197 11207
196 11208
195 11209
194 11210
193 11654
192 11655
191 11656
190 11657
189 11658
188 11659
187 11660
186 11661
185 11662
184 11663
183 11316
181 182
180 11319
179 11320
178 11321
177 11322
176 8942
175 8943
174 8944
173 8945
172 8946
171 8947
170 8948
169 8949
168 8950
167 8951
166 8952
165 8953
164 8954
163 11110
162 11111
161 11112
160 11113
159 11114
158 11115
157 11116
156 11117
155 11118
154 11119
153 11120
152 11121
151 11122
150 11123
149 11124
148 11125
147 11101
146 11102
145 11103
144 11104
143 11105
142 11106
141 11107
140 11108
139 11109
138 11035
137 11036
136 11037
135 11038
134 11039
133 11040
132 11041
131 11042
130 9988
129 9989
128 9990
127 9991
126 9992
125 9993
124 9994
123 9995
122 9996
121 9997
120 9891
119 9892
118 9893
117 9894
116 9895
115 9896
114 9897
113 9898
112 9899
111 9900
110 9901
109 9902
108 9903
107 9904
106 9905
105 9906
104 9907
103 9908
102 9951
101 9952
100 9953
99 9954
98 9955
97 9956
96 9957
95 9958
94 9959
93 9960
92 10807
91 10808
90 10809
89 10810
88 10811
87 10812
86 10813
85 10814
84 10761
83 10762
82 10763
81 10764
80 10765
79 10766
78 10767
77 8882
76 8883
75 8884
74 8885
73 8886
72 8887
71 8888
70 8889
69 8890
68 8891
67 8892
66 8893
65 8894
64 8895
63 8896
62 8897
61 8898
60 8899
59 8900
58 8901
57 8902
56 8903
55 8904
54 8905
53 8906
52 8907
51 8908
50 9726
49 9727
48 9728
47 9729
46 9730
45 9731
44 9732
43 9733
42 9734
41 9735
40 9736
39 9737
38 9738
37 9739
36 9740
35 9741
34 9742
33 9743
32 9744
31 9745
30 9746
29 9747
28 9355
27 9356
26 9357
25 9358
24 9359
23 9360
22 9361
21 13319
20 13320
19 13321
18 13322
17 13323
16 13324
15 13325
14 13326
13 13327
12 13328
11 13329
10 13330
9 13331
8 13332
7 13333
6 13334
5 13335
4 13336
3 13337
2 13338
1 13339
