6658 9467
6657 9468
6656 9469
6655 9470
6654 9471
6653 9472
6652 9473
6651 9474
6650 9475
6649 9476
6648 9477
6647 9478
6646 9479
6645 9480
6644 9481
6643 10246
6642 10247
6641 10248
6640 10249
6639 10250
6638 10251
6637 10252
6636 10253
6635 10254
6634 10255
6633 9905
6632 9906
6631 9907
6630 9908
6629 9909
6628 9910
6627 9911
6626 9912
6625 9913
6624 9643
6623 9644
6622 9645
6621 9646
6620 9647
6619 9648
6618 9649
6617 9650
6616 9651
6615 9652
6614 9653
6613 9654
6612 9655
6611 9656
6610 9657
6609 9658
6608 9659
6607 9660
6606 9661
6605 9662
6604 9663
6603 9664
6602 9665
6601 9666
6600 9667
6599 9668
6598 9669
6597 9670
6596 9671
6595 9672
6594 9673
6593 9674
6592 9675
6591 9676
6590 11078
6589 11079
6588 11080
6587 11081
6586 11082
6585 11083
6584 11084
6583 11085
6582 11086
6581 11087
6580 11088
6579 11089
6578 11090
6577 11091
6576 11092
6575 11093
6574 11094
6573 11095
6572 11096
6571 11097
6570 11098
6569 10390
6568 10391
6567 10392
6566 10393
6565 10394
6564 10395
6563 10396
6562 10397
6561 10398
6560 10399
6559 10400
6558 10401
6557 10402
6556 10403
6555 10404
6554 10405
6553 10406
6552 10407
6551 8640
6550 8641
6549 8642
6548 8643
6547 8644
6546 8645
6545 8646
6544 8647
6543 8648
6542 8649
6541 8650
6540 11478
6539 11479
6538 11480
6537 11481
6536 11482
6535 11483
6534 11484
6533 11485
6532 11486
6531 11487
6530 11488
6529 11489
6528 11490
6527 11491
6526 11492
6525 11493
6524 11494
6523 11495
6522 11496
6521 11497
6520 11498
6519 11499
6518 11500
6517 11501
6516 10280
6515 10281
6514 10282
6513 10283
6512 10284
6511 10285
6510 10286
6509 10287
6508 10288
6507 10289
6506 10290
6505 10291
6504 10292
6503 10293
6502 10294
6501 10295
6500 10296
6499 10297
6498 12343
6497 12344
6496 12345
6495 12346
6494 12347
6493 12348
6492 12349
6491 12350
6490 12351
6489 12352
6488 12353
6487 12354
6486 12355
6485 12356
6484 12357
6483 12358
6482 12359
6481 12360
6480 12361
6479 12362
6478 12363
6477 12364
6476 12365
6475 12366
6474 12367
6473 12368
6472 12369
6471 12370
6470 12371
6469 12372
6468 12373
6467 12374
6466 12375
6465 12376
6464 12250
6463 12251
6462 12252
6461 12253
6460 12254
6459 12255
6458 12256
6457 12257
6456 12258
6455 12417
6454 12418
6453 12419
6452 12420
6451 12421
6450 12422
6449 12423
6448 12424
6447 12425
6446 12426
6445 12427
6444 12428
6443 10318
6442 10319
6441 10320
6440 10321
6439 10322
6438 10323
6437 10324
6436 10325
6435 10326
6434 10327
6433 12453
6432 12454
6431 12455
6430 12456
6429 12457
6428 12458
6427 12459
6426 12460
6425 12461
6424 8731
6423 8732
6422 8733
6421 8734
6420 8735
6419 8736
6418 8737
6417 8738
6416 8739
6415 8740
6414 8741
6413 8753
6412 8754
6411 8755
6410 8756
6409 8757
6408 8758
6407 8759
6406 8760
6405 8761
6404 8762
6403 8773
6402 8774
6401 8775
6400 8776
6399 8777
6398 8778
6397 8779
6396 8780
6395 8781
6394 8782
6393 8783
6392 13007
6391 13008
6390 13009
6389 13010
6388 13011
6387 13012
6386 13013
6385 13014
6384 13015
6383 13016
6382 13017
6381 12727
6380 12728
6379 12729
6378 12730
6377 12731
6376 12732
6375 12733
6374 12734
6373 12735
6372 12736
6371 12692
6370 12693
6369 12694
6368 12695
6367 12696
6366 12697
6365 12698
6364 12699
6363 12700
6362 12701
6361 12702
6360 12703
6359 12660
6358 12661
6357 12662
6356 12663
6355 12664
6354 12665
6353 12666
6352 12667
6351 12668
6350 12669
6349 8809
6348 8810
6347 8811
6346 8812
6345 8813
6344 8814
6343 8815
6342 8816
6341 8817
6340 8818
6339 8819
6338 8820
6337 8821
6336 8822
6333 8795
6332 8796
6331 8797
6330 8798
6329 8799
6328 8800
6327 8801
6326 8802
6325 8803
6324 8804
6323 8805
6322 8806
6321 8807
6320 8808
6319 12670
6318 12671
6317 12672
6316 12673
6315 12674
6314 12675
6313 12676
6312 12677
6311 12678
6310 12679
6309 12680
6308 12681
6307 12682
6306 12683
6305 12684
6304 12685
6303 12686
6302 12687
6301 12688
6300 12689
6299 12690
6298 12691
6297 12737
6296 12738
6295 12739
6294 12740
6293 12741
6292 12742
6291 12743
6290 12744
6289 12745
6288 12746
6287 12747
6286 12748
6285 12999
6284 13000
6283 13001
6282 13002
6281 13003
6280 13004
6279 13005
6278 13006
6277 8784
6276 8785
6275 8786
6274 8787
6273 8788
6272 8789
6271 8790
6270 8791
6269 8792
6268 8793
6267 8794
6266 8763
6265 8764
6264 8765
6263 8766
6262 8767
6261 8768
6260 8769
6259 8770
6258 8771
6257 8772
6256 8742
6255 8743
6254 8744
6253 8745
6252 8746
6251 8747
6250 8748
6249 8749
6248 8750
6247 8751
6246 8752
6245 12462
6244 12463
6243 12464
6242 12465
6241 12466
6240 12467
6239 12468
6238 12469
6237 12470
6236 12471
6235 12472
6234 12473
6233 12474
6232 12475
6231 12476
6230 8661
6229 8662
6228 8663
6227 8664
6226 8665
6225 8666
6224 8667
6223 12408
6222 12409
6221 12410
6220 12411
6219 12412
6218 12413
6217 12414
6216 12415
6215 12416
6214 12259
6213 12260
6212 12261
6211 12262
6210 12263
6209 12264
6208 12265
6207 12266
6206 12267
6205 12268
6204 12269
6203 12270
6202 12271
6201 12272
6200 12273
6199 12274
6198 12275
6197 12276
6196 12277
6195 12278
6194 12279
6193 12280
6192 12281
6191 12282
6190 12283
6189 12284
6188 12327
6187 12328
6186 12329
6185 12330
6184 12331
6183 12332
6182 12333
6181 12334
6180 12335
6179 12336
6178 12337
6177 12338
6176 12339
6175 12340
6174 12341
6173 12342
6172 10298
6171 10299
6170 10300
6169 10301
6168 10302
6167 10303
6166 10304
6165 10305
6164 10306
6163 10307
6162 10308
6161 10309
6160 10310
6159 11153
6158 11154
6157 11155
6156 11156
6155 11157
6154 11158
6153 11159
6152 11160
6151 11161
6150 11162
6149 11163
6148 11164
6147 11165
6146 11462
6145 11463
6144 11464
6143 11465
6142 11466
6141 11467
6140 11468
6139 11469
6138 11470
6137 11471
6136 11472
6135 11473
6134 11474
6133 11475
6132 11476
6131 11477
6130 8651
6129 8652
6128 8653
6127 8654
6126 8655
6125 8656
6124 8657
6123 8658
6122 8659
6121 8660
6120 10408
6119 10409
6118 10410
6117 10411
6116 10412
6115 10413
6114 10414
6113 10415
6112 10416
6111 10417
6110 10418
6109 10419
6108 10420
6107 10421
6106 10422
6105 10423
6104 10471
6103 10472
6102 10473
6101 10474
6100 10475
6099 10476
6098 10477
6097 10478
6096 10479
6095 10480
6094 10481
6093 10482
6092 10483
6091 10484
6090 10485
6089 10486
6088 10487
6087 10488
6086 9697
6085 9698
6084 9699
6083 9700
6082 9701
6081 9702
6080 9703
6079 9704
6078 9705
6077 9706
6076 9707
6075 9708
6074 9709
6073 9710
6072 9711
6071 9712
6070 9713
6069 9714
6068 9715
6067 9716
6066 9717
6065 9718
6064 9719
6063 9720
6062 9828
6061 9829
6060 9830
6059 9831
6058 9832
6057 9833
6056 9834
6055 9835
6054 9635
6053 9636
6052 9637
6051 9638
6050 9639
6049 9640
6048 9641
6047 9642
6046 9914
6045 9915
6044 9916
6043 9917
6042 9918
6041 9919
6040 9920
6039 9921
6038 9922
6037 9923
6036 9924
6035 9925
6034 9926
6033 9927
6032 9928
6031 9929
6030 8600
6029 8601
6028 8602
6027 8603
6026 8604
6025 8605
6024 8606
6023 8607
6022 8608
6021 8609
6020 8610
6019 8611
6018 8612
6017 8613
6016 8614
6015 8615
6014 8616
6013 8617
6010 9517
6009 9518
6008 9519
6007 9520
6006 9521
6005 9522
6004 9523
6003 9524
6002 9490
6001 9491
6000 9492
5999 9493
5998 9494
5997 9495
5996 9496
5995 8869
5994 8870
5993 8871
5992 8872
5991 8873
5990 8874
5989 8875
5988 8876
5987 8877
5986 8878
5985 8879
5984 8880
5983 8881
5982 8882
5981 8883
5980 8884
5979 8885
5978 8886
5977 8887
5976 9623
5975 9624
5974 9625
5973 9626
5972 9627
5971 9628
5970 9629
5969 9630
5968 9631
5967 9632
5966 9633
5965 9634
5964 9836
5963 9837
5962 9838
5961 9839
5960 9840
5959 9841
5958 9842
5957 9843
5956 9844
5955 9845
5954 9846
5953 9847
5952 9848
5951 9849
5950 9850
5949 9851
5948 9852
5947 9853
5946 9854
5945 9855
5944 9856
5943 9857
5942 9858
5941 9859
5940 9860
5939 9684
5938 9685
5937 9686
5936 9687
5935 9688
5934 9689
5933 9690
5932 9691
5931 9692
5930 9693
5929 9694
5928 9695
5927 9696
5926 10489
5925 10490
5924 10491
5923 10492
5922 10493
5921 10494
5920 10495
5919 10496
5918 10497
5917 10498
5916 10499
5915 10500
5914 10501
5913 10502
5912 10503
5911 10366
5910 10367
5909 10368
5908 10369
5907 10370
5906 10371
5905 10372
5904 10373
5903 10374
5902 10375
5901 10376
5900 10377
5899 10378
5898 10379
5897 11367
5896 11368
5895 11369
5894 11370
5893 11371
5892 11372
5891 11373
5890 11374
5889 11375
5888 11376
5887 11377
5886 11378
5885 11379
5884 11380
5883 11381
5882 11382
5881 11383
5880 11384
5879 11385
5878 11386
5877 11387
5876 11388
5875 11389
5874 11390
5873 11391
5872 11392
5871 11255
5870 11256
5869 11257
5868 11258
5867 11259
5866 11260
5865 11261
5864 11262
5863 11263
5862 11264
5861 11265
5860 11266
5859 11267
5858 11268
5857 11137
5856 11138
5855 11139
5854 11140
5853 11141
5852 11142
5851 11143
5850 11144
5849 11145
5848 11146
5847 11147
5846 11148
5845 11149
5844 11150
5843 11151
5842 11152
5841 10311
5840 10312
5839 10313
5838 10314
5837 10315
5836 10316
5835 10317
5834 11586
5833 11587
5832 11588
5831 11589
5830 11590
5829 11591
5828 11592
5827 11593
5826 11594
5825 11595
5824 11596
5823 11597
5822 11598
5821 11599
5820 11600
5819 11601
5818 11602
5817 11603
5816 11604
5815 11605
5814 11606
5813 11607
5812 11608
5811 11609
5810 11610
5809 11611
5808 11895
5807 11896
5806 11897
5805 11898
5804 11899
5803 11900
5802 11901
5801 11902
5800 11903
5799 11904
5798 11905
5797 11906
5796 11907
5795 11908
5794 11909
5793 12383
5792 12384
5791 12385
5790 12386
5789 12387
5788 12388
5787 12389
5786 12390
5785 12391
5784 12392
5783 12393
5782 12394
5781 12395
5780 12396
5779 12397
5778 12398
5777 12399
5776 12400
5775 12401
5774 12402
5773 12403
5772 12404
5771 12405
5770 12406
5769 12407
5768 8668
5767 8669
5766 8670
5765 8671
5764 8672
5763 8673
5762 8674
5761 8675
5760 8676
5759 8677
5758 8678
5757 8679
5756 8680
5755 8681
5754 8682
5753 8683
5752 8684
5751 8685
5750 8686
5749 8687
5748 8688
5747 8689
5746 8690
5745 12509
5744 12510
5743 12511
5742 12512
5741 12513
5740 12514
5739 12515
5738 12516
5737 12517
5736 12518
5735 12519
5734 12520
5733 12521
5732 12595
5731 12596
5730 12597
5729 12598
5728 12599
5727 12600
5726 12601
5725 12602
5724 12603
5723 12604
5722 12605
5721 12606
5720 12607
5719 13110
5718 13111
5717 13112
5716 13113
5715 13114
5714 13115
5713 13116
5712 13117
5711 13118
5710 13119
5709 13120
5708 13121
5707 13122
5706 13123
5705 13124
5704 13125
5703 12991
5702 12992
5701 12993
5700 12994
5699 12995
5698 12996
5697 12997
5696 12998
5695 12749
5694 12750
5693 12751
5692 12752
5691 12753
5690 12754
5689 12755
5688 12756
5687 12757
5686 12758
5685 12759
5684 12760
5683 12761
5682 9321
5681 9322
5680 9323
5679 9324
5678 9325
5677 9326
5676 9327
5675 9328
5674 9329
5673 9330
5672 9331
5671 9332
5670 9333
5669 9292
5668 9293
5667 9294
5666 9295
5665 9296
5664 9297
5663 9298
5662 9299
5661 9448
5660 9449
5659 9450
5658 9451
5657 9452
5656 9453
5655 9454
5654 9455
5653 9456
5652 9457
5651 9458
5650 9459
5649 9460
5648 9461
5647 9462
5646 9463
5645 9464
5644 9465
5643 9466
5640 8584
5639 8585
5638 8586
5637 8587
5636 8588
5635 8589
5634 8590
5633 8591
5632 9437
5631 9438
5630 9439
5629 9440
5628 9441
5627 9442
5626 9443
5625 9444
5624 9445
5623 9446
5622 9447
5621 9300
5620 9301
5619 9302
5618 9303
5617 9304
5616 9305
5615 9306
5614 9307
5613 9308
5612 9309
5611 9310
5610 9311
5609 9312
5608 9313
5607 9314
5606 9315
5605 9316
5604 9317
5603 9318
5602 9319
5601 9320
5600 12762
5599 12763
5598 12764
5597 12765
5596 12766
5595 12767
5594 12768
5593 12769
5592 12770
5591 12771
5590 12772
5589 12773
5588 12774
5587 12983
5586 12984
5585 12985
5584 12986
5583 12987
5582 12988
5581 12989
5580 12990
5579 13126
5578 13127
5577 13128
5576 13129
5575 13130
5574 13131
5573 13132
5572 13133
5571 13134
5570 13135
5569 13136
5568 13137
5567 13138
5566 8371
5565 8372
5564 8373
5563 8374
5562 8375
5561 8376
5560 8377
5559 8378
5558 8379
5557 8380
5556 8381
5555 8382
5554 8383
5553 8384
5552 8385
5551 8386
5550 8387
5549 8388
5548 12498
5547 12499
5546 12500
5545 12501
5544 12502
5543 12503
5542 12504
5541 12505
5540 12506
5539 12507
5538 12508
5537 8691
5536 8692
5535 8693
5534 8694
5533 8695
5532 8696
5531 8697
5530 8698
5529 8699
5528 8700
5527 8701
5526 8702
5525 8703
5524 8704
5523 8705
5522 8706
5521 8707
5520 8708
5519 8709
5518 8710
5517 8711
5516 8712
5515 8713
5514 8714
5513 8715
5512 8716
5511 8717
5510 8718
5509 12206
5508 12207
5507 12208
5506 12209
5505 12210
5504 12211
5503 12212
5502 12213
5501 12214
5500 12215
5499 12216
5498 12217
5497 12218
5496 12219
5495 12220
5494 12221
5493 11876
5492 11877
5491 11878
5490 11879
5489 11880
5488 11881
5487 11882
5486 11883
5485 11884
5484 11885
5483 11886
5482 11887
5481 11888
5480 11889
5479 11890
5478 11891
5477 11892
5476 11893
5475 11894
5474 11612
5473 11613
5472 11614
5471 11615
5470 11616
5469 11617
5468 11618
5467 11619
5466 11620
5465 11621
5464 11622
5463 11623
5462 11624
5461 9033
5460 9034
5459 9035
5458 9036
5457 9037
5456 9038
5455 9039
5454 9040
5453 9041
5452 9042
5451 9043
5450 9044
5449 9045
5448 9046
5447 9047
5446 11183
5445 11184
5444 11185
5443 11186
5442 11187
5441 11188
5440 11189
5439 11190
5438 11191
5437 11192
5436 11193
5435 11194
5434 11195
5433 11196
5432 11197
5431 11198
5430 11236
5429 11237
5428 11238
5427 11239
5426 11240
5425 11241
5424 11242
5423 11243
5422 11244
5421 11245
5420 11246
5419 11247
5418 11248
5417 11249
5416 11250
5415 11251
5414 11252
5413 11253
5412 11254
5411 11393
5410 11394
5409 11395
5408 11396
5407 11397
5406 11398
5405 11399
5404 11400
5403 11401
5402 8223
5401 8224
5400 8225
5399 8226
5398 8227
5397 8228
5396 8229
5395 8230
5394 8231
5393 8232
5392 8233
5391 8234
5390 8235
5389 8236
5388 8237
5387 8238
5386 10432
5385 10433
5384 10434
5383 10435
5382 10436
5381 10437
5380 10438
5379 10439
5378 10440
5377 10441
5376 10442
5375 10443
5374 10444
5373 10445
5372 10446
5371 10447
5370 10448
5369 10449
5368 10450
5367 10451
5366 10452
5365 10453
5364 10454
5363 10455
5362 10456
5361 10771
5360 10772
5359 10773
5358 10774
5357 10775
5356 10776
5355 10777
5354 10778
5353 10779
5352 10780
5351 10781
5350 10782
5349 10783
5348 10784
5347 10827
5346 10828
5345 10829
5344 10830
5343 10831
5342 10832
5341 10833
5340 10834
5339 10835
5338 9730
5337 9731
5336 9732
5335 9733
5334 9734
5333 9735
5332 9736
5331 9737
5330 9738
5329 9739
5328 9740
5327 9741
5326 9742
5325 9743
5324 9744
5323 9745
5322 9746
5321 9747
5320 9748
5319 9749
5318 9750
5317 9751
5316 9752
5315 9753
5314 9615
5313 9616
5312 9617
5311 9618
5310 9619
5309 9620
5308 9621
5307 9622
5306 8888
5305 8889
5304 8890
5303 8891
5302 8892
5301 8893
5300 8894
5299 8895
5298 8896
5297 8897
5296 8898
5295 8899
5294 8900
5293 10073
5292 10074
5291 10075
5290 10076
5289 10077
5288 10078
5287 10079
5286 10080
5285 10081
5284 10082
5283 10083
5282 10084
5281 10085
5280 10086
5279 10087
5278 10088
5277 10089
5276 10090
5275 10091
5274 10092
5273 10093
5270 8622
5269 8623
5268 8624
5267 8625
5266 8626
5265 8627
5264 8628
5263 8629
5262 8630
5261 8631
5260 8632
5259 8633
5258 8634
5257 8635
5256 8636
5255 8637
5254 8638
5253 8639
5252 9930
5251 9931
5250 9932
5249 9933
5248 9934
5247 9935
5246 9936
5245 9937
5244 9938
5243 9939
5242 9940
5241 9941
5240 9942
5239 9943
5238 9944
5237 9945
5236 9812
5235 9813
5234 9814
5233 9815
5232 9816
5231 9817
5230 9818
5229 9819
5228 9820
5227 9821
5226 9822
5225 9823
5224 9824
5223 9825
5222 9826
5221 9827
5220 9721
5219 9722
5218 9723
5217 9724
5216 9725
5215 9726
5214 9727
5213 9728
5212 9729
5211 10836
5210 10837
5209 10838
5208 10839
5207 10840
5206 10841
5205 10842
5204 10759
5203 10760
5202 10761
5201 10762
5200 10763
5199 10764
5198 10765
5197 10766
5196 10767
5195 10768
5194 10769
5193 10770
5192 10457
5191 10458
5190 10459
5189 10460
5188 10461
5187 10462
5186 10463
5185 10464
5184 10465
5183 10466
5182 10467
5181 10468
5180 10469
5179 10470
5178 10424
5177 10425
5176 10426
5175 10427
5174 10428
5173 10429
5172 10430
5171 10431
5170 8239
5169 8240
5168 8241
5167 8242
5166 8243
5165 8244
5164 8245
5163 8246
5162 8247
5161 8248
5160 8249
5159 8250
5158 8251
5157 8252
5156 8253
5155 8254
5154 8255
5153 8256
5152 11446
5151 11447
5150 11448
5149 11449
5148 11450
5147 11451
5146 11452
5145 11453
5144 11454
5143 11455
5142 11456
5141 11457
5140 11458
5139 11459
5138 11460
5137 11461
5136 11166
5135 11167
5134 11168
5133 11169
5132 11170
5131 11171
5130 11172
5129 11173
5128 11174
5127 11175
5126 11176
5125 11177
5124 11178
5123 11179
5122 11180
5121 11181
5120 11182
5119 9048
5118 9049
5117 9050
5116 9051
5115 9052
5114 9053
5113 9054
5112 9055
5111 9056
5110 12312
5109 12313
5108 12314
5107 12315
5106 12316
5105 12317
5104 12318
5103 12319
5102 12320
5101 12321
5100 12322
5099 12323
5098 12324
5097 12325
5096 12326
5095 12285
5094 12286
5093 12287
5092 12288
5091 12289
5090 12290
5089 12183
5088 12184
5087 12185
5086 12186
5085 12187
5084 12188
5083 12189
5082 12190
5081 12191
5080 12192
5079 12193
5078 12194
5077 12195
5076 12196
5075 12197
5074 12198
5073 12199
5072 12200
5071 12201
5070 12202
5069 12203
5068 12204
5067 12205
5066 8719
5065 8720
5064 8721
5063 8722
5062 8723
5061 8724
5060 8725
5059 8726
5058 8727
5057 8728
5056 8729
5055 8730
5054 12477
5053 12478
5052 12479
5051 12480
5050 12481
5049 12482
5048 12483
5047 12484
5046 12485
5045 12486
5044 12487
5043 12488
5042 12489
5041 12490
5040 12491
5039 12492
5038 12493
5037 12494
5036 12495
5035 12496
5034 12497
5033 8389
5032 8390
5031 8391
5030 8392
5029 8393
5028 8394
5027 8395
5026 13186
5025 13187
5024 13188
5023 13189
5022 13190
5021 13191
5020 13192
5019 13193
5018 13194
5017 13195
5016 13196
5015 13197
5014 13198
5013 13199
5012 13200
5011 13201
5010 13202
5009 13203
5008 13204
5007 13205
5006 13206
5005 13207
5004 13208
5003 13209
5002 13210
5001 13211
5000 13212
4999 13213
4998 13214
4997 13215
4996 13216
4995 13217
4994 13218
4993 13219
4992 13220
4991 13221
4990 13222
4989 13223
4988 13224
4987 13225
4986 13226
4985 13227
4984 13228
4983 9414
4982 9415
4981 9416
4980 9417
4979 9418
4978 9419
4977 9420
4976 9421
4975 9422
4974 9423
4973 9424
4972 9425
4971 9426
4970 9427
4969 9428
4968 9429
4967 9430
4966 9431
4965 9432
4964 9433
4963 9434
4962 9435
4961 9436
4960 8592
4959 8593
4958 8594
4957 8595
4956 8596
4955 8597
4954 8598
4953 8599
4950 7117
4949 7118
4948 7119
4947 7120
4946 7121
4945 7122
4944 7123
4943 7124
4942 7125
4941 7126
4940 7127
4939 7128
4938 7129
4937 9396
4936 9397
4935 9398
4934 9399
4933 9400
4932 9401
4931 9402
4930 9403
4929 9404
4928 9405
4927 9406
4926 9407
4925 9408
4924 9409
4923 9410
4922 9411
4921 9412
4920 9413
4919 13229
4918 13230
4917 13231
4916 13232
4915 13233
4914 13234
4913 13235
4912 13236
4911 13237
4910 13238
4909 13239
4908 13240
4907 13241
4906 13242
4905 13243
4904 12940
4903 12941
4902 12942
4901 12943
4900 12944
4899 12945
4898 12946
4897 12947
4896 13167
4895 13168
4894 13169
4893 13170
4892 13171
4891 13172
4890 13173
4889 13174
4888 13175
4887 13176
4886 13177
4885 13178
4884 13179
4883 13180
4882 13181
4881 13182
4880 13183
4879 13184
4878 13185
4877 8396
4876 8397
4875 8398
4874 8399
4873 8400
4872 8401
4871 8402
4870 8403
4869 8404
4868 8405
4867 7456
4866 7457
4865 7458
4864 7459
4863 7460
4862 7461
4861 7462
4860 7463
4859 7464
4858 7465
4857 7466
4856 7467
4855 7468
4854 7469
4853 7470
4852 8055
4851 8056
4850 8057
4849 8058
4848 8059
4847 8060
4846 8061
4845 8062
4844 8063
4843 12067
4842 12068
4841 12069
4840 12070
4839 12071
4838 12072
4837 12073
4836 12074
4835 12075
4834 12076
4833 12077
4832 12078
4831 12079
4830 12167
4829 12168
4828 12169
4827 12170
4826 12171
4825 12172
4824 12173
4823 12174
4822 12175
4821 12176
4820 12177
4819 12178
4818 12179
4817 12180
4816 12181
4815 12182
4814 12291
4813 12292
4812 12293
4811 12294
4810 12295
4809 12296
4808 12297
4807 12298
4806 12299
4805 12300
4804 12301
4803 12302
4802 12303
4801 12304
4800 12305
4799 12306
4798 12307
4797 12308
4796 12309
4795 12310
4794 12311
4793 9057
4792 9058
4791 9059
4790 9060
4789 9061
4788 9062
4787 9063
4786 9064
4785 9065
4784 9066
4783 9067
4782 9068
4781 9069
4780 7281
4779 7282
4778 7283
4777 7284
4776 7285
4775 7286
4774 7287
4773 7288
4772 7289
4771 7290
4770 7291
4769 7292
4768 7293
4767 7162
4766 7163
4765 7164
4764 7165
4763 7166
4762 7167
4761 11436
4760 11437
4759 11438
4758 11439
4757 11440
4756 11441
4755 11442
4754 11443
4753 11444
4752 11445
4751 8257
4750 8258
4749 8259
4748 8260
4747 8261
4746 8262
4745 8263
4744 10714
4743 10715
4742 10716
4741 10717
4740 10718
4739 10719
4738 10720
4737 10721
4736 10722
4735 10723
4734 10724
4733 10725
4732 10726
4731 10727
4730 10728
4729 10729
4728 10730
4727 10731
4726 10732
4725 10733
4724 10734
4723 10735
4722 10736
4721 10737
4720 10738
4719 10739
4718 10740
4717 10741
4716 10742
4715 10743
4714 10744
4713 10745
4712 10746
4711 10747
4710 10748
4709 10749
4708 10750
4707 10751
4706 10752
4705 10753
4704 10754
4703 10755
4702 10756
4701 10757
4700 10758
4699 10843
4698 10844
4697 10845
4696 10846
4695 10847
4694 10848
4693 10849
4692 10850
4691 10851
4690 10852
4689 10853
4688 10854
4687 10855
4686 10856
4685 10857
4684 10858
4683 9796
4682 9797
4681 9798
4680 9799
4679 9800
4678 9801
4677 9802
4676 9803
4675 9804
4674 9805
4673 9806
4672 9807
4671 9808
4670 9809
4669 9810
4668 9811
4667 9946
4666 9947
4665 9948
4664 9949
4663 9950
4662 9951
4661 9952
4660 9953
4659 9954
4658 9955
4657 9956
4656 9957
4655 9958
4654 10151
4653 10152
4652 10153
4651 10154
4650 10155
4649 10156
4648 10157
4647 10158
4646 10159
4645 10160
4644 10161
4643 10162
4642 10163
4641 7142
4640 7143
4639 7144
4638 7145
4637 7146
4636 7147
4635 7148
4634 7149
4631 10128
4630 10129
4629 10130
4628 10131
4627 10132
4626 10133
4625 10134
4624 10135
4623 10136
4622 10137
4621 10138
4620 10139
4619 10140
4618 10141
4617 10142
4616 10143
4615 10144
4614 10145
4613 10146
4612 10147
4611 10148
4610 10149
4609 10150
4608 9959
4607 9960
4606 9961
4605 9962
4604 9963
4603 9964
4602 9965
4601 9966
4600 9967
4599 9968
4598 9969
4597 7503
4596 7504
4595 7505
4594 7506
4593 7507
4592 7508
4591 7509
4590 7510
4589 7511
4588 7512
4587 9770
4586 9771
4585 9772
4584 9773
4583 9774
4582 9775
4581 9776
4580 9777
4579 9778
4578 9779
4577 9780
4576 7630
4575 7631
4574 7632
4573 7633
4572 7634
4571 7635
4570 7636
4569 7637
4568 7638
4567 7639
4566 7640
4565 7641
4564 7642
4563 7643
4562 7644
4561 7645
4560 7646
4559 7647
4558 7648
4557 7649
4556 7650
4555 7651
4554 7652
4553 7653
4552 7654
4551 7655
4550 7656
4549 7657
4548 7658
4547 7659
4546 7660
4545 7661
4544 7662
4543 7663
4542 10567
4541 10568
4540 10569
4539 10570
4538 10571
4537 10572
4536 10573
4535 10574
4534 10575
4533 10576
4532 10577
4531 10578
4530 10579
4529 10580
4528 10581
4527 10582
4526 10583
4525 10584
4524 10585
4523 10586
4522 10587
4521 10588
4520 10589
4519 10590
4518 10591
4517 10592
4516 10593
4515 10594
4514 10595
4513 7796
4512 7797
4511 7798
4510 7799
4509 7800
4508 7801
4507 7802
4506 7803
4505 7804
4504 7805
4503 7806
4502 7807
4501 7808
4500 7809
4499 7810
4498 7811
4497 11423
4496 11424
4495 11425
4494 11426
4493 11427
4492 11428
4491 11429
4490 11430
4489 11431
4488 11432
4487 11433
4486 11434
4485 11435
4484 7168
4483 7169
4482 7170
4481 7171
4480 7172
4479 7173
4478 7174
4477 7175
4476 7176
4475 7177
4474 7178
4473 7179
4472 7180
4471 7271
4470 7272
4469 7273
4468 7274
4467 7275
4466 7276
4465 7277
4464 7278
4463 7279
4462 7280
4461 9070
4460 9071
4459 9072
4458 9073
4457 9074
4456 9075
4455 9076
4454 9077
4453 9078
4452 9079
4451 9080
4450 11790
4449 11791
4448 11792
4447 11793
4446 11794
4445 11795
4444 11796
4443 11797
4442 11798
4441 11799
4440 11800
4439 11801
4438 11802
4437 11803
4436 11804
4435 11805
4434 11806
4433 11807
4432 11808
4431 11809
4430 11810
4429 11811
4428 11812
4427 11813
4426 11814
4425 11815
4424 11816
4423 11817
4422 11818
4421 11819
4420 11820
4419 11821
4418 11822
4417 11823
4416 11824
4415 11825
4414 11826
4413 11827
4412 11828
4411 11829
4410 11830
4409 11831
4408 11832
4407 11833
4406 11834
4405 12009
4404 12010
4403 12011
4402 12012
4401 12013
4400 12014
4399 12015
4398 12016
4397 12057
4396 12058
4395 12059
4394 12060
4393 12061
4392 12062
4391 12063
4390 12064
4389 12065
4388 12066
4387 8064
4386 8065
4385 8066
4384 8067
4383 8068
4382 8069
4381 8070
4380 8071
4379 8072
4378 8073
4377 8074
4376 8075
4375 8076
4374 8077
4373 8078
4372 8079
4371 8080
4370 8081
4369 8082
4368 8083
4367 8084
4366 7448
4365 7449
4364 7450
4363 7451
4362 7452
4361 7453
4360 7454
4359 7455
4358 8406
4357 8407
4356 8408
4355 8409
4354 8410
4353 8411
4352 8412
4351 8413
4350 8414
4349 8415
4348 8416
4347 8417
4346 8418
4345 8543
4344 8544
4343 8545
4342 8546
4341 8547
4340 8548
4339 8549
4338 8550
4337 8551
4336 8552
4335 8553
4334 8554
4333 8555
4332 13159
4331 13160
4330 13161
4329 13162
4328 13163
4327 13164
4326 13165
4325 13166
4324 12948
4323 12949
4322 12950
4321 12951
4320 12952
4319 12953
4318 12954
4317 12955
4316 12956
4315 12957
4314 12793
4313 12794
4312 12795
4311 12796
4310 12797
4309 12798
4308 12799
4307 12800
4306 12801
4305 12802
4304 12803
4303 13278
4302 13279
4301 13280
4300 13281
4299 13282
4298 13283
4297 13284
4296 13285
4295 13286
4294 13287
4293 13288
4292 13289
4291 13290
4290 13291
4289 9369
4288 9370
4287 9371
4286 9372
4285 9373
4284 9374
4283 9375
4282 7094
4281 7095
4280 7096
4279 7097
4278 7098
4277 7099
4276 7100
4275 7101
4274 7102
4273 7103
4272 7104
4271 7105
4270 7106
4269 7107
4268 7108
4267 7109
4266 7110
4265 7111
4264 7112
4261 7075
4260 7076
4259 7077
4258 7078
4257 7079
4256 7080
4255 7081
4254 7082
4253 7083
4252 7084
4251 7085
4250 7086
4249 7087
4248 7088
4247 7089
4246 7090
4245 7091
4244 7092
4243 7093
4242 9376
4241 9377
4240 9378
4239 9379
4238 9380
4237 9381
4236 9382
4235 9383
4234 13265
4233 13266
4232 13267
4231 13268
4230 13269
4229 13270
4228 13271
4227 13272
4226 13273
4225 13274
4224 13275
4223 13276
4222 13277
4221 12804
4220 12805
4219 12806
4218 12807
4217 12808
4216 12809
4215 12810
4214 12811
4213 12812
4212 12813
4211 12814
4210 12815
4209 12816
4208 8514
4207 8515
4206 8516
4205 8517
4204 8518
4203 8519
4202 8520
4201 8521
4200 8522
4199 8523
4198 8524
4197 8525
4196 8526
4195 8527
4194 8528
4193 8529
4192 8530
4191 8531
4190 8532
4189 8533
4188 8534
4187 8535
4186 8536
4185 8537
4184 8538
4183 8539
4182 8540
4181 8541
4180 8542
4179 8419
4178 8420
4177 8421
4176 8422
4175 8423
4174 8424
4173 8425
4172 8426
4171 7490
4170 7491
4169 7492
4168 7493
4167 7494
4166 7495
4165 7496
4164 7497
4163 7498
4162 7499
4161 7500
4160 7501
4159 7502
4158 8085
4157 8086
4156 8087
4155 8088
4154 8089
4153 8090
4152 8091
4151 8092
4150 8093
4149 8094
4148 8095
4147 8096
4146 8097
4145 8098
4144 8099
4143 8100
4142 8101
4141 8102
4140 8103
4139 8104
4138 8105
4137 8106
4136 8107
4135 12049
4134 12050
4133 12051
4132 12052
4131 12053
4130 12054
4129 12055
4128 12056
4127 12017
4126 12018
4125 12019
4124 12020
4123 12021
4122 12022
4121 12023
4120 12024
4119 12025
4118 12026
4117 12027
4116 12148
4115 12149
4114 12150
4113 12151
4112 12152
4111 12153
4110 12154
4109 12155
4108 11756
4107 11757
4106 11758
4105 11759
4104 11760
4103 11761
4102 11762
4101 11763
4100 11764
4099 11765
4098 11766
4097 11767
4096 11768
4095 11769
4094 11770
4093 11771
4092 11772
4091 11773
4090 11774
4089 11775
4088 11776
4087 11777
4086 11778
4085 11779
4084 11780
4083 11781
4082 11782
4081 11783
4080 11784
4079 11785
4078 11786
4077 11787
4076 11788
4075 11789
4074 9081
4073 9082
4072 9083
4071 9084
4070 9085
4069 9086
4068 9087
4067 9088
4066 9089
4065 9090
4064 9091
4063 9092
4062 9093
4061 7440
4060 7441
4059 7442
4058 7443
4057 7444
4056 7445
4055 7446
4054 7447
4053 7181
4052 7182
4051 7183
4050 7184
4049 7185
4048 7186
4047 7187
4046 7188
4045 7189
4044 7190
4043 7191
4042 7192
4041 7193
4040 7194
4039 7195
4038 7196
4037 7197
4036 7198
4035 7199
4034 7200
4033 7201
4032 7202
4031 7203
4030 7204
4029 7205
4028 7206
4027 7207
4026 7208
4025 7209
4024 7210
4023 7843
4022 7844
4021 7845
4020 7846
4019 7847
4018 7848
4017 7849
4016 7850
4015 7851
4014 7852
4013 7853
4012 7854
4011 10596
4010 10597
4009 10598
4008 10599
4007 10600
4006 10601
4005 10602
4004 10603
4003 10604
4002 10605
4001 10606
4000 10607
3999 10608
3998 10609
3997 10610
3996 10611
3995 10612
3994 10613
3993 10614
3992 10615
3991 10616
3990 10617
3989 10618
3988 10619
3987 10620
3986 10621
3985 10622
3984 10623
3983 10624
3982 10887
3981 10888
3980 10889
3979 10890
3978 10891
3977 10892
3976 10893
3975 10894
3974 10895
3973 10896
3972 10897
3971 10898
3970 10899
3969 10900
3968 10901
3967 10902
3966 10903
3965 10904
3964 7780
3963 7781
3962 7782
3961 7783
3960 7784
3959 7785
3958 7786
3957 7787
3956 7788
3955 7789
3954 7790
3953 7791
3952 7792
3951 7793
3950 7794
3949 7795
3948 9781
3947 9782
3946 9783
3945 9784
3944 9785
3943 9786
3942 9787
3941 9788
3940 7617
3939 7618
3938 7619
3937 7620
3936 7621
3935 7622
3934 7623
3933 7624
3932 7625
3931 7626
3930 7627
3929 7628
3928 7629
3927 9970
3926 9971
3925 9972
3924 9973
3923 9974
3922 9975
3921 9976
3920 9977
3919 9978
3918 9979
3917 9980
3916 9981
3915 9982
3914 9983
3913 9984
3912 9985
3911 9986
3910 10172
3909 10173
3908 10174
3907 10175
3906 10176
3905 10177
3904 10178
3903 10179
3902 10180
3901 10181
3900 10182
3899 10183
3898 10184
3897 10185
3896 10186
3895 10187
3894 10188
3891 7154
3890 7155
3889 7156
3888 7157
3887 7158
3886 7159
3885 7160
3884 7161
3883 10164
3882 10165
3881 10166
3880 10167
3879 10168
3878 10169
3877 10170
3876 10171
3875 9987
3874 9988
3873 9989
3872 9990
3871 9991
3870 9992
3869 9993
3868 9994
3867 6660
3866 6661
3865 6662
3864 6663
3863 6664
3862 6665
3861 6666
3860 6667
3859 6668
3858 6669
3857 7608
3856 7609
3855 7610
3854 7611
3853 7612
3852 7613
3851 7614
3850 7615
3849 7616
3848 9789
3847 9790
3846 9791
3845 9792
3844 9793
3843 9794
3842 9795
3841 10859
3840 10860
3839 10861
3838 10862
3837 10863
3836 10864
3835 10865
3834 10866
3833 10867
3832 10868
3831 10869
3830 10870
3829 10871
3828 10872
3827 10873
3826 10874
3825 10875
3824 10876
3823 10877
3822 10878
3821 10879
3820 10880
3819 10881
3818 10882
3817 10883
3816 10884
3815 10885
3814 10886
3813 10625
3812 10626
3811 10627
3810 10628
3809 10629
3808 10630
3807 10631
3806 10632
3805 10633
3804 10634
3803 10635
3802 10636
3801 10637
3800 10638
3799 10639
3798 10640
3797 10641
3796 10642
3795 10643
3794 10700
3793 10701
3792 10702
3791 10703
3790 10704
3789 10705
3788 10706
3787 10707
3786 10708
3785 10709
3784 10710
3783 10711
3782 10712
3781 10713
3780 8264
3779 8265
3778 8266
3777 8267
3776 8268
3775 8269
3774 8270
3773 7255
3772 7256
3771 7257
3770 7258
3769 7259
3768 7260
3767 7261
3766 7262
3765 7263
3764 7264
3763 7265
3762 7266
3761 7267
3760 7268
3759 7269
3758 7270
3757 7294
3756 7295
3755 7296
3754 7297
3753 7298
3752 7299
3751 7300
3750 7301
3749 7302
3748 7303
3747 7304
3746 7305
3745 7306
3744 7307
3743 7308
3742 7309
3741 7310
3740 7311
3739 7312
3738 7313
3737 7314
3736 7315
3735 7316
3734 7317
3733 7318
3732 7319
3731 11732
3730 11733
3729 11734
3728 11735
3727 11736
3726 11737
3725 11738
3724 11739
3723 11740
3722 11741
3721 11742
3720 11743
3719 11744
3718 11745
3717 11746
3716 11747
3715 11748
3714 11749
3713 11750
3712 11751
3711 11752
3710 11753
3709 11754
3708 11755
3707 12156
3706 12157
3705 12158
3704 12159
3703 12160
3702 12161
3701 12162
3700 12163
3699 12164
3698 12165
3697 12166
3696 12080
3695 12081
3694 12082
3693 12083
3692 12084
3691 12085
3690 12086
3689 8040
3688 8041
3687 8042
3686 8043
3685 8044
3684 8045
3683 8046
3682 8047
3681 8048
3680 8049
3679 8050
3678 8051
3677 8052
3676 8053
3675 8054
3674 7471
3673 7472
3672 7473
3671 7474
3670 7475
3669 7476
3668 7477
3667 7478
3666 7479
3665 7480
3664 7481
3663 7482
3662 7483
3661 7484
3660 7485
3659 7486
3658 7487
3657 7488
3656 7489
3655 8427
3654 8428
3653 8429
3652 8430
3651 8431
3650 8432
3649 8433
3648 8434
3647 8435
3646 8436
3645 8437
3644 8438
3643 8439
3642 8440
3641 8441
3640 8442
3639 8443
3638 8444
3637 8445
3636 12927
3635 12928
3634 12929
3633 12930
3632 12931
3631 12932
3630 12933
3629 12934
3628 12935
3627 12936
3626 12937
3625 12938
3624 12939
3623 13244
3622 13245
3621 13246
3620 13247
3619 13248
3618 13249
3617 13250
3616 13251
3615 13252
3614 13253
3613 13254
3612 13255
3611 13256
3610 13257
3609 13258
3608 13259
3607 13260
3606 13261
3605 13262
3604 13263
3603 13264
3602 9384
3601 9385
3600 9386
3599 9387
3598 9388
3597 9389
3596 9390
3595 9391
3594 9392
3593 9393
3592 9394
3591 9395
3590 7130
3589 7131
3588 7132
3587 7133
3586 7134
3585 7135
3584 7136
3583 7137
3582 7138
3581 7139
3580 7140
3579 7141
3576 6836
3575 6837
3574 6838
3573 6839
3572 6840
3571 6841
3570 6755
3569 6756
3568 6757
3567 6758
3566 6759
3565 6760
3564 6761
3563 6762
3562 6763
3561 6764
3560 6734
3559 6735
3558 6736
3557 6737
3556 6738
3555 6739
3554 6740
3553 6741
3552 6742
3551 6743
3550 12896
3549 12897
3548 12898
3547 12899
3546 12900
3545 12901
3544 12902
3543 12903
3542 12904
3541 12905
3540 12906
3539 12907
3538 12908
3537 12909
3536 12910
3535 12911
3534 12912
3533 12913
3532 12914
3531 12915
3530 12916
3529 12917
3528 12918
3527 12919
3526 12920
3525 12921
3524 12922
3523 12923
3522 12924
3521 12925
3520 12926
3519 8446
3518 8447
3517 8448
3516 8449
3515 8450
3514 8451
3513 8452
3512 8453
3511 8454
3510 8455
3509 8456
3508 8457
3507 6713
3506 6714
3505 6715
3504 6716
3503 6717
3502 6718
3501 6719
3500 6720
3499 6721
3498 6722
3497 8010
3496 8011
3495 8012
3494 8013
3493 8014
3492 8015
3491 8016
3490 8017
3489 8018
3488 8019
3487 8020
3486 8021
3485 8022
3484 8023
3483 8024
3482 8025
3481 8026
3480 8027
3479 8028
3478 8029
3477 8030
3476 8031
3475 8032
3474 8033
3473 8034
3472 8035
3471 8036
3470 8037
3469 8038
3468 8039
3467 12087
3466 12088
3465 12089
3464 12090
3463 12091
3462 12092
3461 12093
3460 12094
3459 12095
3458 12096
3457 12097
3456 12098
3455 12099
3454 6691
3453 6692
3452 6693
3451 6694
3450 6695
3449 6696
3448 6697
3447 6698
3446 6699
3445 6700
3444 11713
3443 11714
3442 11715
3441 11716
3440 11717
3439 11718
3438 11719
3437 11720
3436 11721
3435 11722
3434 11723
3433 11724
3432 11725
3431 11726
3430 11727
3429 11728
3428 11729
3427 11730
3426 11731
3425 7320
3424 7321
3423 7322
3422 7323
3421 7324
3420 7325
3419 7326
3418 7327
3417 7328
3416 7329
3415 7330
3414 7331
3413 7332
3412 7372
3411 7373
3410 7374
3409 7375
3408 7376
3407 7377
3406 7378
3405 7379
3404 7380
3403 7381
3402 7382
3401 7383
3400 7384
3399 7385
3398 7386
3397 7387
3396 7388
3395 7389
3394 7390
3393 7245
3392 7246
3391 7247
3390 7248
3389 7249
3388 7250
3387 7251
3386 7252
3385 7253
3384 7254
3383 8271
3382 8272
3381 8273
3380 8274
3379 8275
3378 8276
3377 8277
3376 8278
3375 8279
3374 10688
3373 10689
3372 10690
3371 10691
3370 10692
3369 10693
3368 10694
3367 10695
3366 10696
3365 10697
3364 10698
3363 10699
3362 10644
3361 10645
3360 10646
3359 10647
3358 10648
3357 10649
3356 10650
3355 10651
3354 10652
3353 10653
3352 10654
3351 10655
3350 10656
3349 7744
3348 7745
3347 7746
3346 7747
3345 7748
3344 7749
3343 7750
3342 7751
3341 7752
3340 7753
3339 7754
3338 7755
3337 7756
3336 7757
3335 7758
3334 7759
3333 7760
3332 7761
3331 7762
3330 7763
3329 7764
3328 7765
3327 7766
3326 7767
3325 7768
3324 7769
3323 7770
3322 7771
3321 7586
3320 7587
3319 7588
3318 7589
3317 7590
3316 7591
3315 7592
3314 7593
3313 7594
3312 7595
3311 7596
3310 7597
3309 7598
3308 7599
3307 7600
3306 7601
3305 7602
3304 7603
3303 7604
3302 7605
3301 7606
3300 7607
3299 6670
3298 6671
3297 6672
3296 6673
3295 6674
3294 6675
3293 6676
3292 6677
3291 6678
3290 6679
3289 9995
3288 9996
3287 9997
3286 9998
3285 9999
3284 10000
3283 10001
3282 10002
3281 10003
3280 10004
3279 10005
3278 10006
3277 10007
3276 10235
3275 10236
3274 10237
3273 10238
3272 10239
3271 10240
3270 10241
3269 10242
3268 10243
3267 10244
3266 10245
3263 10223
3262 10224
3261 10225
3260 10226
3259 10227
3258 10228
3257 10229
3256 10230
3255 10231
3254 10232
3253 10233
3252 10234
3251 10008
3250 10009
3249 10010
3248 10011
3247 10012
3246 10013
3245 10014
3244 10015
3243 10016
3242 10017
3241 10018
3240 10019
3239 10020
3238 7548
3237 7549
3236 7550
3235 7551
3234 7552
3233 7553
3232 7554
3231 7555
3230 7556
3229 7557
3228 7558
3227 7559
3226 7560
3225 7561
3224 7562
3223 7563
3222 7564
3221 7565
3220 7566
3219 7567
3218 7568
3217 7569
3216 7570
3215 7571
3214 7572
3213 7573
3212 7574
3211 7575
3210 7576
3209 7577
3208 7578
3207 7579
3206 7580
3205 7581
3204 7582
3203 7583
3202 7584
3201 7585
3200 7772
3199 7773
3198 7774
3197 7775
3196 7776
3195 7777
3194 7778
3193 7779
3192 10905
3191 10906
3190 10907
3189 10908
3188 10909
3187 10910
3186 10911
3185 10912
3184 6765
3183 6766
3182 6767
3181 6768
3180 6769
3179 6770
3178 6771
3177 6772
3176 6773
3175 7737
3174 7738
3173 7739
3172 7740
3171 7741
3170 7742
3169 7743
3168 10657
3167 10658
3166 10659
3165 10660
3164 10661
3163 10662
3162 10663
3161 10664
3160 10665
3159 10666
3158 10667
3157 10668
3156 10669
3155 10670
3154 10671
3153 10672
3152 10673
3151 10674
3150 10675
3149 10676
3148 10677
3147 10678
3146 10679
3145 10680
3144 10681
3143 10682
3142 10683
3141 10684
3140 10685
3139 10686
3138 10687
3137 8280
3136 8281
3135 8282
3134 8283
3133 8284
3132 8285
3131 8286
3130 8287
3129 7232
3128 7233
3127 7234
3126 7235
3125 7236
3124 7237
3123 7238
3122 7239
3121 7240
3120 7241
3119 7242
3118 7243
3117 7244
3116 7391
3115 7392
3114 7393
3113 7394
3112 7395
3111 7396
3110 7397
3109 7398
3108 7399
3107 7400
3106 7401
3105 7402
3104 7403
3103 7404
3102 7405
3101 7406
3100 7364
3099 7365
3098 7366
3097 7367
3096 7368
3095 7369
3094 7370
3093 7371
3092 7333
3091 7334
3090 7335
3089 7336
3088 7337
3087 7338
3086 7339
3085 7340
3084 7341
3083 7342
3082 11684
3081 11685
3080 11686
3079 11687
3078 11688
3077 11689
3076 11690
3075 11691
3074 11692
3073 11693
3072 11694
3071 11695
3070 11696
3069 11697
3068 11698
3067 11699
3066 11700
3065 11701
3064 11702
3063 11703
3062 11704
3061 11705
3060 11706
3059 11707
3058 11708
3057 11709
3056 11710
3055 11711
3054 11712
3053 6680
3052 6681
3051 6682
3050 6683
3049 6684
3048 6685
3047 6686
3046 6687
3045 6688
3044 6689
3043 6690
3042 12100
3041 12101
3040 12102
3039 12103
3038 12104
3037 12105
3036 12106
3035 12107
3034 12108
3033 12109
3032 12110
3031 12111
3030 12112
3029 12113
3028 12114
3027 12115
3026 6785
3025 6786
3024 6787
3023 6788
3022 6789
3021 6790
3020 6791
3019 6792
3018 6793
3017 8130
3016 8131
3015 8132
3014 8133
3013 8134
3012 8135
3011 8136
3010 8137
3009 8138
3008 8139
3007 8140
3006 8141
3005 8142
3004 8143
3003 8144
3002 8145
3001 8146
3000 8147
2999 8148
2998 8002
2997 8003
2996 8004
2995 8005
2994 8006
2993 8007
2992 8008
2991 8009
2990 6701
2989 6702
2988 6703
2987 6704
2986 6705
2985 6706
2984 6707
2983 6708
2982 6709
2981 6710
2980 6711
2979 6712
2978 8458
2977 8459
2976 8460
2975 8461
2974 8462
2973 8463
2972 8464
2971 8465
2970 8466
2969 8467
2968 8468
2967 8469
2966 8470
2965 8471
2964 8472
2963 8473
2962 8474
2961 8475
2960 8476
2959 8477
2958 8478
2957 8479
2956 8480
2955 8481
2954 6804
2953 6805
2952 6806
2951 6807
2950 6808
2949 6809
2948 6810
2947 6811
2946 6812
2945 6813
2944 12879
2943 12880
2942 12881
2941 12882
2940 12883
2939 12884
2938 12885
2937 12886
2936 12887
2935 12888
2934 12889
2933 12890
2932 12891
2931 12892
2930 12893
2929 12894
2928 12895
2927 6723
2926 6724
2925 6725
2924 6726
2923 6727
2922 6728
2921 6729
2920 6730
2919 6731
2918 6732
2917 6733
2916 6744
2915 6745
2914 6746
2913 6747
2912 6748
2911 6749
2910 6750
2909 6751
2908 6752
2907 6753
2906 6754
2905 6825
2904 6826
2903 6827
2902 6828
2901 6829
2900 6830
2899 6831
2896 6989
2895 6990
2894 6991
2892 2893
2891 6994
2890 6995
2889 6996
2888 6997
2887 6998
2886 6999
2885 7000
2884 7001
2883 7002
2882 7003
2881 7004
2879 2880
2878 7007
2877 7008
2876 7009
2875 7010
2874 7011
2873 12852
2872 12853
2871 12854
2870 12855
2869 12856
2867 2868
2866 12859
2865 12860
2864 12861
2863 12862
2862 12863
2861 12864
2860 12865
2859 12866
2858 12867
2857 12868
2855 2856
2854 12871
2853 12872
2852 12873
2851 12874
2850 12875
2849 12876
2848 12877
2847 12878
2846 6814
2845 6815
2844 6816
2843 6817
2842 6818
2840 2841
2839 6821
2838 6822
2837 6823
2836 6824
2835 8482
2834 8483
2832 2833
2831 8486
2830 8487
2829 8488
2828 8489
2827 8490
2826 8491
2824 2825
2823 8494
2822 8495
2821 6979
2820 6980
2819 6981
2818 6982
2816 2817
2815 6985
2814 6986
2813 6987
2812 6988
2811 7974
2809 2810
2808 7977
2807 7978
2806 7979
2805 7980
2804 7981
2803 7982
2801 2802
2800 7985
2799 7986
2798 7987
2797 7988
2796 7989
2795 7990
2794 7991
2792 2793
2791 7994
2790 7995
2789 7996
2788 7997
2787 7998
2786 7999
2784 2785
2783 8149
2782 8150
2781 8151
2780 8152
2779 8153
2778 8154
2776 2777
2775 8157
2774 8158
2773 8159
2772 8160
2771 8161
2770 8162
2769 8122
2767 2768
2766 8125
2765 8126
2764 8127
2763 8128
2762 8129
2761 6794
2760 6795
2758 2759
2757 6798
2756 6799
2755 6800
2754 6801
2753 6802
2752 6803
2750 2751
2749 12118
2748 12119
2747 12120
2746 12121
2745 12122
2744 12123
2743 12124
2742 12125
2741 12126
2740 12127
2739 12128
2738 12129
2737 12130
2736 12131
2735 12132
2733 2734
2732 12135
2731 12136
2730 12137
2729 12138
2728 12139
2727 6959
2726 6960
2724 2725
2723 6963
2722 6964
2721 6965
2720 6966
2719 6967
2718 6968
2717 6938
2715 2716
2714 6941
2713 6942
2712 6943
2711 6944
2710 6945
2709 6946
2707 2708
2706 11666
2705 11667
2704 11668
2703 11669
2702 11670
2701 11671
2700 11672
2698 2699
2697 11675
2696 11676
2695 11677
2694 11678
2693 11679
2692 11680
2691 11681
2690 11682
2689 11683
2688 7343
2686 2687
2685 7346
2684 7347
2683 7348
2682 7349
2681 7350
2680 7351
2678 2679
2677 7354
2676 7355
2675 7356
2674 7357
2673 7358
2672 7359
2670 2671
2669 7362
2668 7363
2667 7407
2666 7408
2665 7409
2664 7410
2662 2663
2661 7413
2660 7414
2659 7415
2658 7416
2657 7417
2656 7418
2654 2655
2653 6918
2652 6919
2651 6920
2650 6921
2649 6922
2648 6923
2646 2647
2645 6926
2644 6927
2643 7224
2642 7225
2641 7226
2640 7227
2639 7228
2638 7229
2637 7230
2636 7231
2635 8288
2634 8289
2633 8290
2632 8291
2630 2631
2629 8294
2628 8295
2627 8296
2626 8297
2625 8298
2624 8299
2622 2623
2621 8302
2620 8303
2619 8304
2618 8305
2617 8306
2616 8307
2614 2615
2613 8310
2612 8311
2611 8312
2610 8313
2609 8314
2607 2608
2606 8317
2605 8318
2604 8319
2603 8320
2602 6896
2601 6897
2599 2600
2598 6900
2597 6901
2596 6902
2595 6903
2594 6904
2592 2593
2591 7729
2590 7730
2589 7731
2588 7732
2587 7733
2586 7734
2585 7735
2584 7736
2583 6774
2581 2582
2580 6777
2579 6778
2578 6779
2577 6780
2576 6781
2574 2575
2573 6784
2572 10913
2571 10914
2570 10915
2568 2569
2567 10918
2566 10919
2565 10920
2564 10921
2563 10922
2561 2562
2560 10925
2559 10926
2558 10927
2557 10928
2556 10929
2554 2555
2553 10932
2552 10933
2551 10934
2550 10935
2549 10936
2547 2548
2546 10939
2545 10940
2544 10941
2543 10942
2542 10943
2540 2541
2539 6874
2538 6875
2537 6876
2536 6877
2535 6878
2534 6879
2533 6880
2531 2532
2530 6883
2529 6884
2528 6853
2527 6854
2526 6855
2525 6856
2523 2524
2522 6859
2521 6860
2520 6861
2519 6862
2518 6863
2517 7541
2516 7542
2515 7543
2513 2514
2512 7546
2511 7547
2510 10021
2509 10022
2508 10023
2507 10024
2506 10025
2505 10026
2503 2504
2502 10029
2501 10030
2500 10031
2499 10032
2498 10033
2497 10034
2496 10206
2495 10207
2494 10208
2492 2493
2491 10211
2490 10212
2489 10213
2488 10214
2487 10215
2486 10216
2485 10217
2484 10218
2481 10193
2480 10194
2479 10195
2478 10196
2477 10197
2476 10198
2475 10199
2474 10200
2473 10201
2471 2472
2470 10204
2469 10205
2468 10035
2467 10036
2466 10037
2465 10038
2464 10039
2463 10040
2461 2462
2460 10043
2459 10044
2458 10045
2457 10046
2456 10047
2455 10048
2454 7534
2453 7535
2452 7536
2450 2451
2449 7539
2448 7540
2447 6842
2446 6843
2445 6844
2444 6845
2443 6846
2441 2442
2440 6849
2439 6850
2438 6851
2437 6852
2436 6864
2435 6865
2434 6866
2433 6867
2432 6868
2431 6869
2430 6870
2429 6871
2428 6872
2427 6873
2425 2426
2424 10948
2423 10949
2422 10950
2421 10951
2420 10952
2418 2419
2417 10955
2416 10956
2415 10957
2414 10958
2413 10959
2411 2412
2410 7693
2409 7694
2408 7695
2407 7696
2406 7697
2404 2405
2403 7700
2402 7701
2401 7702
2400 7703
2398 2399
2397 7706
2396 7707
2395 7708
2394 7709
2393 7710
2391 2392
2390 7713
2389 7714
2388 7715
2387 7716
2386 7717
2384 2385
2383 7720
2382 7721
2381 7722
2380 7723
2379 7724
2378 7725
2377 7726
2376 7727
2375 7728
2373 2374
2372 6887
2371 6888
2370 6889
2369 6890
2368 6891
2366 2367
2365 6894
2364 6895
2363 8321
2362 8322
2361 8323
2360 8324
2358 2359
2357 8327
2356 8328
2355 8329
2354 8330
2353 8331
2351 2352
2350 8334
2349 8335
2348 8336
2347 7830
2346 7831
2344 2345
2343 7834
2342 7835
2341 7836
2340 7837
2339 7838
2338 7839
2336 2337
2335 7842
2334 7211
2333 7212
2332 7213
2331 7214
2330 7215
2328 2329
2327 7218
2326 7219
2325 7220
2324 7221
2323 7222
2322 7223
2321 6907
2319 2320
2318 6910
2317 6911
2316 6912
2315 6913
2314 6914
2313 6915
2311 2312
2310 7421
2309 7422
2308 7423
2307 7424
2306 7425
2304 2305
2303 7428
2302 7429
2301 7430
2300 7431
2299 7432
2298 7433
2296 2297
2295 7436
2294 7437
2293 7438
2292 7439
2291 9094
2290 9095
2288 2289
2287 9098
2286 9099
2285 9100
2284 9101
2283 9102
2281 2282
2280 9105
2279 9106
2278 9107
2277 9108
2276 9109
2275 9110
2274 11649
2273 11650
2272 11651
2271 11652
2270 11653
2269 11654
2267 2268
2266 11657
2265 11658
2264 11659
2263 11660
2262 11661
2261 11662
2259 2260
2258 11665
2257 6928
2256 6929
2255 6930
2254 6931
2253 6932
2251 2252
2250 6935
2249 6936
2248 6937
2247 6949
2246 6950
2245 6951
2243 2244
2242 6954
2241 6955
2240 6956
2239 6957
2238 6958
2237 12140
2235 2236
2234 12143
2233 12144
2232 12145
2231 12146
2230 12147
2229 12028
2228 12029
2226 2227
2225 12032
2224 12033
2223 12034
2222 12035
2221 12036
2220 12037
2219 12038
2218 12039
2217 12040
2216 12041
2214 2215
2213 12044
2212 12045
2211 12046
2210 12047
2209 12048
2208 8108
2206 2207
2205 8111
2204 8112
2203 8113
2202 8114
2201 8115
2200 8116
2198 2199
2197 8119
2196 8120
2195 8121
2194 8163
2193 8164
2192 8165
2190 2191
2189 8168
2188 8169
2187 8170
2186 8171
2185 8172
2184 8173
2182 2183
2181 8176
2180 7946
2179 7947
2178 7948
2177 7949
2175 2176
2174 7952
2173 7953
2172 7954
2171 7955
2170 7956
2169 7957
2168 7958
2167 7959
2166 7960
2165 7961
2163 2164
2162 7964
2161 7965
2160 7966
2159 7967
2158 7968
2157 7969
2155 2156
2154 7972
2153 7973
2152 6969
2151 6970
2150 6971
2148 2149
2147 6974
2146 6975
2145 6976
2144 6977
2143 6978
2141 2142
2140 8498
2139 8499
2138 8500
2137 8501
2136 8502
2134 2135
2133 8505
2132 8506
2131 8507
2130 8508
2129 8509
2128 8510
2126 2127
2125 8513
2124 12817
2123 12818
2122 12819
2121 12820
2120 12821
2118 2119
2117 12824
2116 12825
2115 12826
2114 12827
2113 12828
2112 12829
2111 12830
2110 12831
2109 12832
2107 2108
2106 12835
2105 12836
2104 12837
2103 12838
2102 12839
2101 12840
2100 12841
2099 12842
2098 12843
2096 2097
2095 12846
2094 12847
2093 12848
2092 12849
2091 12850
2090 12851
2089 7012
2088 7013
2087 7014
2085 2086
2084 7017
2083 7018
2082 7019
2081 7020
2080 7021
2079 7022
2078 7023
2077 7060
2076 7061
2075 7062
2073 2074
2072 7065
2071 7066
2070 7067
2069 7068
2068 7069
2067 7070
2064 7049
2063 7050
2062 7051
2061 7052
2060 7053
2059 7054
2058 7055
2057 7056
2055 2056
2054 7059
2053 7024
2052 7025
2051 7026
2050 7027
2049 7028
2048 7029
2047 7030
2046 9359
2045 9360
2043 2044
2042 9363
2041 9364
2040 9365
2039 9366
2038 9367
2037 9368
2036 13292
2035 13293
2034 13294
2032 2033
2031 13297
2030 13298
2029 13299
2028 13300
2027 13301
2026 13302
2025 13303
2024 13304
2022 2023
2021 13307
2020 13308
2019 13309
2018 13310
2017 13311
2016 12785
2015 12786
2014 12787
2013 12788
2012 12789
2011 12790
2009 2010
2008 12958
2007 12959
2006 12960
2005 12961
2004 12962
2003 12963
2001 2002
2000 12966
1999 12967
1998 12968
1997 12969
1996 12970
1994 1995
1993 13154
1992 13155
1991 13156
1990 13157
1989 13158
1987 1988
1986 8558
1985 8559
1984 8560
1983 8561
1981 1982
1980 8564
1979 8565
1978 8566
1977 8567
1976 8568
1974 1975
1973 8571
1972 8572
1971 8573
1970 8574
1969 8575
1967 1968
1966 8578
1965 8579
1964 7931
1963 7932
1962 7933
1961 7934
1960 7935
1958 1959
1957 7938
1956 7939
1955 7940
1954 7941
1953 7942
1951 1952
1950 7945
1949 8177
1948 8178
1947 8179
1946 8180
1944 1945
1943 8183
1942 8184
1941 8185
1940 8186
1939 8187
1938 8188
1936 1937
1935 8191
1934 8192
1933 8193
1932 11980
1931 11981
1929 1930
1928 11984
1927 11985
1926 11986
1925 11987
1924 11988
1922 1923
1921 11991
1920 11992
1919 11993
1918 11994
1917 11995
1916 11996
1914 1915
1913 11999
1912 12000
1911 12001
1910 12002
1909 12003
1908 12004
1906 1907
1905 12007
1904 12008
1903 11835
1902 11836
1901 11837
1900 11838
1898 1899
1897 11841
1896 11842
1895 11843
1894 11844
1893 11845
1891 1892
1890 11848
1889 11849
1888 11850
1887 11851
1886 11852
1885 11853
1883 1884
1882 11856
1881 11857
1880 7888
1879 7889
1878 7890
1876 1877
1875 7893
1874 7894
1873 7895
1872 7896
1871 7897
1870 7898
1868 1869
1867 11636
1866 11637
1865 11638
1864 11639
1863 11640
1861 1862
1860 11643
1859 11644
1858 11645
1857 11646
1856 11647
1855 11648
1854 9111
1852 1853
1851 9114
1850 9115
1849 9116
1848 9117
1847 9118
1846 9119
1844 1845
1843 9122
1842 9123
1841 9124
1840 9125
1839 9126
1837 1838
1836 9129
1835 11210
1834 11211
1833 11212
1832 11213
1830 1831
1829 11216
1828 11217
1827 11218
1826 11219
1825 11220
1824 11221
1822 1823
1821 11224
1820 11225
1819 11226
1818 11227
1817 7866
1815 1816
1814 7869
1813 7870
1812 7871
1811 7872
1810 7873
1808 1809
1807 7876
1806 11415
1805 11416
1804 11417
1803 11418
1802 11419
1801 11420
1800 11421
1799 11422
1797 1798
1796 7814
1795 7815
1794 7816
1793 7817
1792 7818
1790 1791
1789 7821
1788 7822
1787 7823
1786 7824
1785 7825
1783 1784
1782 7828
1781 7829
1780 8337
1779 8338
1778 8339
1776 1777
1775 8342
1774 8343
1773 8344
1772 8345
1771 8346
1770 8347
1768 1769
1767 8350
1766 8351
1765 8352
1764 10549
1763 10550
1761 1762
1760 10553
1759 10554
1758 10555
1757 10556
1756 10557
1754 1755
1753 10560
1752 10561
1751 10562
1750 10563
1749 10564
1748 10565
1747 10566
1746 7664
1745 7665
1744 7666
1742 1743
1741 7669
1740 7670
1739 7671
1738 7672
1736 1737
1735 7675
1734 7676
1733 7677
1732 7678
1731 7679
1729 1730
1728 7682
1727 7683
1726 7684
1725 7685
1724 7686
1722 1723
1721 7689
1720 7690
1719 7691
1718 7692
1716 1717
1715 10964
1714 10965
1713 10966
1712 10967
1711 10968
1709 1710
1708 10971
1707 10972
1706 10973
1705 10974
1704 10975
1702 1703
1701 9763
1700 9764
1699 9765
1698 9766
1697 9767
1696 9768
1695 9769
1694 7513
1693 7514
1692 7515
1691 7516
1690 7517
1689 7518
1687 1688
1686 7521
1685 7522
1684 7523
1683 7524
1682 7525
1681 7526
1680 7527
1678 1679
1677 7530
1676 7531
1675 7532
1674 7533
1673 10049
1672 10050
1671 10051
1670 10052
1669 10053
1667 1668
1666 10056
1665 10057
1664 10058
1663 10059
1662 10060
1661 10061
1660 10062
1659 10111
1658 10112
1656 1657
1655 10115
1654 10116
1653 10117
1652 10118
1651 10119
1650 10120
1649 10121
1648 10122
1647 10123
1644 10098
1643 10099
1642 10100
1641 10101
1640 10102
1639 10103
1638 10104
1637 10105
1636 10106
1634 1635
1633 10109
1632 10110
1631 10063
1630 10064
1629 10065
1628 10066
1627 10067
1626 10068
1625 10069
1624 10070
1622 1623
1621 8901
1620 8902
1619 8903
1618 8904
1617 8905
1616 8906
1615 9598
1614 9599
1612 1613
1611 9602
1610 9603
1609 9604
1608 9605
1607 9606
1606 9607
1605 9608
1604 9609
1602 1603
1601 9612
1600 9613
1599 9614
1598 9754
1597 9755
1596 9756
1595 9757
1594 9758
1593 9759
1592 9760
1591 9761
1590 9762
1588 1589
1587 10980
1586 10981
1585 10982
1584 10983
1583 10984
1581 1582
1580 10987
1579 10988
1578 10989
1577 10990
1576 10991
1574 1575
1573 10814
1572 10815
1571 10816
1570 10817
1568 1569
1567 10820
1566 10821
1565 10822
1564 10823
1563 10824
1561 1562
1560 10785
1559 10786
1558 10787
1557 10788
1555 1556
1554 10791
1553 10792
1552 10523
1551 10524
1550 10525
1548 1549
1547 10528
1546 10529
1545 10530
1544 10531
1543 10532
1542 10533
1541 10534
1540 10535
1539 10536
1538 10537
1536 1537
1535 10540
1534 10541
1533 10542
1532 10543
1531 10544
1529 1530
1528 10547
1527 10548
1526 8194
1525 8195
1524 8196
1522 1523
1521 8199
1520 8200
1519 8201
1518 8202
1517 8203
1515 1516
1514 8206
1513 8207
1512 8208
1511 8209
1510 8210
1508 1509
1507 8213
1506 8214
1505 8215
1504 8216
1503 8217
1501 1502
1500 8220
1499 8221
1498 8222
1497 11402
1496 11403
1494 1495
1493 11406
1492 11407
1491 11408
1490 11409
1489 11410
1488 11411
1487 11412
1486 11413
1485 11414
1483 1484
1482 7857
1481 7858
1480 7859
1479 7860
1478 7861
1476 1477
1475 7864
1474 7865
1473 11228
1472 11229
1471 11230
1469 1470
1468 11233
1467 11234
1466 11235
1465 11199
1464 11200
1462 1463
1461 11203
1460 11204
1459 11205
1458 11206
1457 11207
1455 1456
1454 9130
1453 9131
1452 9132
1451 9133
1450 9134
1448 1449
1447 9016
1446 9017
1445 9018
1444 9019
1443 9020
1441 1442
1440 9023
1439 9024
1438 9025
1437 9026
1436 9027
1435 9028
1434 9029
1433 9030
1432 9031
1431 9032
1429 1430
1428 11627
1427 11628
1426 11629
1425 11630
1424 11631
1422 1423
1421 7877
1420 7878
1419 7879
1418 7880
1417 7881
1415 1416
1414 7884
1413 7885
1412 7886
1411 7887
1410 11858
1408 1409
1407 11861
1406 11862
1405 11863
1404 11864
1402 1403
1401 11867
1400 11868
1399 11869
1398 11870
1397 11871
1395 1396
1394 11874
1393 11875
1392 12222
1391 12223
1390 12224
1388 1389
1387 12227
1386 12228
1385 11953
1384 11954
1383 11955
1382 11956
1381 11957
1380 11958
1379 11959
1378 11960
1376 1377
1375 11963
1374 11964
1373 11965
1372 11966
1371 11967
1369 1370
1368 11970
1367 11971
1366 11972
1365 11973
1363 1364
1362 11976
1361 11977
1360 11978
1359 11979
1358 7899
1356 1357
1355 7902
1354 7903
1353 7904
1352 7905
1351 7906
1349 1350
1348 7909
1347 7910
1346 7911
1345 7912
1344 7913
1342 1343
1341 7916
1340 7917
1339 7918
1338 7919
1337 7920
1335 1336
1334 7923
1333 7924
1332 7925
1331 7926
1330 7927
1329 7928
1328 7929
1327 7930
1326 8353
1325 8354
1323 1324
1322 8357
1321 8358
1320 8359
1319 8360
1317 1318
1316 8363
1315 8364
1314 8365
1313 8366
1311 1312
1310 8369
1309 8370
1308 13139
1307 13140
1306 13141
1304 1305
1303 13144
1302 13145
1301 13146
1300 13147
1298 1299
1297 13150
1296 13151
1295 12971
1294 12972
1293 12973
1291 1292
1290 12976
1289 12977
1288 12978
1287 12979
1286 12980
1284 1285
1283 12775
1282 12776
1281 12777
1280 12778
1279 12779
1277 1278
1276 12782
1275 12783
1274 12784
1273 13312
1272 13313
1271 13314
1270 13315
1269 13316
1267 1268
1266 13319
1265 13320
1264 13321
1263 13322
1262 13323
1261 9341
1260 9342
1258 1259
1257 9345
1256 9346
1255 9347
1254 9348
1253 9349
1252 9350
1251 9351
1250 9352
1248 1249
1247 9355
1246 9356
1245 9357
1244 9358
1243 7031
1242 7032
1241 7033
1240 7034
1239 7035
1238 7036
1236 1237
1235 7039
1234 7040
1233 7041
1232 7042
1231 7043
1230 7044
1229 7045
1228 7046
1227 7047
1226 7048
1223 9262
1222 9263
1221 9264
1219 1220
1218 9267
1217 9268
1216 9269
1215 9270
1214 9271
1213 9272
1212 9273
1211 9274
1210 9275
1208 1209
1207 9278
1206 9279
1205 9280
1204 9281
1203 9282
1202 9283
1201 9284
1200 9285
1198 1199
1197 9288
1196 9289
1195 9290
1194 9291
1193 9334
1192 9335
1191 9336
1190 9337
1188 1189
1187 9340
1186 13324
1185 13325
1184 13326
1183 13327
1182 13328
1181 13329
1179 1180
1178 13332
1177 13333
1176 13334
1175 13335
1174 13336
1173 13337
1172 13338
1171 13339
1170 13054
1169 13055
1167 1168
1166 13058
1165 13059
1164 13060
1163 13061
1162 13062
1160 1161
1159 13065
1158 13066
1157 13067
1156 13068
1154 1155
1153 13071
1152 13072
1151 13073
1150 13074
1148 1149
1147 13077
1146 13078
1145 13079
1144 13080
1142 1143
1141 13083
1140 13084
1139 13085
1138 12577
1137 12578
1135 1136
1134 12581
1133 12582
1132 12583
1131 12584
1129 1130
1128 12587
1127 12588
1126 12589
1125 12590
1123 1124
1122 12593
1121 12594
1120 12522
1119 12523
1118 12524
1117 12525
1116 12526
1114 1115
1113 12529
1112 12530
1111 12531
1110 12532
1108 1109
1107 9248
1106 9249
1105 9250
1104 9251
1103 9252
1101 1102
1100 9255
1099 9256
1098 9257
1097 9226
1095 1096
1094 9229
1093 9230
1092 9231
1091 9232
1089 1090
1088 9235
1087 9236
1086 9204
1085 9205
1084 9206
1082 1083
1081 9209
1080 9210
1079 9211
1078 9212
1076 1077
1075 11938
1074 11939
1073 11940
1072 11941
1071 11942
1069 1070
1068 11945
1067 11946
1066 11947
1065 11948
1064 11949
1063 11950
1061 1062
1060 12229
1059 12230
1058 12231
1057 12232
1056 12233
1054 1055
1053 9185
1052 9186
1051 9187
1050 9188
1048 1049
1047 9191
1046 9192
1045 9193
1044 11531
1042 1043
1041 11534
1040 11535
1039 11536
1038 11537
1037 11538
1035 1036
1034 11541
1033 11542
1032 11543
1031 11544
1029 1030
1028 11547
1027 11548
1026 11549
1025 11550
1024 11551
1022 1023
1021 9164
1020 9165
1019 9166
1018 9167
1017 9168
1015 1016
1014 9171
1013 9000
1012 9001
1011 9002
1010 9003
1008 1009
1007 9006
1006 9007
1005 9008
1004 9009
1003 9010
1001 1002
1000 9013
999 9014
998 9015
997 9137
995 996
994 9140
993 9141
992 9142
991 9143
990 9144
988 989
987 9147
986 9148
985 9149
984 9150
983 9151
981 982
980 11130
979 11131
978 11132
977 11133
976 11134
974 975
973 11269
972 11270
971 11271
970 11272
968 969
967 11275
966 11276
965 11277
964 11278
963 11279
961 962
960 11321
959 11322
958 11323
957 11324
956 11325
955 11326
954 11327
953 11328
952 11329
951 11330
949 950
948 11333
947 11334
946 11335
945 11336
944 11337
942 943
941 11340
940 11341
939 8958
938 8959
936 937
935 8962
934 8963
933 8964
932 8965
931 8966
929 930
928 8938
927 8939
926 8940
925 8941
924 8942
922 923
921 8945
920 8946
919 8947
918 10359
917 10360
915 916
914 10363
913 10364
912 10365
911 10504
910 10505
908 909
907 10508
906 10509
905 10510
904 10511
903 10512
902 10513
901 10514
900 10515
899 10516
898 10517
896 897
895 10520
894 10521
893 10522
892 10793
891 10794
889 890
888 10797
887 10798
886 10799
885 10800
883 884
882 10803
881 10804
880 10805
879 10806
878 10807
876 877
875 10810
874 10811
873 10812
872 10813
871 10994
869 870
868 10997
867 10998
866 10999
865 11000
863 864
862 11003
861 11004
860 11005
859 11006
858 11007
856 857
855 8917
854 8918
853 8919
852 8920
851 8921
850 8922
849 8923
848 8924
847 8925
846 8926
845 9582
843 844
842 9585
841 9586
840 9587
839 9588
838 9589
837 9590
836 9591
835 9592
833 834
832 9595
831 9596
830 9597
829 8856
828 8857
827 8858
826 8859
825 8860
824 8861
822 823
821 8864
820 8865
819 8866
818 8867
817 8868
816 9497
815 9498
814 9499
813 9500
811 812
810 9503
809 9504
808 9505
807 9506
806 9507
805 9508
804 9509
803 9510
802 9511
801 9512
798 9537
797 9538
796 9539
795 9540
794 9541
793 9542
792 9543
791 9544
790 9545
789 9546
787 788
786 9549
785 9550
784 9551
783 9552
782 9553
781 9554
780 9555
779 9556
778 9557
777 9558
775 776
774 9561
773 9562
772 9563
771 9564
770 9565
769 9566
768 9567
767 9568
766 9569
764 765
763 9572
762 9573
761 9574
760 9575
759 9576
758 9577
757 9578
755 756
754 9581
753 8907
752 8908
751 8909
750 8910
749 8911
748 8912
747 8913
746 8914
745 8915
744 8916
742 743
741 11012
740 11013
739 11014
738 11015
737 11016
735 736
734 11019
733 11020
732 11021
731 11022
729 730
728 11025
727 11026
726 11027
725 11028
724 11029
722 723
721 11032
720 11033
719 11034
718 11035
716 717
715 11038
714 11039
713 11040
712 11041
711 11042
709 710
708 11045
707 11046
706 11047
705 11048
703 704
702 11051
701 11052
700 11053
699 11054
698 11055
697 11056
696 11057
695 11058
694 11059
693 11060
692 10347
690 691
689 10350
688 10351
687 10352
686 10353
685 10354
683 684
682 10357
681 10358
680 8927
679 8928
678 8929
676 677
675 8932
674 8933
673 8934
672 8935
670 671
669 8948
668 8949
667 8950
666 8951
665 8952
663 664
662 8955
661 8956
660 8957
659 11342
658 11343
656 657
655 11346
654 11347
653 11348
652 11349
650 651
649 11310
648 11311
647 11312
646 11313
645 11314
644 11315
643 11316
642 11317
641 11318
640 11319
639 11320
637 638
636 11284
635 11285
634 11286
633 11287
631 632
630 11114
629 11115
628 11116
627 11117
626 11118
624 625
623 11121
622 11122
621 11123
620 11124
618 619
617 11127
616 8969
615 8970
614 8971
613 8972
611 612
610 8975
609 8976
608 8977
607 8978
605 606
604 8981
603 8982
602 8983
601 8984
600 8985
598 599
597 8988
596 8989
595 8990
594 8991
592 593
591 8994
590 8995
589 8996
588 8997
587 8998
586 8999
585 9152
583 584
582 9155
581 9156
580 9157
579 9158
577 578
576 9161
575 11552
574 11553
573 11554
572 11555
570 571
569 11558
568 11559
567 11518
566 11519
564 565
563 11522
562 11523
561 11524
560 11525
558 559
557 11528
556 11529
555 11530
554 9172
552 553
551 9175
550 9176
549 9177
548 9178
546 547
545 9181
544 9182
543 12234
542 12235
540 541
539 12238
538 12239
537 12240
536 12241
535 12242
534 11926
533 11927
532 11928
531 11929
529 530
528 11932
527 11933
526 11934
525 11935
523 524
522 9194
521 9195
520 9196
519 9197
517 518
516 9200
515 9201
514 9202
513 9203
511 512
510 9217
509 9218
508 9219
507 9220
505 506
504 9223
503 9224
502 9225
501 9237
499 500
498 9240
497 9241
496 9242
495 9243
493 494
492 9246
491 9247
490 12429
489 12430
487 488
486 12433
485 12434
484 12435
483 12535
481 482
480 12538
479 12539
478 12540
477 12541
476 12542
474 475
473 12545
472 12564
471 12565
470 12566
468 469
467 12569
466 12570
465 12571
464 12572
462 463
461 12575
460 12576
459 13086
457 458
456 13089
455 13090
454 13091
453 13092
451 452
450 13095
449 13096
448 13097
447 13034
445 446
444 13037
443 13038
442 13039
441 13040
439 440
438 13043
437 13044
436 13045
435 13046
434 13047
432 433
431 13050
430 13051
429 13052
428 13053
426 427
425 12610
424 12611
423 12612
422 12613
421 12614
420 12615
419 12616
417 418
416 12619
415 12620
414 12621
413 12622
412 12623
411 12624
409 410
408 12627
407 12628
406 12629
405 12630
404 12631
403 12632
402 12633
400 401
399 12636
398 12637
397 12638
396 12639
395 12640
394 12641
393 12642
392 12643
391 12644
389 390
388 8841
387 8842
386 8843
385 8844
384 8845
383 8846
382 8847
381 8848
379 380
378 8851
377 8852
376 8853
375 8854
374 8855
371 8827
370 8828
369 8829
368 8830
367 8831
366 8832
365 8833
364 8834
363 8835
362 8836
361 8837
360 8838
359 8839
358 8840
357 12647
356 12648
355 12649
354 12650
353 12651
352 12652
351 12653
350 12654
349 12655
348 12656
347 12657
346 12658
345 12659
344 12704
343 12705
342 12706
341 12707
340 12708
339 12709
338 12710
337 12711
336 12712
335 12713
334 12714
333 12715
332 12716
331 12717
330 12718
329 12719
328 12720
327 12721
326 12722
325 12723
324 12724
323 12725
322 12726
321 13018
320 13019
319 13020
318 13021
317 13022
316 13023
314 315
313 13026
312 13027
311 13028
310 13029
309 13030
308 13031
307 13032
306 13033
305 13098
304 13099
303 13100
302 13101
301 13102
300 13103
299 13104
298 13105
297 13106
296 13107
295 13108
294 13109
293 12555
292 12556
291 12557
290 12558
289 12559
288 12560
287 12561
286 12562
285 12563
284 12546
283 12547
282 12548
281 12549
280 12550
279 12551
278 12552
277 12553
276 12554
275 12436
274 12437
273 12438
272 12439
271 12440
270 12441
269 12442
268 12443
267 12444
266 12445
265 12446
264 12447
263 12448
262 12449
260 261
259 12452
258 10328
257 10329
256 10330
255 10331
254 10332
253 10333
252 10334
251 10335
250 10336
249 10337
248 10338
247 11910
246 11911
245 11912
244 11913
243 11914
242 11915
241 11916
240 11917
239 11918
238 11919
237 11920
236 11921
235 11922
234 11923
233 11924
232 11925
231 12243
230 12244
229 12245
228 12246
227 12247
226 12248
225 12249
224 12377
223 12378
222 12379
221 12380
220 12381
219 12382
217 218
216 11504
215 11505
214 11506
213 11507
212 11508
211 11509
210 11510
209 11511
208 11512
207 11513
206 11514
205 11515
204 11516
203 11517
202 11560
201 11561
200 11562
199 11563
198 11564
197 11565
196 11566
195 11567
194 11568
193 11569
192 11570
191 11571
190 11572
189 11573
188 11574
187 11575
186 11576
185 11577
184 11578
183 11579
182 11580
181 11581
180 11582
179 11583
178 11584
177 11585
176 10267
175 10268
174 10269
173 10270
172 10271
171 10272
170 10273
169 10274
168 10275
167 10276
166 10277
165 10278
164 10279
163 11099
162 11100
161 11101
160 11102
159 11103
158 11104
157 11105
156 11106
155 11107
154 11108
153 11109
152 11110
151 11111
150 11112
149 11113
148 11290
147 11291
146 11292
145 11293
144 11294
143 11295
142 11296
141 11297
140 11298
139 11299
138 11300
137 11301
136 11302
135 11303
134 11304
133 11305
132 11306
131 11307
130 11350
129 11351
128 11352
127 11353
126 11354
125 11355
124 11356
123 11357
122 11358
121 11359
120 11360
119 11361
118 11362
117 11363
116 11364
115 11365
114 11366
113 10380
112 10381
111 10382
110 10383
109 10384
108 10385
107 10386
106 10387
105 10388
104 10389
103 10339
102 10340
101 10341
100 10342
99 10343
98 10344
97 10345
96 10346
95 11061
94 11062
93 11063
92 11064
91 11065
90 11066
89 11067
88 11068
87 11069
86 11070
85 11071
84 11072
83 11073
82 11074
81 11075
80 11076
79 11077
78 9677
77 9678
76 9679
75 9680
74 9681
73 9682
72 9683
71 9861
70 9862
69 9863
68 9864
67 9865
66 9866
65 9867
64 9868
63 9869
62 9870
61 9871
60 9872
59 9873
58 9874
57 9875
56 9876
55 9877
54 9878
53 9879
52 9880
51 9881
50 9882
49 9883
48 9884
47 9885
46 9886
45 9887
44 9888
43 9889
42 9890
41 9891
40 9892
39 9893
38 9894
37 9895
36 9896
35 9897
34 9898
33 9899
32 9900
31 9901
30 9902
29 9903
28 9904
27 10256
26 10257
25 10258
24 10259
23 10260
22 10261
21 10262
20 10263
19 10264
18 10265
17 10266
16 9482
15 9483
14 9484
13 9485
12 9486
11 9487
10 9488
9 9489
8 9525
7 9526
6 9527
5 9528
4 9529
3 9530
2 9531
1 9532
