9052 12205
9051 12206
9050 12207
9049 12208
9048 12209
9046 9047
9045 10608
9044 10609
9043 10610
9042 10611
9040 9041
9039 10614
9038 10615
9037 10616
9036 10617
9035 10618
9033 9034
9032 10621
9031 10622
9030 9684
9029 9685
9027 9028
9026 9688
9025 9689
9024 9690
9023 9691
9021 9022
9020 9694
9019 9695
9018 9696
9017 9697
9016 9698
9014 9015
9013 10352
9012 10353
9011 10354
9009 9010
9008 10357
9007 10358
9006 10359
9004 9005
9003 10362
9002 10363
9001 10364
8999 9000
8998 10367
8997 10368
8995 8996
8994 10371
8993 10372
8992 10373
8990 8991
8989 10376
8988 10377
8986 8987
8985 12399
8984 12400
8983 12401
8981 8982
8980 12404
8979 12405
8977 8978
8976 12378
8975 12379
8974 12380
8973 12381
8972 12382
8971 12383
8969 8970
8968 9950
8967 9951
8966 9952
8964 8965
8963 9955
8962 9956
8961 9957
8959 8960
8958 9960
8957 9961
8955 8956
8954 9964
8953 9965
8952 9966
8950 8951
8949 9969
8948 9970
8947 9971
8945 8946
8944 9974
8943 9975
8942 9976
8940 8941
8939 9979
8938 9980
8936 8937
8935 9983
8934 9984
8933 9985
8931 8932
8930 9988
8929 9989
8928 12194
8927 12195
8926 12196
8925 12197
8923 8924
8922 12200
8921 12201
8920 12202
8918 8919
8917 12174
8916 12175
8915 12176
8913 8914
8912 12179
8911 12180
8910 12181
8909 12182
8907 8908
8906 10150
8905 10151
8904 10152
8902 8903
8901 10155
8900 10156
8899 10157
8897 8898
8896 10160
8895 10161
8894 10162
8892 8893
8891 10165
8890 10166
8889 17879
8887 8888
8886 17882
8885 17883
8884 17884
8883 17885
8881 8882
8880 17888
8879 17889
8878 17890
8877 17891
8876 17892
8875 17893
8874 17894
8873 17895
8871 8872
8870 17990
8869 17991
8868 17992
8867 17993
8865 8866
8864 17996
8863 12354
8862 12355
8861 12356
8859 8860
8858 12359
8857 12360
8856 12361
8855 12362
8853 8854
8852 17570
8851 17571
8850 17572
8848 8849
8847 17575
8846 17576
8845 17577
8844 12153
8842 8843
8841 12156
8840 12157
8839 12158
8838 12159
8836 8837
8835 12162
8834 12075
8833 12076
8832 12077
8831 12078
8829 8830
8828 12081
8827 12082
8826 12083
8825 12084
8824 12085
8823 12086
8822 12087
8821 12088
8819 8820
8818 12091
8817 12092
8816 12093
8815 17460
8813 8814
8812 17463
8811 17464
8810 17465
8809 17466
8808 17467
8807 17468
8805 8806
8804 17471
8803 17472
8802 17473
8801 17474
8800 17475
8798 8799
8797 17478
8796 17479
8795 17480
8794 17481
8793 17482
8791 8792
8790 17485
8789 17030
8788 17031
8787 17032
8786 17033
8785 17034
8783 8784
8782 17037
8781 17038
8780 17039
8779 17040
8778 17041
8776 8777
8775 17044
8774 17045
8773 17046
8772 17047
8771 12050
8770 12051
8769 12052
8767 8768
8766 12055
8765 12056
8764 12057
8763 12058
8762 12059
8761 17179
8759 8760
8758 17182
8757 17183
8756 17184
8755 17185
8754 17186
8753 17187
8752 17188
8750 8751
8749 17191
8748 17192
8747 17193
8746 17194
8745 17195
8744 17196
8743 17197
8742 17198
8740 8741
8739 17201
8738 17202
8737 17203
8736 17204
8735 16629
8734 16630
8733 16631
8731 8732
8730 16634
8729 16635
8728 16636
8727 16637
8726 16638
8725 16639
8724 16640
8723 16641
8721 8722
8720 16644
8719 16645
8718 16646
8717 16647
8716 16648
8715 16649
8714 16650
8713 16651
8712 16652
8711 16653
8710 16654
8709 16655
8708 12030
8707 12031
8706 12032
8705 12033
8704 12034
8702 8703
8701 12037
8700 12038
8699 12039
8698 11899
8697 11900
8696 11901
8695 11902
8694 11903
8693 11904
8692 11905
8690 8691
8689 11908
8688 11909
8687 11910
8686 11911
8685 11912
8684 11913
8683 11914
8682 11915
8681 11916
8680 11917
8678 8679
8677 11920
8676 11921
8675 11922
8674 11923
8673 11924
8672 11925
8671 11926
8670 11927
8669 11928
8668 11929
8667 11930
8665 8666
8664 11933
8663 11934
8662 16534
8661 16535
8660 16536
8659 16537
8658 16538
8657 16539
8656 16540
8655 16541
8654 15864
8653 15865
8652 15866
8651 15867
8650 15868
8649 15869
8648 15870
8647 15871
8646 15872
8645 15873
8644 15915
8643 15916
8642 15917
8641 15918
8640 15919
8638 8639
8637 15922
8636 15923
8635 15924
8634 15925
8633 15926
8632 15927
8631 12332
8630 12333
8629 12334
8628 12335
8627 12336
8626 12337
8625 12338
8624 12339
8622 8623
8621 12342
8620 12311
8619 12312
8618 12313
8617 12314
8616 12315
8615 12316
8614 12317
8613 12318
8612 12319
8611 12320
8610 12321
8609 12291
8608 12292
8606 8607
8605 12295
8604 12296
8603 12297
8602 12298
8601 12299
8600 12300
8599 15544
8598 15545
8597 15546
8596 15547
8595 15548
8594 15549
8593 15550
8592 15551
8591 15552
8590 15553
8589 15554
8587 8588
8586 15557
8585 15558
8584 15559
8583 15560
8582 15561
8581 15562
8580 15563
8579 15564
8578 15565
8577 15566
8576 15567
8575 15568
8574 15569
8573 15570
8572 15571
8571 11864
8570 11865
8569 11866
8567 8568
8566 11869
8565 11870
8564 11871
8563 11872
8562 11873
8561 15778
8560 15779
8559 15780
8558 15781
8557 15782
8556 15783
8555 15784
8554 15785
8553 15786
8552 15787
8551 15788
8550 14632
8549 14633
8548 14634
8546 8547
8545 14637
8544 14638
8543 14639
8542 14640
8541 14641
8540 14642
8539 14643
8538 14644
8537 14645
8536 14646
8535 14647
8534 14648
8533 14830
8532 14831
8531 14832
8530 14833
8529 14834
8528 14835
8527 14836
8526 14837
8525 14838
8524 14839
8523 14840
8522 14841
8521 14842
8520 14843
8519 14844
8518 14845
8517 12271
8516 12272
8515 12273
8514 12274
8512 8513
8511 12277
8510 12278
8509 12279
8508 12280
8507 12281
8506 14912
8505 14913
8504 14914
8503 14915
8502 14916
8501 14917
8500 14918
8499 14919
8498 15224
8497 15225
8496 15226
8495 15227
8494 15228
8493 15229
8492 15230
8491 15231
8490 15232
8489 15233
8488 15234
8487 15235
8486 15236
8485 15237
8483 8484
8482 15196
8481 15197
8480 15198
8479 15199
8478 15200
8477 13600
8476 13601
8475 13602
8474 13603
8473 13604
8472 13605
8471 13606
8470 13607
8469 13608
8468 13609
8467 13610
8466 13611
8465 13612
8464 13613
8463 13614
8462 13615
8461 13616
8460 14605
8459 14606
8458 14607
8457 14608
8456 14609
8455 14610
8454 14611
8453 14612
8452 13771
8451 13772
8450 13773
8449 13774
8448 13775
8447 13776
8446 13777
8445 13778
8444 13779
8443 13780
8442 13781
8441 13782
8440 13783
8439 13784
8438 13785
8437 13786
8436 13787
8435 13788
8434 13789
8433 13790
8432 13791
8431 13792
8430 13793
8429 13794
8428 13795
8427 13796
8426 13797
8425 13798
8424 11843
8423 11844
8421 8422
8420 11847
8419 11848
8418 11849
8417 11850
8416 11851
8415 11852
8414 11824
8413 11825
8412 11826
8411 11827
8410 11828
8409 11829
8408 11830
8407 11831
8406 11832
8405 14344
8404 14345
8403 14346
8402 14347
8401 14348
8400 14349
8399 14350
8398 14351
8397 14352
8396 14353
8395 14354
8394 14355
8393 14356
8392 14357
8391 14358
8390 12251
8389 12252
8388 12253
8387 12254
8386 12255
8385 12256
8384 12257
8383 12258
8382 12259
8381 12260
8380 12261
8379 12229
8378 12230
8377 12231
8376 12232
8375 12233
8374 12234
8373 12235
8372 12236
8371 12237
8370 12238
8369 12239
8368 14116
8366 8367
8365 14119
8364 14120
8363 14121
8362 14122
8361 14123
8360 14124
8359 14125
8358 14126
8357 14127
8356 14128
8355 14129
8354 14130
8353 14131
8352 14132
8351 14133
8350 14134
8349 14135
8348 14136
8347 14137
8346 14138
8345 14139
8344 14140
8343 14141
8342 14142
8341 13196
8340 13197
8339 13198
8338 13199
8337 13200
8336 13201
8335 13202
8334 13203
8333 13204
8332 13205
8331 13206
8330 13207
8329 13208
8328 13209
8327 13210
8326 13211
8325 13212
8324 13213
8323 13214
8322 13215
8321 13216
8320 13039
8319 13040
8318 13041
8317 13042
8316 13043
8315 13044
8314 13045
8313 13046
8312 13047
8311 13048
8310 13049
8309 13050
8308 13051
8307 13052
8306 13053
8305 13054
8304 13055
8303 13056
8302 13057
8301 13058
8300 13059
8299 13060
8298 13061
8297 12627
8296 12628
8295 12629
8294 12630
8293 12631
8292 12632
8291 12633
8290 12634
8289 12635
8288 12636
8287 12637
8286 12638
8285 12639
8284 12640
8283 12641
8282 12642
8281 12643
8280 12644
8279 12645
8278 12646
8277 12819
8276 12820
8275 12821
8274 12822
8273 12823
8272 12824
8271 12825
8270 12826
8269 12827
8268 12828
8267 12829
8266 12830
8265 12831
8264 12467
8263 12468
8262 12469
8261 12470
8260 12471
8259 12472
8258 12473
8257 12474
8256 11802
8255 11803
8254 11804
8253 11805
8252 11806
8251 11807
8250 11808
8249 11809
8248 11810
8247 11811
8246 11812
8245 11777
8244 11778
8243 11779
8242 11780
8241 11781
8240 11782
8239 11783
8238 11784
8237 11785
8236 11786
8235 11787
8234 11788
8233 11789
8232 11790
8229 11762
8228 11763
8227 11764
8226 11765
8225 11766
8224 11767
8223 11768
8222 11769
8221 11770
8220 11771
8219 11772
8218 11773
8216 8217
8215 11776
8214 11791
8213 11792
8212 11793
8211 11794
8210 11795
8209 11796
8208 11797
8207 11798
8206 11799
8205 11800
8204 11801
8202 8203
8201 12477
8200 12478
8199 12479
8198 12480
8197 12481
8196 12482
8195 12483
8194 12484
8193 12485
8192 12486
8191 12487
8190 12488
8188 8189
8187 12812
8186 12813
8185 12814
8184 12815
8183 12816
8182 12817
8181 12818
8180 12647
8179 12648
8178 12649
8177 12650
8175 8176
8174 12653
8173 12654
8172 12655
8171 12656
8170 12657
8169 12658
8168 12659
8167 12660
8166 12661
8165 13007
8163 8164
8162 13010
8161 13011
8160 13012
8159 13013
8158 13014
8157 13015
8156 13016
8155 13017
8154 13018
8152 8153
8151 13021
8150 13022
8149 13023
8148 13024
8147 13025
8146 13026
8145 13027
8144 13028
8143 13029
8142 13030
8141 13031
8139 8140
8138 13034
8137 13035
8136 13036
8135 13037
8134 13038
8133 13217
8132 13218
8130 8131
8129 13221
8128 13222
8127 13223
8126 13224
8125 13225
8124 13226
8122 8123
8121 13229
8120 13185
8119 13186
8118 13187
8117 13188
8115 8116
8114 13191
8113 13192
8112 13193
8111 13194
8110 13195
8109 14143
8107 8108
8106 14146
8105 14147
8104 14148
8103 14149
8102 11575
8100 8101
8099 11578
8098 11579
8097 11580
8096 11581
8095 11582
8094 11583
8092 8093
8091 11597
8090 11598
8089 11599
8088 11600
8087 11601
8085 8086
8084 11604
8083 11605
8082 14298
8081 14299
8080 14300
8078 8079
8077 14303
8076 14304
8075 14305
8074 14306
8073 14307
8072 14308
8070 8071
8069 14311
8068 14312
8067 14313
8066 14314
8065 14315
8063 8064
8062 14318
8061 14319
8060 14320
8059 14321
8058 14322
8057 14323
8055 8056
8054 14326
8053 14327
8052 14328
8051 14329
8050 14330
8048 8049
8047 14333
8046 14334
8045 14335
8044 14336
8043 14337
8041 8042
8040 14340
8039 14341
8038 14342
8037 14343
8036 11813
8034 8035
8033 11816
8032 11817
8031 11818
8030 11819
8029 11820
8027 8028
8026 11823
8025 11833
8024 11834
8023 11835
8022 11836
8020 8021
8019 11839
8018 11840
8017 11841
8016 11842
8015 13799
8013 8014
8012 13802
8011 13803
8010 13804
8009 13805
8008 13806
8006 8007
8005 13809
8004 13810
8003 13811
8002 13812
8001 13813
7999 8000
7998 13816
7997 13817
7996 11616
7995 11617
7994 11618
7992 7993
7991 11621
7990 11622
7989 11623
7988 11624
7987 11625
7985 7986
7984 14594
7983 14595
7982 14596
7981 14597
7980 14598
7979 14599
7978 14600
7977 14601
7976 14602
7974 7975
7973 13617
7972 13618
7971 13619
7970 13620
7968 7969
7967 13623
7966 13587
7965 13588
7964 13589
7963 13590
7961 7962
7960 13593
7959 13594
7958 13595
7957 13596
7956 13597
7954 7955
7953 15201
7952 15202
7951 15203
7950 15204
7948 7949
7947 15207
7946 15208
7945 15209
7944 15210
7943 15211
7941 7942
7940 15214
7939 15215
7938 15216
7937 15217
7935 7936
7934 15220
7933 15221
7932 15222
7931 15223
7930 14920
7928 7929
7927 14923
7926 14924
7925 14925
7924 14926
7922 7923
7921 14929
7920 14930
7919 14931
7918 14932
7917 14933
7915 7916
7914 14936
7913 14937
7912 14938
7911 14939
7909 7910
7908 14942
7907 14943
7906 14944
7905 14945
7904 14946
7903 14947
7902 14948
7901 14819
7900 14820
7899 14821
7897 7898
7896 14824
7895 14825
7894 14826
7893 14827
7891 7892
7890 14649
7889 14650
7888 14651
7887 14652
7885 7886
7884 14655
7883 14656
7882 14657
7881 11638
7879 7880
7878 11641
7877 11642
7876 11643
7875 11644
7873 7874
7872 11647
7871 15765
7870 15766
7869 15767
7867 7868
7866 15770
7865 15771
7864 15772
7863 15773
7861 7862
7860 15776
7859 15777
7858 11853
7857 11854
7855 7856
7854 11857
7853 11858
7852 11859
7851 11860
7849 7850
7848 11863
7847 15572
7846 15573
7844 7845
7843 15576
7842 15577
7841 15578
7840 15579
7838 7839
7837 15582
7836 15583
7835 15584
7834 15585
7832 7833
7831 15588
7830 15589
7829 15590
7828 15591
7827 15592
7826 15593
7825 15594
7824 15595
7822 7823
7821 15598
7820 15599
7819 15600
7817 7818
7816 15603
7815 15604
7814 15605
7812 7813
7811 15608
7810 15609
7809 15610
7808 15611
7806 7807
7805 16115
7804 16116
7803 16117
7801 7802
7800 16120
7799 16121
7798 16122
7796 7797
7795 16125
7794 16126
7793 16127
7792 16128
7790 7791
7789 16131
7788 16132
7787 16133
7785 7786
7784 16136
7783 16137
7782 16138
7780 7781
7779 16141
7778 16142
7777 16143
7775 7776
7774 15904
7773 15905
7772 15906
7771 15907
7769 7770
7768 15910
7767 15911
7766 15912
7764 7765
7763 15874
7762 15875
7761 15876
7759 7760
7758 15879
7757 15880
7756 16520
7755 16521
7754 16522
7753 16523
7752 16524
7750 7751
7749 16527
7748 16528
7747 16529
7745 7746
7744 16532
7743 16533
7741 7742
7740 11937
7739 11938
7738 11939
7736 7737
7735 11659
7734 11660
7733 11661
7731 7732
7730 11664
7729 11665
7728 11666
7726 7727
7725 11874
7724 11875
7723 11876
7721 7722
7720 11879
7719 11880
7717 7718
7716 11883
7715 11884
7714 11885
7712 7713
7711 11888
7710 11889
7709 11890
7707 7708
7706 11893
7705 11894
7703 7704
7702 11897
7701 11898
7700 12018
7698 7699
7697 12021
7696 12022
7695 12023
7693 7694
7692 12026
7691 12027
7689 7690
7688 16656
7687 16657
7686 16658
7685 16659
7684 16660
7683 16661
7681 7682
7680 16664
7679 16665
7677 7678
7676 16668
7675 16669
7673 7674
7672 16672
7671 16673
7670 16674
7668 7669
7667 16677
7666 16678
7664 7665
7663 16681
7662 16682
7660 7661
7659 16685
7658 16686
7656 7657
7655 16689
7654 16690
7653 16691
7651 7652
7650 16694
7649 16695
7647 7648
7646 16698
7645 16699
7643 7644
7642 16702
7641 16703
7639 7640
7638 17167
7637 17168
7635 7636
7634 17171
7633 17172
7631 7632
7630 17175
7629 17176
7627 7628
7626 12040
7625 12041
7624 12042
7622 7623
7621 12045
7620 12046
7619 12047
7618 12048
7617 12049
7615 7616
7614 17050
7613 17051
7611 7612
7610 17054
7608 7609
7607 11682
7606 11683
7604 7605
7603 11686
7602 11687
7600 7601
7599 11690
7598 17426
7596 7597
7595 17429
7594 17430
7592 7593
7591 17433
7590 17434
7588 7589
7587 17437
7586 17438
7584 7585
7583 17441
7581 7582
7580 17444
7579 17445
7577 7578
7576 17448
7575 17449
7573 7574
7572 17452
7571 17453
7569 7570
7568 17456
7567 17457
7565 7566
7564 12094
7562 7563
7561 12097
7560 12098
7558 7559
7557 12060
7556 12061
7555 12062
7554 12063
7553 12064
7551 7552
7550 12067
7548 7549
7547 12070
7546 12071
7544 7545
7543 12074
7542 12142
7540 7541
7539 12145
7537 7538
7536 12148
7535 12149
7533 7534
7532 12152
7530 7531
7529 17580
7528 17581
7526 7527
7525 17584
7523 7524
7522 11704
7521 11705
7519 7520
7518 11708
7517 11709
7515 7516
7514 17976
7512 7513
7511 17979
7510 17980
7508 7509
7507 17983
7506 17984
7504 7505
7503 17987
7501 7502
7500 17898
7499 17899
7497 7498
7496 17902
7495 17903
7494 17904
7493 17865
7491 7492
7490 17868
7489 17869
7487 7488
7486 17872
7484 7485
7483 17875
7482 17876
7480 7481
7479 10167
7477 7478
7476 10170
7475 10171
7473 7474
7472 10134
7471 10135
7469 7470
7468 10138
7466 7467
7465 10141
7464 10142
7462 7463
7461 10145
7459 7460
7458 12163
7457 12164
7455 7456
7454 12167
7453 12168
7451 7452
7450 12171
7448 7449
7447 12183
7446 12184
7444 7445
7443 12187
7442 12188
7440 7441
7439 12191
7438 12192
7437 12193
7436 9990
7434 7435
7433 9993
7431 7432
7430 9996
7429 9997
7427 7428
7426 10000
7424 7425
7423 10003
7422 10004
7420 7421
7419 10007
7418 10008
7416 7417
7415 10011
7413 7414
7412 10014
7411 10015
7409 7410
7408 10018
7407 10019
7405 7406
7404 10022
7403 10023
7401 7402
7400 10026
7399 11721
7397 7398
7396 11724
7394 7395
7393 11727
7392 11728
7390 7391
7389 11739
7388 11740
7387 11741
7386 11742
7384 7385
7383 11745
7382 11746
7380 7381
7379 11749
7378 11750
7376 7377
7375 10322
7374 10323
7372 7373
7371 10326
7370 10327
7368 7369
7367 10330
7366 10331
7364 7365
7363 10334
7362 10335
7360 7361
7359 10338
7358 10339
7357 10340
7355 7356
7354 10343
7353 10344
7351 7352
7350 10347
7349 10348
7348 10349
7346 7347
7345 9701
7344 9702
7343 9703
7342 9704
7341 9705
7340 9706
7338 7339
7337 9709
7336 10586
7335 10587
7334 10588
7332 7333
7331 10591
7330 10592
7329 10593
7328 10594
7326 7327
7325 10597
7324 10598
7323 10599
7322 10600
7321 10601
7319 7320
7318 10604
7317 10605
7316 10606
7315 10607
7313 7314
7312 12214
7311 12215
7310 12216
7309 12217
7308 12218
7305 11210
7304 11211
7303 11212
7302 11213
7301 11214
7300 11215
7299 11216
7298 11217
7297 11218
7296 11219
7295 10571
7294 10572
7293 10573
7292 10574
7291 10575
7290 10576
7289 10577
7288 10578
7287 10579
7286 10580
7285 10581
7284 10582
7283 10583
7282 10584
7281 10585
7280 9710
7279 9711
7278 9712
7277 9713
7276 9714
7275 9715
7274 9716
7273 9717
7272 9718
7271 9719
7270 9720
7269 9721
7268 9722
7267 9723
7266 9724
7265 9725
7264 9726
7263 9727
7262 9728
7261 9729
7260 9730
7258 7259
7257 9733
7256 9734
7255 9735
7254 10313
7253 10314
7252 10315
7251 10316
7250 10317
7249 10318
7248 10319
7246 7247
7245 11753
7244 11754
7243 11755
7242 11756
7241 11757
7240 11758
7239 11759
7238 11760
7237 11761
7236 11731
7234 7235
7233 11734
7232 11735
7231 11736
7230 11737
7229 11738
7227 7228
7226 10029
7225 10030
7224 10031
7223 10032
7222 10033
7220 7221
7219 10036
7218 10037
7217 10038
7216 10039
7214 7215
7213 10042
7212 10043
7211 10044
7209 7210
7208 10047
7207 10048
7206 10049
7205 10050
7203 7204
7202 10053
7201 10054
7200 10055
7198 7199
7197 10058
7196 10059
7195 10060
7194 10061
7193 10062
7192 10063
7191 10064
7189 7190
7188 10108
7187 10109
7186 10110
7184 7185
7183 10113
7182 10114
7181 10115
7179 7180
7178 10118
7177 10119
7176 10120
7174 7175
7173 10123
7172 10124
7170 7171
7169 10127
7168 10128
7166 7167
7165 10131
7164 10132
7163 10133
7161 7162
7160 10176
7159 10177
7157 7158
7156 10180
7155 10181
7153 7154
7152 10184
7151 17856
7149 7150
7148 17859
7147 17860
7145 7146
7144 17863
7143 17864
7142 17905
7141 17906
7140 17907
7139 17908
7137 7138
7136 17911
7135 17912
7133 7134
7132 17915
7131 17916
7129 7130
7128 17969
7126 7127
7125 17972
7124 17973
7122 7123
7121 11712
7120 11713
7118 7119
7117 11716
7116 11717
7114 7115
7113 11720
7112 17585
7110 7111
7109 17588
7107 7108
7106 17591
7105 17592
7103 7104
7102 17595
7101 17596
7099 7100
7098 17599
7096 7097
7095 17602
7094 17603
7092 7093
7091 17606
7090 17607
7088 7089
7087 12133
7085 7086
7084 12136
7083 12137
7082 12138
7081 12139
7079 7080
7078 12101
7077 12102
7075 7076
7074 12105
7072 7073
7071 12108
7070 12109
7068 7069
7067 12112
7066 12113
7064 7065
7063 11181
7061 7062
7060 11184
7059 11185
7057 7058
7056 11188
7054 7055
7053 17410
7052 17411
7050 7051
7049 17414
7048 17415
7046 7047
7045 17418
7043 7044
7042 17421
7041 17422
7039 7040
7038 17425
7036 7037
7035 11693
7034 11694
7032 7033
7031 11697
7029 7030
7028 11700
7027 11701
7025 7026
7024 17057
7022 7023
7021 17060
7020 17061
7018 7019
7017 17064
7016 17065
7015 17066
7013 7014
7012 17069
7011 17070
7009 7010
7008 17073
7007 17074
7005 7006
7004 17077
7002 7003
7001 17160
7000 17161
6998 6999
6997 17164
6995 6996
6994 16706
6993 16707
6991 6992
6990 16710
6989 16711
6987 6988
6986 16714
6984 6985
6983 16717
6982 16718
6980 6981
6979 11142
6977 6978
6976 11145
6975 11146
6973 6974
6972 11149
6970 6971
6969 11122
6968 11123
6966 6967
6965 11126
6964 11127
6962 6963
6961 11130
6959 6960
6958 11101
6957 11102
6955 6956
6954 11105
6952 6953
6951 11108
6950 11109
6948 6949
6947 11079
6946 11080
6944 6945
6943 11083
6941 6942
6940 11086
6939 11087
6937 6938
6936 11058
6935 11059
6933 6934
6932 11062
6931 11063
6929 6930
6928 11066
6926 6927
6925 11994
6924 11995
6922 6923
6921 11998
6920 11999
6918 6919
6917 12002
6916 12003
6914 6915
6913 12006
6912 12007
6910 6911
6909 12010
6907 6908
6906 12013
6905 12014
6903 6904
6902 12017
6901 11669
6899 6900
6898 11672
6897 11673
6895 6896
6894 11676
6892 6893
6891 11679
6890 11942
6888 6889
6887 11945
6886 11946
6884 6885
6883 11949
6882 16506
6880 6881
6879 16509
6878 16510
6876 6877
6875 16513
6873 6874
6872 16516
6871 16517
6870 16518
6869 16519
6868 15881
6866 6867
6865 15884
6864 15885
6862 6863
6861 15888
6860 15889
6858 6859
6857 15892
6856 15893
6854 6855
6853 15896
6852 15897
6850 6851
6849 15900
6848 15901
6846 6847
6845 16146
6844 16147
6842 6843
6841 16150
6840 16151
6838 6839
6837 16154
6836 16094
6834 6835
6833 16097
6832 16098
6830 6831
6829 16101
6828 16102
6826 6827
6825 16105
6824 16106
6822 6823
6821 16109
6820 16110
6818 6819
6817 16113
6816 16114
6814 6815
6813 15616
6812 15617
6810 6811
6809 15620
6808 15621
6806 6807
6805 15624
6804 15625
6802 6803
6801 11015
6800 11016
6798 6799
6797 11019
6796 11020
6794 6795
6793 11023
6792 10992
6791 10993
6790 10994
6788 6789
6787 10997
6786 10998
6784 6785
6783 11001
6782 11002
6780 6781
6779 15729
6778 15730
6776 6777
6775 15733
6774 15734
6773 15735
6771 6772
6770 15738
6769 15739
6767 6768
6766 15742
6765 15743
6763 6764
6762 15746
6761 15747
6759 6760
6758 15750
6757 15751
6755 6756
6754 15754
6753 15755
6752 15756
6750 6751
6749 15759
6748 15760
6746 6747
6745 15763
6744 15764
6742 6743
6741 11650
6740 11651
6738 6739
6737 11654
6736 11655
6734 6735
6733 11658
6732 14658
6731 14659
6729 6730
6728 14662
6727 14663
6725 6726
6724 14666
6723 14667
6721 6722
6720 14670
6719 14671
6717 6718
6716 14813
6715 14814
6714 14815
6712 6713
6711 14818
6710 14949
6709 14950
6707 6708
6706 14953
6705 14954
6703 6704
6702 14957
6701 14958
6700 14959
6698 6699
6697 14962
6696 14963
6694 6695
6693 14966
6692 14967
6691 14968
6689 6690
6688 14971
6687 14972
6685 6686
6684 14975
6683 14976
6682 14977
6680 6681
6679 14980
6678 14981
6676 6677
6675 14984
6674 14985
6673 13552
6671 6672
6670 13555
6669 13556
6667 6668
6666 13559
6665 13560
6663 6664
6662 13563
6661 13564
6660 13565
6658 6659
6657 13568
6656 13569
6654 6655
6653 13572
6652 13573
6651 13574
6649 6650
6648 13577
6647 13578
6645 6646
6644 13581
6643 13582
6642 13583
6640 6641
6639 13586
6638 13624
6636 6637
6635 13627
6634 13628
6633 13629
6631 6632
6630 13632
6629 13633
6627 6628
6626 13636
6625 14584
6624 14585
6623 14586
6621 6622
6620 14589
6619 14590
6618 14591
6616 6617
6615 11628
6614 11629
6612 6613
6611 11632
6610 11633
6609 11634
6607 6608
6606 11637
6605 13818
6604 13819
6602 6603
6601 13822
6600 13823
6598 6599
6597 13826
6596 13827
6595 13828
6593 6594
6592 13831
6591 13832
6590 13833
6588 6589
6587 13836
6586 13837
6584 6585
6583 13840
6582 13841
6581 13842
6579 6580
6578 13845
6577 13846
6576 13847
6574 6575
6573 13850
6572 13851
6570 6571
6569 13854
6568 13855
6567 13856
6565 6566
6564 13859
6563 13860
6562 13861
6560 6561
6559 13864
6558 13865
6556 6557
6555 13868
6554 13869
6553 13870
6551 6552
6550 13873
6549 13874
6548 13875
6546 6547
6545 13878
6544 13879
6542 6543
6541 13882
6540 13883
6539 13884
6537 6538
6536 13887
6535 13888
6534 13889
6533 13890
6531 6532
6530 10929
6529 10930
6528 10931
6526 6527
6525 10934
6524 10935
6522 6523
6521 10938
6520 14289
6519 14290
6517 6518
6516 14293
6515 14294
6514 14295
6512 6513
6511 11606
6510 11607
6508 6509
6507 11610
6506 11611
6505 11612
6503 6504
6502 11615
6501 11586
6500 11587
6498 6499
6497 11590
6496 11591
6494 6495
6493 11594
6492 11595
6491 11596
6489 6490
6488 14152
6487 14153
6486 14154
6484 6485
6483 14157
6482 14158
6480 6481
6479 14161
6478 14162
6477 13177
6475 6476
6474 13180
6473 13181
6472 13182
6470 6471
6469 13230
6468 13231
6467 13232
6465 6466
6464 13235
6463 13236
6462 13237
6460 6461
6459 13240
6458 13241
6457 13242
6455 6456
6454 10869
6453 10870
6452 10871
6450 6451
6449 10874
6448 10875
6447 10876
6445 6446
6444 10848
6443 10849
6442 10850
6441 10851
6440 10852
6439 10853
6438 10854
6436 6437
6435 10857
6434 12994
6433 12995
6432 12996
6431 12997
6429 6430
6428 13000
6427 13001
6426 13002
6425 13003
6423 6424
6422 13006
6421 12662
6420 12663
6419 12664
6418 12665
6416 6417
6415 12668
6414 12669
6413 12796
6412 12797
6411 12798
6410 12799
6408 6409
6407 12802
6406 12803
6405 12804
6404 12805
6403 12806
6401 6402
6400 12809
6399 12810
6398 12811
6397 12491
6396 12492
6395 12493
6393 6394
6392 12496
6391 12497
6390 12498
6389 12499
6388 12500
6387 12501
6385 6386
6384 12504
6383 12505
6382 9451
6381 9452
6380 9453
6379 9454
6378 9455
6376 6377
6375 9458
6374 9459
6373 9460
6372 9461
6371 9462
6370 9463
6368 6369
6367 9466
6366 9467
6365 9468
6364 9469
6363 9470
6362 9471
6360 6361
6359 10829
6358 10830
6357 10831
6356 10832
6355 10833
6354 10834
6351 10819
6350 10820
6349 10821
6348 10822
6347 10823
6346 10824
6344 6345
6343 9472
6342 9473
6341 9474
6340 9475
6339 9476
6338 9477
6337 9478
6335 6336
6334 9439
6333 9440
6332 9441
6331 9442
6330 9443
6329 9444
6328 9445
6326 6327
6325 9448
6324 9449
6323 9450
6322 12506
6321 12507
6320 12508
6318 6319
6317 12511
6316 12512
6315 12513
6314 12514
6313 12515
6312 12516
6311 12517
6309 6310
6308 12520
6307 12521
6306 12522
6305 12523
6304 12524
6303 12784
6301 6302
6300 12787
6299 12788
6298 12789
6297 12790
6296 12791
6295 12792
6293 6294
6292 12795
6291 12670
6290 12671
6289 12672
6288 12673
6286 6287
6285 12676
6284 12677
6283 12678
6282 12679
6281 12983
6280 12984
6278 6279
6277 12987
6276 12988
6275 12989
6274 12990
6273 12991
6271 6272
6270 10835
6269 10836
6268 10837
6267 10838
6266 10839
6265 10840
6264 10841
6263 10842
6262 10843
6260 6261
6259 10858
6258 10859
6257 10860
6256 10861
6254 6255
6253 10864
6252 10865
6251 10866
6249 6250
6248 13245
6247 13246
6246 13247
6245 13248
6243 6244
6242 13164
6241 13165
6240 13166
6238 6239
6237 13169
6236 13170
6235 13171
6233 6234
6232 13174
6231 13175
6230 13176
6228 6229
6227 14165
6226 14166
6225 14167
6223 6224
6222 14170
6221 10877
6220 10878
6218 6219
6217 10881
6216 10882
6215 10883
6213 6214
6212 10886
6211 10887
6210 10898
6208 6209
6207 10901
6206 10902
6205 10903
6203 6204
6202 10906
6201 10907
6200 10908
6198 6199
6197 14278
6196 14279
6195 14280
6193 6194
6192 14283
6191 14284
6190 14285
6188 6189
6187 14288
6186 10919
6185 10920
6183 6184
6182 10923
6181 10924
6180 10925
6178 6179
6177 10928
6176 13893
6175 13894
6174 13895
6173 13896
6172 13897
6171 13898
6169 6170
6168 13901
6167 13902
6166 13903
6164 6165
6163 13906
6162 13907
6161 13908
6159 6160
6158 13911
6157 13912
6156 13913
6154 6155
6153 13916
6152 13917
6151 13918
6149 6150
6148 13921
6147 13922
6146 13923
6144 6145
6143 13926
6142 13927
6141 13928
6139 6140
6138 13931
6137 13932
6136 13933
6134 6135
6133 13936
6132 13937
6131 13938
6129 6130
6128 13941
6127 10939
6126 10940
6124 6125
6123 10943
6122 10944
6121 10945
6119 6120
6118 10948
6117 10949
6116 10960
6114 6115
6113 10963
6112 10964
6111 10965
6109 6110
6108 10968
6107 10969
6106 10970
6104 6105
6103 14565
6102 14566
6101 14567
6100 14568
6098 6099
6097 14571
6096 14572
6095 14573
6093 6094
6092 14576
6091 14577
6090 14578
6088 6089
6087 14581
6086 14582
6085 14583
6084 13637
6082 6083
6081 13640
6080 13641
6079 13642
6077 6078
6076 13645
6075 13646
6074 13647
6072 6073
6071 13519
6070 13520
6069 13521
6067 6068
6066 13524
6065 13525
6064 13526
6062 6063
6061 13529
6060 13530
6059 13531
6057 6058
6056 13534
6055 13535
6054 13536
6052 6053
6051 13539
6050 13540
6049 13541
6047 6048
6046 13544
6045 13545
6044 13546
6042 6043
6041 13549
6040 13550
6039 13551
6037 6038
6036 14988
6035 14989
6034 14990
6032 6033
6031 14993
6030 14994
6029 14995
6027 6028
6026 14998
6025 14999
6024 15000
6022 6023
6021 14785
6020 14786
6019 14787
6017 6018
6016 14790
6015 14791
6014 14792
6012 6013
6011 14795
6010 14796
6009 14797
6007 6008
6006 14800
6005 14801
6004 14802
6003 14803
6002 14804
6001 14805
5999 6000
5998 14808
5997 14809
5996 14810
5994 5995
5993 14674
5992 14675
5991 14676
5989 5990
5988 14679
5987 14680
5985 5986
5984 14683
5983 14684
5982 14685
5980 5981
5979 14688
5978 14689
5977 14690
5975 5976
5974 14693
5973 14694
5972 14695
5970 5971
5969 15395
5968 15396
5967 15397
5965 5966
5964 15400
5963 15401
5961 5962
5960 15404
5959 15405
5958 15406
5956 5957
5955 15409
5954 15410
5953 15411
5951 5952
5950 15414
5949 15415
5948 15713
5946 5947
5945 15716
5944 15717
5943 15718
5941 5942
5940 15721
5939 15722
5938 15723
5936 5937
5935 15726
5934 10981
5932 5933
5931 10984
5930 10985
5929 10986
5927 5928
5926 10989
5925 10990
5924 10991
5923 11003
5922 11004
5920 5921
5919 11007
5918 11008
5917 11009
5915 5916
5914 11012
5913 15626
5911 5912
5910 15629
5909 15630
5908 15631
5906 5907
5905 15634
5904 15635
5903 15636
5901 5902
5900 15639
5899 15640
5898 15641
5896 5897
5895 16080
5894 16081
5892 5893
5891 16084
5890 16085
5889 16086
5887 5888
5886 16089
5885 16090
5884 16091
5882 5883
5881 16155
5880 16156
5878 5879
5877 16159
5876 16160
5875 16161
5873 5874
5872 16164
5871 16165
5870 16166
5868 5869
5867 16169
5866 16170
5865 16171
5863 5864
5862 11026
5861 11027
5859 5860
5858 11030
5857 11031
5856 11032
5854 5855
5853 11035
5852 16492
5851 16493
5850 16494
5849 16495
5848 16496
5846 5847
5845 16499
5844 16500
5843 16501
5841 5842
5840 16504
5839 16505
5838 11950
5836 5837
5835 11953
5834 11954
5832 5833
5831 11957
5830 11958
5829 11959
5827 5828
5826 11962
5825 11963
5823 5824
5822 11966
5821 11967
5820 11968
5818 5819
5817 11971
5816 11972
5815 11973
5813 5814
5812 11976
5811 11977
5809 5810
5808 11980
5807 11981
5806 11982
5804 5805
5803 11985
5802 11986
5801 11987
5799 5800
5798 11990
5797 11991
5796 11046
5794 5795
5793 11049
5792 11050
5790 5791
5789 11053
5788 11054
5787 11055
5785 5786
5784 11069
5783 11070
5782 11071
5780 5781
5779 11074
5778 11075
5777 11076
5775 5776
5774 11090
5773 11091
5772 11092
5770 5771
5769 11095
5768 11096
5766 5767
5765 11110
5764 11111
5763 11112
5761 5762
5760 11115
5759 11116
5758 11117
5756 5757
5755 11131
5754 11132
5752 5753
5751 11135
5750 11136
5749 11137
5747 5748
5746 16719
5745 16720
5744 16721
5742 5743
5741 16724
5740 16725
5738 5739
5737 17150
5736 17151
5735 17152
5733 5734
5732 17155
5731 17156
5730 17157
5728 5729
5727 17080
5726 17081
5725 17082
5723 5724
5722 17085
5721 17086
5720 17087
5718 5719
5717 17090
5716 11150
5715 11151
5714 11152
5713 11153
5712 11154
5710 5711
5709 11157
5708 11158
5707 11159
5705 5706
5704 17387
5703 17388
5702 17389
5700 5701
5699 17392
5698 17393
5697 17394
5695 5696
5694 17397
5693 17398
5692 17399
5690 5691
5689 17402
5688 17403
5687 17404
5685 5686
5684 17407
5683 17408
5682 17409
5681 11169
5679 5680
5678 11172
5677 11173
5676 11174
5674 5675
5673 11177
5672 11178
5671 12114
5670 12115
5668 5669
5667 12118
5666 12119
5665 12120
5664 12121
5662 5663
5661 12124
5660 12125
5659 12126
5658 12127
5657 12128
5656 12129
5655 12130
5654 12131
5653 12132
5651 5652
5650 17612
5649 17613
5648 17614
5647 17615
5646 17616
5644 5645
5643 17619
5642 17620
5641 17621
5640 17622
5638 5639
5637 17625
5636 17626
5635 17627
5634 17628
5633 17629
5631 5632
5630 17956
5629 17957
5628 17958
5627 17959
5626 17960
5625 17961
5623 5624
5622 17964
5621 17965
5620 17966
5619 17967
5618 17968
5617 17919
5615 5616
5614 17922
5613 17923
5612 17924
5611 17925
5610 17926
5609 17927
5608 17928
5607 17929
5606 17930
5605 17849
5604 17850
5603 17851
5602 17852
5601 17853
5600 17854
5599 17855
5598 10185
5597 10186
5595 5596
5594 10189
5593 10190
5592 10191
5591 10192
5590 10193
5589 10194
5588 10195
5587 10196
5586 10197
5585 10198
5584 10199
5583 10200
5582 10201
5581 10091
5580 10092
5578 5579
5577 10095
5576 10096
5575 10097
5574 10098
5573 10099
5572 10100
5571 10101
5570 10102
5569 10103
5568 10104
5567 10105
5566 10065
5565 10066
5564 10067
5563 10068
5562 10069
5561 10070
5560 10071
5559 11191
5558 11192
5557 11193
5556 11194
5555 11195
5554 11196
5553 11197
5552 11198
5551 11199
5550 11200
5549 10278
5548 10279
5547 10280
5546 10281
5545 10282
5544 10283
5543 10284
5542 10285
5541 10286
5540 10287
5539 10288
5538 10289
5537 10290
5536 10291
5535 10292
5534 10293
5533 10294
5532 10295
5531 10296
5530 10297
5529 10298
5528 10299
5527 10300
5526 10301
5525 10302
5524 10303
5523 10304
5522 10305
5521 10306
5520 10307
5519 10308
5518 10309
5517 10310
5516 10311
5515 10312
5514 9736
5513 9737
5512 9738
5511 9739
5510 9740
5509 9741
5508 9742
5507 9743
5506 9744
5505 9745
5504 9746
5503 9747
5502 9748
5501 9749
5500 9750
5499 9751
5498 9752
5497 10556
5496 10557
5495 10558
5494 10559
5493 10560
5492 10561
5491 10562
5490 10563
5489 10564
5488 10565
5487 10566
5486 10567
5485 10568
5484 10569
5483 10570
5482 11220
5481 11221
5480 11222
5479 11223
5478 11224
5477 11225
5476 11226
5475 11227
5474 11228
5471 9351
5470 9352
5469 9353
5468 9354
5467 9355
5466 9356
5465 9357
5464 9358
5463 9359
5462 9360
5461 9361
5460 9362
5459 9363
5458 9364
5457 9365
5456 10547
5455 10548
5454 10549
5453 10550
5452 10551
5451 10552
5450 10553
5449 10554
5448 10555
5447 9753
5446 9754
5445 9755
5444 9756
5443 9757
5442 9758
5441 9759
5440 9760
5439 9761
5438 9762
5437 9763
5436 9764
5435 9765
5434 9766
5433 9767
5432 9768
5431 9769
5430 9770
5429 9771
5428 9772
5427 9773
5426 9774
5425 9775
5424 9776
5423 9777
5422 9778
5421 9779
5420 9780
5419 9781
5418 9782
5417 9783
5416 9784
5415 9785
5414 9786
5413 9787
5412 9788
5411 9789
5410 9790
5409 9791
5408 9792
5407 9793
5406 9794
5405 10272
5404 10273
5403 10274
5402 10275
5401 10276
5400 10277
5399 11201
5398 11202
5397 11203
5396 11204
5395 11205
5394 11206
5393 11207
5392 11208
5391 11209
5390 10072
5389 10073
5388 10074
5387 10075
5386 10076
5385 10077
5384 10078
5383 10079
5382 10080
5381 10081
5380 10082
5379 10083
5378 10084
5377 10085
5376 10086
5375 10087
5374 10088
5373 10089
5372 10090
5371 10202
5370 10203
5369 10204
5368 10205
5367 10206
5366 10207
5365 10208
5364 10209
5363 10210
5362 17836
5361 17837
5360 17838
5359 17839
5358 17840
5357 17841
5356 17842
5355 17843
5354 17844
5353 17845
5352 17846
5351 17847
5350 17848
5349 17931
5348 17932
5347 17933
5346 17934
5345 17935
5344 17936
5343 17937
5342 17938
5341 17939
5340 17940
5339 17941
5338 17942
5337 17943
5336 17944
5335 17945
5334 17946
5333 17947
5332 17948
5331 17949
5330 17950
5329 17951
5328 17952
5327 17953
5326 17630
5325 17631
5324 17632
5323 17633
5322 17634
5321 17635
5320 17636
5319 17637
5318 17638
5317 17639
5316 17640
5315 17641
5314 17642
5313 17643
5312 17644
5311 17645
5310 9318
5309 9319
5308 9320
5307 9321
5306 9322
5305 9323
5304 9324
5303 9325
5302 9326
5301 9327
5300 9328
5299 17349
5298 17350
5297 17351
5296 17352
5295 17353
5294 17354
5293 17355
5292 17356
5291 17357
5290 17358
5289 17359
5288 17360
5287 17361
5286 17362
5285 17363
5284 17364
5283 17365
5282 17366
5281 17367
5280 17368
5279 17369
5277 5278
5276 17372
5275 17373
5274 17374
5273 17375
5272 17376
5271 17377
5270 17378
5269 17379
5268 17380
5267 17381
5266 17382
5265 17383
5264 17384
5263 11160
5262 11161
5261 11162
5260 11163
5259 11164
5258 11165
5257 11166
5256 11167
5255 11168
5254 17091
5253 17092
5252 17093
5251 17094
5250 17095
5249 17096
5248 17097
5247 17136
5246 17137
5245 17138
5243 5244
5242 17141
5241 17142
5240 17143
5239 17144
5238 17145
5237 17146
5236 17147
5235 16726
5234 16727
5233 16728
5232 16729
5231 16730
5230 16731
5229 16732
5227 5228
5226 16735
5225 9298
5224 9299
5223 9300
5222 9301
5221 9302
5220 9303
5219 9304
5218 9305
5217 9306
5216 9307
5214 5215
5213 9279
5212 9280
5211 9281
5210 9282
5209 9283
5208 9284
5207 9285
5206 9286
5205 9287
5204 16426
5203 16427
5202 16428
5200 5201
5199 16431
5198 16432
5197 16433
5196 16434
5195 16435
5194 16436
5193 16437
5192 16438
5191 16439
5190 16440
5189 16441
5187 5188
5186 16444
5185 16445
5184 16446
5183 16447
5182 16448
5181 16449
5180 16450
5179 16451
5178 16452
5177 16453
5176 16454
5174 5175
5173 16457
5172 16458
5171 16459
5170 16460
5169 16461
5168 16462
5167 16463
5166 16464
5165 16465
5164 16466
5162 5163
5161 16469
5160 16470
5159 16471
5158 16472
5157 16473
5156 16474
5155 16475
5154 16476
5153 16477
5151 5152
5150 16480
5149 16481
5148 16482
5147 16483
5146 16484
5145 16485
5144 16486
5143 16487
5142 16488
5141 16489
5140 16490
5139 16491
5138 11036
5137 11037
5136 11038
5135 11039
5134 11040
5133 11041
5132 11042
5130 5131
5129 11045
5128 16172
5127 16173
5126 16174
5125 16175
5124 16176
5123 16177
5122 16178
5121 16179
5119 5120
5118 16182
5117 16183
5116 16184
5115 16185
5114 16186
5113 16187
5112 16188
5111 16070
5110 16071
5108 5109
5107 16074
5106 16075
5105 16076
5104 16077
5103 16078
5102 16079
5101 15644
5100 15645
5099 15646
5097 5098
5096 15649
5095 15650
5094 15651
5093 15652
5092 15653
5091 15654
5090 9256
5089 9257
5088 9258
5086 5087
5085 9261
5084 9262
5083 9263
5082 9264
5081 9265
5080 9266
5079 9235
5078 9236
5077 9237
5076 9238
5075 9239
5074 9240
5073 9241
5072 9242
5071 9243
5069 5070
5068 15700
5067 15701
5066 15702
5065 15703
5064 15704
5063 15705
5062 15706
5061 15707
5060 15708
5058 5059
5057 15711
5056 15712
5055 15416
5054 15417
5053 15418
5052 15419
5051 15420
5050 15421
5048 5049
5047 15424
5046 15425
5045 15386
5044 15387
5043 15388
5042 15389
5041 15390
5040 15391
5039 15392
5037 5038
5036 14698
5035 14699
5034 14700
5033 14701
5032 14702
5031 14703
5030 14704
5029 14705
5027 5028
5026 14708
5025 14709
5024 14710
5023 14711
5022 14712
5021 14713
5020 14714
5019 14715
5018 14716
5016 5017
5015 14719
5014 14720
5013 14721
5012 14722
5011 14723
5010 14724
5009 14725
5008 14726
5007 14727
5006 14728
5005 14729
5004 14772
5003 14773
5002 14774
5001 14775
5000 14776
4999 14777
4998 14778
4996 4997
4995 14781
4994 14782
4993 14783
4992 14784
4991 15003
4990 15004
4989 15005
4988 15006
4987 15007
4985 4986
4984 15010
4983 15011
4982 15012
4981 15013
4980 15014
4979 15015
4978 15016
4977 15017
4975 4976
4974 15020
4973 15021
4972 15022
4971 15023
4970 15024
4969 15025
4968 15026
4967 15027
4966 15028
4964 4965
4963 15031
4962 15032
4961 13502
4960 13503
4959 13504
4958 13505
4957 13506
4956 13507
4954 4955
4953 13510
4952 13511
4951 13512
4950 13513
4949 13514
4948 13515
4947 13516
4946 13648
4945 13649
4943 4944
4942 13652
4941 13653
4940 13654
4939 13655
4938 13656
4937 13657
4936 13658
4935 13659
4934 13660
4933 13661
4932 14549
4931 14550
4930 14551
4928 4929
4927 14554
4926 14555
4925 14556
4924 14557
4923 14558
4922 14559
4921 14560
4920 14561
4919 14562
4917 4918
4916 10973
4915 10974
4914 10975
4913 10976
4912 10977
4911 10978
4910 10979
4909 10980
4907 4908
4906 10952
4905 10953
4904 10954
4903 10955
4902 10956
4901 10957
4900 10958
4899 10959
4898 13942
4896 4897
4895 13945
4894 13946
4893 13947
4892 13948
4891 13949
4890 13950
4889 13951
4888 13952
4886 4887
4885 13955
4884 13956
4883 13957
4882 13958
4881 13959
4880 13960
4879 13961
4878 13962
4876 4877
4875 13965
4874 13966
4873 13967
4872 13968
4871 13969
4870 13970
4869 13971
4868 13972
4866 4867
4865 13975
4864 13976
4863 13977
4862 13978
4861 13979
4860 13980
4859 13981
4858 13982
4857 13983
4856 13984
4854 4855
4853 13987
4852 13988
4851 13989
4850 13990
4849 13991
4848 14261
4847 14262
4846 14263
4844 4845
4843 14266
4842 14267
4841 14268
4840 14269
4839 14270
4838 14271
4837 14272
4836 14273
4834 4835
4833 10909
4832 10910
4831 10911
4830 10912
4829 10913
4828 10914
4827 10915
4826 10916
4824 4825
4823 10888
4822 10889
4821 10890
4820 10891
4819 10892
4818 10893
4817 10894
4815 4816
4814 10897
4813 14171
4812 14172
4811 14173
4810 14174
4809 14175
4808 14176
4807 14177
4805 4806
4804 13154
4803 13155
4802 13156
4801 13157
4800 13158
4799 13159
4798 13160
4797 13161
4795 4796
4794 13251
4793 13252
4792 13253
4791 13254
4790 13255
4789 13256
4788 13257
4787 13258
4786 13259
4784 4785
4783 9100
4782 9101
4781 9102
4780 9103
4779 9104
4778 9105
4777 9106
4776 9107
4775 12967
4774 12968
4773 12969
4771 4772
4770 12972
4769 12973
4768 12974
4767 12975
4766 12976
4765 12977
4764 12978
4763 12979
4762 12980
4761 12981
4760 12982
4758 4759
4757 12682
4756 12683
4755 12684
4754 12685
4753 12686
4752 12770
4751 12771
4750 12772
4749 12773
4748 12774
4747 12775
4746 12776
4745 12777
4743 4744
4742 12780
4741 12781
4740 12782
4739 12783
4738 12525
4737 12526
4736 12527
4735 12528
4734 12529
4733 12530
4732 12531
4731 12532
4730 12533
4729 12534
4728 12535
4726 4727
4725 12538
4724 12539
4723 12540
4722 9422
4721 9423
4720 9424
4719 9425
4718 9426
4717 9427
4716 9428
4715 9429
4714 9430
4713 9431
4712 9432
4711 9433
4709 4710
4708 9436
4707 9479
4706 9480
4705 9481
4704 9482
4703 9483
4702 9484
4701 9485
4700 9061
4699 9062
4698 9063
4697 9064
4696 9065
4695 9066
4694 9067
4691 9054
4690 9055
4689 9056
4688 9057
4687 9058
4686 9059
4685 9060
4684 9486
4683 9487
4682 9488
4681 9489
4680 9490
4679 9491
4678 9492
4677 9493
4676 9408
4675 9409
4674 9410
4672 4673
4671 9413
4670 9414
4669 9415
4668 9416
4667 9417
4666 9418
4665 9419
4664 9420
4663 9421
4662 12541
4661 12542
4660 12543
4659 12544
4658 12545
4657 12546
4656 12547
4655 12548
4653 4654
4652 9070
4651 9071
4650 9072
4649 9073
4648 9074
4647 9075
4646 9076
4645 9077
4644 9078
4643 12759
4642 12760
4641 12761
4640 12762
4639 12763
4638 12764
4637 12765
4635 4636
4634 12768
4633 12769
4632 12687
4631 12688
4630 12689
4629 12690
4628 12691
4627 12692
4626 12693
4625 12694
4624 12695
4623 12696
4622 12955
4621 12956
4619 4620
4618 12959
4617 12960
4616 12961
4615 12962
4614 12963
4613 12964
4612 12965
4611 12966
4610 9089
4609 9090
4608 9091
4607 9092
4606 9093
4605 9094
4604 9095
4603 9096
4602 9097
4601 13260
4599 4600
4598 13263
4597 13264
4596 13265
4595 13266
4594 13267
4593 13139
4592 13140
4591 13141
4590 13142
4589 13143
4587 4588
4586 13146
4585 13147
4584 13148
4583 13149
4582 13150
4581 13151
4580 14178
4579 14179
4578 14180
4577 14181
4575 4576
4574 14184
4573 14185
4572 14186
4571 14187
4570 14188
4569 14189
4568 14190
4567 14191
4566 14192
4564 4565
4563 14195
4562 14196
4561 14238
4560 14239
4559 14240
4558 14241
4557 14242
4556 14243
4555 14244
4554 14245
4552 4553
4551 14248
4550 14249
4549 14250
4548 14251
4547 14252
4546 14253
4545 14254
4544 14255
4543 14256
4542 14257
4540 4541
4539 14260
4538 13992
4537 13993
4536 13994
4535 13995
4534 13996
4533 13997
4532 13998
4531 13999
4530 14000
4529 9108
4528 9109
4527 9110
4526 9111
4525 9112
4524 9113
4523 9114
4522 9115
4521 9116
4519 4520
4518 9119
4517 9120
4516 9121
4515 9122
4514 9123
4513 9124
4512 9125
4511 9126
4510 9127
4509 9128
4508 9129
4506 4507
4505 9132
4504 9133
4503 9134
4502 9135
4501 9136
4500 9137
4499 9138
4498 9139
4497 9140
4496 9141
4495 9142
4494 9143
4492 4493
4491 9146
4490 9147
4489 9148
4488 9149
4487 9150
4486 9151
4485 9152
4484 9153
4483 9154
4482 9155
4481 9156
4480 9157
4478 4479
4477 9206
4476 9207
4475 9208
4474 9209
4473 9210
4472 9211
4471 9212
4470 9213
4469 9214
4468 9215
4467 14539
4466 14540
4465 14541
4463 4464
4462 14544
4461 14545
4460 14546
4459 14547
4458 14548
4457 13662
4456 13663
4455 13664
4454 13665
4453 13666
4452 13667
4451 13668
4450 13669
4449 13670
4448 13671
4447 13672
4446 13673
4445 13486
4444 13487
4443 13488
4441 4442
4440 13491
4439 13492
4438 13493
4437 13494
4436 13495
4435 13496
4434 13497
4433 13498
4432 13499
4431 13500
4430 13501
4429 15033
4428 15034
4426 4427
4425 15037
4424 15038
4423 15039
4422 15040
4421 15041
4420 15042
4419 15043
4418 15044
4417 15045
4416 15046
4415 15047
4414 15048
4413 15049
4412 15050
4410 4411
4409 15053
4408 15054
4407 15055
4406 15056
4405 15057
4404 15058
4403 15059
4402 15060
4401 15061
4400 15062
4399 15063
4398 15064
4397 15065
4396 15066
4394 4395
4393 14766
4392 14767
4391 14768
4390 14769
4389 14770
4388 14771
4387 14730
4386 14731
4385 14732
4384 14733
4383 14734
4382 14735
4381 14736
4380 14737
4379 14738
4378 14739
4377 14740
4376 14741
4375 14742
4374 14743
4373 14744
4372 14745
4371 15362
4370 15363
4368 4369
4367 15366
4366 15367
4365 15368
4364 15369
4363 15370
4362 15371
4361 15372
4360 15373
4359 15374
4358 15375
4357 15376
4356 15377
4355 15378
4354 15379
4353 15380
4352 15381
4350 4351
4349 15384
4348 15385
4347 15426
4346 15427
4345 15428
4344 15429
4343 15430
4342 15431
4341 15432
4340 15433
4339 15434
4338 15435
4337 15436
4336 15437
4335 15438
4334 15439
4333 15692
4332 15693
4331 15694
4329 4330
4328 15697
4327 15698
4326 15699
4325 9225
4324 9226
4323 9227
4322 9228
4321 9229
4320 9230
4319 9231
4318 9232
4317 9233
4316 9234
4315 9246
4314 9247
4313 9248
4312 9249
4311 9250
4310 9251
4309 9252
4308 9253
4307 9254
4306 9255
4305 15655
4304 15656
4303 15657
4302 15658
4301 15659
4300 15660
4299 15661
4298 16057
4297 16058
4296 16059
4295 16060
4294 16061
4292 4293
4291 16064
4290 16065
4289 16066
4288 16067
4287 16068
4286 16069
4285 16189
4284 16190
4283 16191
4282 16192
4281 16193
4280 16194
4279 16195
4278 16196
4277 16197
4276 16198
4275 16199
4274 16200
4273 16201
4272 16202
4271 16203
4270 16204
4269 16205
4268 16206
4267 16207
4266 16208
4265 16209
4264 16210
4263 16211
4262 16212
4261 16213
4260 16214
4259 16215
4258 16216
4257 16217
4256 16218
4255 16219
4254 16220
4253 16221
4252 16222
4251 16223
4250 16224
4249 16225
4248 16226
4247 16227
4246 16228
4245 16229
4244 16230
4243 16231
4242 16232
4241 16233
4240 16234
4239 16235
4238 16236
4237 16237
4236 16238
4235 16239
4234 16240
4233 16241
4232 16242
4231 16243
4230 16244
4229 16245
4228 16246
4227 16247
4226 16248
4225 16249
4224 16401
4223 16402
4222 16403
4221 16404
4220 16405
4219 16406
4218 16407
4217 16408
4216 16409
4215 16410
4214 16411
4213 16412
4212 16413
4211 16414
4210 16415
4209 16416
4208 16417
4207 16418
4206 16419
4205 16420
4204 16421
4203 16422
4202 16423
4201 16424
4200 16425
4199 9267
4198 9268
4197 9269
4196 9270
4195 9271
4194 9272
4193 9273
4192 9274
4191 9275
4190 9276
4189 9288
4188 9289
4187 9290
4186 9291
4185 9292
4184 9293
4183 9294
4182 9295
4181 9296
4180 9297
4179 16736
4178 16737
4177 16738
4176 16739
4175 16740
4174 16741
4173 16742
4172 17124
4171 17125
4170 17126
4169 17127
4168 17128
4167 17129
4166 17130
4165 17131
4164 17132
4163 17133
4162 17134
4161 17135
4160 17098
4159 17099
4158 17100
4157 17101
4156 17102
4155 17103
4154 17104
4153 17105
4152 17106
4151 17313
4150 17314
4149 17315
4148 17316
4147 17317
4146 17318
4145 17319
4144 17320
4143 17321
4142 17322
4141 17323
4140 17324
4139 17325
4138 17326
4137 17327
4136 17328
4135 17329
4134 17330
4133 17331
4132 17332
4131 17333
4130 17334
4129 17335
4128 17336
4127 17337
4126 17338
4125 17339
4124 17340
4123 17341
4122 17342
4121 17343
4120 17344
4119 17345
4118 17346
4117 17347
4116 17348
4115 9308
4114 9309
4113 9310
4112 9311
4111 9312
4110 9313
4109 9314
4108 9315
4107 9316
4106 9317
4105 17646
4104 17647
4103 17648
4102 17649
4101 17650
4100 17651
4099 17652
4098 17653
4097 17654
4096 17655
4095 17656
4094 17657
4093 17658
4092 17659
4091 17660
4090 17661
4089 17662
4088 17663
4087 17664
4086 17665
4085 17666
4084 17667
4083 17668
4082 17669
4081 17670
4080 17671
4079 17672
4078 17822
4077 17823
4076 17824
4075 17825
4074 17826
4073 17827
4072 17828
4071 17829
4070 17830
4069 17831
4068 17832
4067 17833
4066 17834
4065 17835
4064 10211
4063 10212
4062 10213
4061 10214
4060 10215
4059 10216
4058 10217
4057 10218
4056 10219
4055 10220
4054 10221
4053 10222
4052 10223
4051 10224
4050 10225
4049 10256
4048 10257
4047 10258
4046 10259
4045 10260
4044 10261
4043 10262
4042 10263
4041 10264
4040 10265
4039 10266
4038 10267
4037 10268
4036 10269
4035 10270
4034 10271
4033 9795
4032 9796
4031 9797
4030 9798
4029 9799
4028 9800
4027 9801
4026 9802
4025 9329
4024 9330
4023 9331
4022 9332
4021 9333
4020 9334
4019 9335
4018 9336
4017 9337
4016 9338
4015 9339
4014 10533
4013 10534
4012 10535
4011 10536
4010 10537
4009 10538
4008 10539
4007 10540
4006 10541
4005 10542
4004 10543
4003 10544
4002 10545
4001 10546
4000 9366
3999 9367
3998 9368
3997 9369
3996 9370
3995 9371
3994 9372
3993 9373
3992 9374
3991 9375
3990 9376
3989 9377
3986 9570
3985 9571
3984 9572
3983 9573
3982 9574
3981 9575
3980 9576
3979 9577
3978 9578
3977 9579
3976 9580
3975 9581
3974 9582
3973 9583
3972 9584
3971 9585
3970 9586
3969 9587
3968 9588
3967 10526
3966 10527
3965 10528
3964 10529
3963 10530
3962 10531
3961 10532
3960 9340
3959 9341
3958 9342
3957 9343
3956 9344
3955 9345
3954 9346
3953 9347
3952 9348
3951 9349
3950 9350
3949 9803
3948 9804
3947 9805
3946 9806
3945 9807
3944 9808
3943 9809
3942 9810
3941 9811
3940 9812
3939 9813
3938 9814
3937 10248
3936 10249
3935 10250
3934 10251
3933 10252
3932 10253
3931 10254
3930 10255
3929 10226
3928 10227
3927 10228
3926 10229
3925 10230
3924 17805
3923 17806
3922 17807
3921 17808
3920 17809
3919 17810
3918 17811
3917 17812
3916 17813
3915 17814
3914 17815
3913 17816
3912 17817
3911 17818
3910 17819
3909 17820
3908 17821
3907 17673
3906 17674
3905 17675
3904 17676
3903 17677
3902 17678
3901 17679
3900 17680
3899 17681
3898 17682
3897 17683
3896 17684
3895 17685
3894 17686
3893 16937
3892 16938
3891 16939
3890 16940
3889 16941
3888 16942
3887 16943
3886 16944
3885 16945
3884 16946
3883 16947
3882 16948
3881 16949
3880 16950
3879 16951
3878 16952
3877 16953
3876 16954
3875 16955
3874 16956
3873 16957
3872 9560
3871 9561
3870 9562
3869 9563
3868 9564
3867 9565
3866 9566
3865 9567
3864 9568
3863 9569
3862 17302
3861 17303
3860 17304
3859 17305
3858 17306
3857 17307
3856 17308
3855 17309
3854 17310
3853 17311
3852 17312
3851 17107
3850 17108
3849 17109
3848 17110
3847 17111
3846 17112
3845 17113
3844 17114
3843 17115
3842 17116
3841 17117
3840 17118
3839 17119
3838 17120
3837 17121
3836 17122
3835 17123
3834 16743
3833 16744
3832 16745
3831 16746
3830 16747
3829 16748
3828 16749
3827 16750
3826 16751
3825 16752
3824 16753
3823 16754
3822 16755
3821 16756
3820 16757
3819 16758
3818 16759
3817 16760
3816 16761
3815 16762
3814 16763
3813 16764
3812 16765
3811 16766
3810 16767
3809 16768
3808 16769
3807 16770
3806 16771
3805 16772
3804 16773
3803 16774
3802 16775
3801 16776
3800 16393
3799 16394
3798 16395
3797 16396
3796 16397
3795 16398
3794 16399
3793 16400
3792 16250
3791 16251
3790 16252
3789 16253
3788 16254
3787 16255
3786 16256
3785 16257
3784 16258
3783 16259
3782 16260
3781 16261
3780 16262
3779 16263
3778 9540
3777 9541
3776 9542
3775 9543
3774 9544
3773 9545
3772 9546
3771 9547
3770 9548
3769 9549
3768 9550
3767 9520
3766 9521
3765 9522
3764 9523
3763 9524
3762 9525
3761 9526
3760 9527
3759 9528
3758 9529
3757 9530
3756 16030
3755 16031
3754 16032
3753 16033
3752 16034
3751 16035
3750 16036
3749 16037
3748 16038
3747 16039
3746 16040
3745 16041
3744 16042
3743 16043
3742 16044
3741 16045
3740 16046
3739 16047
3738 16048
3737 16049
3736 16050
3735 16051
3734 16052
3733 16053
3732 16054
3731 16055
3730 16056
3729 15662
3728 15663
3727 15664
3726 15665
3725 15666
3724 15667
3723 15668
3722 15669
3721 15670
3720 15671
3719 15672
3718 15673
3717 15674
3716 15675
3715 15676
3714 15677
3713 15678
3712 15679
3711 15680
3710 15681
3709 15682
3708 15683
3707 15684
3706 15685
3705 15686
3704 15687
3703 15688
3702 15689
3701 15690
3700 15691
3699 15440
3698 15441
3697 15442
3696 15443
3695 15444
3694 15445
3693 15446
3692 15447
3691 15448
3690 15449
3689 15450
3688 15451
3687 15452
3686 15453
3685 15454
3684 15455
3683 15345
3682 15346
3681 15347
3680 15348
3679 15349
3678 15350
3677 15351
3676 15352
3675 15353
3674 15354
3673 15355
3672 15356
3671 15357
3670 15358
3669 15359
3668 15360
3667 15361
3666 14746
3665 14747
3664 14748
3663 14749
3662 14750
3661 14751
3660 14752
3659 14753
3658 14754
3657 14755
3656 14756
3655 14757
3654 14758
3653 14759
3652 14760
3651 14761
3650 14762
3649 14763
3648 14764
3647 14765
3646 15069
3645 15070
3644 15071
3643 15072
3642 15073
3641 15074
3640 15075
3639 15076
3638 15077
3637 15078
3636 15079
3635 15080
3634 15081
3633 15082
3632 15083
3631 15084
3630 15085
3629 15086
3628 15087
3627 15088
3626 15089
3625 15090
3624 15091
3623 15092
3622 15093
3621 15094
3620 15095
3619 15096
3618 15097
3617 15098
3616 15099
3615 15100
3614 15101
3613 15102
3612 15103
3611 13477
3610 13478
3609 13479
3608 13480
3607 13481
3606 13482
3605 13483
3604 13484
3603 13485
3602 13674
3601 13675
3600 13676
3599 13677
3598 13678
3597 13679
3596 13680
3595 13681
3594 13682
3593 13683
3592 13684
3591 13685
3590 13686
3589 14532
3588 14533
3587 14534
3586 14535
3585 14536
3584 14537
3583 14538
3582 9216
3581 9217
3580 9218
3579 9219
3578 9220
3577 9221
3576 9222
3575 9223
3574 9224
3573 9160
3572 9161
3571 9162
3570 9163
3569 9164
3568 9165
3567 9166
3566 9167
3565 9168
3564 9169
3563 9170
3562 9171
3561 9172
3560 9173
3559 9174
3558 9175
3557 9176
3556 9177
3555 9178
3554 9179
3553 9180
3552 9181
3551 9182
3550 9183
3549 9184
3548 9185
3547 9186
3546 9187
3545 9188
3544 9189
3543 9190
3542 9191
3541 9192
3540 9193
3539 9194
3538 9195
3537 9196
3536 9197
3535 9198
3534 9199
3533 9200
3532 9201
3531 9202
3530 9203
3529 9204
3528 9205
3527 14001
3526 14002
3525 14003
3524 14004
3523 14005
3522 14006
3521 14007
3520 14008
3519 14009
3518 14010
3517 14011
3516 14012
3515 14013
3514 14014
3513 14015
3512 14016
3511 14017
3510 14018
3509 14019
3508 14020
3507 14021
3506 14022
3505 14231
3504 14232
3503 14233
3502 14234
3501 14235
3500 14236
3499 14237
3498 14197
3497 14198
3496 14199
3495 14200
3494 14201
3493 14202
3492 14203
3491 14204
3490 14205
3489 14206
3488 14207
3487 14208
3486 14209
3485 14210
3484 14211
3483 13126
3482 13127
3481 13128
3480 13129
3479 13130
3478 13131
3477 13132
3476 13133
3475 13134
3474 13135
3473 13136
3472 13137
3471 13138
3470 13268
3469 13269
3468 13270
3467 13271
3466 13272
3465 13273
3464 13274
3463 13275
3462 13276
3461 13277
3460 13278
3459 13279
3458 13280
3457 12941
3456 12942
3455 12943
3454 12944
3453 12945
3452 12946
3451 12947
3450 12948
3449 12949
3448 12950
3447 12951
3446 12952
3445 12953
3444 12954
3443 12697
3442 12698
3441 12699
3440 12700
3439 12701
3438 12702
3437 12703
3436 12704
3435 12748
3434 12749
3433 12750
3432 12751
3431 12752
3430 12753
3429 12754
3428 12755
3427 12756
3426 12757
3425 12758
3424 9079
3423 9080
3422 9081
3421 9082
3420 9083
3419 9084
3418 9085
3417 9086
3416 9087
3415 9088
3414 12549
3413 12550
3412 12551
3411 12552
3410 12553
3409 12554
3408 12555
3407 12556
3406 12557
3405 12558
3404 12559
3403 12560
3402 12561
3401 9400
3400 9401
3399 9402
3398 9403
3397 9404
3396 9405
3395 9406
3394 9407
3393 9494
3392 9495
3391 9496
3390 9497
3389 9498
3388 9499
3387 9500
3386 9501
3385 9502
3384 9503
3383 9504
3382 9505
3381 9506
3380 9507
3379 9508
3376 9378
3375 9379
3374 9380
3373 9381
3372 9382
3371 9383
3370 9384
3369 9385
3368 9386
3367 9387
3366 9388
3365 9389
3364 9390
3363 9391
3362 9392
3361 9393
3360 9394
3359 9395
3358 9396
3357 9397
3356 9398
3355 9399
3354 12562
3353 12563
3352 12564
3351 12565
3350 12566
3349 12567
3348 12568
3347 10661
3346 10662
3345 10663
3344 10664
3343 10665
3342 10666
3341 10667
3340 10668
3339 10669
3338 10670
3337 12734
3336 12735
3335 12736
3334 12737
3333 12738
3332 12739
3331 12740
3330 12741
3329 12742
3328 12743
3327 12744
3326 12745
3325 12746
3324 12747
3323 12705
3322 12706
3321 12707
3320 12708
3319 12709
3318 12710
3317 12711
3316 12927
3315 12928
3314 12929
3313 12930
3312 12931
3311 12932
3310 12933
3309 12934
3308 12935
3307 12936
3306 12937
3305 12938
3304 12939
3303 12940
3302 13281
3301 13282
3300 13283
3299 13284
3298 13285
3297 13286
3296 13287
3295 10681
3294 10682
3293 10683
3292 10684
3291 10685
3290 10686
3289 10687
3288 10688
3287 10689
3286 13119
3285 13120
3284 13121
3283 13122
3282 13123
3281 13124
3280 13125
3279 14212
3278 14213
3277 14214
3276 14215
3275 14216
3274 14217
3273 14218
3272 14219
3271 14220
3270 14221
3269 14222
3268 14223
3267 14224
3266 14225
3265 14226
3264 14227
3263 14228
3262 14229
3261 14230
3260 14023
3259 14024
3258 14025
3257 14026
3256 14027
3255 14028
3254 14029
3253 14030
3252 14031
3251 14032
3250 14033
3249 14034
3248 14035
3247 14036
3246 14037
3245 14038
3244 14474
3243 14475
3242 14476
3241 14477
3240 14478
3239 14479
3238 14480
3237 14481
3236 14482
3235 14483
3234 14484
3233 14485
3232 14486
3231 14487
3230 14488
3229 14489
3228 14490
3227 14491
3226 14492
3225 14493
3224 14494
3223 14495
3222 14496
3221 14497
3220 14498
3219 14499
3218 14500
3217 14501
3216 14502
3215 14503
3214 14504
3213 14505
3212 14506
3211 14507
3210 14508
3209 14509
3208 14510
3207 14511
3206 14512
3205 14513
3204 14514
3203 14515
3202 14516
3201 14517
3200 14518
3199 14519
3198 14520
3197 14521
3196 14522
3195 14523
3194 14524
3193 14525
3192 14526
3191 14527
3190 14528
3189 14529
3188 14530
3187 14531
3186 13687
3185 13688
3184 13689
3183 13690
3182 13691
3181 13692
3180 13693
3179 13694
3178 13465
3177 13466
3176 13467
3175 13468
3174 13469
3173 13470
3172 13471
3171 13472
3170 13473
3169 13474
3168 13475
3167 13476
3166 15104
3165 15105
3164 15106
3163 15107
3162 15108
3161 15109
3160 15110
3159 15111
3158 15112
3157 15113
3156 15114
3155 15115
3154 15116
3153 15117
3152 15118
3151 15119
3150 15120
3149 15121
3148 15122
3147 15123
3146 15124
3145 15125
3144 15126
3143 15127
3142 15128
3141 15129
3140 15130
3139 15131
3138 15132
3137 15133
3136 15134
3135 15312
3134 15313
3133 15314
3132 15315
3131 15316
3130 15317
3129 15318
3128 15319
3127 15320
3126 15321
3125 15322
3124 15323
3123 15324
3122 15325
3121 15326
3120 15327
3119 15328
3118 15329
3117 15330
3116 15331
3115 15332
3114 15333
3113 15334
3112 15335
3111 15336
3110 15337
3109 15338
3108 15339
3107 15340
3106 15341
3105 15342
3104 15343
3103 15344
3102 15456
3101 15457
3100 15458
3099 15459
3098 15460
3097 15461
3096 15462
3095 10700
3094 10701
3093 10702
3092 10703
3091 10704
3090 10705
3089 10706
3088 10707
3087 10708
3086 10709
3085 10721
3084 10722
3083 10723
3082 10724
3081 10725
3080 10726
3079 10727
3078 10728
3077 10729
3076 10730
3075 10731
3074 10743
3073 10744
3072 10745
3071 10746
3070 10747
3069 10748
3068 10749
3067 10750
3066 10751
3065 10752
3064 16004
3063 16005
3062 16006
3061 16007
3060 16008
3059 16009
3058 16010
3057 16011
3056 16012
3055 16013
3054 16014
3053 16015
3052 16016
3051 16017
3050 16018
3049 16019
3048 16020
3047 16021
3046 16022
3045 16023
3044 16024
3043 16025
3042 16026
3041 16027
3040 16028
3039 16029
3038 9509
3037 9510
3036 9511
3035 9512
3034 9513
3033 9514
3032 9515
3031 9516
3030 9517
3029 9518
3028 9519
3027 9531
3026 9532
3025 9533
3024 9534
3023 9535
3022 9536
3021 9537
3020 9538
3019 9539
3018 16264
3017 16265
3016 16266
3015 16267
3014 16268
3013 16269
3012 16270
3011 16380
3010 16381
3009 16382
3008 16383
3007 16384
3006 16385
3005 16386
3004 16387
3003 16388
3002 16389
3001 16390
3000 16391
2999 16392
2998 16777
2997 16778
2996 16779
2995 16780
2994 16781
2993 16782
2992 16783
2991 16784
2990 16785
2989 16786
2988 10764
2987 10765
2986 10766
2985 10767
2984 10768
2983 10769
2982 10770
2981 10771
2980 17265
2979 17266
2978 17267
2977 17268
2976 17269
2975 17270
2974 17271
2973 17272
2972 17273
2971 17274
2970 17275
2969 17276
2968 17277
2967 17278
2966 17279
2965 17280
2964 17281
2963 17282
2962 17283
2961 17284
2960 17285
2959 17286
2958 17287
2957 17288
2956 17289
2955 17290
2954 17291
2953 17292
2952 17293
2951 17294
2950 17295
2949 17296
2948 17297
2947 17298
2946 17299
2945 17300
2944 17301
2943 9551
2942 9552
2941 9553
2940 9554
2939 9555
2938 9556
2937 9557
2936 9558
2935 9559
2934 16958
2933 16959
2932 16960
2931 16961
2930 16962
2929 16963
2928 16964
2927 16922
2926 16923
2925 16924
2924 16925
2923 16926
2922 16927
2921 16928
2920 16929
2919 16930
2918 16931
2917 16932
2916 16933
2915 16934
2914 16935
2913 16936
2912 17687
2911 17688
2910 17689
2909 17690
2908 17691
2907 17692
2906 17693
2905 17694
2904 17695
2903 17696
2902 17697
2901 17698
2900 17699
2899 17700
2898 17701
2897 17702
2896 17703
2895 17704
2894 17705
2893 17706
2892 17707
2891 17708
2890 17709
2889 17710
2888 17711
2887 17712
2886 17797
2885 17798
2884 17799
2883 17800
2882 17801
2881 17802
2880 17803
2879 17804
2878 10231
2877 10232
2876 10233
2875 10234
2874 10235
2873 10236
2872 10237
2871 10238
2870 10239
2869 10240
2868 10241
2867 10242
2866 10243
2865 10244
2864 10245
2863 10246
2862 10247
2861 9815
2860 9816
2859 9817
2858 9818
2857 9819
2856 9820
2855 9821
2854 9822
2853 9823
2852 9824
2851 9825
2850 9826
2849 9827
2848 9828
2847 9829
2846 9830
2845 9831
2844 9832
2843 10502
2842 10503
2841 10504
2840 10505
2839 10506
2838 10507
2837 10508
2836 10509
2835 10510
2834 10511
2833 10512
2832 10513
2831 10514
2830 10515
2829 10516
2828 10517
2827 10518
2826 10519
2825 10520
2824 10521
2823 10522
2822 10523
2821 10524
2820 10525
2819 9589
2818 9590
2817 9591
2816 9592
2815 9593
2814 9594
2813 9595
2812 9596
2811 10802
2810 10803
2809 10804
2808 10805
2807 10806
2806 10807
2805 10808
2804 10809
2803 10810
2802 10811
2801 10812
2800 10813
2799 10814
2798 10815
2797 10816
2796 10817
2795 10818
2792 10782
2791 10783
2790 10784
2789 10785
2788 10786
2787 10787
2786 10788
2785 10789
2784 10790
2783 10791
2782 10792
2781 10793
2780 10794
2779 10795
2778 10796
2777 10797
2776 10798
2775 10799
2774 10800
2773 10801
2772 9597
2771 9598
2770 9599
2769 9600
2768 9601
2767 9602
2766 9603
2765 9604
2764 9605
2763 9606
2762 9607
2761 9608
2760 9609
2759 9610
2758 9611
2757 9612
2756 9613
2755 9614
2754 9615
2753 9616
2752 9617
2751 9618
2750 9619
2749 9620
2748 9621
2747 9622
2746 9623
2745 10486
2744 10487
2743 10488
2742 10489
2741 10490
2740 10491
2739 10492
2738 10493
2737 10494
2736 10495
2735 10496
2734 10497
2733 10498
2732 10499
2731 10500
2730 10501
2729 9833
2728 9834
2727 9835
2726 9836
2725 9837
2724 9838
2723 9839
2722 9840
2721 9841
2720 9842
2719 9843
2718 9844
2717 9845
2716 9846
2715 9847
2714 9848
2713 9849
2712 9850
2711 9851
2710 9852
2709 9853
2708 9854
2707 9855
2706 9856
2705 9857
2704 9858
2703 9859
2702 9860
2701 9861
2700 9862
2699 9863
2698 9864
2697 9865
2696 9866
2695 9867
2694 9868
2693 9869
2692 9870
2691 11450
2690 11451
2689 11452
2688 11453
2687 11454
2686 11455
2685 11456
2684 11457
2683 11458
2682 11459
2681 11460
2680 17786
2679 17787
2678 17788
2677 17789
2676 17790
2675 17791
2674 17792
2673 17793
2672 17794
2671 17795
2670 17796
2669 17713
2668 17714
2667 17715
2666 17716
2665 17717
2664 17718
2663 17719
2662 17720
2661 17721
2660 11428
2659 11429
2658 11430
2657 11431
2656 11432
2655 11433
2654 11434
2653 11435
2652 11436
2651 11437
2650 11408
2649 11409
2648 11410
2647 11411
2646 11412
2645 11413
2644 11414
2643 11415
2642 11416
2641 11417
2640 11387
2639 11388
2638 11389
2637 11390
2636 11391
2635 11392
2634 11393
2633 11394
2632 11395
2631 11396
2630 16907
2629 16908
2628 16909
2627 16910
2626 16911
2625 16912
2624 16913
2623 16914
2622 16915
2621 16916
2620 16917
2619 16918
2618 16919
2617 16920
2616 16921
2615 16965
2614 16966
2613 16967
2612 16968
2611 16969
2610 16970
2609 16971
2608 11366
2607 11367
2606 11368
2605 11369
2604 11370
2603 11371
2602 11372
2601 11373
2600 11374
2599 11375
2598 11376
2597 11344
2596 11345
2595 11346
2594 11347
2593 11348
2592 11349
2591 11350
2590 11351
2589 11352
2588 11353
2587 11354
2586 11324
2585 11325
2584 11326
2583 11327
2582 11328
2581 11329
2580 11330
2579 11331
2578 11332
2577 11333
2576 11303
2575 11304
2574 11305
2573 11306
2572 11307
2571 11308
2570 11309
2569 11310
2568 11311
2567 11312
2566 11313
2565 17251
2564 17252
2563 17253
2562 17254
2561 17255
2560 17256
2559 17257
2558 17258
2557 17259
2556 17260
2555 17261
2554 17262
2553 17263
2552 17264
2551 10772
2550 10773
2549 10774
2548 10775
2547 10776
2546 10777
2545 10778
2544 10779
2543 10780
2542 10781
2541 16787
2540 16788
2539 16789
2538 16790
2537 16791
2536 16792
2535 16793
2534 16362
2533 16363
2532 16364
2531 16365
2530 16366
2529 16367
2528 16368
2527 16369
2526 16370
2525 16371
2524 16372
2523 16373
2522 16374
2521 16375
2520 16376
2519 16377
2518 16378
2517 16379
2516 16271
2515 16272
2514 16273
2513 16274
2512 16275
2511 16276
2510 16277
2509 16278
2508 16279
2507 16280
2506 16281
2505 16282
2504 16283
2503 16284
2502 16285
2501 16286
2500 16287
2499 16288
2498 16289
2497 16290
2496 16291
2495 16292
2494 16293
2493 16294
2492 11283
2491 11284
2490 11285
2489 11286
2488 11287
2487 11288
2486 11289
2485 11290
2484 11291
2483 11292
2482 11293
2481 15981
2480 15982
2479 15983
2478 15984
2477 15985
2476 15986
2475 15987
2474 15988
2473 15989
2472 15990
2471 15991
2470 15992
2469 15993
2468 15994
2467 15995
2466 15996
2465 15997
2464 15998
2463 15999
2462 16000
2461 16001
2460 16002
2459 16003
2458 10753
2457 10754
2456 10755
2455 10756
2454 10757
2453 10758
2452 10759
2451 10760
2450 10761
2449 10762
2448 10763
2447 10732
2446 10733
2445 10734
2444 10735
2443 10736
2442 10737
2441 10738
2440 10739
2439 10740
2438 10741
2437 10742
2436 10710
2435 10711
2434 10712
2433 10713
2432 10714
2431 10715
2430 10716
2429 10717
2428 10718
2427 10719
2426 10720
2425 15463
2424 15464
2423 15465
2422 15466
2421 15467
2420 15468
2419 15469
2418 15470
2417 15471
2416 15472
2415 15473
2414 15474
2413 15475
2412 15476
2411 15477
2410 15478
2409 15479
2408 11262
2407 11263
2406 11264
2405 11265
2404 11266
2403 11267
2402 11268
2401 11269
2400 11270
2399 11271
2398 11272
2397 15297
2396 15298
2395 15299
2394 15300
2393 15301
2392 15302
2391 15303
2390 15304
2389 15305
2388 15306
2387 15307
2386 15308
2385 15309
2384 15310
2383 15311
2382 15135
2381 15136
2380 15137
2379 15138
2378 15139
2377 15140
2376 15141
2375 15142
2374 15143
2373 15144
2372 15145
2371 15146
2370 15147
2369 15148
2368 15149
2367 15150
2366 15151
2365 15152
2364 15153
2363 15154
2362 15155
2361 15156
2360 15157
2359 15158
2358 15159
2357 15160
2356 15161
2355 15162
2354 15163
2353 15164
2352 15165
2351 15166
2350 15167
2349 15168
2348 13455
2347 13456
2346 13457
2345 13458
2344 13459
2343 13460
2342 13461
2341 13462
2340 13463
2339 13464
2338 13695
2337 13696
2336 13697
2335 13698
2334 13699
2333 13700
2332 13701
2331 13702
2330 13703
2329 13704
2328 13705
2327 13706
2326 13707
2325 13708
2324 13709
2323 13710
2322 13711
2321 13712
2320 13713
2319 13714
2318 13715
2317 13716
2316 13717
2315 13718
2314 13719
2313 13720
2312 13721
2311 13722
2310 13723
2309 13724
2308 13725
2307 13726
2306 13727
2305 13728
2304 13729
2303 13730
2302 14440
2301 14441
2300 14442
2299 14443
2298 14444
2297 14445
2296 14446
2295 14447
2294 14448
2293 14449
2292 14450
2291 14451
2290 14452
2289 14453
2288 14454
2287 14455
2286 14456
2285 14457
2284 14458
2283 14459
2282 14460
2281 14461
2280 14462
2279 14463
2278 14464
2277 14465
2276 14466
2275 14467
2274 14468
2273 14469
2272 14470
2271 14471
2270 14472
2269 14473
2268 14039
2267 14040
2266 14041
2265 14042
2264 14043
2263 14044
2262 14045
2261 14046
2260 14047
2259 14048
2258 14049
2257 14050
2256 14051
2255 14052
2254 14053
2253 14054
2252 14055
2251 14056
2250 14057
2249 14058
2248 14059
2247 14060
2246 14061
2245 14062
2244 14063
2243 14064
2242 14065
2241 14066
2240 13105
2239 13106
2238 13107
2237 13108
2236 13109
2235 13110
2234 13111
2233 13112
2232 13113
2231 13114
2230 13115
2229 13116
2228 13117
2227 13118
2226 10690
2225 10691
2224 10692
2223 10693
2222 10694
2221 10695
2220 10696
2219 10697
2218 10698
2217 10699
2216 13288
2215 13289
2214 13290
2213 13291
2212 13292
2211 13293
2210 13294
2209 13295
2208 12914
2207 12915
2206 12916
2205 12917
2204 12918
2203 12919
2202 12920
2201 12921
2200 12922
2199 12923
2198 12924
2197 12925
2196 12926
2195 12712
2194 12713
2193 12714
2192 12715
2191 12716
2190 12717
2189 12718
2188 12719
2187 12720
2186 12721
2185 12722
2184 12723
2183 12724
2182 12725
2181 12726
2180 12727
2179 12728
2178 12729
2177 12730
2176 12731
2175 12732
2174 12733
2173 10671
2172 10672
2171 10673
2170 10674
2169 10675
2168 10676
2167 10677
2166 10678
2165 10679
2164 10680
2163 12569
2162 12570
2161 12571
2160 12572
2159 12573
2158 12574
2157 12575
2156 12576
2155 12577
2154 12578
2153 12579
2152 12580
2151 12581
2150 12582
2149 12583
2148 12584
2147 12585
2146 11240
2145 11241
2144 11242
2143 11243
2142 11244
2141 11245
2140 11246
2139 11247
2138 11248
2137 11249
2136 11250
2135 11251
2132 11229
2131 11230
2130 11231
2129 11232
2128 11233
2127 11234
2126 11235
2125 11236
2124 11237
2123 11238
2122 11239
2121 12586
2120 12587
2119 12588
2118 12589
2117 12590
2116 12591
2115 12592
2114 12593
2113 12594
2112 12595
2111 12596
2110 12597
2109 12598
2108 12599
2107 12600
2106 12601
2105 12602
2104 12603
2103 12861
2102 12862
2101 12863
2100 12864
2099 12865
2098 12866
2097 12867
2096 12868
2095 12869
2094 12870
2093 12871
2092 12872
2091 12873
2090 12874
2089 12875
2088 12876
2087 12877
2086 12878
2085 12879
2084 12880
2083 12881
2082 11461
2081 11462
2080 11463
2079 11464
2078 11465
2077 11466
2076 11467
2075 11468
2074 11469
2073 11470
2072 12906
2071 12907
2070 12908
2069 12909
2068 12910
2067 12911
2066 12912
2065 12913
2064 13296
2063 13297
2062 13298
2061 13299
2060 13300
2059 13301
2058 13302
2057 13303
2056 13304
2055 13305
2054 13306
2053 13307
2052 13308
2051 13091
2050 13092
2049 13093
2048 13094
2047 13095
2046 13096
2045 13097
2044 13098
2043 13099
2042 13100
2041 13101
2040 13102
2039 13103
2038 13104
2037 14067
2036 14068
2035 14069
2034 14070
2033 14071
2032 14072
2031 14073
2030 14074
2029 14075
2028 14076
2027 14077
2026 14078
2025 14079
2024 14080
2023 14081
2022 14082
2021 14402
2020 14403
2019 14404
2018 14405
2017 14406
2016 14407
2015 14408
2014 14409
2013 14410
2012 14411
2011 14412
2010 14413
2009 14414
2008 14415
2007 14416
2006 14417
2005 14418
2004 14419
2003 14420
2002 14421
2001 14422
2000 14423
1999 14424
1998 14425
1997 14426
1996 14427
1995 14428
1994 14429
1993 14430
1992 14431
1991 14432
1990 14433
1989 14434
1988 14435
1987 14436
1986 14437
1985 14438
1984 14439
1983 13731
1982 13732
1981 13733
1980 13734
1979 13735
1978 13736
1977 13737
1976 13738
1975 13739
1974 13740
1973 13741
1972 13742
1971 13743
1970 13744
1969 13429
1968 13430
1967 13431
1966 13432
1965 13433
1964 13434
1963 13435
1962 13436
1961 13437
1960 13438
1959 13439
1958 13440
1957 13441
1956 13442
1955 13443
1954 13444
1953 13445
1952 13446
1951 13447
1950 13448
1949 13449
1948 13450
1947 13451
1946 13452
1945 13453
1944 13454
1943 15169
1942 15170
1941 15171
1940 15172
1939 15173
1938 15174
1937 15175
1936 15176
1935 15262
1934 15263
1933 15264
1932 15265
1931 15266
1930 15267
1929 15268
1928 15269
1927 15270
1926 15271
1925 15272
1924 15273
1923 15274
1922 15275
1921 15276
1920 15277
1919 15278
1918 15279
1917 15280
1916 15281
1915 15282
1914 15283
1913 15284
1912 15285
1911 15286
1910 15287
1909 15288
1908 15289
1907 15290
1906 15291
1905 15292
1904 15293
1903 15294
1902 15295
1901 15296
1900 11252
1899 11253
1898 11254
1897 11255
1896 11256
1895 11257
1894 11258
1893 11259
1892 11260
1891 11261
1890 15480
1889 15481
1888 15482
1887 15483
1886 15484
1885 15485
1884 15486
1883 15487
1882 15488
1881 15810
1880 15811
1879 15812
1878 15813
1877 15814
1876 15815
1875 15816
1874 15817
1873 15818
1872 15819
1871 15820
1870 15821
1869 15822
1868 15823
1867 15824
1866 15825
1865 15826
1864 15827
1863 15828
1862 15829
1861 15830
1860 15831
1859 15832
1858 15833
1857 15834
1856 15835
1855 15836
1854 15837
1853 15838
1852 15839
1851 11481
1850 11482
1849 11483
1848 11484
1847 11485
1846 11486
1845 11487
1844 11488
1843 11489
1842 11490
1841 15967
1840 15968
1839 15969
1838 15970
1837 15971
1836 15972
1835 15973
1834 15974
1833 15975
1832 15976
1831 15977
1830 15978
1829 15979
1828 15980
1827 11273
1826 11274
1825 11275
1824 11276
1823 11277
1822 11278
1821 11279
1820 11280
1819 11281
1818 11282
1817 16295
1816 16296
1815 16297
1814 16298
1813 16299
1812 16300
1811 16301
1810 16302
1809 16303
1808 16304
1807 16305
1806 16306
1805 16307
1804 16308
1803 16339
1802 16340
1801 16341
1800 16342
1799 16343
1798 16344
1797 16345
1796 16346
1795 16347
1794 16348
1793 16349
1792 16350
1791 16351
1790 16352
1789 16353
1788 16354
1787 16355
1786 16356
1785 16357
1784 16358
1783 16359
1782 16360
1781 16361
1780 16794
1779 16795
1778 16796
1777 16797
1776 16798
1775 16799
1774 16800
1773 16801
1772 16802
1771 16803
1770 16804
1769 16805
1768 16806
1767 17235
1766 17236
1765 17237
1764 17238
1763 17239
1762 17240
1761 17241
1760 17242
1759 17243
1758 17244
1757 17245
1756 17246
1755 17247
1754 17248
1753 17249
1752 17250
1751 11294
1750 11295
1749 11296
1748 11297
1747 11298
1746 11299
1745 11300
1744 11301
1743 11302
1742 11314
1741 11315
1740 11316
1739 11317
1738 11318
1737 11319
1736 11320
1735 11321
1734 11322
1733 11323
1732 11334
1731 11335
1730 11336
1729 11337
1728 11338
1727 11339
1726 11340
1725 11341
1724 11342
1723 11343
1722 11355
1721 11356
1720 11357
1719 11358
1718 11359
1717 11360
1716 11361
1715 11362
1714 11363
1713 11364
1712 11365
1711 16972
1710 16973
1709 16974
1708 16975
1707 16976
1706 16977
1705 16978
1704 16893
1703 16894
1702 16895
1701 16896
1700 16897
1699 16898
1698 16899
1697 16900
1696 16901
1695 16902
1694 16903
1693 16904
1692 16905
1691 16906
1690 11377
1689 11378
1688 11379
1687 11380
1686 11381
1685 11382
1684 11383
1683 11384
1682 11385
1681 11386
1680 11397
1679 11398
1678 11399
1677 11400
1676 11401
1675 11402
1674 11403
1673 11404
1672 11405
1671 11406
1670 11407
1669 11418
1668 11419
1667 11420
1666 11421
1665 11422
1664 11423
1663 11424
1662 11425
1661 11426
1660 11427
1659 17722
1658 17723
1657 17724
1656 17725
1655 17726
1654 17727
1653 17728
1652 17771
1651 17772
1650 17773
1649 17774
1648 17775
1647 17776
1646 17777
1645 17778
1644 17779
1643 17780
1642 17781
1641 17782
1640 17783
1639 17784
1638 17785
1637 11438
1636 11439
1635 11440
1634 11441
1633 11442
1632 11443
1631 11444
1630 11445
1629 11446
1628 11447
1627 11448
1626 11449
1625 9871
1624 9872
1623 9873
1622 9874
1621 9875
1620 9876
1619 9877
1618 9878
1617 9879
1616 9880
1615 9881
1614 9882
1613 9883
1612 9884
1611 9885
1610 11502
1609 11503
1608 11504
1607 11505
1606 11506
1605 11507
1604 11508
1603 11509
1602 11510
1601 11511
1599 1600
1598 11514
1597 11515
1596 11516
1595 11517
1594 11518
1593 11519
1592 11520
1591 11521
1590 11522
1589 11523
1587 1588
1586 11526
1585 11527
1584 11528
1583 11529
1582 11530
1581 11531
1580 11532
1579 11533
1578 10471
1576 1577
1575 10474
1574 10475
1573 10476
1572 10477
1570 1571
1569 10480
1568 10481
1567 10482
1566 10483
1564 1565
1563 9624
1562 9625
1561 9626
1560 9627
1558 1559
1557 9630
1556 9631
1555 9632
1553 1554
1552 9635
1551 9636
1550 9637
1549 9638
1547 1548
1546 9641
1545 9642
1544 9643
1543 9644
1542 9645
1541 9646
1540 9647
1538 1539
1537 9650
1536 9651
1535 9652
1534 9653
1532 1533
1531 9656
1530 9657
1529 9658
1528 9659
1526 1527
1525 10643
1524 10644
1523 10645
1522 10646
1521 10647
1519 1520
1518 10650
1517 10651
1516 10652
1515 10653
1513 1514
1512 10656
1511 10657
1510 10658
1509 10659
1508 10660
1505 18058
1504 18059
1502 1503
1501 18062
1500 18063
1498 1499
1497 18066
1496 18067
1494 1495
1493 18070
1491 1492
1490 10637
1489 10638
1487 1488
1486 10641
1485 10642
1483 1484
1482 9664
1480 1481
1479 9667
1478 9668
1476 1477
1475 9671
1474 9672
1472 1473
1471 10421
1469 1470
1468 10424
1466 1467
1465 10427
1464 10428
1463 10429
1462 10430
1460 1461
1459 10433
1457 1458
1456 10436
1454 1455
1453 10439
1451 1452
1450 10442
1448 1449
1447 10445
1445 1446
1444 10448
1442 1443
1441 10451
1439 1440
1438 10454
1436 1437
1435 10457
1433 1434
1432 10460
1430 1431
1429 10463
1428 10464
1426 1427
1425 10467
1423 1424
1422 10470
1420 1421
1419 11536
1417 1418
1416 11539
1415 11540
1413 1414
1412 11543
1411 11544
1409 1410
1408 11547
1407 11548
1405 1406
1404 11551
1402 1403
1401 11554
1400 11555
1398 1399
1397 11558
1396 11559
1394 1395
1393 11562
1392 11563
1390 1391
1389 11566
1388 11567
1386 1387
1385 11570
1384 11571
1382 1383
1381 11574
1380 9886
1379 9887
1377 1378
1376 9890
1375 9891
1373 1374
1372 9894
1371 9895
1369 1370
1368 9898
1367 9899
1366 9900
1365 9901
1364 18048
1362 1363
1361 18051
1360 18052
1359 18053
1357 1358
1356 18056
1355 18057
1354 18027
1353 18028
1351 1352
1350 18031
1349 18032
1348 18033
1347 18034
1345 1346
1344 18007
1343 18008
1342 18009
1341 18010
1339 1340
1338 18013
1337 18014
1336 18015
1335 17764
1334 17765
1332 1333
1331 17768
1330 17769
1329 17770
1328 17508
1327 17509
1325 1326
1324 17512
1323 17513
1322 17514
1321 17515
1320 17516
1319 17517
1318 17518
1317 17519
1316 17520
1315 17521
1314 17522
1313 17523
1312 17524
1311 17525
1310 17526
1309 17527
1308 17528
1307 17529
1305 1306
1304 17532
1303 17533
1302 17534
1301 17535
1300 17536
1299 17537
1298 17538
1297 17539
1296 17540
1295 17541
1294 17542
1293 17543
1292 17544
1291 17545
1290 17546
1289 17547
1288 17548
1287 17549
1286 17550
1285 17551
1284 17552
1283 17553
1282 17498
1281 17499
1280 17500
1279 17501
1278 17502
1277 17503
1276 17504
1275 17505
1274 17506
1273 17507
1272 16885
1271 16886
1270 16887
1269 16888
1268 16889
1267 16890
1266 16891
1265 16892
1264 16979
1263 16980
1262 16981
1261 16982
1260 16983
1259 16984
1258 16985
1257 16986
1256 16987
1255 16988
1254 16989
1253 16990
1252 16991
1251 16992
1250 16993
1249 16994
1248 16995
1247 16996
1246 16997
1245 16998
1244 16999
1243 17000
1242 17001
1241 17002
1240 17003
1239 17004
1238 17005
1237 17006
1236 17007
1235 17008
1234 17009
1233 17010
1232 17011
1231 17012
1230 17013
1229 16840
1228 16841
1227 16842
1226 16843
1225 16844
1224 16845
1223 16846
1222 16847
1221 16848
1220 16849
1219 16818
1218 16819
1217 16820
1216 16821
1215 16822
1214 16823
1213 16824
1212 16825
1211 16826
1210 16827
1209 17217
1208 17218
1207 17219
1206 17220
1205 17221
1204 17222
1203 17223
1202 17224
1201 17225
1200 17226
1199 17227
1198 17228
1197 17229
1196 17230
1195 17231
1194 17232
1193 17233
1192 17234
1191 16584
1190 16585
1189 16586
1188 16587
1187 16588
1186 16589
1185 16590
1184 16591
1183 16592
1182 16593
1181 16594
1180 16595
1179 16596
1178 16597
1177 16598
1176 16599
1175 16575
1174 16576
1173 16577
1172 16578
1171 16579
1170 16580
1169 16581
1168 16582
1167 16583
1166 16554
1165 16555
1164 16556
1163 16557
1162 16558
1161 16559
1160 16560
1159 16561
1158 16562
1157 16563
1156 16332
1155 16333
1154 16334
1153 16335
1152 16336
1151 16337
1150 16338
1149 15840
1148 15841
1147 15842
1146 15843
1145 15844
1144 15845
1143 15846
1142 15847
1141 15848
1140 15849
1139 15850
1138 15851
1137 15852
1136 15853
1135 15854
1134 15855
1133 15856
1132 15942
1131 15943
1130 15944
1129 15945
1128 15946
1127 15947
1126 15948
1125 15949
1124 15950
1123 15951
1122 15952
1121 15953
1120 15954
1119 15955
1118 15956
1117 15957
1116 15958
1115 15959
1114 15960
1113 15961
1112 15962
1111 15963
1110 15964
1109 15965
1108 15966
1107 11491
1106 11492
1105 11493
1104 11494
1103 11495
1102 11496
1101 11497
1100 11498
1099 11499
1098 11500
1097 11501
1096 15510
1095 15511
1094 15512
1093 15513
1092 15514
1091 15515
1090 15516
1089 15517
1088 15518
1087 15519
1086 15520
1085 15521
1084 15522
1083 15523
1082 15524
1081 15500
1080 15501
1079 15502
1078 15503
1077 15504
1076 15505
1075 15506
1074 15507
1073 15508
1072 15509
1071 15804
1070 15805
1069 15806
1068 15807
1067 15808
1066 15809
1065 14613
1064 14614
1063 14615
1062 14616
1061 14617
1060 14618
1059 14619
1058 14620
1057 14621
1056 14622
1055 14623
1054 14624
1053 14870
1052 14871
1051 14872
1050 14873
1049 14874
1048 14875
1047 14876
1046 14877
1045 14878
1044 14879
1043 14880
1042 14881
1041 14882
1040 14883
1039 14884
1038 14885
1037 14886
1036 14887
1035 14888
1034 14889
1033 14890
1032 14891
1031 14892
1030 14893
1029 14894
1028 14895
1027 14896
1026 14897
1025 14898
1024 14899
1023 14900
1022 14901
1021 14902
1020 14903
1019 15251
1018 15252
1017 15253
1016 15254
1015 15255
1014 15256
1013 15257
1012 15258
1011 15259
1010 15260
1009 15261
1008 15177
1007 15178
1006 15179
1005 15180
1004 15181
1003 15182
1002 15183
1001 15184
1000 13401
999 13402
998 13403
997 13404
996 13405
995 13406
994 13407
993 13408
992 13409
991 13410
990 13411
989 13412
988 13413
987 13414
986 13415
985 13416
984 13417
983 13418
982 13419
981 13420
980 13421
979 13422
978 13423
977 13424
976 13425
975 13426
974 13427
973 13428
972 13745
971 13746
970 13747
969 13748
968 13749
967 13750
966 13371
965 13372
964 13373
963 13374
962 13375
961 13376
960 13377
959 13378
958 13379
957 13380
956 13350
955 13351
954 13352
953 13353
952 13354
951 13355
950 13356
949 13357
948 13358
947 14373
946 14374
945 14375
944 14376
943 14377
942 14378
941 14379
940 14380
939 14381
938 14382
937 14383
936 14384
935 14385
934 14386
933 14387
932 14388
931 14389
930 14390
929 14391
928 14392
927 14393
926 14394
925 14395
924 14396
923 14397
922 14398
921 14399
920 14400
919 14401
918 14083
917 14084
916 14085
915 14086
914 14087
913 14088
912 14089
911 14090
910 14091
909 14092
908 14093
907 14094
906 14095
905 14096
904 14097
903 13331
902 13332
901 13333
900 13334
899 13335
898 13336
897 13337
896 13338
895 13339
894 13084
893 13085
892 13086
891 13087
890 13088
889 13089
888 13090
887 13309
886 13310
885 13311
884 13312
883 13313
882 13314
881 13315
880 13316
879 13317
878 13318
877 13319
876 13320
875 12896
874 12897
873 12898
872 12899
871 12900
870 12901
869 12902
868 12903
867 12904
866 12905
865 11471
864 11472
863 11473
862 11474
861 11475
860 11476
859 11477
858 11478
857 11479
856 11480
855 12604
854 12605
853 12606
852 12607
851 12608
850 12609
849 12610
848 12847
847 12848
846 12849
845 12850
844 12851
843 12852
842 12853
841 12854
840 12855
839 12856
838 12857
837 12858
836 12859
835 12860
834 12435
833 12436
832 12437
831 12438
830 12439
829 12440
828 12441
827 12442
826 12443
825 12444
824 12445
823 12446
822 12447
821 12448
820 12449
819 12421
818 12422
817 12423
816 12424
815 12425
814 12426
813 12427
812 12428
811 12429
810 12430
809 12431
808 12432
807 12433
806 12434
803 12406
802 12407
801 12408
800 12409
799 12410
798 12411
797 12412
796 12413
795 12414
794 12415
793 12416
792 12417
791 12418
790 12419
789 12420
788 12450
787 12451
786 12452
785 12453
784 12454
783 12455
782 12456
781 12457
780 12458
779 12459
778 12460
777 12461
776 12462
775 12463
774 12464
773 12465
772 12466
771 12832
770 12833
769 12834
768 12835
767 12836
766 12837
765 12838
764 12839
763 12840
762 12841
761 12842
760 12843
759 12844
758 12845
757 12846
756 12611
755 12612
754 12613
753 12614
752 12615
751 12616
750 12617
749 12618
748 12619
747 12620
746 12621
745 12622
744 12623
743 12624
742 12625
741 12626
740 12882
739 12883
738 12884
737 12885
736 12886
735 12887
734 12888
733 12889
732 12890
731 12891
730 12892
729 12893
728 12894
727 12895
726 13062
725 13063
724 13064
723 13065
722 13066
721 13067
720 13068
719 13069
718 13070
717 13071
716 13072
715 13073
714 13074
713 13075
712 13076
711 13077
710 13078
709 13079
708 13080
707 13081
706 13082
705 13083
704 13321
703 13322
702 13323
701 13324
700 13325
699 13326
698 13327
697 13328
696 13329
695 13330
694 14098
693 14099
692 14100
691 14101
690 14102
689 14103
688 14104
687 14105
686 14106
685 14107
684 14108
683 14109
682 14110
681 14111
680 14112
679 14113
678 14114
677 14115
676 12219
675 12220
674 12221
673 12222
672 12223
671 12224
670 12225
669 12226
668 12227
667 12228
666 12240
665 12241
664 12242
663 12243
662 12244
661 12245
660 12246
659 12247
658 12248
657 12249
656 12250
655 14359
654 14360
653 14361
652 14362
651 14363
650 14364
649 14365
648 14366
647 14367
646 14368
645 14369
644 14370
643 14371
642 14372
641 13340
640 13341
639 13342
638 13343
637 13344
636 13345
635 13346
634 13347
633 13348
632 13349
631 13359
630 13360
629 13361
628 13362
627 13363
626 13364
625 13365
624 13366
623 13367
622 13368
621 13369
620 13370
619 13751
618 13752
617 13753
616 13754
615 13755
614 13756
613 13757
612 13758
611 13759
610 13760
609 13761
608 13762
607 13763
606 13764
605 13765
604 13766
603 13767
602 13768
601 13769
600 13770
599 13381
598 13382
597 13383
596 13384
595 13385
594 13386
593 13387
592 13388
591 13389
590 13390
589 13391
588 13392
587 13393
586 13394
585 13395
584 13396
583 13397
582 13398
581 13399
580 13400
579 15185
578 15186
577 15187
576 15188
575 15189
574 15190
573 15191
572 15192
571 15193
570 15238
569 15239
568 15240
567 15241
566 15242
565 15243
564 15244
563 15245
562 15246
561 15247
560 15248
559 15249
558 15250
557 14904
556 14905
555 14906
554 14907
553 14908
552 14909
551 14910
550 14911
549 12262
548 12263
547 12264
546 12265
545 12266
544 12267
543 12268
542 12269
541 12270
540 14846
539 14847
538 14848
537 14849
536 14850
535 14851
534 14852
533 14853
532 14854
531 14855
530 14856
529 14857
528 14858
527 14859
526 14860
525 14861
524 14862
523 14863
522 14864
521 14865
520 14866
519 14867
518 14868
517 14869
516 14625
515 14626
514 14627
513 14628
512 14629
511 14630
510 14631
509 15789
508 15790
507 15791
506 15792
505 15793
504 15794
503 15795
502 15796
501 15797
500 15798
499 15799
498 15800
497 15801
496 15802
495 15803
494 15489
493 15490
492 15491
491 15492
490 15493
489 15494
488 15495
487 15496
486 15497
485 15498
484 15499
483 15525
482 15526
481 15527
480 15528
479 15529
478 15530
477 15531
476 15532
475 15533
474 15534
473 15535
472 15536
471 15537
470 15538
469 15539
468 15540
467 15541
466 15542
465 15543
464 12282
463 12283
462 12284
461 12285
460 12286
459 12287
458 12288
457 12289
456 12290
455 12301
454 12302
453 12303
452 12304
451 12305
450 12306
449 12307
448 12308
447 12309
446 12310
445 12322
444 12323
443 12324
442 12325
441 12326
440 12327
439 12328
438 12329
437 12330
436 12331
435 15928
434 15929
433 15930
432 15931
431 15932
430 15933
429 15934
428 15935
427 15936
426 15937
425 15938
424 15939
423 15940
422 15941
421 15857
420 15858
419 15859
418 15860
417 15861
416 15862
415 15863
414 16309
413 16310
412 16311
411 16312
410 16313
409 16314
408 16315
407 16316
406 16317
405 16318
404 16319
403 16320
402 16321
401 16322
400 16323
399 16324
398 16325
397 16326
396 16327
395 16328
394 16329
393 16330
392 16331
391 16542
390 16543
389 16544
388 16545
387 16546
386 16547
385 16548
384 16549
383 16550
382 16551
381 16552
380 16553
379 16564
378 16565
377 16566
376 16567
375 16568
374 16569
373 16570
372 16571
371 16572
370 16573
369 16574
368 16600
367 16601
366 16602
365 16603
364 16604
363 16605
362 16606
361 16607
360 16608
359 16609
358 16610
357 16611
356 16612
355 16613
354 16614
353 16615
352 16616
351 16617
350 16618
349 16619
348 16620
347 16621
346 16622
345 16623
344 16624
343 16625
342 16626
341 16627
340 16628
339 17205
338 17206
337 17207
336 17208
335 17209
334 17210
333 17211
332 17212
330 331
329 17215
328 17216
327 16807
326 16808
325 16809
324 16810
323 16811
322 16812
321 16813
320 16814
319 16815
318 16816
317 16817
316 16828
315 16829
314 16830
312 313
311 16833
310 16834
309 16835
308 16836
307 16837
306 16838
305 16839
304 17014
303 17015
302 17016
301 17017
300 17018
299 17019
297 298
296 17022
295 17023
294 17024
293 17025
292 17026
291 17027
290 17028
289 17029
288 16850
286 287
285 16853
284 16854
283 16855
282 16856
281 16857
280 16858
279 16859
277 278
276 16862
275 16863
274 16864
273 16865
272 16866
271 16867
269 270
268 16870
267 16871
266 16872
265 16873
264 16874
263 16875
261 262
260 16878
259 16879
258 16880
257 16881
256 16882
255 16883
254 16884
253 17486
252 17487
251 17488
250 17489
248 249
247 17492
246 17493
245 17494
244 17495
242 243
241 17554
240 17555
239 17556
237 238
236 17559
235 17560
234 17561
233 17562
231 232
230 17565
229 17566
228 17567
226 227
225 12343
224 12344
223 12345
222 12346
220 221
219 12349
218 12350
217 12351
215 216
214 17729
213 17730
212 17731
210 211
209 17734
208 17735
207 17736
205 206
204 17739
203 17740
202 17741
201 17742
200 17743
199 17744
197 198
196 17747
195 17748
194 17749
192 193
191 17752
190 17753
188 189
187 17756
186 17757
184 185
183 17760
182 17761
180 181
179 17997
178 17998
176 177
175 18001
174 18002
172 173
171 18005
170 18006
168 169
167 18018
166 18019
164 165
163 18022
162 18023
160 161
159 18026
158 18037
156 157
155 18040
154 18041
152 153
151 18044
150 18045
148 149
147 9902
146 9903
145 9904
143 144
142 9907
140 141
139 9910
137 138
136 9913
135 9914
133 134
132 9917
130 131
129 9920
128 9921
126 127
125 9924
123 124
122 9927
120 121
119 9930
117 118
116 9933
115 9934
113 114
112 9937
110 111
109 9940
107 108
106 9943
105 9944
103 104
102 9947
100 101
99 12365
97 98
96 12368
94 95
93 12371
92 12372
90 91
89 12375
87 88
85 86
84 12390
82 83
81 12393
79 80
78 12396
76 77
75 10380
73 74
72 10383
70 71
69 10386
67 68
66 10389
64 65
63 10392
61 62
60 10395
58 59
57 10398
55 56
54 10401
52 53
51 10404
49 50
48 10407
46 47
45 10410
43 44
42 10413
41 10414
39 40
38 10417
36 37
35 10420
33 34
32 9677
31 9678
29 30
28 9681
26 27
25 10623
24 10624
22 23
21 10627
20 10628
18 19
17 10631
16 10632
14 15
13 18071
11 12
10 18074
9 18075
7 8
6 18078
5 18079
3 4
2 18082
1 18083
