0 17169
1 17168
2 17167
3 17166
4 17165
5 17164
6 17163
7 17162
8 17161
9 17160
10 17159
11 17158
12 17157
13 17156
14 14296
15 14295
16 14294
17 14293
18 14292
19 14291
20 14290
21 14457
22 14456
23 14455
24 14454
25 14453
26 14452
27 14451
28 14450
29 14449
30 14448
31 14447
32 14446
33 14445
34 14444
35 14527
36 14526
37 14525
38 14524
39 14523
40 14522
41 14521
42 17043
43 17042
44 17041
45 17040
46 17039
47 17038
48 17037
49 17036
50 17035
51 17034
52 17033
53 17032
54 17031
55 17030
56 17029
57 17028
58 17027
59 17026
60 14808
61 14807
62 14806
63 14805
64 14804
65 14803
66 14802
67 14801
68 14800
69 14799
70 14798
71 16897
72 16896
73 16895
74 16894
75 16893
76 16892
77 16891
78 16890
79 16889
80 16888
81 16887
82 16886
83 16885
84 16884
85 15034
86 15033
87 15032
88 15031
89 15030
90 15029
91 15028
92 16792
93 16791
94 16790
95 16789
96 16788
97 16787
98 16786
99 16785
100 16784
101 16783
102 16782
103 16781
104 16780
105 16779
106 15213
107 15212
108 15211
109 15210
110 15209
111 15208
112 15207
113 15206
114 15205
115 15204
116 15203
117 15202
118 15201
119 15200
120 15199
121 15198
122 15197
123 15196
124 15195
125 15194
126 16546
127 16545
128 16544
129 16543
130 16542
131 16541
132 16540
133 16539
134 16538
135 16537
136 16536
137 16535
138 16534
139 16533
140 15399
141 15398
142 15397
143 15396
144 15395
145 15394
146 15393
147 16441
148 16440
149 16439
150 16438
151 16437
152 16436
153 16435
154 16434
155 16433
156 16432
157 16431
158 16430
159 16429
160 16428
161 15546
162 15545
163 15544
164 15543
165 15542
166 15541
167 15540
168 16176
169 16175
170 16174
171 16173
172 16172
173 16171
174 16170
175 16169
176 16168
177 16167
178 16166
179 16165
180 16164
181 16163
182 16162
183 16161
184 16160
185 16159
186 16158
187 16157
188 16156
189 16155
190 16154
191 16153
192 16152
193 16151
194 16150
195 15732
196 15731
197 15730
198 15729
199 15728
200 15727
201 15726
202 16058
203 16057
204 16056
205 16055
206 16054
207 16053
208 16052
209 16051
210 16050
211 16049
212 16048
213 16047
214 16046
215 16045
216 15879
217 15878
218 15877
219 15876
220 15875
221 15874
222 15873
223 15918
224 15917
225 15916
226 15915
227 15914
228 15913
229 15912
230 15911
231 15910
232 15909
233 15908
234 15907
235 15906
236 15905
237 15904
238 13308
239 13307
240 13306
241 13305
242 13304
243 13303
244 13302
245 13301
246 13300
247 13299
248 13298
249 13297
250 13296
251 13295
252 12936
253 12935
254 12934
255 12933
256 12932
257 12931
258 12930
259 13203
260 13202
261 13201
262 13200
263 13199
264 13198
265 13197
266 13196
267 13195
268 13194
269 13193
270 13192
271 13191
272 13190
273 12919
274 12918
275 12917
276 12916
277 12915
278 12914
279 12913
280 12912
281 12911
282 12910
283 12909
284 13112
285 13111
286 13110
287 13109
288 13108
289 13107
290 13106
291 13105
292 13104
293 13103
294 13102
295 13101
296 13100
297 12728
298 12727
299 12726
300 12725
301 12724
302 12723
303 12722
304 12721
305 12720
306 12719
307 12718
308 12717
309 12716
310 12715
311 12619
312 12618
313 12617
314 12616
315 12615
316 12614
317 12613
318 12444
319 12443
320 12442
321 12441
322 12440
323 12439
324 12438
325 12437
326 12436
327 12435
328 12434
329 12433
330 12432
331 12431
332 12430
333 12429
334 12428
335 12427
336 12426
337 12425
338 12424
339 12423
340 12422
341 12421
342 12420
343 12419
344 12418
345 12417
346 12416
347 12415
348 12414
349 11106
350 11105
351 11104
352 11103
353 11102
354 11101
355 11100
356 12085
357 12084
358 12083
359 12082
360 12081
361 12080
362 12079
363 12078
364 12077
365 12076
366 12075
367 12074
368 12073
369 12072
370 11253
371 11252
372 11251
373 11250
374 11249
375 11248
376 11247
377 10955
378 10954
379 10953
380 10952
381 10951
382 10950
383 10949
384 10948
385 10947
386 10946
387 10945
388 10944
389 10943
390 10942
391 10941
392 10940
393 10939
394 10938
395 10937
396 10936
397 10935
398 10934
399 11878
400 11877
401 11876
402 11875
403 11874
404 11873
405 11872
406 11871
407 11870
408 11869
409 11868
410 11867
411 11866
412 11865
413 11438
414 11437
415 11436
416 11435
417 11434
418 11433
419 11432
420 11773
421 11772
422 11771
423 11770
424 11769
425 11768
426 11767
427 11766
428 11765
429 11764
430 11763
431 11762
432 11761
433 11760
434 11759
435 11758
436 11757
437 11756
438 11755
439 11754
440 11753
441 11752
442 11751
443 11750
444 11749
445 10788
446 10787
447 10786
448 10785
449 10784
450 10783
451 10782
452 10781
453 10780
454 10779
455 10778
456 10777
457 10776
458 10775
459 10566
460 10565
461 10564
462 10563
463 10562
464 10561
465 10560
466 10552
467 10551
468 10550
469 10549
470 10548
471 10547
472 10546
473 10545
474 10544
475 10543
476 10542
477 10541
478 10540
479 10539
480 10538
481 10537
482 10536
483 10535
484 10534
485 10533
486 10532
487 10531
488 10530
489 10529
490 10528
491 10527
492 10526
493 10654
494 10653
495 10652
496 10651
497 10650
498 10649
499 10648
500 10647
501 10646
502 10645
503 10644
504 10643
505 10642
506 10641
507 9746
508 9745
509 9744
510 9743
511 9742
512 9741
513 9740
514 10242
515 10241
516 10240
517 10239
518 10238
519 10237
520 10236
521 10235
522 10234
523 10233
524 10232
525 10231
526 10230
527 10229
528 10228
529 10227
530 10226
531 10225
532 10224
533 10223
534 10222
535 10221
536 10220
537 10219
538 10218
539 10217
540 10216
541 10215
542 10104
543 10103
544 10102
545 10101
546 10100
547 10099
548 10098
549 10097
550 10096
551 10095
552 10094
553 10093
554 10092
555 10091
556 10001
557 10000
558 9999
559 9998
560 9997
561 9996
562 9995
563 9655
564 9654
565 9653
566 9652
567 9651
568 9650
569 9649
570 9648
571 9647
572 9646
573 9645
574 9644
575 9643
576 9642
577 9641
578 9640
579 9639
580 9638
581 9637
582 9636
583 9635
584 9634
585 9633
586 9632
587 9191
588 9190
589 9189
590 9188
591 9187
592 9186
593 9185
594 8998
595 8997
596 8996
597 8995
598 8994
599 8993
600 8992
601 8991
602 8990
603 8989
604 8988
605 8987
606 8986
607 8985
608 9611
609 9610
610 9609
611 9608
612 9607
613 9606
614 9605
615 9604
616 9603
617 9602
618 9601
619 9600
620 9599
621 9598
622 9597
623 9596
624 9595
625 9594
626 9593
627 9592
628 9591
629 9590
630 9589
631 9588
632 9587
633 9586
634 9585
635 9584
636 9583
637 9582
638 9581
639 9580
640 9451
641 9450
642 9449
643 9448
644 9447
645 9446
646 9445
647 9444
648 9443
649 9442
650 9441
651 9440
652 9439
653 9438
654 9437
655 9436
658 9467
659 9466
660 9465
661 9464
662 9463
663 9462
664 9461
665 9460
666 9459
667 9458
668 9457
669 9456
670 9455
671 9454
672 9453
673 9452
674 9579
675 9578
676 9577
677 9576
678 9575
679 9574
680 9573
681 9572
682 9571
683 9570
684 9569
685 9568
686 9567
687 9566
688 9565
689 9564
690 9624
691 9623
692 9622
693 9621
694 9620
695 9619
696 9618
697 9617
698 9616
699 9615
700 9614
701 9613
702 9612
703 8984
704 8983
705 8982
706 8981
707 8980
708 8979
709 8978
710 9205
711 9204
712 9203
713 9202
714 9201
715 9200
716 9199
717 9198
718 9197
719 9196
720 9195
721 9194
722 9193
723 9192
724 9631
725 9630
726 9629
727 9628
728 9627
729 9626
730 9625
731 10021
732 10020
733 10019
734 10018
735 10017
736 10016
737 10015
738 10014
739 10013
740 10012
741 10011
742 10010
743 10009
744 10008
745 10007
746 10006
747 10005
748 10004
749 10003
750 10002
751 10090
752 10089
753 10088
754 10087
755 10086
756 10085
757 10084
758 9783
759 9782
760 9781
761 9780
762 9779
763 9778
764 9777
765 9776
766 9775
767 9774
768 9773
769 9772
770 9771
771 9770
772 9769
773 9768
774 9767
775 9766
776 9765
777 9764
778 9763
779 9762
780 9761
781 9760
782 9759
783 9758
784 9757
785 9756
786 9755
787 9754
788 9753
789 9752
790 9751
791 9750
792 9749
793 9748
794 9747
795 10640
796 10639
797 10638
798 10637
799 10636
800 10635
801 10634
802 10413
803 10412
804 10411
805 10410
806 10409
807 10408
808 10407
809 10406
810 10405
811 10404
812 10403
813 10402
814 10439
815 10438
816 10437
817 10436
818 10435
819 10434
820 10433
821 10432
822 10431
823 10580
824 10579
825 10578
826 10577
827 10576
828 10575
829 10574
830 10573
831 10572
832 10571
833 10570
834 10569
835 10568
836 10567
837 10774
838 10773
839 10772
840 10771
841 10770
842 10769
843 10768
844 11471
845 11470
846 11469
847 11468
848 11467
849 11466
850 11465
851 11464
852 11463
853 11462
854 11461
855 11460
856 11459
857 11458
858 11457
859 11456
860 11455
861 11454
862 11453
863 11452
864 11451
865 11450
866 11449
867 11448
868 11447
869 11446
870 11445
871 11444
872 11443
873 11442
874 11441
875 11440
876 11439
877 11864
878 11863
879 11862
880 11861
881 11860
882 11859
883 11858
884 11282
885 11281
886 11280
887 11279
888 11278
889 11277
890 11276
891 11275
892 11274
893 11273
894 11272
895 11271
896 11270
897 11269
898 11268
899 11267
900 11266
901 11265
902 11264
903 11263
904 11262
905 11261
906 11260
907 11259
908 11258
909 11257
910 11256
911 11255
912 11254
913 12071
914 12070
915 12069
916 12068
917 12067
918 12066
919 12065
920 11120
921 11119
922 11118
923 11117
924 11116
925 11115
926 11114
927 11113
928 11112
929 11111
930 11110
931 11109
932 11108
933 11107
934 12413
935 12412
936 12411
937 12410
938 12409
939 12408
940 12407
941 12406
942 12405
943 12404
944 12403
945 12402
946 12177
947 12176
948 12175
949 12174
950 12173
951 12172
952 12171
953 12170
954 12169
955 10979
956 10978
957 10977
958 10976
959 10975
960 10974
961 10973
962 10972
963 10971
964 10970
965 10969
966 10968
967 10967
968 10966
969 12714
970 12713
971 12712
972 12711
973 12710
974 12709
975 12708
976 12637
977 12636
978 12635
979 12634
980 12633
981 12632
982 12631
983 12630
984 12629
985 12628
986 12627
987 12626
988 12625
989 12624
990 12623
991 12622
992 12621
993 12620
994 12929
995 12928
996 12927
997 12926
998 12925
999 12924
1000 12923
1001 12922
1002 12921
1003 12920
1004 13189
1005 13188
1006 13187
1007 13186
1008 13185
1009 13184
1010 13183
1011 12950
1012 12949
1013 12948
1014 12947
1015 12946
1016 12945
1017 12944
1018 12943
1019 12942
1020 12941
1021 12940
1022 12939
1023 12938
1024 12937
1025 13294
1026 13293
1027 13292
1028 13291
1029 13290
1030 13289
1031 13288
1032 13548
1033 13547
1034 13546
1035 13545
1036 13544
1037 13543
1038 13542
1039 13541
1040 13540
1041 13539
1042 13538
1043 13537
1044 15893
1045 15892
1046 15891
1047 15890
1048 15889
1049 15888
1050 15887
1051 15886
1052 15885
1053 15884
1054 15883
1055 15882
1056 15881
1057 15880
1058 16044
1059 16043
1060 16042
1061 16041
1062 16040
1063 16039
1064 16038
1065 15746
1066 15745
1067 15744
1068 15743
1069 15742
1070 15741
1071 15740
1072 15739
1073 15738
1074 15737
1075 15736
1076 15735
1077 15734
1078 15733
1079 16149
1080 16148
1081 16147
1082 16146
1083 16145
1084 16144
1085 16143
1086 15570
1087 15569
1088 15568
1089 15567
1090 15566
1091 15565
1092 15564
1093 15563
1094 15562
1095 15561
1096 15560
1097 15559
1098 15558
1099 15557
1100 15556
1101 15555
1102 15554
1103 15553
1104 15552
1105 15551
1106 15550
1107 15549
1108 15548
1109 15547
1110 16427
1111 16426
1112 16425
1113 16424
1114 16423
1115 16422
1116 16421
1117 15413
1118 15412
1119 15411
1120 15410
1121 15409
1122 15408
1123 15407
1124 15406
1125 15405
1126 15404
1127 15403
1128 15402
1129 15401
1130 15400
1131 16532
1132 16531
1133 16530
1134 16529
1135 16528
1136 16527
1137 16526
1138 15237
1139 15236
1140 15235
1141 15234
1142 15233
1143 15232
1144 15231
1145 15230
1146 15229
1147 15228
1148 15227
1149 15226
1150 15225
1151 15224
1152 15223
1153 15222
1154 15221
1155 15220
1156 15219
1157 15218
1158 15217
1159 15216
1160 15215
1161 15214
1162 16778
1163 16777
1164 16776
1165 16775
1166 16774
1167 16773
1168 16772
1169 15048
1170 15047
1171 15046
1172 15045
1173 15044
1174 15043
1175 15042
1176 15041
1177 15040
1178 15039
1179 15038
1180 15037
1181 15036
1182 15035
1183 16883
1184 16882
1185 16881
1186 16880
1187 16879
1188 16878
1189 16877
1190 14901
1191 14900
1192 14899
1193 14898
1194 14897
1195 14896
1196 14895
1197 14894
1198 14893
1199 14892
1200 14891
1201 14890
1202 14889
1203 14888
1204 14887
1205 14886
1206 14885
1207 14884
1208 14883
1209 14882
1210 14881
1211 14880
1212 14879
1213 14878
1214 14877
1215 14876
1216 14875
1217 14874
1218 14873
1219 14872
1220 14541
1221 14540
1222 14539
1223 14538
1224 14537
1225 14536
1226 14535
1227 14534
1228 14533
1229 14532
1230 14531
1231 14530
1232 14529
1233 14528
1234 14443
1235 14442
1236 14441
1237 14440
1238 14439
1239 14438
1240 14437
1241 14310
1242 14309
1243 14308
1244 14307
1245 14306
1246 14305
1247 14304
1248 14303
1249 14302
1250 14301
1251 14300
1252 14299
1253 14298
1254 14297
1255 17155
1256 17154
1257 17153
1258 17152
1259 17151
1260 17150
1261 17149
1262 17195
1263 17194
1264 17193
1265 17192
1266 17191
1267 17190
1268 17189
1269 14089
1270 14088
1271 14087
1272 14086
1273 14085
1274 14084
1275 14083
1276 14082
1277 14081
1278 14080
1279 14079
1280 14078
1281 14077
1282 14076
1283 14075
1284 14074
1285 17298
1286 17297
1287 17296
1288 17295
1289 17294
1290 17293
1291 17292
1292 13940
1293 13939
1294 13938
1295 13937
1296 13936
1297 13935
1298 13934
1299 13933
1300 13932
1301 13931
1302 13930
1303 13929
1304 13928
1305 13927
1306 17403
1307 17402
1308 17401
1309 17400
1310 17399
1311 17398
1312 17397
1313 13793
1314 13792
1315 13791
1316 13790
1317 13789
1318 13788
1319 13787
1320 13786
1321 13785
1322 13784
1323 13783
1324 13782
1325 13781
1326 13780
1327 17682
1328 17681
1329 17680
1330 17679
1331 17678
1334 17517
1335 17516
1336 17515
1337 17514
1338 17513
1339 13807
1340 13806
1341 13805
1342 13804
1343 13803
1344 13802
1345 13801
1346 13800
1347 13799
1348 13798
1349 13797
1350 13796
1351 13795
1352 13794
1353 17396
1354 17395
1355 17394
1356 17393
1357 17392
1358 17391
1359 17390
1360 13954
1361 13953
1362 13952
1363 13951
1364 13950
1365 13949
1366 13948
1367 13947
1368 13946
1369 13945
1370 13944
1371 13943
1372 13942
1373 13941
1374 17291
1375 17290
1376 17289
1377 17288
1378 17287
1379 17286
1380 17285
1381 14162
1382 14161
1383 14160
1384 14159
1385 14158
1386 14157
1387 14156
1388 14155
1389 14154
1390 14153
1391 14152
1392 14151
1393 14150
1394 14149
1395 14148
1396 14147
1397 14146
1398 14145
1399 14144
1400 17206
1401 17205
1402 17204
1403 17203
1404 17202
1405 17201
1406 17200
1407 17199
1408 17198
1409 17197
1410 17196
1411 17148
1412 17147
1413 17146
1414 17145
1415 17144
1416 17143
1417 17142
1418 14324
1419 14323
1420 14322
1421 14321
1422 14320
1423 14319
1424 14318
1425 14317
1426 14316
1427 14315
1428 14314
1429 14313
1430 14312
1431 14311
1432 14436
1433 14435
1434 14434
1435 14433
1436 14432
1437 14431
1438 14430
1439 14555
1440 14554
1441 14553
1442 14552
1443 14551
1444 14550
1445 14549
1446 14548
1447 14547
1448 14546
1449 14545
1450 14544
1451 14543
1452 14542
1453 14871
1454 14870
1455 14869
1456 14868
1457 14867
1458 14866
1459 14865
1460 14816
1461 14815
1462 14814
1463 14813
1464 14812
1465 14811
1466 14810
1467 14809
1468 14839
1469 14838
1470 14837
1471 14836
1472 14835
1473 14834
1474 14833
1475 14832
1476 14915
1477 14914
1478 14913
1479 14912
1480 14911
1481 14910
1482 14909
1483 14908
1484 14907
1485 14906
1486 14905
1487 14904
1488 14903
1489 14902
1490 16876
1491 16875
1492 16874
1493 16873
1494 16872
1495 16871
1496 16870
1497 15062
1498 15061
1499 15060
1500 15059
1501 15058
1502 15057
1503 15056
1504 15055
1505 15054
1506 15053
1507 15052
1508 15051
1509 15050
1510 15049
1511 16771
1512 16770
1513 16769
1514 16768
1515 16767
1516 16766
1517 16765
1518 15266
1519 15265
1520 15264
1521 15263
1522 15262
1523 15261
1524 15260
1525 15259
1526 15258
1527 15257
1528 15256
1529 15255
1530 15254
1531 15253
1532 15252
1533 15251
1534 15250
1535 15249
1536 15248
1537 15247
1538 15246
1539 15245
1540 15244
1541 15243
1542 15242
1543 15241
1544 15240
1545 15239
1546 15238
1547 16525
1548 16524
1549 16523
1550 16522
1551 16521
1552 16520
1553 16519
1554 15427
1555 15426
1556 15425
1557 15424
1558 15423
1559 15422
1560 15421
1561 15420
1562 15419
1563 15418
1564 15417
1565 15416
1566 15415
1567 15414
1568 16420
1569 16419
1570 16418
1571 16417
1572 16416
1573 16415
1574 16414
1575 15599
1576 15598
1577 15597
1578 15596
1579 15595
1580 15594
1581 15593
1582 15592
1583 15591
1584 15590
1585 15589
1586 15588
1587 15587
1588 15586
1589 15585
1590 15584
1591 15583
1592 15582
1593 15581
1594 15580
1595 15579
1596 15578
1597 15577
1598 15576
1599 15575
1600 15574
1601 15573
1602 15572
1603 15571
1604 16142
1605 16141
1606 16140
1607 16139
1608 16138
1609 16137
1610 16136
1611 15760
1612 15759
1613 15758
1614 15757
1615 15756
1616 15755
1617 15754
1618 15753
1619 15752
1620 15751
1621 15750
1622 15749
1623 15748
1624 15747
1625 16037
1626 16036
1627 16035
1628 16034
1629 16033
1630 16032
1631 16031
1632 13577
1633 13576
1634 13575
1635 13574
1636 13573
1637 13572
1638 13571
1639 13570
1640 13569
1641 13568
1642 13567
1643 13566
1644 13565
1645 13564
1646 13563
1647 13562
1648 13561
1649 13560
1650 13559
1651 13558
1652 13557
1653 13556
1654 13555
1655 13554
1656 13553
1657 13552
1658 13551
1659 13550
1660 13549
1661 13287
1662 13286
1663 13285
1664 13284
1665 13283
1666 13282
1667 13281
1668 12964
1669 12963
1670 12962
1671 12961
1672 12960
1673 12959
1674 12958
1675 12957
1676 12956
1677 12955
1678 12954
1679 12953
1680 12952
1681 12951
1682 13182
1683 13181
1684 13180
1685 13179
1686 13178
1687 13177
1688 13176
1689 13122
1690 13121
1691 13120
1692 13119
1693 13118
1694 13117
1695 13116
1696 13115
1697 13114
1698 13113
1699 12656
1700 12655
1701 12654
1702 12653
1703 12652
1704 12651
1705 12650
1706 12649
1707 12648
1708 12647
1709 12646
1710 12645
1711 12644
1712 12643
1713 12642
1714 12641
1715 12640
1716 12639
1717 12638
1718 12707
1719 12706
1720 12705
1721 12704
1722 12703
1723 12702
1724 12701
1725 10993
1726 10992
1727 10991
1728 10990
1729 10989
1730 10988
1731 10987
1732 10986
1733 10985
1734 10984
1735 10983
1736 10982
1737 10981
1738 10980
1739 12168
1740 12167
1741 12166
1742 12165
1743 12164
1744 12163
1745 12162
1746 12161
1747 12160
1748 12373
1749 12372
1750 12371
1751 12370
1752 12369
1753 12368
1754 12367
1755 12366
1756 12365
1757 12364
1758 12363
1759 12362
1760 12361
1761 11134
1762 11133
1763 11132
1764 11131
1765 11130
1766 11129
1767 11128
1768 11127
1769 11126
1770 11125
1771 11124
1772 11123
1773 11122
1774 11121
1775 12064
1776 12063
1777 12062
1778 12061
1779 12060
1780 12059
1781 12058
1782 11310
1783 11309
1784 11308
1785 11307
1786 11306
1787 11305
1788 11304
1789 11303
1790 11302
1791 11301
1792 11300
1793 11299
1794 11298
1795 11297
1796 11296
1797 11295
1798 11294
1799 11293
1800 11292
1801 11291
1802 11290
1803 11289
1804 11288
1805 11287
1806 11286
1807 11285
1808 11284
1809 11283
1810 11857
1811 11856
1812 11855
1813 11854
1814 11853
1815 11852
1816 11851
1817 11502
1818 11501
1819 11500
1820 11499
1821 11498
1822 11497
1823 11496
1824 11495
1825 11494
1826 11493
1827 11492
1828 11491
1829 11490
1830 11489
1831 11488
1832 11487
1833 11486
1834 11485
1835 11484
1836 11483
1837 11482
1838 11481
1839 11480
1840 11479
1841 11478
1842 11477
1843 11476
1844 11475
1845 11474
1846 11473
1847 11472
1848 10767
1849 10766
1850 10765
1851 10764
1852 10763
1853 10762
1854 10761
1855 10594
1856 10593
1857 10592
1858 10591
1859 10590
1860 10589
1861 10588
1862 10587
1863 10586
1864 10585
1865 10584
1866 10583
1867 10582
1868 10581
1869 10430
1870 10429
1871 10428
1872 10427
1873 10426
1874 10425
1875 10424
1876 10423
1877 10422
1878 10421
1879 10420
1880 10419
1881 10418
1882 10417
1883 10416
1884 10415
1885 10414
1886 10633
1887 10632
1888 10631
1889 10630
1890 10629
1891 10628
1892 10627
1893 9815
1894 9814
1895 9813
1896 9812
1897 9811
1898 9810
1899 9809
1900 9808
1901 9807
1902 9806
1903 9805
1904 9804
1905 9803
1906 9802
1907 9801
1908 9800
1909 9799
1910 9798
1911 9797
1912 9796
1913 9795
1914 9794
1915 9793
1916 9792
1917 9791
1918 9790
1919 9789
1920 9788
1921 9787
1922 9786
1923 9785
1924 9784
1925 10083
1926 10082
1927 10081
1928 10080
1929 10079
1930 10078
1931 10077
1932 9240
1933 9239
1934 9238
1935 9237
1936 9236
1937 9235
1938 9234
1939 9233
1940 9232
1941 9231
1942 9230
1943 9229
1944 9228
1945 9227
1946 9226
1947 9225
1948 9224
1949 9223
1950 9222
1951 9221
1952 9220
1953 9219
1954 9218
1955 9217
1956 9216
1957 9215
1958 9214
1959 9213
1960 9212
1961 9211
1962 9210
1963 9209
1964 9208
1965 9207
1966 9206
1967 8977
1968 8976
1969 8975
1970 8974
1971 8973
1972 8972
1973 8971
1974 9500
1975 9499
1976 9498
1977 9497
1978 9496
1979 9495
1980 9494
1981 9493
1982 9492
1983 9491
1984 9490
1985 9489
1986 9488
1987 9487
1988 9486
1989 9485
1990 9484
1991 9483
1992 9482
1993 9481
1994 9480
1995 9479
1996 8891
1997 8890
1998 8889
1999 8888
2000 8887
2001 8886
2002 8885
2003 8884
2004 8883
2005 8882
2006 8881
2007 8880
2008 8879
2009 8878
2010 8877
2011 8876
2014 8907
2015 8906
2016 8905
2017 8904
2018 8903
2019 8902
2020 8901
2021 8900
2022 8899
2023 8898
2024 8897
2025 8896
2026 8895
2027 8894
2028 8893
2029 8892
2030 9478
2031 9477
2032 9476
2033 9475
2034 9474
2035 9473
2036 9472
2037 9471
2038 9470
2039 9469
2040 9468
2041 9508
2042 9507
2043 9506
2044 9505
2045 9504
2046 9503
2047 9502
2048 9501
2049 8970
2050 8969
2051 8968
2052 8967
2053 8966
2054 8965
2055 8964
2056 10037
2057 10036
2058 10035
2059 10034
2060 10033
2061 10032
2062 10031
2063 10030
2064 10029
2065 10028
2066 10027
2067 10026
2068 10025
2069 10024
2070 10023
2071 10022
2072 9255
2073 9254
2074 9253
2075 9252
2076 9251
2077 9250
2078 9249
2079 9248
2080 9247
2081 9246
2082 9245
2083 9244
2084 9243
2085 9242
2086 9241
2087 10076
2088 10075
2089 10074
2090 10073
2091 10072
2092 10071
2093 10070
2094 9842
2095 9841
2096 9840
2097 9839
2098 9838
2099 9837
2100 9836
2101 9835
2102 9834
2103 9833
2104 9832
2105 9831
2106 9830
2107 9829
2108 9828
2109 9827
2110 9826
2111 9825
2112 9824
2113 9823
2114 9822
2115 9821
2116 9820
2117 9819
2118 9818
2119 9817
2120 9816
2121 10626
2122 10625
2123 10624
2124 10623
2125 10622
2126 10621
2127 10620
2128 10619
2129 10618
2130 10617
2131 10616
2132 10615
2133 10614
2134 10613
2135 10612
2136 10611
2137 10610
2138 10609
2139 10608
2140 10607
2141 10606
2142 10605
2143 10604
2144 10603
2145 10602
2146 10601
2147 10600
2148 10599
2149 10598
2150 10597
2151 10596
2152 10595
2153 10760
2154 10759
2155 10758
2156 10757
2157 10756
2158 10755
2159 10754
2160 11529
2161 11528
2162 11527
2163 11526
2164 11525
2165 11524
2166 11523
2167 11522
2168 11521
2169 11520
2170 11519
2171 11518
2172 11517
2173 11516
2174 11515
2175 11514
2176 11513
2177 11512
2178 11511
2179 11510
2180 11509
2181 11508
2182 11507
2183 11506
2184 11505
2185 11504
2186 11503
2187 11850
2188 11849
2189 11848
2190 11847
2191 11846
2192 11845
2193 11844
2194 11333
2195 11332
2196 11331
2197 11330
2198 11329
2199 11328
2200 11327
2201 11326
2202 11325
2203 11324
2204 11323
2205 11322
2206 11321
2207 11320
2208 11319
2209 11318
2210 11317
2211 11316
2212 11315
2213 11314
2214 11313
2215 11312
2216 11311
2217 12057
2218 12056
2219 12055
2220 12054
2221 12053
2222 12052
2223 12051
2224 11148
2225 11147
2226 11146
2227 11145
2228 11144
2229 11143
2230 11142
2231 11141
2232 11140
2233 11139
2234 11138
2235 11137
2236 11136
2237 11135
2238 12360
2239 12359
2240 12358
2241 12357
2242 12356
2243 12355
2244 12354
2245 12353
2246 12352
2247 12351
2248 12350
2249 12349
2250 12348
2251 12347
2252 12346
2253 12345
2254 12344
2255 11007
2256 11006
2257 11005
2258 11004
2259 11003
2260 11002
2261 11001
2262 11000
2263 10999
2264 10998
2265 10997
2266 10996
2267 10995
2268 10994
2269 12700
2270 12699
2271 12698
2272 12697
2273 12696
2274 12695
2275 12694
2276 12693
2277 12692
2278 12691
2279 12690
2280 12689
2281 12688
2282 12687
2283 12686
2284 12685
2285 12684
2286 12683
2287 12682
2288 12681
2289 12680
2290 12679
2291 12678
2292 13130
2293 13129
2294 13128
2295 13127
2296 13126
2297 13125
2298 13124
2299 13123
2300 13175
2301 13174
2302 13173
2303 13172
2304 13171
2305 13170
2306 13169
2307 12978
2308 12977
2309 12976
2310 12975
2311 12974
2312 12973
2313 12972
2314 12971
2315 12970
2316 12969
2317 12968
2318 12967
2319 12966
2320 12965
2321 13280
2322 13279
2323 13278
2324 13277
2325 13276
2326 13275
2327 13274
2328 13377
2329 13376
2330 13375
2331 13374
2332 13373
2333 13372
2334 13371
2335 13370
2336 13369
2337 13368
2338 13367
2339 13366
2340 13591
2341 13590
2342 13589
2343 13588
2344 13587
2345 13586
2346 13585
2347 13584
2348 13583
2349 13582
2350 13581
2351 13580
2352 13579
2353 13578
2354 16030
2355 16029
2356 16028
2357 16027
2358 16026
2359 16025
2360 16024
2361 15774
2362 15773
2363 15772
2364 15771
2365 15770
2366 15769
2367 15768
2368 15767
2369 15766
2370 15765
2371 15764
2372 15763
2373 15762
2374 15761
2375 16135
2376 16134
2377 16133
2378 16132
2379 16131
2380 16130
2381 16129
2382 15627
2383 15626
2384 15625
2385 15624
2386 15623
2387 15622
2388 15621
2389 15620
2390 15619
2391 15618
2392 15617
2393 15616
2394 15615
2395 15614
2396 15613
2397 15612
2398 15611
2399 15610
2400 15609
2401 15608
2402 15607
2403 15606
2404 15605
2405 15604
2406 15603
2407 15602
2408 15601
2409 15600
2410 16413
2411 16412
2412 16411
2413 16410
2414 16409
2415 16408
2416 16407
2417 15441
2418 15440
2419 15439
2420 15438
2421 15437
2422 15436
2423 15435
2424 15434
2425 15433
2426 15432
2427 15431
2428 15430
2429 15429
2430 15428
2431 16518
2432 16517
2433 16516
2434 16515
2435 16514
2436 16513
2437 16512
2438 15294
2439 15293
2440 15292
2441 15291
2442 15290
2443 15289
2444 15288
2445 15287
2446 15286
2447 15285
2448 15284
2449 15283
2450 15282
2451 15281
2452 15280
2453 15279
2454 15278
2455 15277
2456 15276
2457 15275
2458 15274
2459 15273
2460 15272
2461 15271
2462 15270
2463 15269
2464 15268
2465 15267
2466 16764
2467 16763
2468 16762
2469 16761
2470 16760
2471 16759
2472 16758
2473 15076
2474 15075
2475 15074
2476 15073
2477 15072
2478 15071
2479 15070
2480 15069
2481 15068
2482 15067
2483 15066
2484 15065
2485 15064
2486 15063
2487 16869
2488 16868
2489 16867
2490 16866
2491 16865
2492 16864
2493 16863
2494 14929
2495 14928
2496 14927
2497 14926
2498 14925
2499 14924
2500 14923
2501 14922
2502 14921
2503 14920
2504 14919
2505 14918
2506 14917
2507 14916
2508 14831
2509 14830
2510 14829
2511 14828
2512 14827
2513 14826
2514 14825
2515 14824
2516 14823
2517 14822
2518 14821
2519 14820
2520 14819
2521 14818
2522 14817
2523 14864
2524 14863
2525 14862
2526 14861
2527 14860
2528 14859
2529 14858
2530 14569
2531 14568
2532 14567
2533 14566
2534 14565
2535 14564
2536 14563
2537 14562
2538 14561
2539 14560
2540 14559
2541 14558
2542 14557
2543 14556
2544 14429
2545 14428
2546 14427
2547 14426
2548 14425
2549 14424
2550 14423
2551 14338
2552 14337
2553 14336
2554 14335
2555 14334
2556 14333
2557 14332
2558 14331
2559 14330
2560 14329
2561 14328
2562 14327
2563 14326
2564 14325
2565 17141
2566 17140
2567 17139
2568 17138
2569 17137
2570 17136
2571 17135
2572 14191
2573 14190
2574 14189
2575 14188
2576 14187
2577 14186
2578 14185
2579 14184
2580 14183
2581 14182
2582 14181
2583 14180
2584 14179
2585 14178
2586 14177
2587 14176
2588 14175
2589 14174
2590 14173
2591 14172
2592 14171
2593 14170
2594 14169
2595 14168
2596 14167
2597 14166
2598 14165
2599 14164
2600 14163
2601 17284
2602 17283
2603 17282
2604 17281
2605 17280
2606 17279
2607 17278
2608 13968
2609 13967
2610 13966
2611 13965
2612 13964
2613 13963
2614 13962
2615 13961
2616 13960
2617 13959
2618 13958
2619 13957
2620 13956
2621 13955
2622 17389
2623 17388
2624 17387
2625 17386
2626 17385
2627 17384
2628 17383
2629 13821
2630 13820
2631 13819
2632 13818
2633 13817
2634 13816
2635 13815
2636 13814
2637 13813
2638 13812
2639 13811
2640 13810
2641 13809
2642 13808
2643 17512
2644 17511
2645 17510
2646 17509
2647 17508
2650 17489
2651 17488
2652 17487
2653 17486
2654 17485
2655 17484
2656 17483
2657 17482
2658 17481
2659 17480
2660 17479
2661 17478
2662 17477
2663 17476
2664 17475
2665 17474
2666 13828
2667 13827
2668 13826
2669 13825
2670 13824
2671 13823
2672 13822
2673 17382
2674 17381
2675 17380
2676 17379
2677 17378
2678 17377
2679 17376
2680 17375
2681 17374
2682 17373
2683 17372
2684 17371
2685 17370
2686 17369
2687 13975
2688 13974
2689 13973
2690 13972
2691 13971
2692 13970
2693 13969
2694 17277
2695 17276
2696 17275
2697 17274
2698 17273
2699 17272
2700 17271
2701 17270
2702 17269
2703 17268
2704 17267
2705 17266
2706 17265
2707 17264
2708 17568
2709 17567
2710 17566
2711 17565
2712 17564
2713 17563
2714 17562
2715 17561
2716 17560
2717 17559
2718 17558
2719 17557
2720 17556
2721 17555
2722 17554
2723 14143
2724 14142
2725 14141
2726 14140
2727 14139
2728 14138
2729 14137
2730 14198
2731 14197
2732 14196
2733 14195
2734 14194
2735 14193
2736 14192
2737 17134
2738 17133
2739 17132
2740 17131
2741 17130
2742 17129
2743 17128
2744 17127
2745 17126
2746 17125
2747 17124
2748 17123
2749 17122
2750 17121
2751 14345
2752 14344
2753 14343
2754 14342
2755 14341
2756 14340
2757 14339
2758 14422
2759 14421
2760 14420
2761 14419
2762 14418
2763 14417
2764 14416
2765 14415
2766 14414
2767 14413
2768 14412
2769 14411
2770 14410
2771 14409
2772 14576
2773 14575
2774 14574
2775 14573
2776 14572
2777 14571
2778 14570
2779 14857
2780 14856
2781 14855
2782 14854
2783 14853
2784 14852
2785 14851
2786 14850
2787 14849
2788 14848
2789 14847
2790 14846
2791 14845
2792 14844
2793 14843
2794 14842
2795 14841
2796 14840
2797 16971
2798 16970
2799 16969
2800 16968
2801 16967
2802 16966
2803 16965
2804 16964
2805 16963
2806 16962
2807 16961
2808 16960
2809 16959
2810 16958
2811 16957
2812 16956
2813 16955
2814 16954
2815 14936
2816 14935
2817 14934
2818 14933
2819 14932
2820 14931
2821 14930
2822 16862
2823 16861
2824 16860
2825 16859
2826 16858
2827 16857
2828 16856
2829 16855
2830 16854
2831 16853
2832 16852
2833 16851
2834 16850
2835 16849
2836 15083
2837 15082
2838 15081
2839 15080
2840 15079
2841 15078
2842 15077
2843 16757
2844 16756
2845 16755
2846 16754
2847 16753
2848 16752
2849 16751
2850 16750
2851 16749
2852 16748
2853 16747
2854 16746
2855 16745
2856 16744
2857 13702
2858 13701
2859 13700
2860 13699
2861 13698
2862 13697
2863 13696
2864 13695
2865 13694
2866 13693
2867 13692
2868 13691
2869 13690
2870 13689
2871 13688
2872 13687
2873 13686
2874 13685
2875 13684
2876 15301
2877 15300
2878 15299
2879 15298
2880 15297
2881 15296
2882 15295
2883 16511
2884 16510
2885 16509
2886 16508
2887 16507
2888 16506
2889 16505
2890 16504
2891 16503
2892 16502
2893 16501
2894 16500
2895 16499
2896 16498
2897 15448
2898 15447
2899 15446
2900 15445
2901 15444
2902 15443
2903 15442
2904 16406
2905 16405
2906 16404
2907 16403
2908 16402
2909 16401
2910 16400
2911 16399
2912 16398
2913 16397
2914 16396
2915 16395
2916 16394
2917 16393
2918 13656
2919 13655
2920 13654
2921 13653
2922 13652
2923 13651
2924 13650
2925 13649
2926 13648
2927 13647
2928 13646
2929 13645
2930 13644
2931 13643
2932 13642
2933 13641
2934 13640
2935 13639
2936 13638
2937 15634
2938 15633
2939 15632
2940 15631
2941 15630
2942 15629
2943 15628
2944 16128
2945 16127
2946 16126
2947 16125
2948 16124
2949 16123
2950 16122
2951 16121
2952 16120
2953 16119
2954 16118
2955 16117
2956 16116
2957 16115
2958 15781
2959 15780
2960 15779
2961 15778
2962 15777
2963 15776
2964 15775
2965 16023
2966 16022
2967 16021
2968 16020
2969 16019
2970 16018
2971 16017
2972 16016
2973 16015
2974 16014
2975 16013
2976 16012
2977 16011
2978 16010
2979 13354
2980 13353
2981 13352
2982 13351
2983 13350
2984 13349
2985 13348
2986 13347
2987 13346
2988 13345
2989 13344
2990 13343
2991 13342
2992 13341
2993 13340
2994 13384
2995 13383
2996 13382
2997 13381
2998 13380
2999 13379
3000 13378
3001 13273
3002 13272
3003 13271
3004 13270
3005 13269
3006 13268
3007 13267
3008 13266
3009 13265
3010 13264
3011 13263
3012 13262
3013 13261
3014 13260
3015 12985
3016 12984
3017 12983
3018 12982
3019 12981
3020 12980
3021 12979
3022 13168
3023 13167
3024 13166
3025 13165
3026 13164
3027 13163
3028 13162
3029 13161
3030 13160
3031 13159
3032 13158
3033 13157
3034 13156
3035 13155
3036 13154
3037 13153
3038 13152
3039 13151
3040 13150
3041 13149
3042 13148
3043 13147
3044 13146
3045 13145
3046 13144
3047 12521
3048 12520
3049 12519
3050 12518
3051 12517
3052 12516
3053 12515
3054 12514
3055 12513
3056 12512
3057 12511
3058 12510
3059 12509
3060 12508
3061 12507
3062 12506
3063 12505
3064 12504
3065 12503
3066 12502
3067 12501
3068 11014
3069 11013
3070 11012
3071 11011
3072 11010
3073 11009
3074 11008
3075 12343
3076 12342
3077 12341
3078 12340
3079 12339
3080 12338
3081 12337
3082 12159
3083 12158
3084 12157
3085 12156
3086 12155
3087 12154
3088 12153
3089 12152
3090 12151
3091 12150
3092 12149
3093 12148
3094 12147
3095 12146
3096 12145
3097 12144
3098 12143
3099 12142
3100 11155
3101 11154
3102 11153
3103 11152
3104 11151
3105 11150
3106 11149
3107 12050
3108 12049
3109 12048
3110 12047
3111 12046
3112 12045
3113 12044
3114 12043
3115 12042
3116 12041
3117 12040
3118 12039
3119 12038
3120 12037
3121 12036
3122 12035
3123 12034
3124 12033
3125 12032
3126 12031
3127 12030
3128 12029
3129 11340
3130 11339
3131 11338
3132 11337
3133 11336
3134 11335
3135 11334
3136 11843
3137 11842
3138 11841
3139 11840
3140 11839
3141 11838
3142 11837
3143 11836
3144 11835
3145 11834
3146 11833
3147 11832
3148 11831
3149 11830
3150 11547
3151 11546
3152 11545
3153 11544
3154 11543
3155 11542
3156 11541
3157 11540
3158 11539
3159 11538
3160 11537
3161 11536
3162 11535
3163 11534
3164 11533
3165 11532
3166 11531
3167 11530
3168 10753
3169 10752
3170 10751
3171 10750
3172 10749
3173 10748
3174 10747
3175 10746
3176 10745
3177 10744
3178 10743
3179 10742
3180 10741
3181 10740
3182 10326
3183 10325
3184 10324
3185 10323
3186 10322
3187 10321
3188 10320
3189 10319
3190 10318
3191 10317
3192 10316
3193 10315
3194 10314
3195 10313
3196 10312
3197 10311
3198 10310
3199 10309
3200 10308
3201 10307
3202 10306
3203 10305
3204 10304
3205 10303
3206 10302
3207 10301
3208 10300
3209 10299
3210 9857
3211 9856
3212 9855
3213 9854
3214 9853
3215 9852
3216 9851
3217 9850
3218 9849
3219 9848
3220 9847
3221 9846
3222 9845
3223 9844
3224 9843
3225 10069
3226 10068
3227 10067
3228 10066
3229 10065
3230 10064
3231 10063
3232 10062
3233 10061
3234 10060
3235 10059
3236 10058
3237 10057
3238 10056
3239 10055
3240 10054
3241 10053
3242 10052
3243 10051
3244 10050
3245 10049
3246 10048
3247 10047
3248 10046
3249 10045
3250 10044
3251 10043
3252 10042
3253 10041
3254 10040
3255 10039
3256 10038
3257 8963
3258 8962
3259 8961
3260 8960
3261 8959
3262 8958
3263 8957
3264 8956
3265 8955
3266 8954
3267 8953
3268 8952
3269 8951
3270 8950
3271 8949
3272 8948
3273 8947
3274 8946
3275 8945
3276 8944
3277 8943
3278 8942
3279 8941
3280 8940
3281 8939
3282 8938
3283 8860
3284 8859
3285 8858
3286 8857
3287 8856
3290 8865
3291 8864
3292 8863
3293 8862
3294 8861
3295 8937
3296 8936
3297 8935
3298 8934
3299 8933
3300 8932
3301 8931
3302 9285
3303 9284
3304 9283
3305 9282
3306 9281
3307 9280
3308 9279
3309 9278
3310 9277
3311 9276
3312 9275
3313 9274
3314 9273
3315 9272
3316 9271
3317 9270
3318 9269
3319 9268
3320 9267
3321 9266
3322 9265
3323 9264
3324 9263
3325 9262
3326 9261
3327 9260
3328 9259
3329 9258
3330 9257
3331 9256
3332 9080
3333 9079
3334 9078
3335 9077
3336 9076
3337 9075
3338 9074
3339 9073
3340 9072
3341 9071
3342 9070
3343 9069
3344 9881
3345 9880
3346 9879
3347 9878
3348 9877
3349 9876
3350 9875
3351 9874
3352 9873
3353 9872
3354 9871
3355 9870
3356 9869
3357 9868
3358 9867
3359 9866
3360 9865
3361 9864
3362 9863
3363 9862
3364 9861
3365 9860
3366 9859
3367 9858
3368 10298
3369 10297
3370 10296
3371 10295
3372 10294
3373 10293
3374 10292
3375 10351
3376 10350
3377 10349
3378 10348
3379 10347
3380 10346
3381 10345
3382 10344
3383 10343
3384 10342
3385 10341
3386 10340
3387 10339
3388 10338
3389 10337
3390 10336
3391 10335
3392 10334
3393 10333
3394 10332
3395 10331
3396 10330
3397 10329
3398 10328
3399 10327
3400 10739
3401 10738
3402 10737
3403 10736
3404 10735
3405 10734
3406 10733
3407 11576
3408 11575
3409 11574
3410 11573
3411 11572
3412 11571
3413 11570
3414 11569
3415 11568
3416 11567
3417 11566
3418 11565
3419 11564
3420 11563
3421 11562
3422 11561
3423 11560
3424 11559
3425 11558
3426 11557
3427 11556
3428 11555
3429 11554
3430 11553
3431 11552
3432 11551
3433 11550
3434 11549
3435 11548
3436 11829
3437 11828
3438 11827
3439 11826
3440 11825
3441 11824
3442 11823
3443 11354
3444 11353
3445 11352
3446 11351
3447 11350
3448 11349
3449 11348
3450 11347
3451 11346
3452 11345
3453 11344
3454 11343
3455 11342
3456 11341
3457 12028
3458 12027
3459 12026
3460 12025
3461 12024
3462 12023
3463 12022
3464 12021
3465 12020
3466 12019
3467 12018
3468 12017
3469 12016
3470 12015
3471 12014
3472 12013
3473 12012
3474 12011
3475 12010
3476 12009
3477 12008
3478 11169
3479 11168
3480 11167
3481 11166
3482 11165
3483 11164
3484 11163
3485 11162
3486 11161
3487 11160
3488 11159
3489 11158
3490 11157
3491 11156
3492 12141
3493 12140
3494 12139
3495 12138
3496 12137
3497 12136
3498 12135
3499 12232
3500 12231
3501 12230
3502 12229
3503 12228
3504 12227
3505 12226
3506 12225
3507 12224
3508 12223
3509 12222
3510 12221
3511 12220
3512 12219
3513 11031
3514 11030
3515 11029
3516 11028
3517 11027
3518 11026
3519 11025
3520 11024
3521 11023
3522 11022
3523 11021
3524 11020
3525 11019
3526 11018
3527 11017
3528 11016
3529 11015
3530 12500
3531 12499
3532 12498
3533 12497
3534 12496
3535 12495
3536 12494
3537 12535
3538 12534
3539 12533
3540 12532
3541 12531
3542 12530
3543 12529
3544 12528
3545 12527
3546 12526
3547 12525
3548 12524
3549 12523
3550 12522
3551 13143
3552 13142
3553 13141
3554 13140
3555 13139
3556 13138
3557 13137
3558 13136
3559 13135
3560 13134
3561 13133
3562 13132
3563 13131
3564 12810
3565 12809
3566 12808
3567 12807
3568 12806
3569 12805
3570 12804
3571 12803
3572 12802
3573 12801
3574 12800
3575 12999
3576 12998
3577 12997
3578 12996
3579 12995
3580 12994
3581 12993
3582 12992
3583 12991
3584 12990
3585 12989
3586 12988
3587 12987
3588 12986
3589 13259
3590 13258
3591 13257
3592 13256
3593 13255
3594 13254
3595 13253
3596 13398
3597 13397
3598 13396
3599 13395
3600 13394
3601 13393
3602 13392
3603 13391
3604 13390
3605 13389
3606 13388
3607 13387
3608 13386
3609 13385
3610 13339
3611 13338
3612 13337
3613 13336
3614 13335
3615 13334
3616 13333
3617 13332
3618 13331
3619 13330
3620 13365
3621 13364
3622 13363
3623 13362
3624 13361
3625 13360
3626 13359
3627 13358
3628 13357
3629 13356
3630 13355
3631 16009
3632 16008
3633 16007
3634 16006
3635 16005
3636 16004
3637 16003
3638 15795
3639 15794
3640 15793
3641 15792
3642 15791
3643 15790
3644 15789
3645 15788
3646 15787
3647 15786
3648 15785
3649 15784
3650 15783
3651 15782
3652 16114
3653 16113
3654 16112
3655 16111
3656 16110
3657 16109
3658 16108
3659 15648
3660 15647
3661 15646
3662 15645
3663 15644
3664 15643
3665 15642
3666 15641
3667 15640
3668 15639
3669 15638
3670 15637
3671 15636
3672 15635
3673 13637
3674 13636
3675 13635
3676 13634
3677 13633
3678 13632
3679 13631
3680 13630
3681 13629
3682 13628
3683 13627
3684 13670
3685 13669
3686 13668
3687 13667
3688 13666
3689 13665
3690 13664
3691 13663
3692 13662
3693 13661
3694 13660
3695 13659
3696 13658
3697 13657
3698 16392
3699 16391
3700 16390
3701 16389
3702 16388
3703 16387
3704 16386
3705 15462
3706 15461
3707 15460
3708 15459
3709 15458
3710 15457
3711 15456
3712 15455
3713 15454
3714 15453
3715 15452
3716 15451
3717 15450
3718 15449
3719 16497
3720 16496
3721 16495
3722 16494
3723 16493
3724 16492
3725 16491
3726 15315
3727 15314
3728 15313
3729 15312
3730 15311
3731 15310
3732 15309
3733 15308
3734 15307
3735 15306
3736 15305
3737 15304
3738 15303
3739 15302
3740 13683
3741 13682
3742 13681
3743 13680
3744 13679
3745 13678
3746 13677
3747 13676
3748 13675
3749 13674
3750 13673
3751 13672
3752 13671
3753 13714
3754 13713
3755 13712
3756 13711
3757 13710
3758 13709
3759 13708
3760 13707
3761 13706
3762 13705
3763 13704
3764 13703
3765 16743
3766 16742
3767 16741
3768 16740
3769 16739
3770 16738
3771 16737
3772 15097
3773 15096
3774 15095
3775 15094
3776 15093
3777 15092
3778 15091
3779 15090
3780 15089
3781 15088
3782 15087
3783 15086
3784 15085
3785 15084
3786 16848
3787 16847
3788 16846
3789 16845
3790 16844
3791 16843
3792 16842
3793 14950
3794 14949
3795 14948
3796 14947
3797 14946
3798 14945
3799 14944
3800 14943
3801 14942
3802 14941
3803 14940
3804 14939
3805 14938
3806 14937
3807 16953
3808 16952
3809 16951
3810 16950
3811 16949
3812 16948
3813 16947
3814 14738
3815 14737
3816 14736
3817 14735
3818 14734
3819 14733
3820 14732
3821 14731
3822 14730
3823 14729
3824 14728
3825 14727
3826 14726
3827 14725
3828 14724
3829 14723
3830 14722
3831 14721
3832 14720
3833 14719
3834 14718
3835 14717
3836 14716
3837 14715
3838 14714
3839 14713
3840 14712
3841 14711
3842 14590
3843 14589
3844 14588
3845 14587
3846 14586
3847 14585
3848 14584
3849 14583
3850 14582
3851 14581
3852 14580
3853 14579
3854 14578
3855 14577
3856 14408
3857 14407
3858 14406
3859 14405
3860 14404
3861 14403
3862 14402
3863 14359
3864 14358
3865 14357
3866 14356
3867 14355
3868 14354
3869 14353
3870 14352
3871 14351
3872 14350
3873 14349
3874 14348
3875 14347
3876 14346
3877 17120
3878 17119
3879 17118
3880 17117
3881 17116
3882 17115
3883 17114
3884 14212
3885 14211
3886 14210
3887 14209
3888 14208
3889 14207
3890 14206
3891 14205
3892 14204
3893 14203
3894 14202
3895 14201
3896 14200
3897 14199
3898 14136
3899 14135
3900 14134
3901 14133
3902 14132
3903 14131
3904 14130
3905 14129
3906 14128
3907 14127
3908 17586
3909 17585
3910 17584
3911 17583
3912 17582
3913 17581
3914 17580
3915 17579
3916 17578
3917 17577
3918 17576
3919 17575
3920 17574
3921 17573
3922 17572
3923 17571
3924 17570
3925 17569
3926 17263
3927 17262
3928 17261
3929 17260
3930 17259
3931 17258
3932 17257
3933 13989
3934 13988
3935 13987
3936 13986
3937 13985
3938 13984
3939 13983
3940 13982
3941 13981
3942 13980
3943 13979
3944 13978
3945 13977
3946 13976
3947 17368
3948 17367
3949 17366
3950 17365
3951 17364
3952 17363
3953 17362
3954 13842
3955 13841
3956 13840
3957 13839
3958 13838
3959 13837
3960 13836
3961 13835
3962 13834
3963 13833
3964 13832
3965 13831
3966 13830
3967 13829
3968 17473
3969 17472
3970 17471
3971 17470
3972 17469
3973 17468
3974 17467
3975 17498
3976 17497
3977 17496
3978 17495
3979 17494
3980 17493
3981 17492
3982 17491
3983 17490
3986 17507
3987 17506
3988 17505
3989 17504
3990 17503
3991 17502
3992 17501
3993 17500
3994 17499
3995 17466
3996 17465
3997 17464
3998 17463
3999 17462
4000 17461
4001 17460
4002 13856
4003 13855
4004 13854
4005 13853
4006 13852
4007 13851
4008 13850
4009 13849
4010 13848
4011 13847
4012 13846
4013 13845
4014 13844
4015 13843
4016 17361
4017 17360
4018 17359
4019 17358
4020 17357
4021 17356
4022 17355
4023 14003
4024 14002
4025 14001
4026 14000
4027 13999
4028 13998
4029 13997
4030 13996
4031 13995
4032 13994
4033 13993
4034 13992
4035 13991
4036 13990
4037 17256
4038 17255
4039 17254
4040 17253
4041 17252
4042 17251
4043 17250
4044 17625
4045 17624
4046 17623
4047 17622
4048 17621
4049 17620
4050 17619
4051 17618
4052 17617
4053 17616
4054 17615
4055 17614
4056 17613
4057 17612
4058 17611
4059 17610
4060 17609
4061 17608
4062 17607
4063 17606
4064 17605
4065 17604
4066 17603
4067 17602
4068 17601
4069 17600
4070 17599
4071 14226
4072 14225
4073 14224
4074 14223
4075 14222
4076 14221
4077 14220
4078 14219
4079 14218
4080 14217
4081 14216
4082 14215
4083 14214
4084 14213
4085 17113
4086 17112
4087 17111
4088 17110
4089 17109
4090 17108
4091 17107
4092 14373
4093 14372
4094 14371
4095 14370
4096 14369
4097 14368
4098 14367
4099 14366
4100 14365
4101 14364
4102 14363
4103 14362
4104 14361
4105 14360
4106 14401
4107 14400
4108 14399
4109 14398
4110 14397
4111 14396
4112 14395
4113 14604
4114 14603
4115 14602
4116 14601
4117 14600
4118 14599
4119 14598
4120 14597
4121 14596
4122 14595
4123 14594
4124 14593
4125 14592
4126 14591
4127 14710
4128 14709
4129 14708
4130 14707
4131 14706
4132 14705
4133 14704
4134 16978
4135 16977
4136 16976
4137 16975
4138 16974
4139 16973
4140 16972
4141 14751
4142 14750
4143 14749
4144 14748
4145 14747
4146 14746
4147 14745
4148 14744
4149 14743
4150 14742
4151 14741
4152 14740
4153 14739
4154 16946
4155 16945
4156 16944
4157 16943
4158 16942
4159 16941
4160 16940
4161 14964
4162 14963
4163 14962
4164 14961
4165 14960
4166 14959
4167 14958
4168 14957
4169 14956
4170 14955
4171 14954
4172 14953
4173 14952
4174 14951
4175 16841
4176 16840
4177 16839
4178 16838
4179 16837
4180 16836
4181 16835
4182 15111
4183 15110
4184 15109
4185 15108
4186 15107
4187 15106
4188 15105
4189 15104
4190 15103
4191 15102
4192 15101
4193 15100
4194 15099
4195 15098
4196 16736
4197 16735
4198 16734
4199 16733
4200 16732
4201 16731
4202 16730
4203 16614
4204 16613
4205 16612
4206 16611
4207 16610
4208 16609
4209 16608
4210 16607
4211 16606
4212 16605
4213 16604
4214 16603
4215 16602
4216 16601
4217 16600
4218 16599
4219 16598
4220 16597
4221 16596
4222 16595
4223 16594
4224 16593
4225 16592
4226 16591
4227 16590
4228 16589
4229 15329
4230 15328
4231 15327
4232 15326
4233 15325
4234 15324
4235 15323
4236 15322
4237 15321
4238 15320
4239 15319
4240 15318
4241 15317
4242 15316
4243 16490
4244 16489
4245 16488
4246 16487
4247 16486
4248 16485
4249 16484
4250 15476
4251 15475
4252 15474
4253 15473
4254 15472
4255 15471
4256 15470
4257 15469
4258 15468
4259 15467
4260 15466
4261 15465
4262 15464
4263 15463
4264 16385
4265 16384
4266 16383
4267 16382
4268 16381
4269 16380
4270 16379
4271 16263
4272 16262
4273 16261
4274 16260
4275 16259
4276 16258
4277 16257
4278 16256
4279 16255
4280 16254
4281 16253
4282 16252
4283 16251
4284 16250
4285 16249
4286 16248
4287 16247
4288 16246
4289 16245
4290 16244
4291 16243
4292 16242
4293 16241
4294 16240
4295 16239
4296 16238
4297 15662
4298 15661
4299 15660
4300 15659
4301 15658
4302 15657
4303 15656
4304 15655
4305 15654
4306 15653
4307 15652
4308 15651
4309 15650
4310 15649
4311 16107
4312 16106
4313 16105
4314 16104
4315 16103
4316 16102
4317 16101
4318 15809
4319 15808
4320 15807
4321 15806
4322 15805
4323 15804
4324 15803
4325 15802
4326 15801
4327 15800
4328 15799
4329 15798
4330 15797
4331 15796
4332 16002
4333 16001
4334 16000
4335 15999
4336 15998
4337 15997
4338 15996
4339 13520
4340 13519
4341 13518
4342 13517
4343 13516
4344 13515
4345 13514
4346 13513
4347 13512
4348 13511
4349 13510
4350 13509
4351 13508
4352 13507
4353 13506
4354 13505
4355 13504
4356 13503
4357 13502
4358 13501
4359 13500
4360 13499
4361 13498
4362 13497
4363 13412
4364 13411
4365 13410
4366 13409
4367 13408
4368 13407
4369 13406
4370 13405
4371 13404
4372 13403
4373 13402
4374 13401
4375 13400
4376 13399
4377 13252
4378 13251
4379 13250
4380 13249
4381 13248
4382 13247
4383 13246
4384 13013
4385 13012
4386 13011
4387 13010
4388 13009
4389 13008
4390 13007
4391 13006
4392 13005
4393 13004
4394 13003
4395 13002
4396 13001
4397 13000
4398 12799
4399 12798
4400 12797
4401 12796
4402 12795
4403 12794
4404 12793
4405 12792
4406 12791
4407 12790
4408 12789
4409 12788
4410 12787
4411 12786
4412 12785
4413 12784
4414 12783
4415 12782
4416 12781
4417 12780
4418 12779
4419 12778
4420 12777
4421 12776
4422 12775
4423 12774
4424 12773
4425 12772
4426 12771
4427 12549
4428 12548
4429 12547
4430 12546
4431 12545
4432 12544
4433 12543
4434 12542
4435 12541
4436 12540
4437 12539
4438 12538
4439 12537
4440 12536
4441 12493
4442 12492
4443 12491
4444 12490
4445 12489
4446 12488
4447 12487
4448 12268
4449 12267
4450 12266
4451 12265
4452 12264
4453 12263
4454 12262
4455 12261
4456 12260
4457 12259
4458 12258
4459 12257
4460 12256
4461 12255
4462 12254
4463 12253
4464 12252
4465 12251
4466 12250
4467 12249
4468 12248
4469 12247
4470 12246
4471 12245
4472 12244
4473 12243
4474 12242
4475 12241
4476 12240
4477 12239
4478 12238
4479 12237
4480 12236
4481 12235
4482 12234
4483 12233
4484 12134
4485 12133
4486 12132
4487 12131
4488 12130
4489 12129
4490 12128
4491 11183
4492 11182
4493 11181
4494 11180
4495 11179
4496 11178
4497 11177
4498 11176
4499 11175
4500 11174
4501 11173
4502 11172
4503 11171
4504 11170
4505 12007
4506 12006
4507 12005
4508 12004
4509 12003
4510 12002
4511 12001
4512 11941
4513 11940
4514 11939
4515 11938
4516 11937
4517 11936
4518 11935
4519 11934
4520 11933
4521 11932
4522 11931
4523 11930
4524 11929
4525 11928
4526 11927
4527 11926
4528 11925
4529 11924
4530 11923
4531 11922
4532 11921
4533 11368
4534 11367
4535 11366
4536 11365
4537 11364
4538 11363
4539 11362
4540 11361
4541 11360
4542 11359
4543 11358
4544 11357
4545 11356
4546 11355
4547 11822
4548 11821
4549 11820
4550 11819
4551 11818
4552 11817
4553 11816
4554 10840
4555 10839
4556 10838
4557 10837
4558 10836
4559 10835
4560 10834
4561 10833
4562 10832
4563 10831
4564 10830
4565 10829
4566 10828
4567 10827
4568 10826
4569 10825
4570 10824
4571 10823
4572 10822
4573 10821
4574 10820
4575 11590
4576 11589
4577 11588
4578 11587
4579 11586
4580 11585
4581 11584
4582 11583
4583 11582
4584 11581
4585 11580
4586 11579
4587 11578
4588 11577
4589 10732
4590 10731
4591 10730
4592 10729
4593 10728
4594 10727
4595 10726
4596 10384
4597 10383
4598 10382
4599 10381
4600 10380
4601 10379
4602 10378
4603 10377
4604 10376
4605 10375
4606 10374
4607 10373
4608 10372
4609 10371
4610 10370
4611 10369
4612 10368
4613 10367
4614 10366
4615 10365
4616 10364
4617 10363
4618 10362
4619 10361
4620 10360
4621 10359
4622 10358
4623 10357
4624 10356
4625 10355
4626 10354
4627 10353
4628 10352
4629 10291
4630 10290
4631 10289
4632 10288
4633 10287
4634 10286
4635 10285
4636 9912
4637 9911
4638 9910
4639 9909
4640 9908
4641 9907
4642 9906
4643 9905
4644 9904
4645 9903
4646 9902
4647 9901
4648 9900
4649 9899
4650 9898
4651 9897
4652 9896
4653 9895
4654 9894
4655 9893
4656 9892
4657 9891
4658 9890
4659 9889
4660 9888
4661 9887
4662 9886
4663 9885
4664 9884
4665 9883
4666 9882
4667 9068
4668 9067
4669 9066
4670 9065
4671 9064
4672 9063
4673 9062
4674 9106
4675 9105
4676 9104
4677 9103
4678 9102
4679 9101
4680 9100
4681 9099
4682 9098
4683 9097
4684 9096
4685 9095
4686 9094
4687 9093
4688 9092
4689 9091
4690 9090
4691 9314
4692 9313
4693 9312
4694 9311
4695 9310
4696 9309
4697 9308
4698 9307
4699 9306
4700 9305
4701 9304
4702 9303
4703 9302
4704 9301
4705 9300
4706 9299
4707 9298
4708 9297
4709 9296
4710 9295
4711 9294
4712 9293
4713 9292
4714 9291
4715 9290
4716 9289
4717 9288
4718 9287
4719 9286
4720 8930
4721 8929
4722 8928
4723 8927
4724 8926
4725 8925
4726 8924
4727 8870
4728 8869
4729 8868
4730 8867
4731 8866
4734 8875
4735 8874
4736 8873
4737 8872
4738 8871
4739 8923
4740 8922
4741 8921
4742 8920
4743 8919
4744 8918
4745 8917
4746 9341
4747 9340
4748 9339
4749 9338
4750 9337
4751 9336
4752 9335
4753 9334
4754 9333
4755 9332
4756 9331
4757 9330
4758 9329
4759 9328
4760 9327
4761 9326
4762 9325
4763 9324
4764 9323
4765 9322
4766 9321
4767 9320
4768 9319
4769 9318
4770 9317
4771 9316
4772 9315
4773 9089
4774 9088
4775 9087
4776 9086
4777 9085
4778 9084
4779 9083
4780 9082
4781 9081
4782 9114
4783 9113
4784 9112
4785 9111
4786 9110
4787 9109
4788 9108
4789 9107
4790 9061
4791 9060
4792 9059
4793 9058
4794 9057
4795 9056
4796 9055
4797 9945
4798 9944
4799 9943
4800 9942
4801 9941
4802 9940
4803 9939
4804 9938
4805 9937
4806 9936
4807 9935
4808 9934
4809 9933
4810 9932
4811 9931
4812 9930
4813 9929
4814 9928
4815 9927
4816 9926
4817 9925
4818 9924
4819 9923
4820 9922
4821 9921
4822 9920
4823 9919
4824 9918
4825 9917
4826 9916
4827 9915
4828 9914
4829 9913
4830 10284
4831 10283
4832 10282
4833 10281
4834 10280
4835 10279
4836 10278
4837 9690
4838 9689
4839 9688
4840 9687
4841 9686
4842 9685
4843 9684
4844 9683
4845 9682
4846 9681
4847 9680
4848 9679
4849 9678
4850 9677
4851 9676
4852 9675
4853 9674
4854 9673
4855 9672
4856 9671
4857 10401
4858 10400
4859 10399
4860 10398
4861 10397
4862 10396
4863 10395
4864 10394
4865 10393
4866 10392
4867 10391
4868 10390
4869 10389
4870 10388
4871 10387
4872 10386
4873 10385
4874 10725
4875 10724
4876 10723
4877 10722
4878 10721
4879 10720
4880 10719
4881 11604
4882 11603
4883 11602
4884 11601
4885 11600
4886 11599
4887 11598
4888 11597
4889 11596
4890 11595
4891 11594
4892 11593
4893 11592
4894 11591
4895 10819
4896 10818
4897 10817
4898 10816
4899 10815
4900 10814
4901 10813
4902 10812
4903 10811
4904 10810
4905 10855
4906 10854
4907 10853
4908 10852
4909 10851
4910 10850
4911 10849
4912 10848
4913 10847
4914 10846
4915 10845
4916 10844
4917 10843
4918 10842
4919 10841
4920 11815
4921 11814
4922 11813
4923 11812
4924 11811
4925 11810
4926 11809
4927 11382
4928 11381
4929 11380
4930 11379
4931 11378
4932 11377
4933 11376
4934 11375
4935 11374
4936 11373
4937 11372
4938 11371
4939 11370
4940 11369
4941 11920
4942 11919
4943 11918
4944 11917
4945 11916
4946 11915
4947 11914
4948 11961
4949 11960
4950 11959
4951 11958
4952 11957
4953 11956
4954 11955
4955 11954
4956 11953
4957 11952
4958 11951
4959 11950
4960 11949
4961 11948
4962 11947
4963 11946
4964 11945
4965 11944
4966 11943
4967 11942
4968 12000
4969 11999
4970 11998
4971 11997
4972 11996
4973 11995
4974 11994
4975 11197
4976 11196
4977 11195
4978 11194
4979 11193
4980 11192
4981 11191
4982 11190
4983 11189
4984 11188
4985 11187
4986 11186
4987 11185
4988 11184
4989 12127
4990 12126
4991 12125
4992 12124
4993 12123
4994 12122
4995 12121
4996 11050
4997 11049
4998 11048
4999 11047
5000 11046
5001 11045
5002 11044
5003 11043
5004 11042
5005 11041
5006 11040
5007 11039
5008 11038
5009 11037
5010 11036
5011 11035
5012 11034
5013 11033
5014 11032
5015 12218
5016 12217
5017 12216
5018 12215
5019 12214
5020 12213
5021 12212
5022 12211
5023 12210
5024 12282
5025 12281
5026 12280
5027 12279
5028 12278
5029 12277
5030 12276
5031 12275
5032 12274
5033 12273
5034 12272
5035 12271
5036 12270
5037 12269
5038 12486
5039 12485
5040 12484
5041 12483
5042 12482
5043 12481
5044 12480
5045 12563
5046 12562
5047 12561
5048 12560
5049 12559
5050 12558
5051 12557
5052 12556
5053 12555
5054 12554
5055 12553
5056 12552
5057 12551
5058 12550
5059 12770
5060 12769
5061 12768
5062 12767
5063 12766
5064 12765
5065 12764
5066 12821
5067 12820
5068 12819
5069 12818
5070 12817
5071 12816
5072 12815
5073 12814
5074 12813
5075 12812
5076 12811
5077 12871
5078 12870
5079 12869
5080 12868
5081 12867
5082 12866
5083 12865
5084 12864
5085 12863
5086 12862
5087 12861
5088 12860
5089 12859
5090 12858
5091 12857
5092 12856
5093 12855
5094 13027
5095 13026
5096 13025
5097 13024
5098 13023
5099 13022
5100 13021
5101 13020
5102 13019
5103 13018
5104 13017
5105 13016
5106 13015
5107 13014
5108 13245
5109 13244
5110 13243
5111 13242
5112 13241
5113 13240
5114 13239
5115 13426
5116 13425
5117 13424
5118 13423
5119 13422
5120 13421
5121 13420
5122 13419
5123 13418
5124 13417
5125 13416
5126 13415
5127 13414
5128 13413
5129 13496
5130 13495
5131 13494
5132 13493
5133 13492
5134 13491
5135 13490
5136 13598
5137 13597
5138 13596
5139 13595
5140 13594
5141 13593
5142 13592
5143 13536
5144 13535
5145 13534
5146 13533
5147 13532
5148 13531
5149 13530
5150 13529
5151 13528
5152 13527
5153 13526
5154 13525
5155 13524
5156 13523
5157 13522
5158 13521
5159 15995
5160 15994
5161 15993
5162 15992
5163 15991
5164 15990
5165 15989
5166 15823
5167 15822
5168 15821
5169 15820
5170 15819
5171 15818
5172 15817
5173 15816
5174 15815
5175 15814
5176 15813
5177 15812
5178 15811
5179 15810
5180 16100
5181 16099
5182 16098
5183 16097
5184 16096
5185 16095
5186 16094
5187 15676
5188 15675
5189 15674
5190 15673
5191 15672
5192 15671
5193 15670
5194 15669
5195 15668
5196 15667
5197 15666
5198 15665
5199 15664
5200 15663
5201 16237
5202 16236
5203 16235
5204 16234
5205 16233
5206 16232
5207 16231
5208 16288
5209 16287
5210 16286
5211 16285
5212 16284
5213 16283
5214 16282
5215 16281
5216 16280
5217 16279
5218 16278
5219 16277
5220 16276
5221 16275
5222 16274
5223 16273
5224 16272
5225 16271
5226 16270
5227 16269
5228 16268
5229 16267
5230 16266
5231 16265
5232 16264
5233 16378
5234 16377
5235 16376
5236 16375
5237 16374
5238 16373
5239 16372
5240 15490
5241 15489
5242 15488
5243 15487
5244 15486
5245 15485
5246 15484
5247 15483
5248 15482
5249 15481
5250 15480
5251 15479
5252 15478
5253 15477
5254 16483
5255 16482
5256 16481
5257 16480
5258 16479
5259 16478
5260 16477
5261 15343
5262 15342
5263 15341
5264 15340
5265 15339
5266 15338
5267 15337
5268 15336
5269 15335
5270 15334
5271 15333
5272 15332
5273 15331
5274 15330
5275 16588
5276 16587
5277 16586
5278 16585
5279 16584
5280 16583
5281 16582
5282 16639
5283 16638
5284 16637
5285 16636
5286 16635
5287 16634
5288 16633
5289 16632
5290 16631
5291 16630
5292 16629
5293 16628
5294 16627
5295 16626
5296 16625
5297 16624
5298 16623
5299 16622
5300 16621
5301 16620
5302 16619
5303 16618
5304 16617
5305 16616
5306 16615
5307 16729
5308 16728
5309 16727
5310 16726
5311 16725
5312 16724
5313 16723
5314 15125
5315 15124
5316 15123
5317 15122
5318 15121
5319 15120
5320 15119
5321 15118
5322 15117
5323 15116
5324 15115
5325 15114
5326 15113
5327 15112
5328 16834
5329 16833
5330 16832
5331 16831
5332 16830
5333 16829
5334 16828
5335 14978
5336 14977
5337 14976
5338 14975
5339 14974
5340 14973
5341 14972
5342 14971
5343 14970
5344 14969
5345 14968
5346 14967
5347 14966
5348 14965
5349 16939
5350 16938
5351 16937
5352 16936
5353 16935
5354 16934
5355 16933
5356 14662
5357 14661
5358 14660
5359 14659
5360 14658
5361 14657
5362 14656
5363 14655
5364 14654
5365 14653
5366 14652
5367 14651
5368 14650
5369 14649
5370 14648
5371 14647
5372 16988
5373 16987
5374 16986
5375 16985
5376 16984
5377 16983
5378 16982
5379 16981
5380 16980
5381 16979
5382 14703
5383 14702
5384 14701
5385 14700
5386 14699
5387 14698
5388 14697
5389 14618
5390 14617
5391 14616
5392 14615
5393 14614
5394 14613
5395 14612
5396 14611
5397 14610
5398 14609
5399 14608
5400 14607
5401 14606
5402 14605
5403 14394
5404 14393
5405 14392
5406 14391
5407 14390
5408 14389
5409 14388
5410 14387
5411 14386
5412 14385
5413 14384
5414 14383
5415 14382
5416 14381
5417 14380
5418 14379
5419 14378
5420 14377
5421 14376
5422 14375
5423 14374
5424 17106
5425 17105
5426 17104
5427 17103
5428 17102
5429 17101
5430 17100
5431 14240
5432 14239
5433 14238
5434 14237
5435 14236
5436 14235
5437 14234
5438 14233
5439 14232
5440 14231
5441 14230
5442 14229
5443 14228
5444 14227
5445 17598
5446 17597
5447 17596
5448 17595
5449 17594
5450 17593
5451 17592
5452 17591
5453 17590
5454 17589
5455 17588
5456 17587
5457 14126
5458 14125
5459 14124
5460 14123
5461 14122
5462 14121
5463 14120
5464 17639
5465 17638
5466 17637
5467 17636
5468 17635
5469 17634
5470 17633
5471 17632
5472 17631
5473 17630
5474 17629
5475 17628
5476 17627
5477 17626
5478 17249
5479 17248
5480 17247
5481 17246
5482 17245
5483 17244
5484 17243
5485 14017
5486 14016
5487 14015
5488 14014
5489 14013
5490 14012
5491 14011
5492 14010
5493 14009
5494 14008
5495 14007
5496 14006
5497 14005
5498 14004
5499 17354
5500 17353
5501 17352
5502 17351
5503 17350
5504 17349
5505 17348
5506 13870
5507 13869
5508 13868
5509 13867
5510 13866
5511 13865
5512 13864
5513 13863
5514 13862
5515 13861
5516 13860
5517 13859
5518 13858
5519 13857
5520 17459
5521 17458
5522 17457
5523 17456
5524 17455
5525 17454
5526 17453
5527 13723
5528 13722
5529 13721
5530 13720
5531 13719
5532 13718
5533 13717
5534 13716
5535 13715
5538 17667
5539 17666
5540 17665
5541 17664
5542 17663
5543 13730
5544 13729
5545 13728
5546 13727
5547 13726
5548 13725
5549 13724
5550 17452
5551 17451
5552 17450
5553 17449
5554 17448
5555 17447
5556 17446
5557 17445
5558 17444
5559 17443
5560 17442
5561 17441
5562 17440
5563 17439
5564 13877
5565 13876
5566 13875
5567 13874
5568 13873
5569 13872
5570 13871
5571 17347
5572 17346
5573 17345
5574 17344
5575 17343
5576 17342
5577 17341
5578 17340
5579 17339
5580 17338
5581 17337
5582 17336
5583 17335
5584 17334
5585 14024
5586 14023
5587 14022
5588 14021
5589 14020
5590 14019
5591 14018
5592 17242
5593 17241
5594 17240
5595 17239
5596 17238
5597 17237
5598 17236
5599 17235
5600 17234
5601 17233
5602 17232
5603 17231
5604 17230
5605 17229
5606 17646
5607 17645
5608 17644
5609 17643
5610 17642
5611 17641
5612 17640
5613 14119
5614 14118
5615 14117
5616 14116
5617 14115
5618 14114
5619 14113
5620 17553
5621 17552
5622 17551
5623 17550
5624 17549
5625 17548
5626 17547
5627 17546
5628 17545
5629 17544
5630 17543
5631 17542
5632 17541
5633 17540
5634 17539
5635 17538
5636 17537
5637 17536
5638 17535
5639 17534
5640 14247
5641 14246
5642 14245
5643 14244
5644 14243
5645 14242
5646 14241
5647 17099
5648 17098
5649 17097
5650 17096
5651 17095
5652 17094
5653 17093
5654 17092
5655 17091
5656 17090
5657 17089
5658 17088
5659 17087
5660 17086
5661 17085
5662 17084
5663 17083
5664 17082
5665 17081
5666 17080
5667 17079
5668 17078
5669 17077
5670 17076
5671 17075
5672 17074
5673 17073
5674 17072
5675 17071
5676 17070
5677 17069
5678 17068
5679 17067
5680 17066
5681 17065
5682 14625
5683 14624
5684 14623
5685 14622
5686 14621
5687 14620
5688 14619
5689 14696
5690 14695
5691 14694
5692 14693
5693 14692
5694 14691
5695 14690
5696 14689
5697 14688
5698 14687
5699 14686
5700 14685
5701 14684
5702 14683
5703 14682
5704 14681
5705 14680
5706 14679
5707 14678
5708 14677
5709 14676
5710 14675
5711 14674
5712 14673
5713 14672
5714 14671
5715 14670
5716 14669
5717 14668
5718 14667
5719 14666
5720 14665
5721 14664
5722 14663
5723 16932
5724 16931
5725 16930
5726 16929
5727 16928
5728 16927
5729 16926
5730 16925
5731 16924
5732 16923
5733 16922
5734 16921
5735 16920
5736 16919
5737 14985
5738 14984
5739 14983
5740 14982
5741 14981
5742 14980
5743 14979
5744 16827
5745 16826
5746 16825
5747 16824
5748 16823
5749 16822
5750 16821
5751 16820
5752 16819
5753 16818
5754 16817
5755 16816
5756 16815
5757 16814
5758 15132
5759 15131
5760 15130
5761 15129
5762 15128
5763 15127
5764 15126
5765 16722
5766 16721
5767 16720
5768 16719
5769 16718
5770 16717
5771 16716
5772 16715
5773 16714
5774 16713
5775 16712
5776 16711
5777 16710
5778 16709
5779 16658
5780 16657
5781 16656
5782 16655
5783 16654
5784 16653
5785 16652
5786 16651
5787 16650
5788 16649
5789 16648
5790 16647
5791 16646
5792 16645
5793 16644
5794 16643
5795 16642
5796 16641
5797 16640
5798 16581
5799 16580
5800 16579
5801 16578
5802 16577
5803 16576
5804 16575
5805 16574
5806 16573
5807 16572
5808 16571
5809 16570
5810 16569
5811 16568
5812 15350
5813 15349
5814 15348
5815 15347
5816 15346
5817 15345
5818 15344
5819 16476
5820 16475
5821 16474
5822 16473
5823 16472
5824 16471
5825 16470
5826 16469
5827 16468
5828 16467
5829 16466
5830 16465
5831 16464
5832 16463
5833 15497
5834 15496
5835 15495
5836 15494
5837 15493
5838 15492
5839 15491
5840 16371
5841 16370
5842 16369
5843 16368
5844 16367
5845 16366
5846 16365
5847 16364
5848 16363
5849 16362
5850 16361
5851 16360
5852 16359
5853 16358
5854 16307
5855 16306
5856 16305
5857 16304
5858 16303
5859 16302
5860 16301
5861 16300
5862 16299
5863 16298
5864 16297
5865 16296
5866 16295
5867 16294
5868 16293
5869 16292
5870 16291
5871 16290
5872 16289
5873 16230
5874 16229
5875 16228
5876 16227
5877 16226
5878 16225
5879 16224
5880 16223
5881 16222
5882 16221
5883 16220
5884 16219
5885 16218
5886 16217
5887 15683
5888 15682
5889 15681
5890 15680
5891 15679
5892 15678
5893 15677
5894 16093
5895 16092
5896 16091
5897 16090
5898 16089
5899 16088
5900 16087
5901 16086
5902 16085
5903 16084
5904 16083
5905 16082
5906 16081
5907 16080
5908 15830
5909 15829
5910 15828
5911 15827
5912 15826
5913 15825
5914 15824
5915 15988
5916 15987
5917 15986
5918 15985
5919 15984
5920 15983
5921 15982
5922 15981
5923 15980
5924 15979
5925 15978
5926 15977
5927 15976
5928 15975
5929 13617
5930 13616
5931 13615
5932 13614
5933 13613
5934 13612
5935 13611
5936 13610
5937 13609
5938 13608
5939 13607
5940 13606
5941 13605
5942 13604
5943 13603
5944 13602
5945 13601
5946 13600
5947 13599
5948 13489
5949 13488
5950 13487
5951 13486
5952 13485
5953 13484
5954 13483
5955 13482
5956 13481
5957 13480
5958 13479
5959 13478
5960 13477
5961 13476
5962 13433
5963 13432
5964 13431
5965 13430
5966 13429
5967 13428
5968 13427
5969 13238
5970 13237
5971 13236
5972 13235
5973 13234
5974 13233
5975 13232
5976 13231
5977 13230
5978 13229
5979 13228
5980 13227
5981 13226
5982 13225
5983 13034
5984 13033
5985 13032
5986 13031
5987 13030
5988 13029
5989 13028
5990 12854
5991 12853
5992 12852
5993 12851
5994 12850
5995 12849
5996 12848
5997 12847
5998 12846
5999 12845
6000 12844
6001 12843
6002 12842
6003 12841
6004 12840
6005 12839
6006 12838
6007 12837
6008 12836
6009 12835
6010 12834
6011 12833
6012 12832
6013 12831
6014 12830
6015 12829
6016 12828
6017 12827
6018 12826
6019 12825
6020 12824
6021 12823
6022 12822
6023 12763
6024 12762
6025 12761
6026 12760
6027 12759
6028 12758
6029 12757
6030 12756
6031 12755
6032 12754
6033 12753
6034 12752
6035 12751
6036 12750
6037 12570
6038 12569
6039 12568
6040 12567
6041 12566
6042 12565
6043 12564
6044 12479
6045 12478
6046 12477
6047 12476
6048 12475
6049 12474
6050 12473
6051 12472
6052 12471
6053 12470
6054 12469
6055 12468
6056 12467
6057 12466
6058 12289
6059 12288
6060 12287
6061 12286
6062 12285
6063 12284
6064 12283
6065 12209
6066 12208
6067 12207
6068 12206
6069 12205
6070 12204
6071 12203
6072 12202
6073 12201
6074 12200
6075 12199
6076 12336
6077 12335
6078 12334
6079 12333
6080 12332
6081 12331
6082 12330
6083 12329
6084 12328
6085 12327
6086 12326
6087 12325
6088 12324
6089 12323
6090 12322
6091 11057
6092 11056
6093 11055
6094 11054
6095 11053
6096 11052
6097 11051
6098 12120
6099 12119
6100 12118
6101 12117
6102 12116
6103 12115
6104 12114
6105 12113
6106 12112
6107 12111
6108 12110
6109 12109
6110 12108
6111 12107
6112 11204
6113 11203
6114 11202
6115 11201
6116 11200
6117 11199
6118 11198
6119 11993
6120 11992
6121 11991
6122 11990
6123 11989
6124 11988
6125 11987
6126 11986
6127 11985
6128 11984
6129 11983
6130 11982
6131 11981
6132 11980
6133 11979
6134 11978
6135 11977
6136 11976
6137 11975
6138 11974
6139 11973
6140 11972
6141 11971
6142 11970
6143 11969
6144 11968
6145 11967
6146 11966
6147 11965
6148 11964
6149 11963
6150 11962
6151 11913
6152 11912
6153 11911
6154 11910
6155 11909
6156 11908
6157 11907
6158 11906
6159 11905
6160 11904
6161 11903
6162 11902
6163 11901
6164 11900
6165 11389
6166 11388
6167 11387
6168 11386
6169 11385
6170 11384
6171 11383
6172 11808
6173 11807
6174 11806
6175 11805
6176 11804
6177 11803
6178 11802
6179 11801
6180 11800
6181 11799
6182 11798
6183 11797
6184 11796
6185 11795
6186 11682
6187 11681
6188 11680
6189 11679
6190 11678
6191 11677
6192 11676
6193 11675
6194 11674
6195 11673
6196 11672
6197 11671
6198 11670
6199 11669
6200 11668
6201 11667
6202 11666
6203 11665
6204 11664
6205 11663
6206 11662
6207 11661
6208 11660
6209 11659
6210 11658
6211 11657
6212 11656
6213 11655
6214 11654
6215 11611
6216 11610
6217 11609
6218 11608
6219 11607
6220 11606
6221 11605
6222 10718
6223 10717
6224 10716
6225 10715
6226 10714
6227 10713
6228 10712
6229 10711
6230 10710
6231 10709
6232 10708
6233 10707
6234 10706
6235 10705
6236 10704
6237 10703
6238 10702
6239 10701
6240 10700
6241 10699
6242 10698
6243 10697
6244 10696
6245 10695
6246 10694
6247 10693
6248 10692
6249 10691
6250 10690
6251 10689
6252 10688
6253 10687
6254 10686
6255 10685
6256 10684
6257 10683
6258 10682
6259 10681
6260 10680
6261 10679
6262 10678
6263 10677
6264 10676
6265 9697
6266 9696
6267 9695
6268 9694
6269 9693
6270 9692
6271 9691
6272 10277
6273 10276
6274 10275
6275 10274
6276 10273
6277 10272
6278 10271
6279 10270
6280 10269
6281 10268
6282 10267
6283 10266
6284 10265
6285 10264
6286 10149
6287 10148
6288 10147
6289 10146
6290 10145
6291 10144
6292 10143
6293 10142
6294 10141
6295 10140
6296 10139
6297 10138
6298 10137
6299 10136
6300 10135
6301 10134
6302 10133
6303 10132
6304 10131
6305 10130
6306 10129
6307 10128
6308 10127
6309 10126
6310 9952
6311 9951
6312 9950
6313 9949
6314 9948
6315 9947
6316 9946
6317 9054
6318 9053
6319 9052
6320 9051
6321 9050
6322 9049
6323 9048
6324 9047
6325 9046
6326 9045
6327 9044
6328 9043
6329 9042
6330 9041
6331 9040
6332 9039
6333 9038
6334 9037
6335 9036
6336 9035
6337 9034
6338 9033
6339 9032
6340 9031
6341 9030
6342 9029
6343 9028
6344 9027
6345 9026
6346 9025
6347 9024
6348 9023
6349 9022
6350 9021
6351 9020
6352 9364
6353 9363
6354 9362
6355 9361
6356 9360
6357 9359
6358 9358
6359 9357
6360 9356
6361 9355
6362 9354
6363 9353
6364 9352
6365 9351
6366 9350
6367 9349
6368 9348
6369 9347
6370 9346
6371 9345
6372 9344
6373 9343
6374 9342
6375 8916
6376 8915
6377 8914
6378 8913
6379 8912
6380 8911
6381 8910
6382 8909
6383 8908
6386 9403
6387 9402
6388 9401
6389 9400
6390 9399
6391 9398
6392 9397
6393 9396
6394 9395
6395 9394
6396 9393
6397 9392
6398 9391
6399 9390
6400 9389
6401 9388
6402 9387
6403 9386
6404 9385
6405 9384
6406 9383
6407 9382
6408 9381
6409 9380
6410 9379
6411 9378
6412 9377
6413 9376
6414 9375
6415 9374
6416 9373
6417 9372
6418 9371
6419 9370
6420 9369
6421 9368
6422 9367
6423 9366
6424 9365
6425 9019
6426 9018
6427 9017
6428 9016
6429 9015
6430 9014
6431 9013
6432 9128
6433 9127
6434 9126
6435 9125
6436 9124
6437 9123
6438 9122
6439 9121
6440 9120
6441 9119
6442 9118
6443 9117
6444 9116
6445 9115
6446 9168
6447 9167
6448 9166
6449 9165
6450 9164
6451 9163
6452 9162
6453 9161
6454 9160
6455 9159
6456 9158
6457 9157
6458 9156
6459 9966
6460 9965
6461 9964
6462 9963
6463 9962
6464 9961
6465 9960
6466 9959
6467 9958
6468 9957
6469 9956
6470 9955
6471 9954
6472 9953
6473 10125
6474 10124
6475 10123
6476 10122
6477 10121
6478 10120
6479 10119
6480 10171
6481 10170
6482 10169
6483 10168
6484 10167
6485 10166
6486 10165
6487 10164
6488 10163
6489 10162
6490 10161
6491 10160
6492 10159
6493 10158
6494 10157
6495 10156
6496 10155
6497 10154
6498 10153
6499 10152
6500 10151
6501 10150
6502 10263
6503 10262
6504 10261
6505 10260
6506 10259
6507 10258
6508 10257
6509 9711
6510 9710
6511 9709
6512 9708
6513 9707
6514 9706
6515 9705
6516 9704
6517 9703
6518 9702
6519 9701
6520 9700
6521 9699
6522 9698
6523 10675
6524 10674
6525 10673
6526 10672
6527 10671
6528 10670
6529 10669
6530 10479
6531 10478
6532 10477
6533 10476
6534 10475
6535 10474
6536 10473
6537 10472
6538 10471
6539 10470
6540 10469
6541 10468
6542 10467
6543 10466
6544 10465
6545 10464
6546 10463
6547 10462
6548 10461
6549 10460
6550 10459
6551 10458
6552 10457
6553 10456
6554 10455
6555 10454
6556 10453
6557 10452
6558 10451
6559 10450
6560 10449
6561 10448
6562 10447
6563 11625
6564 11624
6565 11623
6566 11622
6567 11621
6568 11620
6569 11619
6570 11618
6571 11617
6572 11616
6573 11615
6574 11614
6575 11613
6576 11612
6577 11653
6578 11652
6579 11651
6580 11650
6581 11649
6582 11648
6583 11647
6584 11706
6585 11705
6586 11704
6587 11703
6588 11702
6589 11701
6590 11700
6591 11699
6592 11698
6593 11697
6594 11696
6595 11695
6596 11694
6597 11693
6598 11692
6599 11691
6600 11690
6601 11689
6602 11688
6603 11687
6604 11686
6605 11685
6606 11684
6607 11683
6608 11794
6609 11793
6610 11792
6611 11791
6612 11790
6613 11789
6614 11788
6615 11403
6616 11402
6617 11401
6618 11400
6619 11399
6620 11398
6621 11397
6622 11396
6623 11395
6624 11394
6625 11393
6626 11392
6627 11391
6628 11390
6629 11899
6630 11898
6631 11897
6632 11896
6633 11895
6634 11894
6635 11893
6636 10875
6637 10874
6638 10873
6639 10872
6640 10871
6641 10870
6642 10869
6643 10868
6644 10867
6645 10866
6646 10865
6647 10864
6648 10863
6649 10862
6650 10861
6651 10860
6652 10859
6653 10858
6654 10857
6655 10856
6656 10915
6657 10914
6658 10913
6659 10912
6660 10911
6661 10910
6662 10909
6663 10908
6664 10907
6665 10906
6666 10905
6667 10904
6668 10903
6669 11218
6670 11217
6671 11216
6672 11215
6673 11214
6674 11213
6675 11212
6676 11211
6677 11210
6678 11209
6679 11208
6680 11207
6681 11206
6682 11205
6683 12106
6684 12105
6685 12104
6686 12103
6687 12102
6688 12101
6689 12100
6690 11071
6691 11070
6692 11069
6693 11068
6694 11067
6695 11066
6696 11065
6697 11064
6698 11063
6699 11062
6700 11061
6701 11060
6702 11059
6703 11058
6704 12321
6705 12320
6706 12319
6707 12318
6708 12317
6709 12316
6710 12315
6711 12314
6712 12313
6713 12312
6714 12311
6715 12310
6716 12309
6717 12308
6718 12307
6719 12306
6720 12305
6721 12304
6722 12303
6723 12302
6724 12301
6725 12300
6726 12299
6727 12298
6728 12297
6729 12296
6730 12295
6731 12294
6732 12293
6733 12292
6734 12291
6735 12290
6736 12465
6737 12464
6738 12463
6739 12462
6740 12461
6741 12460
6742 12459
6743 12584
6744 12583
6745 12582
6746 12581
6747 12580
6748 12579
6749 12578
6750 12577
6751 12576
6752 12575
6753 12574
6754 12573
6755 12572
6756 12571
6757 12749
6758 12748
6759 12747
6760 12746
6761 12745
6762 12744
6763 12743
6764 12891
6765 12890
6766 12889
6767 12888
6768 12887
6769 12886
6770 12885
6771 12884
6772 12883
6773 12882
6774 12881
6775 12880
6776 12879
6777 12878
6778 12877
6779 12876
6780 12875
6781 12874
6782 12873
6783 12872
6784 12677
6785 12676
6786 12675
6787 12674
6788 12673
6789 12672
6790 12671
6791 12670
6792 12669
6793 12668
6794 12667
6795 12666
6796 13048
6797 13047
6798 13046
6799 13045
6800 13044
6801 13043
6802 13042
6803 13041
6804 13040
6805 13039
6806 13038
6807 13037
6808 13036
6809 13035
6810 13224
6811 13223
6812 13222
6813 13221
6814 13220
6815 13219
6816 13218
6817 13447
6818 13446
6819 13445
6820 13444
6821 13443
6822 13442
6823 13441
6824 13440
6825 13439
6826 13438
6827 13437
6828 13436
6829 13435
6830 13434
6831 13475
6832 13474
6833 13473
6834 13472
6835 13471
6836 13470
6837 13469
6838 15943
6839 15942
6840 15941
6841 15940
6842 15939
6843 15938
6844 15937
6845 15936
6846 15935
6847 15934
6848 15933
6849 15932
6850 15931
6851 15930
6852 13626
6853 13625
6854 13624
6855 13623
6856 13622
6857 13621
6858 13620
6859 13619
6860 13618
6861 15974
6862 15973
6863 15972
6864 15971
6865 15970
6866 15969
6867 15968
6868 15844
6869 15843
6870 15842
6871 15841
6872 15840
6873 15839
6874 15838
6875 15837
6876 15836
6877 15835
6878 15834
6879 15833
6880 15832
6881 15831
6882 16079
6883 16078
6884 16077
6885 16076
6886 16075
6887 16074
6888 16073
6889 15697
6890 15696
6891 15695
6892 15694
6893 15693
6894 15692
6895 15691
6896 15690
6897 15689
6898 15688
6899 15687
6900 15686
6901 15685
6902 15684
6903 16216
6904 16215
6905 16214
6906 16213
6907 16212
6908 16211
6909 16210
6910 16328
6911 16327
6912 16326
6913 16325
6914 16324
6915 16323
6916 16322
6917 16321
6918 16320
6919 16319
6920 16318
6921 16317
6922 16316
6923 16315
6924 16314
6925 16313
6926 16312
6927 16311
6928 16310
6929 16309
6930 16308
6931 16357
6932 16356
6933 16355
6934 16354
6935 16353
6936 16352
6937 16351
6938 15511
6939 15510
6940 15509
6941 15508
6942 15507
6943 15506
6944 15505
6945 15504
6946 15503
6947 15502
6948 15501
6949 15500
6950 15499
6951 15498
6952 16462
6953 16461
6954 16460
6955 16459
6956 16458
6957 16457
6958 16456
6959 15364
6960 15363
6961 15362
6962 15361
6963 15360
6964 15359
6965 15358
6966 15357
6967 15356
6968 15355
6969 15354
6970 15353
6971 15352
6972 15351
6973 16567
6974 16566
6975 16565
6976 16564
6977 16563
6978 16562
6979 16561
6980 16679
6981 16678
6982 16677
6983 16676
6984 16675
6985 16674
6986 16673
6987 16672
6988 16671
6989 16670
6990 16669
6991 16668
6992 16667
6993 16666
6994 16665
6995 16664
6996 16663
6997 16662
6998 16661
6999 16660
7000 16659
7001 16708
7002 16707
7003 16706
7004 16705
7005 16704
7006 16703
7007 16702
7008 15146
7009 15145
7010 15144
7011 15143
7012 15142
7013 15141
7014 15140
7015 15139
7016 15138
7017 15137
7018 15136
7019 15135
7020 15134
7021 15133
7022 16813
7023 16812
7024 16811
7025 16810
7026 16809
7027 16808
7028 16807
7029 14999
7030 14998
7031 14997
7032 14996
7033 14995
7034 14994
7035 14993
7036 14992
7037 14991
7038 14990
7039 14989
7040 14988
7041 14987
7042 14986
7043 16918
7044 16917
7045 16916
7046 16915
7047 16914
7048 16913
7049 16912
7050 17008
7051 17007
7052 17006
7053 17005
7054 17004
7055 17003
7056 17002
7057 17001
7058 17000
7059 16999
7060 16998
7061 16997
7062 16996
7063 16995
7064 16994
7065 16993
7066 16992
7067 16991
7068 16990
7069 16989
7070 14646
7071 14645
7072 14644
7073 14643
7074 14642
7075 14641
7076 14640
7077 14639
7078 14638
7079 14637
7080 14636
7081 14635
7082 14634
7083 14633
7084 14632
7085 14631
7086 14630
7087 14629
7088 14628
7089 14627
7090 14626
7091 17064
7092 17063
7093 17062
7094 17061
7095 17060
7096 17059
7097 17058
7098 14492
7099 14491
7100 14490
7101 14489
7102 14488
7103 14487
7104 14486
7105 14485
7106 14484
7107 14483
7108 14482
7109 14481
7110 14480
7111 14479
7112 14478
7113 14477
7114 14476
7115 14475
7116 14474
7117 14473
7118 14472
7119 14261
7120 14260
7121 14259
7122 14258
7123 14257
7124 14256
7125 14255
7126 14254
7127 14253
7128 14252
7129 14251
7130 14250
7131 14249
7132 14248
7133 17533
7134 17532
7135 17531
7136 17530
7137 17529
7138 17528
7139 17527
7140 17526
7141 17525
7142 17524
7143 17523
7144 17522
7145 17521
7146 17520
7147 17519
7148 17518
7149 17657
7150 17656
7151 17655
7152 17654
7153 17653
7154 17652
7155 17651
7156 17650
7157 17649
7158 17648
7159 17647
7160 17228
7161 17227
7162 17226
7163 17225
7164 17224
7165 17223
7166 17222
7167 14038
7168 14037
7169 14036
7170 14035
7171 14034
7172 14033
7173 14032
7174 14031
7175 14030
7176 14029
7177 14028
7178 14027
7179 14026
7180 14025
7181 17333
7182 17332
7183 17331
7184 17330
7185 17329
7186 17328
7187 17327
7188 13891
7189 13890
7190 13889
7191 13888
7192 13887
7193 13886
7194 13885
7195 13884
7196 13883
7197 13882
7198 13881
7199 13880
7200 13879
7201 13878
7202 17438
7203 17437
7204 17436
7205 17435
7206 17434
7207 17433
7208 17432
7209 13744
7210 13743
7211 13742
7212 13741
7213 13740
7214 13739
7215 13738
7216 13737
7217 13736
7218 13735
7219 13734
7220 13733
7221 13732
7222 13731
7223 17662
7224 17661
7225 17660
7226 17659
7227 17658
7230 17677
7231 17676
7232 17675
7233 17674
7234 17673
7235 13758
7236 13757
7237 13756
7238 13755
7239 13754
7240 13753
7241 13752
7242 13751
7243 13750
7244 13749
7245 13748
7246 13747
7247 13746
7248 13745
7249 17431
7250 17430
7251 17429
7252 17428
7253 17427
7254 17426
7255 17425
7256 13905
7257 13904
7258 13903
7259 13902
7260 13901
7261 13900
7262 13899
7263 13898
7264 13897
7265 13896
7266 13895
7267 13894
7268 13893
7269 13892
7270 17326
7271 17325
7272 17324
7273 17323
7274 17322
7275 17321
7276 17320
7277 14052
7278 14051
7279 14050
7280 14049
7281 14048
7282 14047
7283 14046
7284 14045
7285 14044
7286 14043
7287 14042
7288 14041
7289 14040
7290 14039
7291 17221
7292 17220
7293 17219
7294 17218
7295 17217
7296 17216
7297 17215
7298 17214
7299 17213
7300 17212
7301 17211
7302 17210
7303 17209
7304 17208
7305 17207
7306 14112
7307 14111
7308 14110
7309 14109
7310 14108
7311 14107
7312 14106
7313 14105
7314 14104
7315 14103
7316 14102
7317 14101
7318 14100
7319 14275
7320 14274
7321 14273
7322 14272
7323 14271
7324 14270
7325 14269
7326 14268
7327 14267
7328 14266
7329 14265
7330 14264
7331 14263
7332 14262
7333 14471
7334 14470
7335 14469
7336 14468
7337 14467
7338 14466
7339 14465
7340 14506
7341 14505
7342 14504
7343 14503
7344 14502
7345 14501
7346 14500
7347 14499
7348 14498
7349 14497
7350 14496
7351 14495
7352 14494
7353 14493
7354 17057
7355 17056
7356 17055
7357 17054
7358 17053
7359 17052
7360 17051
7361 14769
7362 14768
7363 14767
7364 14766
7365 14765
7366 14764
7367 14763
7368 14762
7369 14761
7370 14760
7371 14759
7372 14758
7373 14757
7374 14756
7375 14755
7376 14754
7377 14753
7378 14752
7379 17025
7380 17024
7381 17023
7382 17022
7383 17021
7384 17020
7385 17019
7386 17018
7387 17017
7388 17016
7389 17015
7390 17014
7391 17013
7392 17012
7393 17011
7394 17010
7395 17009
7396 16911
7397 16910
7398 16909
7399 16908
7400 16907
7401 16906
7402 16905
7403 15013
7404 15012
7405 15011
7406 15010
7407 15009
7408 15008
7409 15007
7410 15006
7411 15005
7412 15004
7413 15003
7414 15002
7415 15001
7416 15000
7417 16806
7418 16805
7419 16804
7420 16803
7421 16802
7422 16801
7423 16800
7424 15160
7425 15159
7426 15158
7427 15157
7428 15156
7429 15155
7430 15154
7431 15153
7432 15152
7433 15151
7434 15150
7435 15149
7436 15148
7437 15147
7438 16701
7439 16700
7440 16699
7441 16698
7442 16697
7443 16696
7444 16695
7445 16694
7446 16693
7447 16692
7448 16691
7449 16690
7450 16689
7451 16688
7452 16687
7453 16686
7454 16685
7455 16684
7456 16683
7457 16682
7458 16681
7459 16680
7460 16560
7461 16559
7462 16558
7463 16557
7464 16556
7465 16555
7466 16554
7467 15378
7468 15377
7469 15376
7470 15375
7471 15374
7472 15373
7473 15372
7474 15371
7475 15370
7476 15369
7477 15368
7478 15367
7479 15366
7480 15365
7481 16455
7482 16454
7483 16453
7484 16452
7485 16451
7486 16450
7487 16449
7488 15525
7489 15524
7490 15523
7491 15522
7492 15521
7493 15520
7494 15519
7495 15518
7496 15517
7497 15516
7498 15515
7499 15514
7500 15513
7501 15512
7502 16350
7503 16349
7504 16348
7505 16347
7506 16346
7507 16345
7508 16344
7509 16343
7510 16342
7511 16341
7512 16340
7513 16339
7514 16338
7515 16337
7516 16336
7517 16335
7518 16334
7519 16333
7520 16332
7521 16331
7522 16330
7523 16329
7524 16209
7525 16208
7526 16207
7527 16206
7528 16205
7529 16204
7530 16203
7531 15711
7532 15710
7533 15709
7534 15708
7535 15707
7536 15706
7537 15705
7538 15704
7539 15703
7540 15702
7541 15701
7542 15700
7543 15699
7544 15698
7545 16072
7546 16071
7547 16070
7548 16069
7549 16068
7550 16067
7551 16066
7552 15858
7553 15857
7554 15856
7555 15855
7556 15854
7557 15853
7558 15852
7559 15851
7560 15850
7561 15849
7562 15848
7563 15847
7564 15846
7565 15845
7566 15967
7567 15966
7568 15965
7569 15964
7570 15963
7571 15962
7572 15961
7573 15960
7574 15959
7575 15958
7576 15957
7577 15956
7578 15955
7579 15954
7580 15953
7581 15952
7582 15951
7583 15950
7584 15949
7585 15948
7586 15947
7587 15946
7588 15945
7589 15944
7590 13468
7591 13467
7592 13466
7593 13465
7594 13464
7595 13463
7596 13462
7597 13461
7598 13460
7599 13459
7600 13458
7601 13457
7602 13456
7603 13455
7604 13454
7605 13453
7606 13452
7607 13451
7608 13450
7609 13449
7610 13448
7611 13217
7612 13216
7613 13215
7614 13214
7615 13213
7616 13212
7617 13211
7618 13062
7619 13061
7620 13060
7621 13059
7622 13058
7623 13057
7624 13056
7625 13055
7626 13054
7627 13053
7628 13052
7629 13051
7630 13050
7631 13049
7632 12665
7633 12664
7634 12663
7635 12662
7636 12661
7637 12660
7638 12659
7639 12658
7640 12657
7641 12908
7642 12907
7643 12906
7644 12905
7645 12904
7646 12903
7647 12902
7648 12901
7649 12900
7650 12899
7651 12898
7652 12897
7653 12896
7654 12895
7655 12894
7656 12893
7657 12892
7658 12742
7659 12741
7660 12740
7661 12739
7662 12738
7663 12737
7664 12736
7665 12598
7666 12597
7667 12596
7668 12595
7669 12594
7670 12593
7671 12592
7672 12591
7673 12590
7674 12589
7675 12588
7676 12587
7677 12586
7678 12585
7679 12458
7680 12457
7681 12456
7682 12455
7683 12454
7684 12453
7685 12452
7686 12388
7687 12387
7688 12386
7689 12385
7690 12384
7691 12383
7692 12382
7693 12381
7694 12380
7695 12379
7696 12378
7697 12377
7698 12376
7699 12375
7700 12374
7701 12198
7702 12197
7703 12196
7704 12195
7705 12194
7706 12193
7707 12192
7708 12191
7709 12190
7710 12189
7711 12188
7712 11085
7713 11084
7714 11083
7715 11082
7716 11081
7717 11080
7718 11079
7719 11078
7720 11077
7721 11076
7722 11075
7723 11074
7724 11073
7725 11072
7726 12099
7727 12098
7728 12097
7729 12096
7730 12095
7731 12094
7732 12093
7733 11232
7734 11231
7735 11230
7736 11229
7737 11228
7738 11227
7739 11226
7740 11225
7741 11224
7742 11223
7743 11222
7744 11221
7745 11220
7746 11219
7747 10902
7748 10901
7749 10900
7750 10899
7751 10898
7752 10897
7753 10896
7754 10895
7755 10894
7756 10893
7757 10892
7758 10891
7759 10890
7760 10889
7761 10888
7762 10887
7763 10886
7764 10885
7765 10884
7766 10883
7767 10882
7768 10881
7769 10880
7770 10879
7771 10878
7772 10877
7773 10876
7774 11892
7775 11891
7776 11890
7777 11889
7778 11888
7779 11887
7780 11886
7781 11417
7782 11416
7783 11415
7784 11414
7785 11413
7786 11412
7787 11411
7788 11410
7789 11409
7790 11408
7791 11407
7792 11406
7793 11405
7794 11404
7795 11787
7796 11786
7797 11785
7798 11784
7799 11783
7800 11782
7801 11781
7802 11726
7803 11725
7804 11724
7805 11723
7806 11722
7807 11721
7808 11720
7809 11719
7810 11718
7811 11717
7812 11716
7813 11715
7814 11714
7815 11713
7816 11712
7817 11711
7818 11710
7819 11709
7820 11708
7821 11707
7822 11646
7823 11645
7824 11644
7825 11643
7826 11642
7827 11641
7828 11640
7829 11639
7830 11638
7831 11637
7832 11636
7833 11635
7834 11634
7835 11633
7836 11632
7837 11631
7838 11630
7839 11629
7840 11628
7841 11627
7842 11626
7843 10446
7844 10445
7845 10444
7846 10443
7847 10442
7848 10441
7849 10440
7850 10501
7851 10500
7852 10499
7853 10498
7854 10497
7855 10496
7856 10495
7857 10494
7858 10493
7859 10492
7860 10491
7861 10490
7862 10489
7863 10488
7864 10487
7865 10486
7866 10485
7867 10484
7868 10483
7869 10482
7870 10481
7871 10480
7872 10668
7873 10667
7874 10666
7875 10665
7876 10664
7877 10663
7878 10662
7879 9725
7880 9724
7881 9723
7882 9722
7883 9721
7884 9720
7885 9719
7886 9718
7887 9717
7888 9716
7889 9715
7890 9714
7891 9713
7892 9712
7893 10256
7894 10255
7895 10254
7896 10253
7897 10252
7898 10251
7899 10250
7900 10191
7901 10190
7902 10189
7903 10188
7904 10187
7905 10186
7906 10185
7907 10184
7908 10183
7909 10182
7910 10181
7911 10180
7912 10179
7913 10178
7914 10177
7915 10176
7916 10175
7917 10174
7918 10173
7919 10172
7920 10118
7921 10117
7922 10116
7923 10115
7924 10114
7925 10113
7926 10112
7927 9980
7928 9979
7929 9978
7930 9977
7931 9976
7932 9975
7933 9974
7934 9973
7935 9972
7936 9971
7937 9970
7938 9969
7939 9968
7940 9967
7941 9155
7942 9154
7943 9153
7944 9152
7945 9151
7946 9150
7947 9149
7948 9148
7949 9147
7950 9146
7951 9145
7952 9144
7953 9143
7954 9142
7955 9141
7956 9140
7957 9139
7958 9138
7959 9137
7960 9136
7961 9135
7962 9134
7963 9133
7964 9132
7965 9131
7966 9130
7967 9129
7968 9012
7969 9011
7970 9010
7971 9009
7972 9008
7973 9007
7974 9006
7975 9543
7976 9542
7977 9541
7978 9540
7979 9539
7980 9538
7981 9537
7982 9536
7983 9535
7984 9534
7985 9533
7986 9532
7987 9531
7988 9530
7989 9529
7990 9528
7991 9527
7992 9526
7993 9525
7994 9524
7995 9523
7996 9522
7997 9521
7998 9520
7999 9519
8000 9419
8001 9418
8002 9417
8003 9416
8004 9415
8005 9414
8006 9413
8007 9412
8008 9411
8009 9410
8010 9409
8011 9408
8012 9407
8013 9406
8014 9405
8015 9404
8018 9435
8019 9434
8020 9433
8021 9432
8022 9431
8023 9430
8024 9429
8025 9428
8026 9427
8027 9426
8028 9425
8029 9424
8030 9423
8031 9422
8032 9421
8033 9420
8034 9518
8035 9517
8036 9516
8037 9515
8038 9514
8039 9513
8040 9512
8041 9511
8042 9510
8043 9509
8044 9563
8045 9562
8046 9561
8047 9560
8048 9559
8049 9558
8050 9557
8051 9556
8052 9555
8053 9554
8054 9553
8055 9552
8056 9551
8057 9550
8058 9549
8059 9548
8060 9547
8061 9546
8062 9545
8063 9544
8064 9005
8065 9004
8066 9003
8067 9002
8068 9001
8069 9000
8070 8999
8071 9184
8072 9183
8073 9182
8074 9181
8075 9180
8076 9179
8077 9178
8078 9177
8079 9176
8080 9175
8081 9174
8082 9173
8083 9172
8084 9171
8085 9170
8086 9169
8087 9670
8088 9669
8089 9668
8090 9667
8091 9666
8092 9665
8093 9664
8094 9663
8095 9662
8096 9661
8097 9660
8098 9659
8099 9658
8100 9657
8101 9656
8102 9994
8103 9993
8104 9992
8105 9991
8106 9990
8107 9989
8108 9988
8109 9987
8110 9986
8111 9985
8112 9984
8113 9983
8114 9982
8115 9981
8116 10111
8117 10110
8118 10109
8119 10108
8120 10107
8121 10106
8122 10105
8123 10214
8124 10213
8125 10212
8126 10211
8127 10210
8128 10209
8129 10208
8130 10207
8131 10206
8132 10205
8133 10204
8134 10203
8135 10202
8136 10201
8137 10200
8138 10199
8139 10198
8140 10197
8141 10196
8142 10195
8143 10194
8144 10193
8145 10192
8146 10249
8147 10248
8148 10247
8149 10246
8150 10245
8151 10244
8152 10243
8153 9739
8154 9738
8155 9737
8156 9736
8157 9735
8158 9734
8159 9733
8160 9732
8161 9731
8162 9730
8163 9729
8164 9728
8165 9727
8166 9726
8167 10661
8168 10660
8169 10659
8170 10658
8171 10657
8172 10656
8173 10655
8174 10525
8175 10524
8176 10523
8177 10522
8178 10521
8179 10520
8180 10519
8181 10518
8182 10517
8183 10516
8184 10515
8185 10514
8186 10513
8187 10512
8188 10511
8189 10510
8190 10509
8191 10508
8192 10507
8193 10506
8194 10505
8195 10504
8196 10503
8197 10502
8198 10559
8199 10558
8200 10557
8201 10556
8202 10555
8203 10554
8204 10553
8205 10809
8206 10808
8207 10807
8208 10806
8209 10805
8210 10804
8211 10803
8212 10802
8213 10801
8214 10800
8215 10799
8216 10798
8217 10797
8218 10796
8219 10795
8220 10794
8221 10793
8222 10792
8223 10791
8224 10790
8225 10789
8226 11748
8227 11747
8228 11746
8229 11745
8230 11744
8231 11743
8232 11742
8233 11741
8234 11740
8235 11739
8236 11738
8237 11737
8238 11736
8239 11735
8240 11734
8241 11733
8242 11732
8243 11731
8244 11730
8245 11729
8246 11728
8247 11727
8248 11780
8249 11779
8250 11778
8251 11777
8252 11776
8253 11775
8254 11774
8255 11431
8256 11430
8257 11429
8258 11428
8259 11427
8260 11426
8261 11425
8262 11424
8263 11423
8264 11422
8265 11421
8266 11420
8267 11419
8268 11418
8269 11885
8270 11884
8271 11883
8272 11882
8273 11881
8274 11880
8275 11879
8276 10933
8277 10932
8278 10931
8279 10930
8280 10929
8281 10928
8282 10927
8283 10926
8284 10925
8285 10924
8286 10923
8287 10922
8288 10921
8289 10920
8290 10919
8291 10918
8292 10917
8293 10916
8294 10965
8295 10964
8296 10963
8297 10962
8298 10961
8299 10960
8300 10959
8301 10958
8302 10957
8303 10956
8304 11246
8305 11245
8306 11244
8307 11243
8308 11242
8309 11241
8310 11240
8311 11239
8312 11238
8313 11237
8314 11236
8315 11235
8316 11234
8317 11233
8318 12092
8319 12091
8320 12090
8321 12089
8322 12088
8323 12087
8324 12086
8325 11099
8326 11098
8327 11097
8328 11096
8329 11095
8330 11094
8331 11093
8332 11092
8333 11091
8334 11090
8335 11089
8336 11088
8337 11087
8338 11086
8339 12187
8340 12186
8341 12185
8342 12184
8343 12183
8344 12182
8345 12181
8346 12180
8347 12179
8348 12178
8349 12401
8350 12400
8351 12399
8352 12398
8353 12397
8354 12396
8355 12395
8356 12394
8357 12393
8358 12392
8359 12391
8360 12390
8361 12389
8362 12451
8363 12450
8364 12449
8365 12448
8366 12447
8367 12446
8368 12445
8369 12612
8370 12611
8371 12610
8372 12609
8373 12608
8374 12607
8375 12606
8376 12605
8377 12604
8378 12603
8379 12602
8380 12601
8381 12600
8382 12599
8383 12735
8384 12734
8385 12733
8386 12732
8387 12731
8388 12730
8389 12729
8390 13099
8391 13098
8392 13097
8393 13096
8394 13095
8395 13094
8396 13093
8397 13092
8398 13091
8399 13090
8400 13089
8401 13088
8402 13087
8403 13086
8404 13085
8405 13084
8406 13083
8407 13082
8408 13081
8409 13080
8410 13079
8411 13078
8412 13077
8413 13076
8414 13075
8415 13074
8416 13073
8417 13072
8418 13071
8419 13070
8420 13069
8421 13068
8422 13067
8423 13066
8424 13065
8425 13064
8426 13063
8427 13210
8428 13209
8429 13208
8430 13207
8431 13206
8432 13205
8433 13204
8434 13329
8435 13328
8436 13327
8437 13326
8438 13325
8439 13324
8440 13323
8441 13322
8442 13321
8443 13320
8444 13319
8445 13318
8446 13317
8447 13316
8448 13315
8449 13314
8450 13313
8451 13312
8452 13311
8453 13310
8454 13309
8455 15903
8456 15902
8457 15901
8458 15900
8459 15899
8460 15898
8461 15897
8462 15896
8463 15895
8464 15894
8465 15929
8466 15928
8467 15927
8468 15926
8469 15925
8470 15924
8471 15923
8472 15922
8473 15921
8474 15920
8475 15919
8476 15872
8477 15871
8478 15870
8479 15869
8480 15868
8481 15867
8482 15866
8483 15865
8484 15864
8485 15863
8486 15862
8487 15861
8488 15860
8489 15859
8490 16065
8491 16064
8492 16063
8493 16062
8494 16061
8495 16060
8496 16059
8497 15725
8498 15724
8499 15723
8500 15722
8501 15721
8502 15720
8503 15719
8504 15718
8505 15717
8506 15716
8507 15715
8508 15714
8509 15713
8510 15712
8511 16202
8512 16201
8513 16200
8514 16199
8515 16198
8516 16197
8517 16196
8518 16195
8519 16194
8520 16193
8521 16192
8522 16191
8523 16190
8524 16189
8525 16188
8526 16187
8527 16186
8528 16185
8529 16184
8530 16183
8531 16182
8532 16181
8533 16180
8534 16179
8535 16178
8536 16177
8537 15539
8538 15538
8539 15537
8540 15536
8541 15535
8542 15534
8543 15533
8544 15532
8545 15531
8546 15530
8547 15529
8548 15528
8549 15527
8550 15526
8551 16448
8552 16447
8553 16446
8554 16445
8555 16444
8556 16443
8557 16442
8558 15392
8559 15391
8560 15390
8561 15389
8562 15388
8563 15387
8564 15386
8565 15385
8566 15384
8567 15383
8568 15382
8569 15381
8570 15380
8571 15379
8572 16553
8573 16552
8574 16551
8575 16550
8576 16549
8577 16548
8578 16547
8579 15193
8580 15192
8581 15191
8582 15190
8583 15189
8584 15188
8585 15187
8586 15186
8587 15185
8588 15184
8589 15183
8590 15182
8591 15181
8592 15180
8593 15179
8594 15178
8595 15177
8596 15176
8597 15175
8598 15174
8599 15173
8600 15172
8601 15171
8602 15170
8603 15169
8604 15168
8605 15167
8606 15166
8607 15165
8608 15164
8609 15163
8610 15162
8611 15161
8612 16799
8613 16798
8614 16797
8615 16796
8616 16795
8617 16794
8618 16793
8619 15027
8620 15026
8621 15025
8622 15024
8623 15023
8624 15022
8625 15021
8626 15020
8627 15019
8628 15018
8629 15017
8630 15016
8631 15015
8632 15014
8633 16904
8634 16903
8635 16902
8636 16901
8637 16900
8638 16899
8639 16898
8640 14797
8641 14796
8642 14795
8643 14794
8644 14793
8645 14792
8646 14791
8647 14790
8648 14789
8649 14788
8650 14787
8651 14786
8652 14785
8653 14784
8654 14783
8655 14782
8656 14781
8657 14780
8658 14779
8659 14778
8660 14777
8661 14776
8662 14775
8663 14774
8664 14773
8665 14772
8666 14771
8667 14770
8668 17050
8669 17049
8670 17048
8671 17047
8672 17046
8673 17045
8674 17044
8675 14520
8676 14519
8677 14518
8678 14517
8679 14516
8680 14515
8681 14514
8682 14513
8683 14512
8684 14511
8685 14510
8686 14509
8687 14508
8688 14507
8689 14464
8690 14463
8691 14462
8692 14461
8693 14460
8694 14459
8695 14458
8696 14289
8697 14288
8698 14287
8699 14286
8700 14285
8701 14284
8702 14283
8703 14282
8704 14281
8705 14280
8706 14279
8707 14278
8708 14277
8709 14276
8710 14099
8711 14098
8712 14097
8713 14096
8714 14095
8715 14094
8716 14093
8717 14092
8718 14091
8719 14090
8720 17188
8721 17187
8722 17186
8723 17185
8724 17184
8725 17183
8726 17182
8727 17181
8728 17180
8729 17179
8730 17178
8731 14066
8732 14065
8733 14064
8734 14063
8735 14062
8736 14061
8737 14060
8738 14059
8739 14058
8740 14057
8741 14056
8742 14055
8743 14054
8744 14053
8745 17319
8746 17318
8747 17317
8748 17316
8749 17315
8750 17314
8751 17313
8752 13919
8753 13918
8754 13917
8755 13916
8756 13915
8757 13914
8758 13913
8759 13912
8760 13911
8761 13910
8762 13909
8763 13908
8764 13907
8765 13906
8766 17424
8767 17423
8768 17422
8769 17421
8770 17420
8771 17419
8772 17418
8773 13772
8774 13771
8775 13770
8776 13769
8777 13768
8778 13767
8779 13766
8780 13765
8781 13764
8782 13763
8783 13762
8784 13761
8785 13760
8786 13759
8787 17672
8788 17671
8789 17670
8790 17669
8791 17668
8794 17687
8795 17686
8796 17685
8797 17684
8798 17683
8799 13779
8800 13778
8801 13777
8802 13776
8803 13775
8804 13774
8805 13773
8806 17417
8807 17416
8808 17415
8809 17414
8810 17413
8811 17412
8812 17411
8813 17410
8814 17409
8815 17408
8816 17407
8817 17406
8818 17405
8819 17404
8820 13926
8821 13925
8822 13924
8823 13923
8824 13922
8825 13921
8826 13920
8827 17312
8828 17311
8829 17310
8830 17309
8831 17308
8832 17307
8833 17306
8834 17305
8835 17304
8836 17303
8837 17302
8838 17301
8839 17300
8840 17299
8841 14073
8842 14072
8843 14071
8844 14070
8845 14069
8846 14068
8847 14067
8848 17177
8849 17176
8850 17175
8851 17174
8852 17173
8853 17172
8854 17171
8855 17170
