8812 11354
8811 11355
8810 11356
8809 11357
8808 11358
8807 11359
8806 11360
8805 11361
8804 11362
8803 11363
8802 11364
8801 11365
8800 11366
8799 11367
8798 11368
8797 11369
8795 8796
8794 11657
8793 11658
8792 11659
8791 11660
8790 11661
8789 11662
8788 11663
8787 11664
8786 11665
8785 11666
8784 11667
8783 11668
8782 11669
8781 11670
8780 11671
8779 11672
8777 8778
8776 11572
8775 11573
8774 11574
8773 11575
8772 11576
8771 11577
8770 11578
8769 11579
8768 11580
8767 11581
8766 11582
8765 11495
8764 11496
8763 11497
8762 11498
8761 11499
8759 8760
8758 11502
8757 11503
8756 11504
8755 11505
8754 11506
8753 11507
8752 11508
8751 11509
8750 11510
8749 12505
8748 12506
8747 12507
8746 12508
8745 12509
8743 8744
8742 12512
8741 12513
8740 12514
8739 12515
8738 12516
8737 12517
8736 12518
8735 12519
8734 12520
8733 12521
8732 12522
8731 12523
8730 12524
8729 12525
8728 12526
8727 12527
8726 12528
8725 12529
8724 12530
8723 12531
8722 12292
8721 12293
8719 8720
8718 12296
8717 12297
8716 12298
8715 12299
8714 12300
8713 12301
8712 12302
8711 12303
8710 12304
8709 12305
8707 8708
8706 12308
8705 12309
8704 12310
8703 12311
8702 12312
8701 12313
8700 12314
8699 12315
8698 11798
8697 11799
8695 8696
8694 11802
8693 11803
8692 11804
8691 11805
8690 11806
8689 11807
8688 11808
8687 11809
8686 11810
8685 12736
8683 8684
8682 12739
8681 12740
8680 12741
8679 12742
8678 12743
8677 12744
8676 12745
8675 12746
8674 12747
8673 12748
8671 8672
8670 12751
8669 12752
8668 12753
8667 11391
8666 11392
8665 11393
8664 11394
8663 11395
8662 11396
8661 11397
8660 11398
8658 8659
8657 12784
8656 12785
8655 12786
8654 12787
8653 12788
8652 12789
8651 12790
8650 12791
8649 12792
8648 12793
8647 12794
8646 12795
8645 12796
8644 12797
8643 12798
8642 13314
8641 13315
8639 8640
8638 13318
8637 13319
8636 13320
8635 13321
8634 13322
8633 13323
8632 13324
8631 13325
8630 13326
8629 13327
8628 12997
8627 12998
8625 8626
8624 13001
8623 13002
8622 13003
8621 13004
8620 13413
8619 13414
8618 13415
8617 13416
8616 13417
8615 13418
8614 13419
8613 13420
8612 13421
8610 8611
8609 13424
8608 13143
8607 13144
8606 13145
8605 13146
8604 13147
8603 13148
8602 13149
8601 13150
8600 13151
8599 13094
8598 13095
8597 13096
8595 8596
8594 13099
8593 13100
8592 13101
8591 13102
8590 13103
8589 13104
8588 13105
8587 13106
8586 13107
8585 13108
8584 13109
8583 13110
8582 13111
8580 8581
8579 13698
8578 13699
8577 13700
8576 13701
8575 13702
8574 13703
8573 13704
8572 13705
8571 13706
8570 13707
8569 13708
8568 13709
8567 13710
8566 13711
8565 13712
8564 13713
8563 13714
8561 8562
8560 13731
8559 13732
8558 13733
8557 13734
8556 13735
8555 13736
8554 13737
8553 13738
8552 13739
8551 13740
8550 13741
8549 13793
8548 13794
8547 13795
8546 13796
8545 13797
8543 8544
8542 13800
8541 11412
8540 11413
8539 11414
8538 11415
8537 11416
8536 11417
8535 11418
8534 11419
8533 11420
8532 11432
8531 11433
8530 11434
8529 11435
8528 11436
8527 11437
8526 11438
8525 11439
8523 8524
8522 11442
8521 13844
8520 13845
8519 13846
8518 13847
8517 13848
8516 13849
8515 13850
8514 13851
8513 13852
8512 13853
8511 13854
8510 13855
8509 13856
8508 13857
8507 13858
8506 14080
8505 14081
8504 14082
8503 14083
8502 14084
8501 14085
8500 14086
8499 14087
8498 14088
8497 14089
8496 14216
8495 14217
8494 14218
8493 14219
8492 14220
8491 14221
8490 14222
8489 14223
8488 14224
8487 14225
8486 14226
8485 14227
8484 14228
8482 8483
8481 14231
8480 14232
8479 14233
8478 14234
8477 14235
8476 14236
8475 14237
8474 14238
8473 14239
8472 14240
8471 14241
8470 14242
8469 14243
8468 14244
8467 14245
8466 14246
8465 14247
8464 14248
8463 14438
8462 14439
8461 14440
8460 14441
8459 14442
8457 8458
8456 14445
8455 14446
8454 14447
8453 14448
8452 14449
8451 14450
8450 14451
8449 14452
8448 14453
8447 14454
8446 14530
8445 14531
8444 14532
8443 14533
8442 14534
8441 14535
8440 14536
8439 14537
8438 14538
8437 14539
8436 14540
8435 14541
8434 14542
8433 14543
8432 14614
8431 14615
8430 14616
8429 14617
8428 14618
8427 14619
8426 14620
8425 14621
8424 14622
8423 14623
8422 14624
8421 14625
8420 14626
8419 14627
8418 14628
8417 14629
8416 14630
8415 14880
8414 14881
8413 14882
8412 14883
8410 8411
8409 14886
8408 14887
8407 14888
8406 14889
8405 14890
8404 14891
8403 14892
8402 14893
8401 14894
8400 14895
8399 14896
8398 14897
8397 14898
8396 14899
8395 14996
8394 14997
8393 14998
8392 14999
8391 15000
8390 15001
8389 15002
8388 15003
8387 15004
8386 15005
8385 15006
8384 15007
8383 15008
8382 15009
8381 15010
8380 15011
8379 15012
8378 15013
8377 15014
8376 15015
8375 15016
8374 15017
8373 15018
8372 15019
8371 15020
8370 15021
8369 15022
8368 15023
8367 15024
8366 15025
8365 15026
8364 15057
8363 15058
8362 15059
8361 15060
8360 15061
8359 15062
8358 15063
8357 15064
8356 15065
8355 15066
8354 15067
8353 15068
8352 15069
8351 15070
8350 15205
8349 15206
8348 15207
8347 15208
8346 15209
8345 15210
8344 15211
8343 15212
8342 15213
8341 15214
8340 15215
8339 15216
8338 15217
8337 15218
8336 15219
8335 15220
8333 8334
8332 15223
8331 15224
8330 15225
8329 15226
8328 15227
8327 15228
8326 15408
8325 15409
8324 15410
8323 15411
8322 15412
8321 15413
8320 15414
8319 15415
8318 15416
8317 15417
8316 15418
8315 15419
8314 15420
8313 15421
8312 15422
8311 15423
8310 15424
8309 15458
8308 15459
8307 15460
8306 15461
8305 15462
8304 15463
8303 15464
8302 15465
8301 15466
8300 15467
8299 15468
8298 15469
8297 15470
8296 15694
8295 15695
8294 15696
8293 15697
8292 15698
8291 15699
8290 15700
8289 15701
8288 15522
8287 15523
8286 15524
8284 8285
8283 15527
8282 15528
8281 15529
8280 15530
8279 15531
8278 15532
8277 15533
8276 15534
8275 15535
8274 15886
8273 15887
8272 15888
8271 15889
8270 15890
8269 15891
8268 15892
8267 15893
8266 15894
8265 15895
8264 15896
8263 15897
8262 15898
8261 15899
8260 15900
8259 15901
8258 11454
8257 11455
8256 11456
8255 11457
8254 11458
8253 11459
8252 11460
8251 11461
8249 8250
8248 15923
8247 15924
8246 15925
8245 15926
8244 15927
8243 15928
8242 15992
8241 15993
8240 15994
8239 15995
8238 15996
8237 15997
8236 15998
8235 15999
8234 16000
8233 16001
8232 16002
8230 8231
8229 16005
8228 16006
8227 16007
8226 16008
8225 16009
8224 16094
8223 16095
8222 16096
8221 16097
8220 16098
8219 16099
8218 16100
8217 16101
8216 16102
8215 16103
8214 16104
8213 16105
8212 16106
8210 8211
8209 16109
8208 16110
8207 16111
8206 16112
8205 16113
8204 16114
8203 16115
8202 16116
8201 16117
8200 16118
8198 8199
8197 16121
8196 16122
8195 16123
8194 16157
8193 16158
8192 16159
8191 16160
8190 16161
8189 16162
8187 8188
8186 16165
8185 16166
8184 16167
8183 16168
8182 16169
8181 16170
8180 16405
8179 16406
8177 8178
8176 16409
8175 16410
8174 16411
8173 16412
8172 16464
8171 16465
8170 16466
8169 16467
8168 16468
8167 16469
8166 16470
8164 8165
8163 16473
8162 16474
8161 16475
8160 16476
8159 16477
8158 16478
8157 16479
8155 8156
8154 16482
8153 16513
8152 16514
8151 16515
8150 16516
8149 16517
8148 16518
8146 8147
8145 16521
8144 16522
8143 16523
8142 16524
8141 16525
8140 17008
8138 8139
8137 17011
8136 17012
8135 17013
8134 17014
8133 17015
8132 17016
8130 8131
8129 17019
8128 17020
8127 17021
8126 17022
8125 17023
8124 16941
8123 16942
8122 16943
8121 16944
8119 8120
8118 16947
8117 16948
8116 16949
8115 16950
8114 16951
8112 8113
8111 16954
8110 16955
8109 16663
8108 16664
8107 16665
8106 16666
8104 8105
8103 16669
8102 16670
8101 16671
8100 16672
8099 16673
8097 8098
8096 17148
8095 17149
8094 17150
8093 17151
8092 17152
8090 8091
8089 17237
8088 17238
8087 17239
8086 17240
8085 17241
8084 17242
8083 17243
8082 17244
8081 17245
8079 8080
8078 17248
8077 17249
8076 17250
8075 17329
8073 8074
8072 17332
8071 17333
8070 17334
8068 8069
8067 17337
8066 17338
8065 17339
8064 17340
8062 8063
8061 17343
8060 17344
8059 17345
8057 8058
8056 17391
8055 17392
8054 17393
8053 17394
8051 8052
8050 17397
8049 17398
8048 17399
8046 8047
8045 11188
8044 11189
8043 11190
8042 11191
8041 11192
8040 11193
8038 8039
8037 11196
8036 11197
8035 11198
8034 17533
8032 8033
8031 17536
8030 17537
8029 17538
8028 17539
8027 17584
8025 8026
8024 17587
8023 17588
8022 17589
8021 17590
8019 8020
8018 17593
8017 17594
8016 17595
8015 17596
8014 17597
8012 8013
8011 17600
8010 17601
8009 17602
8008 17603
8005 9624
8004 9625
8003 9626
8002 9627
8001 9628
8000 9629
7999 9630
7998 9631
7997 9632
7996 9633
7995 9634
7994 9635
7993 17522
7992 17523
7991 17524
7990 17525
7989 17526
7988 17527
7987 17528
7986 17529
7985 17530
7984 17531
7983 17532
7982 11199
7981 11200
7980 11201
7979 11202
7978 11203
7977 11204
7976 11205
7975 11206
7974 11207
7973 11208
7972 11209
7971 11210
7970 11211
7969 11212
7968 11213
7967 17310
7966 17311
7965 17312
7964 17313
7963 17314
7962 17315
7961 17316
7960 17317
7959 17318
7958 17319
7957 17320
7956 17321
7955 17322
7954 17323
7953 17324
7952 17325
7951 17326
7950 17327
7949 17328
7948 17251
7947 17252
7946 17253
7945 17254
7944 17255
7943 17256
7942 17257
7941 16856
7940 16857
7939 16858
7938 16859
7937 16860
7936 16861
7935 16862
7934 16863
7933 16864
7932 16865
7931 16866
7930 16916
7929 16917
7928 16918
7927 16919
7926 16920
7925 16921
7924 16922
7923 16923
7922 16924
7921 16925
7920 16926
7919 16927
7918 16928
7917 16929
7916 16930
7915 16931
7914 16932
7913 16933
7912 16934
7911 16935
7910 16936
7909 16937
7908 16938
7907 16939
7906 16940
7905 17024
7904 17025
7903 17026
7902 17027
7901 17028
7900 17029
7899 17030
7898 17031
7897 17032
7896 17033
7895 17034
7894 17035
7893 17036
7892 17037
7891 17038
7890 16581
7889 16582
7888 16583
7887 16584
7886 16585
7885 16586
7884 16587
7883 16588
7882 16589
7881 16590
7880 16591
7879 16592
7878 16593
7877 16352
7876 16353
7875 16354
7874 16355
7873 16356
7872 16357
7871 16358
7870 16359
7869 16360
7868 16361
7867 16362
7866 16363
7865 16364
7864 16365
7863 16366
7862 16367
7861 16368
7860 16369
7859 16370
7858 16371
7857 16205
7856 16206
7855 16207
7854 16208
7853 16209
7852 16210
7851 16211
7850 16212
7849 16213
7848 16214
7847 16215
7846 16216
7845 16217
7844 16218
7843 16219
7842 16220
7841 16221
7840 16222
7839 10782
7838 10783
7837 10784
7836 10785
7835 10786
7834 10787
7833 10788
7832 10789
7831 10552
7830 10553
7829 10554
7828 10555
7827 10556
7826 10557
7825 10558
7824 10559
7823 10560
7822 10561
7821 10562
7820 10563
7819 10564
7818 10565
7817 10566
7816 10567
7815 10568
7814 10569
7813 10570
7812 10571
7811 10572
7810 10573
7809 10574
7808 10575
7807 10576
7806 10577
7805 10578
7804 10621
7803 10622
7802 10623
7801 10624
7800 10625
7799 10626
7798 10627
7797 10628
7796 10629
7795 15860
7794 15861
7793 15862
7792 15863
7791 15864
7790 15865
7789 15866
7788 15867
7787 15868
7786 15869
7785 15870
7784 15871
7783 15872
7782 15873
7781 15874
7780 15875
7779 15876
7778 15877
7777 15878
7776 15879
7775 15880
7774 15881
7773 15882
7772 15883
7771 15884
7770 15885
7769 15536
7768 15537
7767 15538
7766 15539
7765 15540
7764 15541
7763 15542
7762 15543
7761 15544
7760 15545
7759 15546
7758 15547
7757 9687
7756 9688
7755 9689
7754 9690
7753 9691
7752 9692
7751 9693
7750 9694
7749 9695
7748 9696
7747 9697
7746 9698
7745 9699
7744 9700
7743 9701
7742 9702
7741 15289
7740 15290
7739 15291
7738 15292
7737 15293
7736 15294
7735 15295
7734 15296
7733 15297
7732 15298
7731 15299
7730 15300
7729 15399
7728 15400
7727 15401
7726 15402
7725 15403
7724 15404
7723 15405
7722 15406
7721 15407
7720 15229
7719 15230
7718 15231
7717 15232
7716 15233
7715 15234
7714 15235
7713 15236
7712 10396
7711 10397
7710 10398
7709 10399
7708 10400
7707 10401
7706 10402
7705 10403
7704 10404
7703 10405
7702 10406
7701 10407
7700 10408
7699 10409
7698 10410
7697 10411
7696 10412
7695 10413
7694 10414
7693 10415
7692 10416
7691 9575
7690 9576
7689 9577
7688 9578
7687 9579
7686 9580
7685 9581
7684 9582
7683 9583
7682 9584
7681 9585
7680 9586
7679 9587
7678 9537
7677 9538
7676 9539
7675 9540
7674 9541
7673 9542
7672 9543
7671 9544
7670 9545
7669 9546
7668 9547
7667 9548
7666 9549
7665 9550
7664 9551
7663 9552
7662 9553
7661 9554
7660 9555
7659 9479
7658 9480
7657 9481
7656 9482
7655 9483
7654 9484
7653 9485
7652 9486
7651 9487
7650 14686
7649 14687
7648 14688
7647 14689
7646 14690
7645 14691
7644 14692
7643 14693
7642 14694
7641 10215
7640 10216
7639 10217
7638 10218
7637 10219
7636 10220
7635 10221
7634 10222
7633 10223
7632 10224
7631 10225
7630 10226
7629 10227
7628 10228
7627 10229
7626 10230
7625 10231
7624 10232
7623 10233
7622 10234
7621 10235
7620 10236
7619 10237
7618 10238
7617 10239
7616 10240
7615 10241
7614 10242
7613 10243
7612 10244
7611 10245
7610 10246
7609 10247
7608 10248
7607 10249
7606 10250
7605 10251
7604 14425
7603 14426
7602 14427
7601 14428
7600 14429
7599 14430
7598 14431
7597 14432
7596 14433
7595 14434
7594 14435
7593 14436
7592 14437
7591 14249
7590 14250
7589 14251
7588 14252
7587 14253
7586 14254
7585 14255
7584 14256
7583 14257
7582 14258
7581 14259
7580 14050
7579 14051
7578 14052
7577 14053
7576 14054
7575 14055
7574 14056
7573 14057
7572 14058
7571 14059
7570 14060
7569 14061
7568 14062
7567 14063
7566 14064
7565 14065
7564 14066
7563 14067
7562 14068
7561 14069
7560 14070
7559 14071
7558 14072
7557 14073
7556 14074
7555 14075
7554 14076
7553 14077
7552 14078
7551 14079
7550 13859
7549 13860
7548 13861
7547 13862
7546 13863
7545 13864
7544 13865
7543 13866
7542 13867
7541 13868
7540 13869
7539 13870
7538 13871
7537 13872
7536 13873
7535 13874
7534 13595
7533 13596
7532 13597
7531 13598
7530 13599
7529 13600
7528 13601
7527 13602
7526 13603
7525 13604
7524 13605
7523 13606
7522 13607
7521 13608
7520 13528
7519 13529
7518 13530
7517 13531
7516 13532
7515 13533
7514 13534
7513 13535
7512 13648
7511 13649
7510 13650
7509 13651
7508 13652
7507 13653
7506 13654
7505 13655
7504 13656
7503 13657
7502 13658
7501 13659
7500 13660
7499 13661
7498 13662
7497 13663
7496 13664
7495 13665
7494 13666
7493 13667
7492 13668
7491 13669
7490 13670
7489 10062
7488 10063
7487 10064
7486 10065
7485 10066
7484 10067
7483 10068
7482 10069
7481 10070
7480 10071
7479 10072
7478 10073
7477 10074
7476 10075
7475 10076
7474 10077
7473 13084
7472 13085
7471 13086
7470 13087
7469 13088
7468 13089
7467 13090
7466 13091
7465 13092
7464 13093
7463 13152
7462 13153
7461 13154
7460 13155
7459 13156
7458 13157
7457 13158
7456 13159
7455 13160
7454 13161
7453 13162
7452 13163
7451 13405
7450 13406
7449 13407
7448 13408
7447 13409
7446 13410
7445 13411
7444 13412
7443 13005
7442 13006
7441 13007
7440 13008
7439 13009
7438 13010
7437 13011
7436 13012
7435 13302
7434 13303
7433 13304
7432 13305
7431 13306
7430 13307
7429 13308
7428 13309
7427 13310
7426 13311
7425 13312
7424 13313
7423 12799
7422 12800
7421 12801
7420 12802
7419 12803
7418 12804
7417 12805
7416 12806
7415 12807
7414 12808
7413 12809
7412 12810
7411 12811
7410 12812
7409 12813
7408 12814
7407 12815
7406 12816
7405 11912
7404 11913
7403 11914
7402 11915
7401 11916
7400 11917
7399 11918
7398 11919
7397 11920
7396 11921
7395 11922
7394 11923
7393 11924
7392 11925
7391 11926
7390 11927
7389 12039
7388 12040
7387 12041
7386 12042
7385 12043
7384 12044
7383 12045
7382 12046
7381 12047
7380 12048
7379 12049
7378 12050
7377 12051
7376 12052
7375 12053
7374 12054
7373 12055
7372 12056
7371 12057
7370 12058
7369 12059
7368 12273
7367 12274
7366 12275
7365 12276
7364 12277
7363 12278
7362 12279
7361 12280
7360 12281
7359 12282
7358 12283
7357 12284
7356 12285
7355 12286
7354 12287
7353 12288
7352 12289
7351 12290
7350 12291
7349 12532
7348 12533
7347 12534
7346 12535
7345 12536
7344 12537
7343 12538
7342 12539
7341 12540
7340 12541
7339 12542
7338 12543
7337 12544
7336 12545
7335 12546
7334 12547
7333 12548
7332 12549
7331 9437
7330 9438
7329 9439
7328 9440
7327 9441
7326 9442
7325 9443
7324 9444
7323 9445
7322 9446
7321 9447
7320 9448
7319 9449
7318 9450
7317 9451
7316 9452
7315 9453
7314 11552
7313 11553
7312 11554
7311 11555
7310 11556
7309 11557
7308 11558
7307 11559
7306 11560
7305 11561
7304 11562
7303 11563
7302 11564
7301 11565
7300 11566
7299 11567
7298 11568
7297 11569
7296 11673
7295 11674
7294 11675
7293 11676
7292 11677
7291 11678
7290 11679
7289 11680
7288 11681
7287 11682
7286 11683
7285 11684
7284 11685
7283 11686
7282 11687
7281 11688
7280 11689
7279 10975
7278 10976
7277 10977
7276 10978
7275 10979
7274 10980
7273 10981
7272 10982
7271 9234
7270 9235
7269 9236
7268 9237
7267 9238
7266 9239
7265 9240
7264 9241
7261 9242
7260 9243
7259 9244
7258 9245
7257 9246
7256 9247
7255 9248
7254 9249
7253 9250
7252 9251
7251 9252
7250 9253
7249 9254
7248 9255
7247 9829
7246 9830
7245 9831
7244 9832
7243 9833
7242 9834
7241 9835
7240 9836
7239 9837
7238 9838
7237 9839
7236 9840
7235 9841
7234 9801
7233 9802
7232 9803
7231 9804
7230 9805
7229 9806
7228 9807
7227 9808
7226 9749
7225 9750
7224 9751
7223 9752
7222 9753
7221 9754
7220 9755
7219 9756
7218 9757
7217 9758
7216 9759
7215 9760
7214 9761
7213 9762
7212 9763
7211 9764
7210 9765
7209 9766
7208 9767
7207 9768
7206 9769
7205 9770
7204 9771
7203 12232
7202 12233
7201 12234
7200 12235
7199 12236
7198 12237
7197 12238
7196 12239
7195 12240
7194 12241
7193 12242
7192 12243
7191 12244
7190 12245
7189 12246
7188 12247
7187 12248
7186 12249
7185 12250
7184 12251
7183 12252
7182 12253
7181 12254
7180 12255
7179 12256
7178 12257
7177 12258
7176 12259
7175 12260
7174 12261
7173 12262
7172 12263
7171 12264
7170 12265
7169 12266
7168 12267
7167 12268
7166 12269
7165 12270
7164 12271
7163 12272
7162 12060
7161 12061
7160 12062
7159 12063
7158 12064
7157 12065
7156 12066
7155 12067
7154 12068
7153 12069
7152 12070
7151 12032
7150 12033
7149 12034
7148 12035
7147 12036
7146 12037
7145 12038
7144 11928
7143 11929
7142 11930
7141 11931
7140 11932
7139 11933
7138 11934
7137 11935
7136 11936
7135 11937
7134 11938
7133 11939
7132 11940
7131 11941
7130 11942
7129 11984
7128 11985
7127 11986
7126 11987
7125 11988
7124 11989
7123 11990
7122 13283
7121 13284
7120 13285
7119 13286
7118 13287
7117 13288
7116 13289
7115 13290
7114 13291
7113 13292
7112 13293
7111 13294
7110 13295
7109 13296
7108 13297
7107 13298
7106 13299
7105 13300
7104 13301
7103 13013
7102 13014
7101 13015
7100 13016
7099 13017
7098 13018
7097 13019
7096 13020
7095 13021
7094 13022
7093 13023
7092 13024
7091 13025
7090 13026
7089 13027
7088 13028
7087 13218
7086 13219
7085 13220
7084 13221
7083 13222
7082 13223
7081 13224
7080 13225
7079 13075
7078 13076
7077 13077
7076 13078
7075 13079
7074 13080
7073 13081
7072 13082
7071 13083
7070 9885
7069 9886
7068 9887
7067 9888
7066 9889
7065 9890
7064 9891
7063 9892
7062 9893
7061 9894
7060 9895
7059 9896
7058 9897
7057 9898
7056 10078
7055 10079
7054 10080
7053 10081
7052 10082
7051 10083
7050 10084
7049 10085
7048 10086
7047 10087
7046 10088
7045 10112
7044 10113
7043 10114
7042 10115
7041 10116
7040 10117
7039 10118
7038 10119
7037 13555
7036 13556
7035 13557
7034 13558
7033 13559
7032 13560
7031 13561
7030 13562
7029 13563
7028 13564
7027 13565
7026 13566
7025 13567
7024 13568
7023 13569
7022 13570
7021 13571
7020 13572
7019 13573
7018 13574
7017 13904
7016 13905
7015 13906
7014 13907
7013 13908
7012 13909
7011 13910
7010 13911
7009 13912
7008 13913
7007 13914
7006 13915
7005 13916
7004 13917
7003 13918
7002 13919
7001 13920
7000 13921
6999 13922
6998 13923
6997 13924
6996 13925
6995 13926
6994 14033
6993 14034
6992 14035
6991 14036
6990 14037
6989 14038
6988 14039
6987 14040
6986 14041
6985 14042
6984 14043
6983 14044
6982 14045
6981 14046
6980 14047
6979 14048
6978 14049
6977 14260
6976 14261
6975 14262
6974 14263
6973 14264
6972 14265
6971 14266
6970 14267
6969 14303
6968 14304
6967 14305
6966 14306
6965 14307
6964 14308
6963 14309
6962 14310
6961 14311
6960 14312
6959 14313
6958 14314
6957 14315
6956 14316
6955 10152
6954 10153
6953 10154
6952 10155
6951 10156
6950 10157
6949 10158
6948 10159
6947 10160
6946 10161
6945 10162
6944 10163
6943 10164
6942 14772
6941 14773
6940 14774
6939 14775
6938 14776
6937 14777
6936 14778
6935 14779
6934 10206
6933 10207
6932 10208
6931 10209
6930 10210
6929 10211
6928 10212
6927 10213
6926 10214
6925 14695
6924 14696
6923 14697
6922 14698
6921 14699
6920 14700
6919 14701
6918 14702
6917 14703
6916 14704
6915 14705
6914 14706
6913 14707
6912 14708
6911 14709
6910 14710
6909 14711
6908 14712
6907 14713
6906 14714
6905 14715
6904 14716
6903 14717
6902 14718
6901 10331
6900 10332
6899 10333
6898 10334
6897 10335
6896 10336
6895 10337
6894 10338
6893 10339
6892 10340
6891 10341
6890 10342
6889 10343
6888 10344
6887 10345
6886 10346
6885 10347
6884 10348
6883 10349
6882 10350
6881 10351
6880 10352
6879 10353
6878 15372
6877 15373
6876 15374
6875 15375
6874 15376
6873 15377
6872 15378
6871 15379
6870 15380
6869 15381
6868 15382
6867 15383
6866 15384
6865 15385
6864 15386
6863 15387
6862 15388
6861 15389
6860 15390
6859 15391
6858 15392
6857 15393
6856 15394
6855 15395
6854 15396
6853 15397
6852 15398
6851 15301
6850 15302
6849 15303
6848 15304
6847 15305
6846 15306
6845 15307
6844 15308
6843 15309
6842 15310
6841 9675
6840 9676
6839 9677
6838 9678
6837 9679
6836 9680
6835 9681
6834 9682
6833 9683
6832 9684
6831 9685
6830 9686
6829 15548
6828 15549
6827 15550
6826 15551
6825 15552
6824 15553
6823 15554
6822 15555
6821 15556
6820 15557
6819 15558
6818 15559
6817 15560
6816 15561
6815 10464
6814 10465
6813 10466
6812 10467
6811 10468
6810 10469
6809 10470
6808 10471
6807 10472
6806 10473
6805 10474
6804 10475
6803 10476
6802 10477
6801 10478
6800 10479
6799 10480
6798 10481
6797 10482
6796 10661
6795 10662
6794 10663
6793 10664
6792 10665
6791 10666
6790 10667
6789 10668
6788 10669
6787 10670
6786 10671
6785 10672
6784 10673
6783 10536
6782 10537
6781 10538
6780 10539
6779 10540
6778 10541
6777 10542
6776 10543
6775 10544
6774 10545
6773 10546
6772 10547
6771 10548
6770 10549
6769 10550
6768 10551
6767 10790
6766 10791
6765 10792
6764 10793
6763 10794
6762 10795
6761 10796
6760 10797
6759 10798
6758 10799
6757 10800
6756 10801
6755 10802
6754 10723
6753 10724
6752 10725
6751 10726
6750 10727
6749 10728
6748 10729
6747 10730
6746 10731
6745 10836
6744 10837
6743 10838
6742 10839
6741 10840
6740 10841
6739 10842
6738 10843
6737 10844
6736 10845
6735 10846
6734 10847
6733 10848
6732 10849
6731 10850
6730 10851
6729 10852
6728 10853
6727 10854
6726 10855
6725 10856
6724 10857
6723 16749
6722 16750
6721 16751
6720 16752
6719 16753
6718 16754
6717 16755
6716 16756
6715 16757
6714 16758
6713 16759
6712 16760
6711 16761
6710 16762
6709 16763
6708 16764
6707 16765
6706 16766
6705 16767
6704 16768
6703 16769
6702 16770
6701 16771
6700 16772
6699 16773
6698 16774
6697 16775
6696 16776
6695 16777
6694 16778
6693 16779
6692 16780
6691 16781
6690 16782
6689 16783
6688 10889
6687 10890
6686 10891
6685 10892
6684 10893
6683 10894
6682 10895
6681 10896
6680 10897
6679 10898
6678 10899
6677 10900
6676 10901
6675 10902
6674 10903
6673 10904
6672 10905
6671 10906
6670 10907
6669 10908
6668 17300
6667 17301
6666 17302
6665 17303
6664 17304
6663 17305
6662 17306
6661 17307
6660 17308
6659 17309
6658 11214
6657 11215
6656 11216
6655 11217
6654 11218
6653 11219
6652 11220
6651 11221
6650 11222
6649 11223
6648 11224
6647 11278
6646 11279
6645 11280
6644 11281
6643 11282
6642 11283
6641 11284
6640 11285
6639 9282
6638 9283
6637 9284
6636 9285
6635 9286
6634 9287
6633 9288
6632 9289
6631 9290
6630 9291
6629 9292
6628 9293
6627 9294
6626 9295
6625 9296
6622 9395
6621 9396
6620 9397
6619 9398
6618 9399
6617 9400
6616 9401
6615 11265
6614 11266
6613 11267
6612 11268
6611 11269
6610 11270
6609 11271
6608 11272
6607 11273
6606 11274
6605 11275
6604 11276
6603 11277
6602 11225
6601 11226
6600 11227
6599 11228
6598 11229
6597 11230
6596 11231
6595 11232
6594 11233
6593 11234
6592 11235
6591 11236
6590 11237
6589 11238
6588 11239
6587 11240
6586 11241
6585 11242
6584 10876
6583 10877
6582 10878
6581 10879
6580 10880
6579 10881
6578 10882
6577 10883
6576 10884
6575 10885
6574 10886
6573 10887
6572 10888
6571 16784
6570 16785
6569 16786
6568 16787
6567 16788
6566 16789
6565 16790
6564 16791
6563 16792
6562 16793
6561 16794
6560 16795
6559 16796
6558 16797
6557 16798
6556 16799
6555 16800
6554 16801
6553 16802
6552 16803
6551 16804
6550 16805
6549 16806
6548 16807
6547 16808
6546 16809
6545 16810
6544 16811
6543 16812
6542 10700
6541 10701
6540 10702
6539 10703
6538 10704
6537 10705
6536 10706
6535 10707
6534 10708
6533 10709
6532 10710
6531 10711
6530 10712
6529 10713
6528 10714
6527 10715
6526 10716
6525 10717
6524 10718
6523 10719
6522 10720
6521 10721
6520 10722
6519 10803
6518 10804
6517 10805
6516 10806
6515 10807
6514 10808
6513 10809
6512 10810
6511 10522
6510 10523
6509 10524
6508 10525
6507 10526
6506 10527
6505 10528
6504 10529
6503 10530
6502 10531
6501 10532
6500 10533
6499 10534
6498 10535
6497 10674
6496 10675
6495 10676
6494 10677
6493 10678
6492 10679
6491 10680
6490 10681
6489 10448
6488 10449
6487 10450
6486 10451
6485 10452
6484 10453
6483 10454
6482 10455
6481 10456
6480 10457
6479 10458
6478 10459
6477 10460
6476 10461
6475 10462
6474 10463
6473 15562
6472 15563
6471 15564
6470 15565
6469 15566
6468 15567
6467 15568
6466 15569
6465 15570
6464 15571
6463 15572
6462 15573
6461 15574
6460 15575
6459 15576
6458 15577
6457 15578
6456 15579
6455 15580
6454 15581
6453 15582
6452 15583
6451 15584
6450 15585
6449 15586
6448 15348
6447 15349
6446 15350
6445 15351
6444 15352
6443 15353
6442 15354
6441 15355
6440 15356
6439 15357
6438 15358
6437 15359
6436 15360
6435 15361
6434 15362
6433 15363
6432 15364
6431 15365
6430 15366
6429 15367
6428 15368
6427 15369
6426 15370
6425 15371
6424 10354
6423 10355
6422 10356
6421 10357
6420 10358
6419 10359
6418 10360
6417 10361
6416 9385
6415 9386
6414 9387
6413 9388
6412 9389
6411 9390
6410 9391
6409 9392
6408 9393
6407 9394
6406 9365
6405 9366
6404 9367
6403 9368
6402 9369
6401 9370
6400 9371
6399 9372
6398 9373
6397 9374
6396 9375
6395 14749
6394 14750
6393 14751
6392 14752
6391 14753
6390 14754
6389 14755
6388 14756
6387 14757
6386 14758
6385 14759
6384 14760
6383 14761
6382 14762
6381 14763
6380 14764
6379 14765
6378 14766
6377 14767
6376 14768
6375 14769
6374 14770
6373 14771
6372 10165
6371 10166
6370 10167
6369 10168
6368 10169
6367 10170
6366 10171
6365 10172
6364 10173
6363 10174
6362 14291
6361 14292
6360 14293
6359 14294
6358 14295
6357 14296
6356 14297
6355 14298
6354 14299
6353 14300
6352 14301
6351 14302
6350 14268
6349 14269
6348 14270
6347 14271
6346 14272
6345 14273
6344 14274
6343 14019
6342 14020
6341 14021
6340 14022
6339 14023
6338 14024
6337 14025
6336 14026
6335 14027
6334 14028
6333 14029
6332 14030
6331 14031
6330 14032
6329 13927
6328 13928
6327 13929
6326 13930
6325 13931
6324 13932
6323 13933
6322 13934
6321 13935
6320 13936
6319 13937
6318 13938
6317 13939
6316 13940
6315 13941
6314 13942
6313 13943
6312 13944
6311 9344
6310 9345
6309 9346
6308 9347
6307 9348
6306 9349
6305 9350
6304 9351
6303 9352
6302 9353
6301 9354
6300 10099
6299 10100
6298 10101
6297 10102
6296 10103
6295 10104
6294 10105
6293 10106
6292 10107
6291 10108
6290 10109
6289 10110
6288 10111
6287 10089
6286 10090
6285 10091
6284 10092
6283 10093
6282 10094
6281 10095
6280 10096
6279 10097
6278 10098
6277 9899
6276 9900
6275 9901
6274 9902
6273 9903
6272 9904
6271 9905
6270 9906
6269 9907
6268 9908
6267 9909
6266 13066
6265 13067
6264 13068
6263 13069
6262 13070
6261 13071
6260 13072
6259 13073
6258 13074
6257 13226
6256 13227
6255 13228
6254 13229
6253 13230
6252 13231
6251 13232
6250 13233
6249 13234
6248 13235
6247 13236
6246 13237
6245 13238
6244 13239
6243 13240
6242 13241
6241 13242
6240 13243
6239 13244
6238 13245
6237 13246
6236 13247
6235 13248
6234 13249
6233 13250
6232 13251
6231 13252
6230 13253
6229 13254
6228 11970
6227 11971
6226 11972
6225 11973
6224 11974
6223 11975
6222 11976
6221 11977
6220 11978
6219 11979
6218 11980
6217 11981
6216 11982
6215 11983
6214 11943
6213 11944
6212 11945
6211 11946
6210 11947
6209 11948
6208 11949
6207 11950
6206 12021
6205 12022
6204 12023
6203 12024
6202 12025
6201 12026
6200 12027
6199 12028
6198 12029
6197 12030
6196 12031
6195 12071
6194 12072
6193 12073
6192 12074
6191 12075
6190 12076
6189 12077
6188 12078
6187 12079
6186 12080
6185 12081
6184 12196
6183 12197
6182 12198
6181 12199
6180 12200
6179 12201
6178 12202
6177 12203
6176 12204
6175 12205
6174 12206
6173 12207
6172 12208
6171 12209
6170 12210
6169 12211
6168 12212
6167 12213
6166 12214
6165 12215
6164 12216
6163 12217
6162 12218
6161 12219
6160 12220
6159 12221
6158 12222
6157 12223
6156 12224
6155 12225
6154 12226
6153 12227
6152 12228
6151 12229
6150 12230
6149 12231
6148 9772
6147 9773
6146 9774
6145 9775
6144 9776
6143 9777
6142 9778
6141 9779
6140 9780
6139 9781
6138 9782
6137 9783
6136 9784
6135 9785
6134 9786
6133 9787
6132 9788
6131 9789
6130 9790
6129 9791
6128 9792
6127 9793
6126 9794
6125 9795
6124 9796
6123 9797
6122 9798
6121 9799
6120 9800
6119 9842
6118 9843
6117 9844
6116 9845
6115 9846
6114 9847
6113 9848
6112 9324
6111 9325
6110 9326
6109 9327
6108 9328
6107 9329
6106 9330
6105 9331
6104 9332
6103 9333
6102 9305
6101 9306
6100 9307
6099 9308
6098 9309
6097 9310
6096 9311
6095 9312
6094 9313
6091 9297
6090 9298
6089 9299
6088 9300
6087 9301
6086 9302
6085 9303
6084 9304
6083 9314
6082 9315
6081 9316
6080 9317
6079 9318
6078 9319
6077 9320
6076 9321
6075 9322
6074 9323
6073 9849
6072 9850
6071 9851
6070 9852
6069 9853
6068 9854
6067 9855
6066 9856
6065 9857
6064 9858
6063 9859
6062 9860
6061 9861
6060 9862
6059 9863
6058 9864
6057 9865
6056 9866
6055 9867
6054 9868
6053 9869
6052 9870
6051 9871
6050 9872
6049 12155
6048 12156
6047 12157
6046 12158
6045 12159
6044 12160
6043 12161
6042 12162
6041 12163
6040 12164
6039 12165
6038 12166
6037 12167
6036 12168
6035 12169
6034 12170
6033 12171
6032 12172
6031 12173
6030 12174
6029 12175
6028 12176
6027 12177
6026 12178
6025 12179
6024 12180
6023 12181
6022 12182
6021 12183
6020 12184
6019 12185
6018 12186
6017 12187
6016 12188
6015 12189
6014 12190
6013 12191
6012 12192
6011 12193
6010 12194
6009 12195
6008 12082
6007 12083
6006 12084
6005 12085
6004 12086
6003 12087
6002 12088
6001 12089
6000 12090
5999 12091
5998 12092
5997 12093
5996 12094
5995 12014
5994 12015
5993 12016
5992 12017
5991 12018
5990 12019
5989 12020
5988 11951
5987 11952
5986 11953
5985 11954
5984 11955
5983 11956
5982 11957
5981 11958
5980 11959
5979 11960
5978 11961
5977 11962
5976 11963
5975 11964
5974 11965
5973 11966
5972 11967
5971 11968
5970 11969
5969 13255
5968 13256
5967 13257
5966 13258
5965 13259
5964 13260
5963 13261
5962 13262
5961 13263
5960 13042
5959 13043
5958 13044
5957 13045
5956 13046
5955 13047
5954 13048
5953 13049
5952 13050
5951 13051
5950 13052
5949 13053
5948 13054
5947 13055
5946 13056
5945 13057
5944 13058
5943 13059
5942 13060
5941 13061
5940 13062
5939 13063
5938 13064
5937 13065
5936 9910
5935 9911
5934 9912
5933 9913
5932 9914
5931 9915
5930 9916
5929 9917
5928 9918
5927 9919
5926 9920
5925 9921
5924 9922
5923 10134
5922 10135
5921 10136
5920 10137
5919 10138
5918 10139
5917 10140
5916 10141
5915 10142
5914 10143
5913 10144
5912 10145
5911 10146
5910 10147
5909 10148
5908 10149
5907 10150
5906 10151
5905 9334
5904 9335
5903 9336
5902 9337
5901 9338
5900 9339
5899 9340
5898 9341
5897 9342
5896 9343
5895 13945
5894 13946
5893 13947
5892 13948
5891 13949
5890 13950
5889 13951
5888 13952
5887 13953
5886 13954
5885 13955
5884 13956
5883 13957
5882 13958
5881 13959
5880 13960
5879 14006
5878 14007
5877 14008
5876 14009
5875 14010
5874 14011
5873 14012
5872 14013
5871 14014
5870 14015
5869 14016
5868 14017
5867 14018
5866 14275
5865 14276
5864 14277
5863 14278
5862 14279
5861 14280
5860 14281
5859 14282
5858 14283
5857 14284
5856 14285
5855 14286
5854 14287
5853 14288
5852 14289
5851 14290
5850 10175
5849 10176
5848 10177
5847 10178
5846 10179
5845 10180
5844 10181
5843 10182
5842 10183
5841 10184
5840 10185
5839 10186
5838 10187
5837 10188
5836 10189
5835 10190
5834 10191
5833 10192
5832 10193
5831 10194
5830 10195
5829 10196
5828 14741
5827 14742
5826 14743
5825 14744
5824 14745
5823 14746
5822 14747
5821 14748
5820 9355
5819 9356
5818 9357
5817 9358
5816 9359
5815 9360
5814 9361
5813 9362
5812 9363
5811 9364
5810 9376
5809 9377
5808 9378
5807 9379
5806 9380
5805 9381
5804 9382
5803 9383
5802 9384
5801 10362
5800 10363
5799 10364
5798 10365
5797 10366
5796 10367
5795 10368
5794 10369
5793 10370
5792 10371
5791 10372
5790 10373
5789 10374
5788 10375
5787 10376
5786 15334
5785 15335
5784 15336
5783 15337
5782 15338
5781 15339
5780 15340
5779 15341
5778 15342
5777 15343
5776 15344
5775 15345
5774 15346
5773 15347
5772 15587
5771 15588
5770 15589
5769 15590
5768 15591
5767 15592
5766 15593
5765 15594
5764 15595
5763 15596
5762 15597
5761 15598
5760 15599
5759 15600
5758 15601
5757 15602
5756 15603
5755 15604
5754 10505
5753 10506
5752 10507
5751 10508
5750 10509
5749 10510
5748 10511
5747 10512
5746 10513
5745 10514
5744 10515
5743 10516
5742 10517
5741 10518
5740 10519
5739 10520
5738 10521
5737 10682
5736 10683
5735 10684
5734 10685
5733 10686
5732 10687
5731 10688
5730 10689
5729 10690
5728 10691
5727 10692
5726 10693
5725 10694
5724 10695
5723 10696
5722 10697
5721 10698
5720 10699
5719 10811
5718 10812
5717 10813
5716 10814
5715 10815
5714 10816
5713 10817
5712 10818
5711 10819
5710 10820
5709 10821
5708 10822
5707 10823
5706 10824
5705 10825
5704 10826
5703 10827
5702 10869
5701 10870
5700 10871
5699 10872
5698 10873
5697 10874
5696 10875
5695 16813
5694 16814
5693 16815
5692 16816
5691 16817
5690 16818
5689 16819
5688 16820
5687 16821
5686 16822
5685 16823
5684 16824
5683 16825
5682 16826
5681 16827
5680 16828
5679 16829
5678 16830
5677 16831
5676 16832
5675 16833
5674 16834
5673 16835
5672 16836
5671 10921
5670 10922
5669 10923
5668 10924
5667 10925
5666 10926
5665 10927
5664 11243
5663 11244
5662 11245
5661 11246
5660 11247
5659 11248
5658 11249
5657 11250
5656 11251
5655 11252
5654 11253
5653 11254
5652 11255
5651 11256
5650 11257
5649 11258
5648 11259
5647 11260
5646 11261
5645 11262
5644 11263
5643 11264
5642 9402
5641 9403
5640 9404
5639 9405
5638 9406
5637 9407
5634 9269
5633 9270
5632 9271
5631 9272
5630 9273
5629 9274
5628 9275
5627 9276
5626 9277
5625 9278
5624 9279
5623 9280
5622 9281
5621 11286
5620 11287
5619 11288
5618 11289
5617 11290
5616 11291
5615 11292
5614 11293
5613 17286
5612 17287
5611 17288
5610 17289
5609 17290
5608 17291
5607 17292
5606 17293
5605 17294
5604 17295
5603 17296
5602 17297
5601 17298
5600 17299
5599 10909
5598 10910
5597 10911
5596 10912
5595 10913
5594 10914
5593 10915
5592 10916
5591 10917
5590 10918
5589 10919
5588 10920
5587 16837
5586 16838
5585 16839
5584 16840
5583 16841
5582 16842
5581 16724
5580 16725
5579 16726
5578 16727
5577 16728
5576 16729
5575 16730
5574 16731
5573 16732
5572 16733
5571 16734
5570 16735
5569 16736
5568 16737
5567 16738
5566 16739
5565 16740
5564 16741
5563 16742
5562 16743
5561 16744
5560 16745
5559 16746
5558 16747
5557 16748
5556 10858
5555 10859
5554 10860
5553 10861
5552 10862
5551 10863
5550 10864
5549 10865
5548 10866
5547 10867
5546 10868
5545 10828
5544 10829
5543 10830
5542 10831
5541 10832
5540 10833
5539 10834
5538 10835
5537 10732
5536 10733
5535 10734
5534 10735
5533 10736
5532 10737
5531 10738
5530 10739
5529 10740
5528 10741
5527 10742
5526 10743
5525 10744
5524 10745
5523 10746
5522 10747
5521 10748
5520 10749
5519 10750
5518 10751
5517 10752
5516 10753
5515 10754
5514 10755
5513 10756
5512 10757
5511 10758
5510 10759
5509 10760
5508 10648
5507 10649
5506 10650
5505 10651
5504 10652
5503 10653
5502 10654
5501 10655
5500 10656
5499 10657
5498 10658
5497 10659
5496 10660
5495 10483
5494 10484
5493 10485
5492 10486
5491 10487
5490 10488
5489 10489
5488 10490
5487 10491
5486 10492
5485 10493
5484 10494
5483 10495
5482 10496
5481 10497
5480 10498
5479 10499
5478 10500
5477 10501
5476 10502
5475 10503
5474 10504
5473 15605
5472 15606
5471 15607
5470 15608
5469 15609
5468 15610
5467 15611
5466 9737
5465 9738
5464 9739
5463 9740
5462 9741
5461 9742
5460 9743
5459 9744
5458 9745
5457 9746
5456 9747
5455 9748
5454 15311
5453 15312
5452 15313
5451 15314
5450 15315
5449 15316
5448 15317
5447 15318
5446 15319
5445 15320
5444 15321
5443 15322
5442 15323
5441 15324
5440 15325
5439 15326
5438 15327
5437 15328
5436 15329
5435 15330
5434 15331
5433 15332
5432 15333
5431 10377
5430 10378
5429 10379
5428 10380
5427 10381
5426 10382
5425 10383
5424 10384
5423 10425
5422 10426
5421 10427
5420 10428
5419 10429
5418 10430
5417 10431
5416 10432
5415 10433
5414 10434
5413 10435
5412 10436
5411 10437
5410 10438
5409 10439
5408 10440
5407 10441
5406 10442
5405 10443
5404 10444
5403 10445
5402 10446
5401 10447
5400 14719
5399 14720
5398 14721
5397 14722
5396 14723
5395 14724
5394 14725
5393 14726
5392 14727
5391 14728
5390 14729
5389 14730
5388 14731
5387 14732
5386 14733
5385 14734
5384 14735
5383 14736
5382 14737
5381 14738
5380 14739
5379 14740
5378 10197
5377 10198
5376 10199
5375 10200
5374 10201
5373 10202
5372 10203
5371 10204
5370 10205
5369 14780
5368 14781
5367 14782
5366 14783
5365 14784
5364 14785
5363 14786
5362 14787
5361 10320
5360 10321
5359 10322
5358 10323
5357 10324
5356 10325
5355 10326
5354 10327
5353 10328
5352 10329
5351 10330
5350 14317
5349 14318
5348 14319
5347 14320
5346 14321
5345 14322
5344 14323
5343 14324
5342 14325
5341 14326
5340 14327
5339 14328
5338 14329
5337 14330
5336 14331
5335 14332
5334 14333
5333 14334
5332 14335
5331 14336
5330 14337
5329 13991
5328 13992
5327 13993
5326 13994
5325 13995
5324 13996
5323 13997
5322 13998
5321 13999
5320 14000
5319 14001
5318 14002
5317 14003
5316 14004
5315 14005
5314 13961
5313 13962
5312 13963
5311 13964
5310 13965
5309 13966
5308 13891
5307 13892
5306 13893
5305 13894
5304 13895
5303 13896
5302 13897
5301 13898
5300 13899
5299 13900
5298 13901
5297 13902
5296 13903
5295 13575
5294 13576
5293 13577
5292 13578
5291 13579
5290 13580
5289 13581
5288 13582
5287 13583
5286 13545
5285 13546
5284 13547
5283 13548
5282 13549
5281 13550
5280 13551
5279 13552
5278 13553
5277 13554
5276 10120
5275 10121
5274 10122
5273 10123
5272 10124
5271 10125
5270 10126
5269 10127
5268 10128
5267 10129
5266 10130
5265 10131
5264 10132
5263 10133
5262 9923
5261 9924
5260 9925
5259 9926
5258 9927
5257 9928
5256 13194
5255 13195
5254 13196
5253 13197
5252 13198
5251 13199
5250 13200
5249 13201
5248 13202
5247 13203
5246 13204
5245 13205
5244 13206
5243 13207
5242 13208
5241 13209
5240 13210
5239 13211
5238 13212
5237 13213
5236 13214
5235 13215
5234 13216
5233 13217
5232 13029
5231 13030
5230 13031
5229 13032
5228 13033
5227 13034
5226 13035
5225 13036
5224 13037
5223 13038
5222 13039
5221 13040
5220 13041
5219 13264
5218 13265
5217 13266
5216 13267
5215 13268
5214 13269
5213 13270
5212 13271
5211 13272
5210 13273
5209 13274
5208 13275
5207 13276
5206 13277
5205 13278
5204 13279
5203 13280
5202 13281
5201 13282
5200 11991
5199 11992
5198 11993
5197 11994
5196 11995
5195 11996
5194 11997
5193 11998
5192 11999
5191 12000
5190 12001
5189 12002
5188 12003
5187 12004
5186 12005
5185 12006
5184 12007
5183 12008
5182 12009
5181 12010
5180 12011
5179 12012
5178 12013
5177 12095
5176 12096
5175 12097
5174 12098
5173 12099
5172 12100
5171 12101
5170 12102
5169 12103
5168 12104
5167 12105
5166 12106
5165 12107
5164 12108
5163 12109
5162 12110
5161 12111
5160 12112
5159 12113
5158 12114
5157 12115
5156 12116
5155 12117
5154 12118
5153 12119
5152 12120
5151 12121
5150 12122
5149 12123
5148 12124
5147 12125
5146 12126
5145 12127
5144 12128
5143 12129
5142 12130
5141 12131
5140 12132
5139 12133
5138 12134
5137 12135
5136 12136
5135 12137
5134 12138
5133 12139
5132 12140
5131 12141
5130 12142
5129 12143
5128 12144
5127 12145
5126 12146
5125 12147
5124 12148
5123 12149
5122 12150
5121 12151
5120 12152
5119 12153
5118 12154
5117 9873
5116 9874
5115 9875
5114 9876
5113 9877
5112 9878
5111 9879
5110 9880
5109 9881
5108 9882
5107 9883
5106 9884
5105 9809
5104 9810
5103 9811
5102 9812
5101 9813
5100 9814
5099 9815
5098 9816
5097 9817
5096 9818
5095 9819
5094 9820
5093 9821
5092 9822
5091 9823
5090 9824
5089 9825
5088 9826
5087 9827
5086 9828
5085 9256
5084 9257
5083 9258
5082 9259
5081 9260
5080 9261
5079 9262
5078 9263
5077 9264
5076 9265
5075 9266
5074 9267
5073 9268
5070 9226
5069 9227
5068 9228
5067 9229
5066 9230
5065 9231
5064 9232
5063 9233
5062 10983
5061 10984
5060 10985
5059 10986
5058 10987
5057 10988
5056 10989
5055 10990
5054 10991
5053 10992
5052 10993
5051 10994
5050 10995
5049 11721
5048 11722
5047 11723
5046 11724
5045 11725
5044 11726
5043 11727
5042 11728
5041 11729
5040 11730
5039 11731
5038 11732
5037 11733
5036 11734
5035 11735
5034 11736
5033 11737
5032 11738
5031 11739
5030 11740
5029 11741
5028 11545
5027 11546
5026 11547
5025 11548
5024 11549
5023 11550
5022 11551
5021 9454
5020 9455
5019 9456
5018 9457
5017 9458
5016 9459
5015 9460
5014 9461
5013 9462
5012 9463
5011 9464
5010 9465
5009 9466
5008 9467
5007 12659
5006 12660
5005 12661
5004 12662
5003 12663
5002 12664
5001 12665
5000 12666
4999 12667
4998 12668
4997 12669
4996 12670
4995 12671
4994 12672
4993 12673
4992 12674
4991 12675
4990 12676
4989 12677
4988 12678
4987 12679
4986 12680
4985 12681
4984 12682
4983 12683
4982 12684
4981 12685
4980 12686
4979 12687
4978 12688
4977 12689
4976 12690
4975 12691
4974 12692
4973 12693
4972 12694
4971 12695
4970 12696
4969 12697
4968 12698
4967 12699
4966 12700
4965 12701
4964 12702
4963 12703
4962 12704
4961 12705
4960 12706
4959 12707
4958 12708
4957 12709
4956 12710
4955 12711
4954 12712
4953 12713
4952 8814
4951 8815
4950 8816
4949 8817
4948 8818
4947 8819
4946 8820
4945 8821
4944 8822
4943 12837
4942 12838
4941 12839
4940 12840
4939 12841
4938 12842
4937 12843
4936 12844
4935 12845
4934 12846
4933 12847
4932 12848
4931 12849
4930 12850
4929 12851
4928 12852
4927 12853
4926 12854
4925 12855
4924 12856
4923 13378
4922 13379
4921 13380
4920 13381
4919 13382
4918 13383
4917 13384
4916 13385
4915 13386
4914 13387
4913 13388
4912 13389
4911 13390
4910 13391
4909 13392
4908 13393
4907 13394
4906 13395
4905 13396
4904 13397
4903 13398
4902 13399
4901 13400
4900 13401
4899 13402
4898 13403
4897 13404
4896 13164
4895 13165
4894 13166
4893 13167
4892 13168
4891 13169
4890 13170
4889 13171
4888 13172
4887 13173
4886 13174
4885 13175
4884 13176
4883 13177
4882 13178
4881 13179
4880 13180
4879 13181
4878 13182
4877 13183
4876 13184
4875 13185
4874 13186
4873 13187
4872 13188
4871 13189
4870 13190
4869 13191
4868 13192
4867 13193
4866 9929
4865 9930
4864 9931
4863 9932
4862 9933
4861 9934
4860 9935
4859 9936
4858 8833
4857 8834
4856 8835
4855 8836
4854 8837
4853 8838
4852 8839
4851 8840
4850 8841
4849 13640
4848 13641
4847 13642
4846 13643
4845 13644
4844 13645
4843 13646
4842 13647
4841 13536
4840 13537
4839 13538
4838 13539
4837 13540
4836 13541
4835 13542
4834 13543
4833 13544
4832 13584
4831 13585
4830 13586
4829 13587
4828 13588
4827 13589
4826 13590
4825 13591
4824 13592
4823 13593
4822 13594
4821 13875
4820 13876
4819 13877
4818 13878
4817 13879
4816 13880
4815 13881
4814 13882
4813 13883
4812 13884
4811 13885
4810 13886
4809 13887
4808 13888
4807 13889
4806 13890
4805 13967
4804 13968
4803 13969
4802 13970
4801 13971
4800 13972
4799 13973
4798 13974
4797 13975
4796 13976
4795 13977
4794 13978
4793 13979
4792 13980
4791 13981
4790 13982
4789 13983
4788 13984
4787 13985
4786 13986
4785 13987
4784 13988
4783 13989
4782 13990
4781 14338
4780 14339
4779 14340
4778 14341
4777 14342
4776 14343
4775 14344
4774 14345
4773 14346
4772 14347
4771 14348
4770 14349
4769 14350
4768 14351
4767 14352
4766 14353
4765 8939
4764 8940
4763 8941
4762 8942
4761 8943
4760 8944
4759 8945
4758 8946
4757 8947
4756 8948
4755 10306
4754 10307
4753 10308
4752 10309
4751 10310
4750 10311
4749 10312
4748 10313
4747 10314
4746 10315
4745 10316
4744 10317
4743 10318
4742 10319
4741 14788
4740 14789
4739 14790
4738 14791
4737 14792
4736 14793
4735 14794
4734 14795
4733 14796
4732 14797
4731 14798
4730 14799
4729 14800
4728 14801
4727 14802
4726 14803
4725 14804
4724 14805
4723 14806
4722 14807
4721 14808
4720 14809
4719 9508
4718 9509
4717 9510
4716 9511
4715 9512
4714 9513
4713 9514
4712 9515
4711 9516
4710 9517
4709 9518
4708 9519
4707 9520
4706 9521
4705 9522
4704 9556
4703 9557
4702 9558
4701 9559
4700 9560
4699 9561
4698 9562
4697 9563
4696 9564
4695 9565
4694 9566
4693 9567
4692 8983
4691 8984
4690 8985
4689 8986
4688 8987
4687 8988
4686 8989
4685 8990
4684 8991
4683 8992
4682 8993
4681 9617
4680 9618
4679 9619
4678 9620
4677 9621
4676 9622
4675 9623
4674 10417
4673 10418
4672 10419
4671 10420
4670 10421
4669 10422
4668 10423
4667 10424
4666 10385
4665 10386
4664 10387
4663 10388
4662 10389
4661 10390
4660 10391
4659 10392
4658 10393
4657 10394
4656 10395
4655 15237
4654 15238
4653 15239
4652 15240
4651 15241
4650 15242
4649 15243
4648 15244
4647 15245
4646 15246
4645 15247
4644 15248
4643 15249
4642 15250
4641 15251
4640 15252
4639 15253
4638 15254
4637 9068
4636 9069
4635 9070
4634 9071
4633 9072
4632 9073
4631 9074
4630 9075
4629 9076
4628 9722
4627 9723
4626 9724
4625 9725
4624 9726
4623 9727
4622 9728
4621 9729
4620 9730
4619 9731
4618 9732
4617 9733
4616 9734
4615 9735
4614 9736
4613 15612
4612 15613
4611 15614
4610 15615
4609 15616
4608 15617
4607 15618
4606 15619
4605 15620
4604 15621
4603 15622
4602 15623
4601 15624
4600 15625
4599 15626
4598 15627
4597 15628
4596 15629
4595 15630
4594 15631
4593 15846
4592 15847
4591 15848
4590 15849
4589 15850
4588 15851
4587 15852
4586 15853
4585 15854
4584 15855
4583 15856
4582 15857
4581 15858
4580 15859
4579 10630
4578 10631
4577 10632
4576 10633
4575 10634
4574 10635
4573 10636
4572 10637
4571 10638
4570 10639
4569 10640
4568 10641
4567 10642
4566 10643
4565 10644
4564 10645
4563 10646
4562 10647
4561 10761
4560 10762
4559 10763
4558 10764
4557 10765
4556 10766
4555 10767
4554 10768
4553 10769
4552 10770
4551 10771
4550 10772
4549 10773
4548 10774
4547 10775
4546 10776
4545 10777
4544 10778
4543 10779
4542 10780
4541 10781
4540 16223
4539 16224
4538 16225
4537 16226
4536 16227
4535 16228
4534 16229
4533 16230
4532 16231
4531 16232
4530 16233
4529 16234
4528 16235
4527 16236
4526 16237
4525 16238
4524 16239
4523 9129
4522 9130
4521 9131
4520 9132
4519 9133
4518 9134
4517 9135
4516 9136
4515 9137
4514 9138
4513 16563
4512 16564
4511 16565
4510 16566
4509 16567
4508 16568
4507 16569
4506 16570
4505 16571
4504 16572
4503 16573
4502 16574
4501 16575
4500 16576
4499 16577
4498 16578
4497 16579
4496 16580
4495 17039
4494 17040
4493 17041
4492 17042
4491 17043
4490 17044
4489 17045
4488 17046
4487 17047
4486 17048
4485 17049
4484 17050
4483 17051
4482 17052
4481 17053
4480 17054
4479 17055
4478 16712
4477 16713
4476 16714
4475 16715
4474 16716
4473 16717
4472 16718
4471 16719
4470 16720
4469 16721
4468 16722
4467 16723
4466 16843
4465 16844
4464 16845
4463 16846
4462 16847
4461 16848
4460 16849
4459 16850
4458 16851
4457 16852
4456 16853
4455 16854
4454 16855
4453 17258
4452 17259
4451 17260
4450 17261
4449 17262
4448 17263
4447 17264
4446 17265
4445 17266
4444 17267
4443 17268
4442 17269
4441 17270
4440 17271
4439 17272
4438 17273
4437 17274
4436 17275
4435 17276
4434 17277
4433 17278
4432 17279
4431 17280
4430 17281
4429 17282
4428 17283
4427 17284
4426 17285
4425 11294
4424 11295
4423 11296
4422 11297
4421 11298
4420 11299
4419 11300
4418 9657
4417 9658
4416 9659
4415 9660
4414 9661
4413 9662
4412 9663
4411 9664
4410 9665
4409 9666
4408 9667
4407 9668
4406 9669
4405 9670
4404 9671
4403 9672
4402 9673
4401 9674
4398 9213
4397 9214
4396 9215
4395 9216
4394 9217
4393 9218
4392 9642
4391 9643
4390 9644
4389 9645
4388 9646
4387 9647
4386 9648
4385 9649
4384 9650
4383 9651
4382 9652
4381 9653
4380 9654
4379 9655
4378 9656
4377 11301
4376 11302
4375 11303
4374 11304
4373 11305
4372 11306
4371 11307
4370 11308
4369 11309
4368 11310
4367 11311
4366 11312
4365 11313
4364 11314
4363 11315
4362 11316
4361 11317
4360 11318
4359 11319
4358 11320
4357 9204
4356 9205
4355 9206
4354 9207
4353 9208
4352 9209
4351 9210
4350 9211
4349 9212
4348 9183
4347 9184
4346 9185
4345 9186
4344 9187
4343 9188
4342 9189
4341 9190
4340 9191
4339 9192
4338 16885
4337 16886
4336 16887
4335 16888
4334 16889
4333 16890
4332 16891
4331 16892
4330 16893
4329 16894
4328 16895
4327 16896
4326 16897
4325 16898
4324 16899
4323 16900
4322 16901
4321 16902
4320 16903
4319 16904
4318 16905
4317 16906
4316 16699
4315 16700
4314 16701
4313 16702
4312 16703
4311 16704
4310 16705
4309 16706
4308 16707
4307 16708
4306 16709
4305 16710
4304 16711
4303 17056
4302 17057
4301 17058
4300 17059
4299 17060
4298 17061
4297 17062
4296 17063
4295 9161
4294 9162
4293 9163
4292 9164
4291 9165
4290 9166
4289 9167
4288 9168
4287 9169
4286 9170
4285 16540
4284 16541
4283 16542
4282 16543
4281 16544
4280 16545
4279 16546
4278 16547
4277 16548
4276 16549
4275 16550
4274 16551
4273 16552
4272 16553
4271 16554
4270 16555
4269 16556
4268 16557
4267 16558
4266 16559
4265 16560
4264 16561
4263 16562
4262 9139
4261 9140
4260 9141
4259 9142
4258 9143
4257 9144
4256 9145
4255 9146
4254 9147
4253 9148
4252 9149
4251 16240
4250 16241
4249 16242
4248 16243
4247 16244
4246 16245
4245 16246
4244 16247
4242 4243
4241 16250
4240 16251
4239 16252
4238 16253
4237 16254
4236 16255
4235 16256
4234 16257
4233 16258
4232 16259
4231 16260
4230 16261
4229 16262
4228 16263
4227 16264
4226 16265
4225 16266
4224 16267
4223 16268
4222 16269
4221 9119
4220 9120
4219 9121
4218 9122
4217 9123
4216 9124
4215 9125
4214 9126
4213 9127
4212 9128
4211 9098
4210 9099
4209 9100
4208 9101
4207 9102
4205 4206
4204 9105
4203 9106
4202 9107
4201 10588
4200 10589
4199 10590
4198 10591
4197 10592
4196 10593
4195 10594
4194 10595
4193 10596
4192 10597
4191 10598
4190 10599
4189 10600
4188 10601
4187 10602
4186 10603
4185 10604
4184 10605
4183 10606
4182 10607
4180 4181
4179 15834
4178 15835
4177 15836
4176 15837
4175 15838
4174 15839
4173 15840
4172 15841
4171 15842
4170 15843
4169 15844
4168 15845
4167 15632
4166 15633
4165 15634
4164 15635
4163 15636
4162 15637
4161 15638
4160 15639
4159 15640
4158 15641
4157 15642
4156 15643
4155 15644
4154 15645
4153 15646
4152 15647
4151 15648
4150 15649
4149 15650
4148 15651
4147 15652
4145 4146
4144 15655
4143 15656
4142 15657
4141 15658
4140 15659
4139 15660
4138 15661
4137 15662
4136 15663
4135 9713
4134 9714
4133 9715
4132 9716
4131 9717
4130 9718
4129 9719
4128 9720
4127 9721
4125 4126
4124 9079
4123 9080
4122 9081
4121 9082
4120 9083
4119 9084
4118 9085
4117 9086
4116 9087
4115 15255
4114 15256
4113 15257
4112 15258
4111 15259
4110 15260
4109 15261
4108 15262
4107 15263
4106 15264
4105 15265
4104 9059
4103 9060
4102 9061
4101 9062
4100 9063
4099 9064
4098 9065
4097 9066
4096 9067
4095 9038
4094 9039
4093 9040
4092 9041
4091 9042
4089 4090
4088 9045
4087 9046
4086 9047
4085 9048
4084 9017
4083 9018
4082 9019
4081 9020
4080 9021
4079 9022
4078 9023
4077 9024
4076 9025
4075 9026
4074 9606
4073 9607
4072 9608
4071 9609
4070 9610
4068 4069
4067 9613
4066 9614
4065 9615
4064 9616
4063 8994
4062 8995
4061 8996
4060 8997
4059 8998
4058 8999
4057 9000
4056 9001
4055 9002
4054 9003
4053 9004
4052 9005
4051 9568
4050 9569
4049 9570
4048 9571
4047 9572
4046 9573
4045 9574
4044 8972
4043 8973
4042 8974
4041 8975
4040 8976
4039 8977
4038 8978
4037 8979
4035 4036
4034 8982
4033 9495
4032 9496
4031 9497
4030 9498
4029 9499
4028 9500
4027 9501
4026 9502
4025 9503
4024 9504
4023 9505
4022 9506
4021 9507
4020 14810
4019 14811
4018 14812
4017 14813
4016 14814
4015 14815
4014 14816
4013 14817
4011 4012
4010 14820
4009 14821
4008 14822
4007 14823
4006 14824
4005 14825
4004 10281
4003 10282
4002 10283
4001 10284
4000 10285
3999 10286
3998 10287
3997 10288
3996 10289
3995 10290
3994 10291
3993 10292
3992 10293
3991 10294
3990 10295
3989 10296
3988 10297
3987 10298
3986 10299
3985 10300
3984 10301
3983 10302
3982 10303
3980 3981
3979 8949
3978 8950
3977 8951
3976 8952
3975 8953
3974 8954
3973 8955
3972 8956
3971 8957
3970 8958
3969 8959
3968 8960
3967 14354
3966 14355
3965 14356
3964 14357
3963 14358
3962 14359
3961 14360
3960 14361
3959 14362
3958 14363
3957 14364
3956 14365
3955 14366
3954 14367
3953 14368
3951 3952
3950 14371
3949 14372
3948 14373
3947 14374
3946 14375
3945 14376
3944 14377
3943 14378
3942 14379
3941 14380
3940 14381
3939 14382
3938 8928
3937 8929
3936 8930
3935 8931
3934 8932
3933 8933
3932 8934
3931 8935
3930 8936
3929 8937
3928 8938
3927 8906
3926 8907
3925 8908
3924 8909
3923 8910
3922 8911
3921 8912
3920 8913
3919 8914
3918 8915
3917 8886
3916 8887
3915 8888
3914 8889
3913 8890
3912 8891
3911 8892
3910 8893
3909 8894
3908 8895
3907 8864
3906 8865
3905 8866
3904 8867
3903 8868
3902 8869
3901 8870
3900 8871
3898 3899
3897 8874
3896 13617
3895 13618
3894 13619
3893 13620
3892 13621
3891 13622
3890 13623
3889 13624
3888 13625
3887 13626
3886 13627
3885 13628
3884 13629
3883 13630
3882 13631
3881 13632
3880 13633
3879 13634
3878 13635
3877 13636
3876 13637
3875 13638
3874 13639
3873 8842
3872 8843
3871 8844
3870 8845
3869 8846
3868 8847
3867 8848
3866 8849
3865 8850
3864 8851
3863 8852
3862 9937
3861 9938
3860 9939
3859 9940
3858 9941
3857 9942
3856 9943
3855 9944
3854 9945
3853 9946
3852 9947
3850 3851
3849 9950
3848 9951
3847 9952
3846 9953
3845 9954
3844 9955
3843 9956
3842 9957
3841 9958
3840 9959
3839 9960
3838 9961
3837 9962
3836 9963
3835 9964
3834 9965
3833 9966
3832 9967
3831 9968
3830 9969
3829 9970
3828 9971
3827 9972
3826 9973
3825 9974
3824 9975
3823 9976
3822 9977
3821 9978
3820 9979
3819 9980
3818 9981
3817 9982
3816 9983
3815 9984
3814 9985
3813 9986
3812 9987
3811 9988
3810 9989
3809 9990
3808 9991
3807 9992
3806 9993
3805 9994
3804 9995
3803 9996
3802 9997
3801 9998
3800 13367
3799 13368
3798 13369
3797 13370
3796 13371
3795 13372
3794 13373
3793 13374
3792 13375
3791 13376
3790 13377
3789 12857
3788 12858
3787 12859
3786 12860
3785 12861
3784 12862
3783 12863
3782 12864
3781 12865
3780 12825
3779 12826
3778 12827
3777 12828
3776 12829
3775 12830
3774 12831
3773 12832
3772 12833
3771 12834
3770 12835
3769 12836
3768 8823
3767 8824
3766 8825
3765 8826
3764 8827
3763 8828
3762 8829
3761 8830
3760 8831
3759 8832
3758 12714
3757 12715
3756 12716
3755 12717
3754 12718
3753 12719
3752 12720
3751 12721
3750 12606
3749 12607
3748 12608
3747 12609
3746 12610
3745 12611
3744 12612
3743 12613
3742 12614
3741 12615
3740 12616
3739 12617
3738 12618
3737 12619
3736 12620
3735 12621
3734 12622
3733 12623
3732 12624
3731 12625
3730 12626
3729 12627
3728 12628
3727 12629
3726 12630
3725 12631
3724 12632
3723 12633
3722 12634
3721 12635
3720 12636
3719 12637
3718 12638
3717 12639
3716 12640
3715 12641
3714 12642
3713 12643
3712 12644
3711 12645
3710 12646
3709 12647
3708 12648
3707 12649
3706 12650
3705 12651
3704 12652
3703 12653
3702 12654
3701 12655
3700 12656
3699 12657
3698 12658
3697 9468
3696 9469
3695 9470
3694 9471
3693 9472
3692 9473
3691 9474
3690 9475
3689 9476
3688 9477
3687 9478
3686 11534
3685 11535
3684 11536
3683 11537
3682 11538
3681 11539
3680 11540
3679 11541
3678 11542
3677 11543
3676 11544
3675 11742
3674 11743
3673 11744
3672 11745
3671 11746
3670 11747
3669 11748
3668 11749
3667 11750
3666 11751
3665 11709
3664 11710
3663 11711
3662 11712
3661 11713
3660 11714
3659 11715
3658 11716
3657 11717
3656 11718
3655 11719
3654 11720
3653 10996
3652 10997
3651 10998
3650 10999
3649 11000
3648 11001
3647 11002
3646 11003
3645 11004
3644 11005
3643 11006
3642 11007
3641 11008
3640 11009
3639 11010
3638 11011
3637 11012
3636 11013
3635 11014
3634 11015
3633 11016
3632 11017
3629 9408
3628 9409
3627 9410
3626 9411
3625 9412
3624 9413
3623 9414
3622 9415
3621 10967
3620 10968
3619 10969
3618 10970
3617 10971
3616 10972
3615 10973
3614 10974
3613 11690
3611 3612
3610 11693
3609 11694
3608 11695
3607 11696
3606 11697
3605 11698
3604 11699
3603 11700
3602 11701
3601 11702
3600 11703
3599 11704
3598 11705
3597 11706
3596 11707
3595 11708
3594 11752
3592 3593
3591 11755
3590 11756
3589 11757
3588 11758
3587 11759
3586 11760
3585 11761
3584 11762
3583 11763
3582 11764
3581 11765
3580 11525
3579 11526
3578 11527
3577 11528
3576 11529
3575 11530
3573 3574
3572 11533
3571 9424
3570 9425
3569 9426
3568 9427
3567 9428
3566 9429
3565 9430
3564 9431
3563 9432
3562 9433
3561 9434
3560 9435
3559 9436
3557 3558
3556 12552
3555 12553
3554 12554
3553 12555
3552 12556
3551 12557
3550 12558
3549 12559
3548 12560
3547 12561
3546 12562
3545 12563
3544 12564
3543 12565
3542 12566
3541 12567
3540 12568
3539 12569
3537 3538
3536 12572
3535 12573
3534 12574
3533 12575
3532 12576
3531 12577
3530 12578
3529 12579
3528 12580
3526 3527
3525 12583
3524 12584
3523 12585
3522 12586
3521 12587
3520 12588
3519 12589
3518 12590
3517 12591
3515 3516
3514 12594
3513 12595
3512 12596
3511 12597
3510 12598
3509 12599
3508 12600
3507 12601
3505 3506
3504 12604
3503 12605
3502 12722
3501 12723
3500 12724
3499 12725
3498 12726
3497 12727
3496 12728
3494 3495
3493 11896
3492 11897
3491 11898
3490 11899
3489 11900
3488 11901
3487 11902
3486 11903
3485 11904
3483 3484
3482 11907
3481 11908
3480 11909
3479 11910
3478 11911
3477 12817
3476 12818
3475 12819
3473 3474
3472 12822
3471 12823
3470 12824
3469 12866
3468 12867
3467 12868
3466 12869
3465 12870
3464 12871
3463 12872
3462 12873
3461 12874
3460 12875
3458 3459
3457 12878
3456 13359
3455 13360
3454 13361
3453 13362
3452 13363
3451 13364
3450 13365
3449 13366
3447 3448
3446 10001
3445 10002
3444 10003
3443 10004
3442 10005
3441 10006
3440 10007
3439 10008
3438 10009
3436 3437
3435 10012
3434 10013
3433 10014
3432 10015
3431 10016
3430 10017
3429 10018
3428 10019
3427 10020
3425 3426
3424 10023
3423 10024
3422 10025
3421 10026
3420 10027
3419 10028
3418 10029
3417 10030
3415 3416
3414 10033
3413 10034
3412 10035
3411 10036
3410 10037
3409 10038
3408 10039
3407 10040
3406 10041
3404 3405
3403 10044
3402 10045
3401 10046
3400 10047
3399 10048
3398 10049
3397 10050
3396 10051
3395 10052
3393 3394
3392 10055
3391 10056
3390 10057
3389 10058
3388 10059
3387 10060
3386 10061
3385 13671
3384 13672
3383 13673
3382 13674
3380 3381
3379 13677
3378 13501
3377 13502
3376 13503
3375 13504
3374 13505
3373 13506
3372 13507
3370 3371
3369 13510
3368 13511
3367 13512
3366 13513
3365 13514
3364 13515
3363 13516
3362 13517
3361 13518
3359 3360
3358 13521
3357 13522
3356 13523
3355 13524
3354 13525
3353 13526
3352 13527
3351 13609
3350 13610
3348 3349
3347 13613
3346 13614
3345 13615
3344 13616
3343 8853
3342 8854
3341 8855
3340 8856
3338 3339
3337 8859
3336 8860
3335 8861
3334 8862
3333 8863
3332 8875
3331 8876
3330 8877
3329 8878
3327 3328
3326 8881
3325 8882
3324 8883
3323 8884
3322 8885
3321 8896
3320 8897
3319 8898
3318 8899
3317 8900
3316 8901
3315 8902
3314 8903
3313 8904
3312 8905
3311 8916
3310 8917
3308 3309
3307 8920
3306 8921
3305 8922
3304 8923
3303 8924
3302 8925
3301 8926
3300 8927
3299 14383
3297 3298
3296 14386
3295 14387
3294 14388
3293 14389
3292 14390
3291 14391
3290 14392
3289 14393
3287 3288
3286 14396
3285 14397
3284 14398
3283 14399
3282 14400
3281 14401
3280 14402
3279 14403
3277 3278
3276 14406
3275 14407
3274 14408
3273 14409
3272 14410
3271 14411
3270 14412
3269 14413
3267 3268
3266 14416
3265 14417
3264 14418
3263 14419
3262 14420
3261 14421
3260 14422
3259 14423
3258 14424
3256 3257
3255 10254
3254 10255
3253 10256
3252 10257
3251 10258
3250 10259
3249 10260
3248 10261
3247 10262
3246 10263
3245 10264
3244 10265
3243 10266
3242 10267
3241 10268
3239 3240
3238 10271
3237 10272
3236 10273
3235 10274
3234 10275
3233 10276
3232 10277
3231 10278
3229 3230
3228 14826
3227 14827
3226 14828
3225 14829
3224 14830
3223 14831
3222 14832
3221 14833
3219 3220
3218 14836
3217 14837
3216 14838
3215 14839
3214 14840
3213 14841
3212 14678
3211 14679
3209 3210
3208 14682
3207 14683
3206 14684
3205 14685
3204 9488
3203 9489
3202 9490
3201 9491
3199 3200
3198 9494
3197 8961
3196 8962
3195 8963
3194 8964
3193 8965
3192 8966
3191 8967
3189 3190
3188 8970
3187 8971
3186 9523
3185 9524
3184 9525
3183 9526
3182 9527
3181 9528
3180 9529
3179 9530
3178 9531
3177 9532
3176 9533
3174 3175
3173 9536
3172 9588
3171 9589
3170 9590
3169 9591
3168 9592
3167 9593
3166 9594
3164 3165
3163 9597
3162 9598
3161 9599
3160 9600
3159 9601
3158 9602
3157 9603
3155 3156
3154 9006
3153 9007
3152 9008
3151 9009
3150 9010
3149 9011
3148 9012
3147 9013
3145 3146
3144 9016
3143 9027
3142 9028
3141 9029
3140 9030
3139 9031
3138 9032
3136 3137
3135 9035
3134 9036
3133 9037
3132 9049
3131 9050
3130 9051
3129 9052
3128 9053
3126 3127
3125 9056
3124 9057
3123 9058
3122 15266
3121 15267
3120 15268
3119 15269
3118 15270
3117 15271
3116 15272
3115 15273
3113 3114
3112 15276
3111 15277
3110 15278
3109 15279
3108 15280
3107 15281
3106 15282
3104 3105
3103 15285
3102 15286
3101 15287
3100 15288
3099 9703
3098 9704
3097 9705
3095 3096
3094 9708
3093 9709
3092 9710
3091 9711
3090 9712
3089 15664
3088 15665
3086 3087
3085 15668
3084 15669
3083 15670
3082 15671
3081 15672
3080 15673
3078 3079
3077 15676
3076 15677
3075 15761
3074 15762
3073 15763
3072 15764
3071 15765
3069 3070
3068 15768
3067 15769
3066 15770
3065 15771
3064 15772
3063 15773
3062 15774
3061 15775
3060 15776
3059 15777
3058 15778
3056 3057
3055 15781
3054 15817
3053 15818
3052 15819
3051 15820
3050 15821
3048 3049
3047 15824
3046 15825
3045 15826
3044 15827
3043 15828
3042 15829
3040 3041
3039 10608
3038 10609
3037 10610
3036 10611
3035 10612
3034 10613
3032 3033
3031 10616
3030 10617
3029 10618
3028 10619
3027 10620
3026 10579
3025 10580
3023 3024
3022 10583
3021 10584
3020 10585
3019 10586
3018 10587
3017 9088
3015 3016
3014 9091
3013 9092
3012 9093
3011 9094
3010 9095
3009 9096
3008 9097
3007 9108
3006 9109
3005 9110
3004 9111
3002 3003
3001 9114
3000 9115
2999 9116
2998 9117
2997 9118
2995 2996
2994 16272
2993 16273
2992 16274
2991 16275
2990 16276
2988 2989
2987 16279
2986 16280
2985 16281
2984 16282
2983 16283
2982 16284
2980 2981
2979 16189
2978 16190
2977 16191
2976 16192
2975 16193
2973 2974
2972 16196
2971 16197
2970 16198
2969 16199
2968 16200
2967 16201
2965 2966
2964 16204
2963 16372
2962 16373
2961 16374
2960 16375
2959 16376
2958 16377
2957 16378
2956 16379
2955 16380
2954 16381
2952 2953
2951 16384
2950 16385
2949 16344
2948 16345
2947 16346
2945 2946
2944 16349
2943 16350
2942 16351
2941 16594
2940 16595
2938 2939
2937 16598
2936 16599
2935 16600
2934 16601
2933 16602
2931 2932
2930 16533
2929 16534
2928 16535
2927 16536
2925 2926
2924 16539
2923 9150
2922 9151
2921 9152
2920 9153
2918 2919
2917 9156
2916 9157
2915 9158
2914 9159
2913 9160
2912 17064
2911 17065
2910 17066
2909 17067
2908 17068
2906 2907
2905 17071
2904 17072
2903 17073
2902 17074
2901 17075
2899 2900
2898 17078
2897 17079
2896 16691
2895 16692
2893 2894
2892 16695
2891 16696
2890 16697
2889 16698
2887 2888
2886 16909
2885 16910
2884 16911
2883 16912
2881 2882
2880 16915
2879 16867
2878 16868
2877 16869
2876 16870
2874 2875
2873 16873
2872 16874
2871 16875
2870 16876
2868 2869
2867 16879
2866 16880
2865 16881
2864 16882
2862 2863
2861 9171
2860 9172
2859 9173
2858 9174
2856 2857
2855 9177
2854 9178
2853 9179
2851 2852
2850 9182
2849 9193
2848 9194
2847 9195
2845 2846
2844 9198
2843 9199
2842 9200
2841 9201
2839 2840
2838 11321
2837 11322
2836 11323
2835 11324
2833 2834
2832 11327
2831 11328
2830 11329
2829 11330
2827 2828
2826 11333
2825 11334
2824 11335
2823 17503
2822 17504
2820 2821
2819 17507
2818 17508
2817 17509
2816 17510
2815 17511
2813 2814
2812 17514
2811 17515
2810 17516
2809 17517
2808 17518
2807 17519
2805 2806
2804 9636
2803 9637
2802 9638
2801 9639
2800 9640
2799 9641
2797 2798
2796 9221
2795 9222
2794 9223
2793 9224
2792 9225
2789 11336
2788 11337
2787 11338
2785 2786
2784 11341
2783 11342
2781 2782
2780 17560
2779 17561
2778 17562
2776 2777
2775 17565
2774 17566
2772 2773
2771 17569
2770 17486
2768 2769
2767 17489
2766 17490
2764 2765
2763 17493
2762 17494
2760 2761
2759 17497
2758 17498
2756 2757
2755 17501
2754 17502
2752 2753
2751 11183
2750 11184
2748 2749
2747 11187
2746 17402
2744 2745
2743 17405
2742 17406
2740 2741
2739 17409
2737 2738
2736 17412
2734 2735
2733 17415
2732 17416
2730 2731
2729 17419
2727 2728
2726 17422
2724 2725
2723 17425
2722 17426
2720 2721
2719 17429
2717 2718
2716 17180
2714 2715
2713 17183
2711 2712
2710 17186
2709 17187
2707 2708
2706 17214
2704 2705
2703 17217
2702 17218
2701 17219
2699 2700
2698 17222
2697 17223
2695 2696
2694 17137
2693 17138
2691 2692
2690 17141
2688 2689
2687 17144
2686 17145
2684 2685
2683 16676
2682 16677
2680 2681
2679 16680
2678 16681
2676 2677
2675 16684
2673 2674
2672 16687
2671 16688
2669 2670
2668 17080
2667 17081
2665 2666
2664 17084
2663 17085
2661 2662
2660 17088
2658 2659
2657 17091
2656 17092
2654 2655
2653 17095
2652 17096
2651 17097
2649 2650
2648 17100
2647 17101
2645 2646
2644 17104
2643 17000
2641 2642
2640 17003
2639 17004
2637 2638
2636 17007
2635 16526
2633 2634
2632 16529
2631 16530
2629 2630
2628 16605
2627 16606
2625 2626
2624 16609
2623 16610
2621 2622
2620 16331
2619 16332
2617 2618
2616 16335
2615 16336
2613 2614
2612 16339
2611 16340
2610 16341
2608 2609
2607 16386
2606 16387
2604 2605
2603 16390
2602 16391
2600 2601
2599 16394
2598 16395
2597 16396
2596 16397
2594 2595
2593 16400
2592 16401
2591 16402
2589 2590
2588 16171
2587 16172
2585 2586
2584 16175
2583 16176
2582 16177
2580 2581
2579 16180
2578 16181
2576 2577
2575 16184
2574 16185
2573 16186
2571 2572
2570 16287
2569 16288
2567 2568
2566 16291
2565 16292
2564 16293
2562 2563
2561 16296
2560 16297
2558 2559
2557 16073
2556 16074
2555 16075
2553 2554
2552 16078
2551 16079
2550 16080
2548 2549
2547 16083
2546 16084
2544 2545
2543 16087
2542 16088
2541 16089
2540 16090
2539 16091
2537 2538
2536 16010
2535 16011
2534 16012
2532 2533
2531 16015
2530 16016
2529 16017
2527 2528
2526 15981
2525 15982
2524 15983
2522 2523
2521 15986
2520 15987
2519 15988
2517 2518
2516 15991
2515 15929
2514 15930
2512 2513
2511 15933
2510 15934
2509 15935
2508 15936
2506 2507
2505 11174
2504 11175
2503 11176
2501 2502
2500 11179
2499 11180
2498 15810
2496 2497
2495 15813
2494 15814
2493 15815
2492 15816
2490 2491
2489 15784
2488 15785
2487 15786
2485 2486
2484 15789
2483 15790
2482 15791
2481 15792
2480 15793
2479 15794
2477 2478
2476 15753
2475 15754
2474 15755
2473 15756
2471 2472
2470 15759
2469 15760
2468 15678
2467 15679
2465 2466
2464 15682
2463 15683
2462 15684
2460 2461
2459 15687
2458 15688
2457 15689
2456 15690
2454 2455
2453 15693
2452 15471
2451 15472
2450 15473
2448 2449
2447 15476
2446 15477
2445 15478
2444 15479
2442 2443
2441 15482
2440 15483
2439 15484
2438 15485
2436 2437
2435 15488
2434 15489
2433 15490
2432 15491
2430 2431
2429 15125
2428 15126
2427 15127
2426 15128
2424 2425
2423 15131
2422 15132
2421 15133
2420 15134
2419 15135
2418 15136
2416 2417
2415 15139
2414 15140
2413 15141
2412 15142
2410 2411
2409 15145
2408 15146
2407 15147
2406 15148
2405 15149
2403 2404
2402 15152
2401 15193
2400 15194
2399 15195
2397 2398
2396 15198
2395 15199
2394 15200
2393 15201
2391 2392
2390 15204
2389 15071
2388 15072
2387 15073
2385 2386
2384 15076
2383 15077
2382 15078
2381 15079
2380 11152
2378 2379
2377 11155
2376 11156
2375 11157
2374 11158
2372 2373
2371 11161
2370 14934
2369 14935
2368 14936
2366 2367
2365 14939
2364 14940
2363 14941
2362 14942
2361 14943
2359 2360
2358 14946
2357 14947
2356 14948
2355 14949
2354 14950
2353 14951
2352 14952
2351 14953
2350 14954
2348 2349
2347 14957
2346 14958
2345 14959
2344 14960
2343 14961
2341 2342
2340 14964
2339 14662
2338 14663
2337 14664
2335 2336
2334 14667
2333 14668
2332 14669
2331 14670
2330 14671
2328 2329
2327 14674
2326 14675
2325 14676
2324 14677
2322 2323
2321 14844
2320 14845
2319 14846
2318 14847
2317 14848
2315 2316
2314 14851
2313 14852
2312 14853
2311 14854
2309 2310
2308 14600
2307 14601
2306 14602
2305 14603
2304 14604
2302 2303
2301 14607
2300 14608
2299 14609
2298 14610
2296 2297
2295 14613
2294 14544
2293 14545
2292 14546
2290 2291
2289 14549
2288 14550
2287 14551
2286 14552
2285 14553
2284 14554
2283 14555
2282 14556
2280 2281
2279 14559
2278 14560
2277 14561
2276 14562
2274 2275
2273 14565
2272 14566
2271 14567
2270 14568
2269 14569
2267 2268
2266 14572
2265 14573
2264 14574
2263 14575
2261 2262
2260 14578
2259 14579
2258 14580
2257 14581
2256 14582
2254 2255
2253 14184
2252 14185
2251 14186
2250 14187
2248 2249
2247 14190
2246 14191
2245 14192
2244 14193
2243 14194
2241 2242
2240 14197
2239 14198
2238 14199
2237 14200
2235 2236
2234 14203
2233 14204
2232 14205
2231 14206
2229 2230
2228 14209
2227 14210
2226 14211
2225 14212
2224 14213
2222 2223
2221 14090
2220 14091
2219 14092
2218 14093
2216 2217
2215 14096
2214 14097
2213 14098
2212 11132
2211 11133
2210 11134
2208 2209
2207 11137
2206 11138
2205 11139
2204 11140
2203 11141
2201 2202
2200 11113
2199 11114
2198 11115
2197 11116
2196 11117
2194 2195
2193 11120
2192 11091
2191 11092
2190 11093
2188 2189
2187 11096
2186 11097
2185 11098
2184 11099
2183 11100
2181 2182
2180 11071
2179 11072
2178 11073
2177 11074
2175 2176
2174 11077
2173 11078
2172 11079
2171 13783
2170 13784
2168 2169
2167 13787
2166 13788
2165 13789
2164 13790
2162 2163
2161 13742
2160 13743
2159 13744
2158 13745
2157 13746
2155 2156
2154 13749
2153 13750
2152 13751
2151 13752
2149 2150
2148 13497
2147 13498
2146 13499
2145 13500
2143 2144
2142 13680
2141 13681
2140 13682
2139 13683
2138 13684
2136 2137
2135 13687
2134 13688
2133 13689
2132 13690
2131 13691
2130 13692
2128 2129
2127 13695
2126 13112
2125 13113
2124 13114
2122 2123
2121 13117
2120 13118
2119 13119
2118 13120
2117 13121
2115 2116
2114 13124
2113 13125
2112 13126
2111 13127
2109 2110
2108 13130
2107 13131
2106 13132
2105 13133
2103 2104
2102 13136
2101 13137
2100 13138
2099 13139
2098 13140
2096 2097
2095 13425
2094 13426
2093 13427
2092 13428
2090 2091
2089 13431
2088 13432
2087 13433
2086 13434
2084 2085
2083 13437
2082 13438
2081 13439
2080 13440
2079 13441
2077 2078
2076 13444
2075 11049
2074 11050
2073 11051
2071 2072
2070 11054
2069 11055
2068 11056
2067 11057
2065 2066
2064 13355
2063 13356
2062 13357
2061 13358
2059 2060
2058 12881
2057 12882
2056 12883
2055 12884
2053 2054
2052 12887
2051 12888
2050 12889
2049 12890
2048 12891
2047 12892
2045 2046
2044 11029
2043 11030
2042 11031
2041 11032
2040 11033
2038 2039
2037 11036
2036 11037
2035 11038
2034 11878
2032 2033
2031 11881
2030 11882
2029 11883
2028 11884
2026 2027
2025 11887
2024 11888
2023 11889
2022 11890
2020 2021
2019 11893
2018 12729
2017 12730
2016 12731
2014 2015
2013 12734
2012 12735
2011 11811
2010 11812
2008 2009
2007 11815
2006 11816
2005 11817
2003 2004
2002 11820
2001 11821
2000 11822
1999 11823
1997 1998
1996 11826
1995 12450
1994 12451
1993 12452
1991 1992
1990 12455
1989 12456
1988 12457
1987 12458
1986 12459
1984 1985
1983 12462
1982 12463
1981 12464
1980 12465
1978 1979
1977 12468
1976 12469
1975 12470
1974 12471
1972 1973
1971 12474
1970 12475
1969 12476
1968 12477
1967 12478
1965 1966
1964 12481
1963 12482
1962 12483
1961 12484
1960 12485
1959 12486
1957 1958
1956 12489
1955 12490
1954 12491
1953 12492
1952 12493
1951 12494
1949 1950
1948 12497
1947 12498
1946 12499
1945 12500
1944 12501
1943 12502
1941 1942
1940 11511
1939 11512
1938 11513
1937 11514
1936 11515
1935 11516
1934 11517
1932 1933
1931 11520
1930 11521
1929 11522
1928 11523
1927 11524
1926 11766
1925 11767
1924 11768
1922 1923
1921 11771
1920 11772
1919 11773
1918 11605
1917 11606
1916 11607
1915 11608
1913 1914
1912 11611
1911 11612
1910 11613
1909 11614
1908 11615
1907 11616
1906 11617
1905 11618
1903 1904
1902 11621
1901 11622
1900 11623
1899 11624
1898 11625
1897 10952
1896 10953
1895 10954
1893 1894
1892 10957
1891 10958
1890 10959
1889 10960
1888 10961
1887 10962
1886 10963
1885 10964
1883 1884
1882 9416
1881 9417
1880 9418
1879 9419
1878 9420
1877 9421
1876 9422
1875 9423
1872 10928
1871 10929
1870 10930
1869 10931
1868 10932
1866 1867
1865 10935
1864 10936
1863 10937
1862 10938
1861 10939
1859 1860
1858 10942
1857 10943
1856 10944
1855 10945
1854 10946
1852 1853
1851 10949
1850 10950
1849 10951
1848 11626
1847 11627
1845 1846
1844 11630
1843 11631
1842 11632
1841 11633
1840 11634
1838 1839
1837 11637
1836 11638
1835 11639
1834 11597
1832 1833
1831 11600
1830 11601
1829 11602
1828 11603
1827 11604
1825 1826
1824 11477
1823 11478
1822 11479
1821 11480
1820 11481
1818 1819
1817 11484
1816 11485
1815 11486
1814 11487
1812 1813
1811 12383
1810 12384
1809 12385
1808 12386
1807 12387
1805 1806
1804 12390
1803 12391
1802 12392
1801 12393
1799 1800
1798 12396
1797 12397
1796 12398
1795 12399
1793 1794
1792 12402
1791 12403
1790 12404
1788 1789
1787 12407
1786 12408
1785 12409
1784 12410
1783 12411
1782 12412
1781 12413
1779 1780
1778 12416
1777 12417
1776 12418
1774 1775
1773 12421
1772 12422
1771 12423
1769 1770
1768 12426
1767 12427
1766 12428
1764 1765
1763 12431
1762 12432
1760 1761
1759 12435
1758 12436
1757 12437
1755 1756
1754 12440
1753 12441
1751 1752
1750 12444
1749 12445
1747 1748
1746 12448
1745 12449
1744 11774
1742 1743
1741 11777
1740 11778
1738 1739
1737 11781
1736 11782
1734 1735
1733 11785
1732 11786
1731 11827
1729 1730
1728 11830
1727 11831
1725 1726
1724 11834
1723 11835
1721 1722
1720 11860
1719 11861
1718 11862
1716 1717
1715 11865
1714 11866
1712 1713
1711 11869
1710 11870
1708 1709
1707 11873
1706 11874
1705 11875
1703 1704
1702 11018
1701 11019
1699 1700
1698 11022
1697 11023
1696 11024
1694 1695
1693 11027
1692 11028
1690 1691
1689 12756
1688 12757
1687 12758
1686 12759
1684 1685
1683 12762
1682 12763
1680 1681
1679 12766
1678 12767
1677 13344
1675 1676
1674 13347
1673 13348
1672 13349
1670 1671
1669 13352
1668 11039
1666 1667
1665 11042
1664 11043
1663 11044
1661 1662
1660 11047
1659 11048
1657 1658
1656 12897
1655 12898
1654 12899
1652 1653
1651 12902
1650 12903
1648 1649
1647 12906
1646 12907
1645 12908
1643 1644
1642 12911
1641 12912
1640 12913
1638 1639
1637 12916
1636 12917
1634 1635
1633 12920
1632 12921
1631 12922
1629 1630
1628 12925
1627 12926
1625 1626
1624 12929
1623 12930
1622 12931
1620 1621
1619 12934
1618 12935
1617 12936
1615 1616
1614 12939
1613 12940
1611 1612
1610 12943
1609 12944
1608 12945
1606 1607
1605 13445
1604 13446
1603 13447
1601 1602
1600 13450
1599 13451
1598 13452
1597 13453
1596 13454
1594 1595
1593 13480
1592 13481
1590 1591
1589 13484
1588 13485
1587 13486
1585 1586
1584 13489
1583 13490
1582 13491
1580 1581
1579 13494
1578 13715
1576 1577
1575 13718
1574 13719
1573 13720
1571 1572
1570 13768
1569 13769
1568 13770
1566 1567
1565 13773
1564 13774
1562 1563
1561 13777
1560 13778
1559 13779
1557 1558
1556 13782
1555 11058
1554 11059
1552 1553
1551 11062
1550 11063
1549 11064
1547 1548
1546 11067
1545 11068
1544 11080
1542 1543
1541 11083
1540 11084
1539 11085
1537 1538
1536 11088
1535 11089
1534 11090
1532 1533
1531 11103
1530 11104
1529 11105
1527 1528
1526 11108
1525 11109
1524 11110
1522 1523
1521 11123
1520 11124
1519 11125
1517 1518
1516 11128
1515 11129
1514 11130
1513 11131
1512 13801
1510 1511
1509 13804
1508 13805
1507 13806
1505 1506
1504 13809
1503 13810
1502 13811
1500 1501
1499 14099
1498 14100
1497 14101
1495 1496
1494 14104
1493 14105
1491 1492
1490 14108
1489 14118
1488 14119
1486 1487
1485 14122
1484 14123
1483 14124
1481 1482
1480 14127
1479 14128
1478 14171
1476 1477
1475 14174
1474 14175
1473 14176
1471 1472
1470 14179
1469 14180
1468 14181
1466 1467
1465 14457
1464 14458
1463 14459
1461 1462
1460 14462
1459 14463
1457 1458
1456 14466
1455 14467
1454 14468
1452 1453
1451 14471
1450 14472
1449 14473
1447 1448
1446 14476
1445 14477
1444 14478
1442 1443
1441 14481
1440 14482
1439 14483
1437 1438
1436 14486
1435 14487
1434 14488
1433 14489
1431 1432
1430 14492
1429 14493
1428 14494
1426 1427
1425 14497
1424 14498
1423 14499
1421 1422
1420 14502
1419 14503
1418 14504
1416 1417
1415 14594
1414 14595
1412 1413
1411 14598
1410 14599
1409 14857
1407 1408
1406 14860
1405 14861
1404 14862
1402 1403
1401 14865
1400 14866
1399 14867
1397 1398
1396 14870
1395 14871
1394 14644
1392 1393
1391 14647
1390 14648
1389 14649
1387 1388
1386 14652
1385 14653
1384 14654
1382 1383
1381 14657
1380 14658
1379 14659
1377 1378
1376 14965
1375 14966
1374 14967
1372 1373
1371 14970
1370 14971
1369 14972
1367 1368
1366 14975
1365 14976
1364 14977
1363 14978
1362 14979
1361 14917
1360 14918
1359 14919
1357 1358
1356 14922
1355 14923
1354 14924
1352 1353
1351 14927
1350 14928
1349 14929
1347 1348
1346 14932
1345 14933
1343 1344
1342 11144
1341 11145
1340 11146
1338 1339
1337 11149
1336 11150
1335 11151
1333 1334
1332 15029
1331 15030
1330 15031
1328 1329
1327 15034
1326 15035
1325 15036
1323 1324
1322 15039
1321 15183
1320 15184
1318 1319
1317 15187
1316 15188
1315 15189
1313 1314
1312 15192
1311 15153
1309 1310
1308 15156
1307 15157
1306 15158
1304 1305
1303 15161
1302 15162
1301 15163
1299 1300
1298 15082
1297 15083
1296 15084
1294 1295
1293 15087
1292 15088
1291 15089
1290 15090
1288 1289
1287 15116
1286 15117
1285 15118
1283 1284
1282 15121
1281 15122
1279 1280
1278 15427
1277 15428
1276 15429
1274 1275
1273 15432
1272 15433
1270 1271
1269 15436
1268 15437
1267 15438
1265 1266
1264 15441
1263 15442
1261 1262
1260 15445
1259 15492
1258 15493
1256 1257
1255 15496
1254 15497
1252 1253
1251 15500
1250 15501
1249 15502
1247 1248
1246 15505
1245 15506
1243 1244
1242 15509
1241 15510
1240 15511
1238 1239
1237 15744
1236 15745
1234 1235
1233 15748
1232 15749
1231 15750
1229 1230
1228 15715
1227 15716
1226 15717
1225 15718
1223 1224
1222 15721
1221 15722
1219 1220
1218 15725
1217 15801
1215 1216
1214 15804
1213 15805
1211 1212
1210 15808
1209 15809
1207 1208
1206 11164
1205 11165
1203 1204
1202 11168
1201 11169
1199 1200
1198 15902
1197 15903
1195 1196
1194 15906
1193 15907
1191 1192
1190 15910
1189 15911
1187 1188
1186 15969
1185 15970
1183 1184
1182 15973
1181 15974
1179 1180
1178 15977
1177 15978
1175 1176
1174 15939
1173 15940
1171 1172
1170 15943
1169 15944
1167 1168
1166 15947
1165 15948
1164 16018
1163 16019
1162 16020
1160 1161
1159 16023
1157 1158
1156 16026
1155 16027
1153 1154
1152 16061
1150 1151
1149 16064
1148 16065
1146 1147
1145 16068
1143 1144
1142 16124
1141 16125
1139 1140
1138 16128
1136 1137
1135 16131
1133 1134
1132 16134
1131 16135
1129 1130
1128 16138
1126 1127
1125 16141
1124 16142
1122 1123
1121 16145
1119 1120
1118 16428
1116 1117
1115 16431
1114 16432
1112 1113
1111 16435
1109 1110
1108 16438
1107 16439
1105 1106
1104 16442
1102 1103
1101 16445
1100 16446
1098 1099
1097 16449
1095 1096
1094 16452
1092 1093
1091 16455
1090 16311
1088 1089
1087 16314
1085 1086
1084 16317
1082 1083
1081 16320
1079 1080
1078 16323
1076 1077
1075 16326
1073 1074
1072 16483
1070 1071
1069 16486
1067 1068
1066 16489
1065 16490
1063 1064
1062 16493
1060 1061
1059 16496
1057 1058
1056 16993
1054 1055
1053 16996
1051 1052
1050 16999
1048 1049
1047 16613
1045 1046
1044 16616
1042 1043
1041 16619
1040 16620
1038 1039
1037 16623
1035 1036
1034 16626
1032 1033
1031 16629
1029 1030
1027 1028
1026 16634
1024 1025
1023 16637
1021 1022
1020 16640
1018 1019
1017 16643
1015 1016
1014 16646
1012 1013
1011 16649
1009 1010
1007 1008
1006 17118
1004 1005
1003 17121
1001 1002
1000 17124
998 999
997 17127
995 996
994 17130
992 993
990 991
989 17224
987 988
986 17227
984 985
983 17208
981 982
980 17211
978 979
976 977
975 17192
973 974
971 972
970 17175
968 969
966 967
965 17346
963 964
961 962
960 17351
958 959
956 957
955 17356
953 954
951 952
950 17361
948 949
946 947
945 17366
943 944
942 17369
940 941
938 939
937 17374
935 936
934 17432
932 933
930 931
929 17437
928 17438
926 927
925 17441
923 924
922 17468
920 921
919 17471
917 918
916 17474
914 915
913 17477
911 912
910 17480
908 909
907 17483
905 906
904 17570
902 903
901 17573
899 900
898 17554
896 897
895 17557
893 894
892 11345
890 891
889 11348
888 11349
886 887
885 11352
884 11353
881 17540
880 17541
878 879
877 17544
876 17545
875 17546
873 874
872 17549
871 17550
869 870
868 17553
867 17576
865 866
864 17579
863 17580
861 862
860 17583
858 859
857 17456
856 17457
854 855
853 17460
852 17461
850 851
849 17464
848 17465
846 847
845 17444
843 844
842 17447
841 17448
840 17449
838 839
837 17452
836 17453
834 835
833 17379
831 832
830 17382
829 17383
827 828
826 17386
824 825
823 17155
821 822
820 17158
818 819
817 17161
815 816
814 17164
813 17165
811 812
810 17168
808 809
807 17171
805 806
804 17174
802 803
801 17199
800 17200
798 799
797 17203
795 796
794 17206
793 17207
792 17230
790 791
789 17233
788 17234
786 787
785 17105
784 17106
782 783
781 17109
780 17110
778 779
777 17113
776 17114
774 775
773 17117
772 16654
770 771
769 16657
768 16658
766 767
765 16661
764 16662
762 763
761 16958
760 16959
758 759
757 16962
756 16963
754 755
753 16966
752 16967
750 751
749 16970
748 16971
746 747
745 16974
744 16975
743 16976
742 16977
741 16978
739 740
738 16981
737 16982
735 736
734 16985
733 16986
731 732
730 16989
729 16990
728 16497
726 727
725 16500
724 16501
722 723
721 16504
720 16505
718 719
717 16508
716 16509
715 16510
713 714
712 16298
711 16299
709 710
708 16302
707 16303
706 16304
704 705
703 16307
702 16308
700 701
699 16456
698 16457
697 16458
695 696
694 16461
693 16462
692 16463
691 16413
690 16414
689 16415
688 16416
687 16417
685 686
684 16420
683 16421
682 16422
680 681
679 16425
678 16426
677 16427
675 676
674 16150
673 16151
672 16152
671 16153
669 670
668 16156
667 16040
666 16041
664 665
663 16044
662 16045
661 16046
659 660
658 16049
657 16050
656 16051
655 16052
653 654
652 16055
651 16056
650 16057
648 649
647 16060
646 16030
645 16031
644 16032
642 643
641 16035
640 16036
639 16037
638 16038
637 16039
636 15949
634 635
633 15952
632 15953
631 15954
630 15955
628 629
627 15958
626 15959
625 15960
624 15961
623 15962
621 622
620 15965
619 15966
618 15967
617 15968
616 15914
615 15915
613 614
612 15918
611 15919
610 15920
609 15921
608 15922
606 607
605 11466
604 11467
603 11468
602 11469
601 11470
600 11471
598 599
597 11474
596 15795
595 15796
594 15797
593 15798
592 15799
591 15800
589 590
588 15728
587 15729
586 15730
585 15731
584 15732
583 15733
582 15734
581 15735
580 15736
579 15737
577 578
576 15740
575 15741
574 15742
573 15743
572 15514
571 15515
570 15516
569 15517
567 568
566 15520
565 15521
564 15702
563 15703
562 15704
561 15705
560 15706
559 15707
557 558
556 15710
555 15711
554 15712
553 15446
552 15447
551 15448
550 15449
549 15450
548 15451
546 547
545 15454
544 15455
543 15456
542 15457
541 15101
540 15102
539 15103
538 15104
537 15105
535 536
534 15108
533 15109
532 15110
531 15111
530 15112
529 15113
528 15091
527 15092
526 15093
525 15094
523 524
522 15097
521 15098
520 15099
519 15100
518 15164
517 15165
516 15166
515 15167
514 15168
513 15169
511 512
510 15172
509 15173
508 15174
507 15175
506 15176
505 15177
504 15178
503 15179
502 15180
500 501
499 15040
498 15041
497 15042
496 15043
495 15044
494 15045
493 15046
492 15047
491 15048
490 15049
488 489
487 15052
486 15053
485 15054
484 15055
483 15056
482 14900
481 14901
480 14902
479 14903
478 14904
476 477
475 14907
474 14908
473 14909
472 14910
471 14911
470 14912
469 14913
468 14914
467 14915
466 14916
465 14980
464 14981
463 14982
462 14983
461 14984
460 14985
459 14986
458 14987
457 14988
456 14989
454 455
453 14992
452 14993
451 14994
450 14995
449 14631
448 14632
447 14633
446 14634
445 14635
444 14636
442 443
441 14639
440 14640
439 14641
438 14642
437 14643
436 14872
435 14873
434 14874
433 14875
432 14876
430 431
429 14879
428 14583
427 14584
426 14585
425 14586
424 14587
423 14588
422 14589
421 14590
419 420
418 14593
417 14507
416 14508
415 14509
414 14510
413 14511
412 14512
411 14513
409 410
408 14516
407 14517
406 14518
405 14519
404 14520
403 14521
402 14522
401 14523
400 14524
399 14525
398 14526
396 397
395 14529
394 14139
393 14140
392 14141
391 14142
390 14143
389 14144
388 14145
386 387
385 14148
384 14149
383 14150
382 14151
381 14152
380 14153
379 14154
377 378
376 14157
375 14158
374 14159
373 14160
372 14161
371 14162
370 14163
369 14164
367 368
366 14167
365 14168
364 14169
363 14170
362 14129
361 14130
360 14131
359 14132
357 358
356 14135
355 14136
354 14137
353 14138
352 14109
351 14110
350 14111
348 349
347 14114
346 14115
345 14116
344 14117
343 13814
342 13815
341 13816
340 13817
338 339
337 13820
336 13821
335 13822
334 13823
333 13824
332 13825
331 13826
330 13827
328 329
327 13830
326 13831
325 13832
324 13833
323 13834
322 13835
321 13836
319 320
318 13839
317 13840
316 13841
315 13842
314 13843
313 11443
312 11444
310 311
309 11447
308 11448
307 11449
306 11450
305 11451
304 11452
303 11453
301 302
300 11423
299 11424
298 11425
297 11426
296 11427
295 11428
294 11429
292 293
291 13753
290 13754
289 13755
288 13756
287 13757
286 13758
284 285
283 13761
282 13762
281 13763
280 13764
279 13765
278 13721
276 277
275 13724
274 13725
273 13726
272 13727
271 13728
270 13465
268 269
267 13468
266 13469
265 13470
264 13471
263 13472
261 262
260 13475
259 13476
258 13477
257 13455
256 13456
255 13457
254 13458
253 13459
252 13460
250 251
249 13463
248 13464
247 12948
246 12949
245 12950
244 12951
242 243
241 12954
240 12955
239 12956
238 12957
237 12958
235 236
234 12961
233 12962
232 12963
231 12964
230 12965
228 229
227 12968
226 12969
225 12970
224 12971
223 12972
221 222
220 12975
219 12976
218 12977
217 12978
216 12979
215 12980
213 214
212 12983
211 12984
210 12985
209 12986
208 12987
206 207
205 12990
204 12991
203 12992
202 12993
201 12994
199 200
198 13328
197 13329
196 13330
195 13331
194 13332
192 193
191 13335
190 13336
189 13337
188 13338
187 13339
185 186
184 13342
183 13343
182 12768
181 12769
180 12770
178 179
177 12773
176 12774
175 12775
174 12776
173 12777
172 12778
171 12779
169 170
168 12782
167 12783
166 11401
165 11402
164 11403
162 163
161 11406
160 11407
159 11408
158 11409
156 157
155 11847
154 11848
153 11849
152 11850
151 11851
149 150
148 11854
147 11855
146 11856
145 11857
143 144
142 11838
141 11839
140 11840
139 11841
137 138
136 11844
135 11845
134 11846
133 11787
132 11788
130 131
129 11791
128 11792
127 11793
126 11794
124 125
123 11797
122 12316
121 12317
120 12318
118 119
117 12321
116 12322
115 12323
114 12324
113 12325
111 112
110 12328
109 12329
108 12330
107 12331
105 106
104 12334
103 12335
102 12336
101 12337
100 12338
98 99
97 12341
96 12342
95 12343
94 12344
93 12345
91 92
90 12348
89 12349
88 12350
87 12351
86 12352
85 12353
84 12354
82 83
81 12357
80 12358
79 12359
78 12360
77 12361
76 12362
74 75
73 12365
72 12366
71 12367
70 12368
69 12369
68 12370
67 12371
65 66
64 12374
63 12375
62 12376
61 12377
60 12378
59 12379
58 12380
56 57
55 11490
54 11491
53 11492
52 11493
51 11494
50 11583
49 11584
47 48
46 11587
45 11588
44 11589
43 11590
42 11591
41 11592
40 11593
39 11594
37 38
36 11640
35 11641
34 11642
33 11643
32 11644
31 11645
30 11646
28 29
27 11649
26 11650
25 11651
24 11652
23 11653
22 11654
21 11655
20 11656
18 19
17 11374
16 11375
15 11376
14 11377
13 11378
12 11379
11 11380
10 11381
8 9
7 11384
6 11385
5 11386
4 11387
3 11388
2 11389
1 11390
