8699 16715
8698 16716
8697 16717
8696 16718
8695 16719
8694 16720
8693 16721
8692 16722
8691 16723
8690 16724
8689 16725
8688 16726
8687 16727
8686 16728
8685 16729
8684 16730
8683 16731
8682 16732
8681 16733
8680 16734
8679 16891
8678 16892
8677 16893
8676 16894
8675 16895
8674 16896
8673 16897
8672 16898
8671 16071
8670 16072
8669 16073
8668 16074
8667 16075
8666 16076
8665 16077
8664 16078
8663 16079
8662 16080
8661 16081
8660 16082
8659 16083
8658 16084
8657 16085
8656 16086
8655 16087
8654 16088
8653 16089
8652 16090
8651 16091
8650 16092
8649 16093
8648 16521
8647 16522
8646 16523
8645 16524
8644 16525
8643 16526
8642 16527
8641 16528
8640 16259
8639 16260
8638 16261
8637 16262
8636 16263
8635 16264
8634 16265
8633 16266
8632 16267
8631 16268
8630 16269
8629 16270
8628 16271
8627 16272
8626 16273
8625 16274
8624 16275
8623 16276
8622 16277
8621 16278
8620 16279
8619 16280
8618 16281
8617 16282
8616 16283
8615 16284
8614 16285
8613 16286
8612 16287
8611 16288
8610 16289
8609 16290
8608 16291
8607 16292
8606 16293
8605 16294
8604 15675
8603 15676
8602 15677
8601 15678
8600 15679
8599 15680
8598 15681
8597 15682
8596 14636
8595 14637
8594 14638
8593 14639
8592 14640
8591 14641
8590 14642
8589 14643
8588 14644
8587 14645
8586 14646
8585 14647
8584 14648
8583 14649
8582 14650
8581 14651
8580 14652
8579 14653
8578 14654
8577 14655
8576 14656
8575 14657
8574 14658
8573 15611
8572 15612
8571 15613
8570 15614
8569 15615
8568 15616
8567 15617
8566 15618
8565 14824
8564 14825
8563 14826
8562 14827
8561 14828
8560 14829
8559 14830
8558 14831
8557 14832
8556 14833
8555 14834
8554 14835
8553 14836
8552 14837
8551 14838
8550 14839
8549 14840
8548 14841
8547 14842
8546 14843
8545 14844
8544 14845
8543 14846
8542 14847
8541 14848
8540 14849
8539 14850
8538 14851
8537 14852
8536 14853
8535 14854
8534 14855
8533 14856
8532 14857
8531 14858
8530 14859
8529 14860
8528 14861
8527 14862
8526 14863
8525 14864
8524 14865
8523 14866
8522 14867
8521 15407
8520 15408
8519 15409
8518 15410
8517 15411
8516 15412
8515 15413
8514 15414
8513 15415
8512 15416
8511 15417
8510 15418
8509 15419
8508 15420
8507 15421
8506 15422
8505 15423
8504 15424
8503 15425
8502 15426
8501 15427
8500 15428
8499 15429
8498 15156
8497 15157
8496 15158
8495 15159
8494 15160
8493 15161
8492 15162
8491 15163
8490 12454
8489 12455
8488 12456
8487 12457
8486 12458
8485 12459
8484 12460
8483 12461
8482 12462
8481 12463
8480 12464
8479 12465
8478 12466
8477 12467
8476 12468
8475 12469
8474 12470
8473 12471
8472 12472
8471 12473
8470 12474
8469 12475
8468 12476
8467 12477
8466 12478
8465 12479
8464 12480
8463 12481
8462 12482
8461 12483
8460 12484
8459 12485
8458 12486
8457 12487
8456 12488
8455 12489
8454 12490
8453 12491
8452 12492
8451 12493
8450 12494
8449 12495
8448 12496
8447 12497
8446 12563
8445 12564
8444 12565
8443 12566
8442 12567
8441 12568
8440 12569
8439 12570
8438 12571
8437 12572
8436 12573
8435 12574
8434 12575
8433 12576
8432 12577
8431 12578
8430 12579
8429 12580
8428 12581
8427 12582
8426 12583
8425 12584
8424 12585
8423 14238
8422 14239
8421 14240
8420 14241
8419 14242
8418 14243
8417 14244
8416 14245
8415 12804
8414 12805
8413 12806
8412 12807
8411 12808
8410 12809
8409 12810
8408 12811
8407 12812
8406 12813
8405 12814
8404 12815
8403 12816
8402 12817
8401 12818
8400 12819
8399 12820
8398 12821
8397 12822
8396 12823
8395 12824
8394 12825
8393 12826
8392 12827
8391 12828
8390 12829
8389 12830
8388 12831
8387 12832
8386 12833
8385 12834
8384 12835
8383 12836
8382 12837
8381 12838
8380 12839
8379 12840
8378 12841
8377 12842
8376 12843
8375 12844
8374 12845
8373 12846
8372 12907
8371 12908
8370 12909
8369 12910
8368 12911
8367 12912
8366 12913
8365 12914
8364 12915
8363 12916
8362 12917
8361 12918
8360 12919
8359 12920
8358 12921
8357 12922
8356 12923
8355 12924
8354 12925
8353 12926
8352 12927
8351 12928
8350 12929
8349 14024
8348 14025
8347 14026
8346 14027
8345 14028
8344 14029
8343 14030
8342 14031
8341 13230
8340 13231
8339 13232
8338 13233
8337 13234
8336 13235
8335 13236
8334 13237
8333 13238
8332 13239
8331 13240
8330 13241
8329 13242
8328 13243
8327 13244
8326 13245
8325 13246
8324 13247
8323 13248
8322 13249
8321 13250
8320 13251
8319 13252
8318 13253
8317 13254
8316 13255
8315 13256
8314 13257
8313 13258
8312 13259
8311 13260
8310 13261
8309 13262
8308 13263
8307 12036
8306 12037
8305 12038
8304 12039
8303 12040
8302 12041
8301 12042
8300 12043
8299 13327
8298 13328
8297 13329
8296 13330
8295 13331
8294 13332
8293 13333
8292 13334
8291 13335
8290 13336
8289 13337
8288 13338
8287 13339
8286 13340
8285 13341
8284 13342
8283 13343
8282 13344
8281 13345
8280 13346
8279 13347
8278 13348
8277 13349
8276 13720
8275 13721
8274 13722
8273 13723
8272 13724
8271 13725
8270 13726
8269 13727
8268 11855
8267 11856
8266 11857
8265 11858
8264 11859
8263 11860
8262 11861
8261 11862
8260 11863
8259 11864
8258 11865
8257 11866
8256 11867
8255 11868
8254 11869
8253 11870
8252 11871
8251 11872
8250 11873
8249 11874
8248 11875
8247 11876
8246 11877
8245 11878
8244 11879
8243 11880
8242 11881
8241 11882
8240 11883
8239 11884
8238 11885
8237 11886
8236 11887
8235 11888
8234 13666
8233 13667
8232 13668
8231 13669
8230 13670
8229 13671
8228 13672
8227 13673
8226 10898
8225 10899
8224 10900
8223 10901
8222 10902
8221 10903
8220 10904
8219 10905
8218 10906
8217 10907
8216 10908
8215 10909
8214 10910
8213 10911
8212 10912
8211 10913
8210 10914
8209 10915
8208 10916
8207 10917
8206 10918
8205 10919
8204 10920
8203 10921
8202 10922
8201 10923
8200 10924
8199 10925
8198 10926
8197 10927
8196 10928
8195 10929
8194 10930
8193 10931
8192 10932
8191 10933
8190 10934
8189 10935
8188 10936
8187 10937
8186 10938
8185 10939
8184 10992
8183 10993
8182 10994
8181 10995
8180 10996
8179 10997
8178 10998
8177 10999
8176 11000
8175 11001
8174 11002
8173 11003
8172 11004
8171 11005
8170 11006
8169 11007
8168 11008
8167 11009
8166 11010
8165 11011
8164 11012
8163 11013
8162 11014
8161 11583
8160 11584
8159 11585
8158 11586
8157 11587
8156 11588
8155 11589
8154 11590
8153 11528
8152 11529
8151 11530
8150 11531
8149 11532
8148 11533
8147 11534
8146 11535
8145 11536
8144 11537
8143 11538
8142 11539
8141 11540
8140 11541
8139 11236
8138 11237
8137 11238
8136 11239
8135 11240
8134 11241
8133 11242
8132 11243
8131 11244
8130 11245
8129 11246
8128 11247
8127 11248
8126 11249
8125 11250
8124 11251
8123 11487
8122 11488
8121 11489
8120 11490
8119 11491
8118 11492
8117 11493
8116 11494
8115 10552
8114 10553
8113 10554
8112 10555
8111 10556
8110 10557
8109 10558
8108 10559
8107 10560
8106 10561
8105 10562
8104 10563
8103 10564
8102 10565
8101 10566
8100 10567
8099 10568
8098 10569
8097 10570
8096 10571
8095 10572
8094 10573
8093 10574
8092 10575
8091 10576
8090 10577
8089 10578
8088 10441
8087 10442
8086 10443
8085 10444
8084 10445
8083 10446
8082 10447
8081 10448
8080 10449
8079 10450
8078 10451
8077 10183
8076 10184
8075 10185
8074 10186
8073 10187
8072 10188
8071 10189
8070 10190
8069 10191
8068 10192
8067 10193
8066 10194
8065 10195
8064 10196
8063 10197
8062 10198
8061 10199
8060 10200
8059 10201
8058 10202
8057 10203
8056 10204
8055 10205
8054 10206
8053 10297
8052 10298
8051 10299
8050 10300
8049 10301
8048 10302
8047 10303
8046 10304
8045 10305
8044 10306
8043 10229
8042 10230
8041 10231
8040 10232
8039 10233
8038 10234
8037 10235
8036 10236
8035 10237
8034 10238
8033 10239
8032 10240
8031 10241
8030 10242
8029 10243
8028 10244
8027 10245
8026 10246
8025 10247
8024 10248
8023 10249
8022 10250
8021 10251
8020 10252
8019 9766
8018 9767
8017 9768
8016 9769
8015 9770
8014 9771
8013 9772
8012 9773
8011 9774
8010 9775
8009 9776
8008 9777
8007 9778
8006 9779
8005 9780
8004 9781
8003 9782
8002 9783
8001 9784
8000 9785
7999 9786
7998 9787
7997 9788
7996 9789
7995 9790
7994 9791
7993 9792
7992 9793
7991 9794
7990 9795
7989 9796
7988 9617
7987 9618
7986 9619
7985 9620
7984 9621
7983 9622
7982 9623
7981 9624
7980 9625
7979 9626
7978 9627
7977 9628
7976 9629
7975 9630
7974 9681
7973 9682
7972 9683
7971 9684
7970 9685
7969 9686
7968 9687
7967 9688
7966 9689
7965 9690
7964 9691
7963 9692
7962 9693
7961 9694
7960 8871
7959 8872
7958 8873
7957 8874
7956 8875
7955 8876
7954 8877
7953 8878
7952 8879
7951 8880
7950 8881
7949 8882
7948 8883
7945 8884
7944 8885
7943 8886
7942 8887
7941 8888
7940 8889
7939 8890
7938 8891
7937 8892
7936 8893
7935 8894
7934 8895
7933 8896
7932 8897
7931 8898
7930 8899
7929 8900
7928 8901
7927 8902
7926 8903
7925 8904
7924 8905
7923 8906
7922 8907
7921 8908
7920 8909
7919 8910
7918 8911
7917 8912
7916 8913
7915 8914
7914 8915
7913 8916
7912 8917
7911 8918
7910 8919
7909 8920
7908 8921
7907 8922
7906 8923
7905 8924
7904 8925
7903 8926
7902 8927
7901 8928
7900 8929
7899 8930
7898 8931
7897 8932
7896 8933
7895 8934
7894 8935
7893 8936
7892 8937
7891 8938
7890 8939
7889 8940
7888 8941
7887 8942
7886 8943
7885 8944
7884 8945
7883 8946
7882 8947
7881 8948
7880 8949
7879 8950
7878 8951
7877 8952
7876 8953
7875 8954
7874 8955
7873 8956
7872 8957
7871 8958
7870 8959
7869 8960
7868 8961
7867 8962
7866 8963
7865 8964
7864 8965
7863 8966
7862 8967
7861 8968
7860 8969
7859 8970
7858 8971
7857 8972
7856 8973
7855 8974
7854 8975
7853 8976
7852 8977
7851 8978
7850 8979
7849 8980
7848 8981
7847 8982
7846 8983
7845 8984
7844 8985
7843 8986
7842 10176
7841 10177
7840 10178
7839 10179
7838 10180
7837 10181
7836 10182
7835 10452
7834 10453
7833 10454
7832 10455
7831 10456
7830 10457
7829 10458
7828 10459
7827 10411
7826 10412
7825 10413
7824 10414
7823 10415
7822 10416
7821 10417
7820 10418
7819 10419
7818 10420
7817 10421
7816 10422
7815 10423
7814 10424
7813 10425
7812 10426
7811 10545
7810 10546
7809 10547
7808 10548
7807 10549
7806 10550
7805 10551
7804 11495
7803 11496
7802 11497
7801 11498
7800 11499
7799 11500
7798 11501
7797 11502
7796 11503
7795 11504
7794 11505
7793 11506
7792 11507
7791 11508
7790 11509
7789 11510
7788 11511
7787 11512
7786 11513
7785 11514
7784 11515
7783 11516
7782 11517
7781 11518
7780 11519
7779 11520
7778 11521
7777 11522
7776 11523
7775 11524
7774 11525
7773 11526
7772 11527
7771 11591
7770 11592
7769 11593
7768 11594
7767 11595
7766 11596
7765 11597
7764 11598
7763 11599
7762 11600
7761 11601
7760 11602
7759 11603
7758 11604
7757 11605
7756 11606
7755 11607
7754 11608
7753 11609
7752 11610
7751 11611
7750 11612
7749 11613
7748 11614
7747 10984
7746 10985
7745 10986
7744 10987
7743 10988
7742 10989
7741 10990
7740 10991
7739 10940
7738 10941
7737 10942
7736 10943
7735 10944
7734 10945
7733 10946
7732 10947
7731 11714
7730 11715
7729 11716
7728 11717
7727 11718
7726 11719
7725 11720
7724 11721
7723 11722
7722 11723
7721 11724
7720 11725
7719 11726
7718 11727
7717 11728
7716 11729
7715 11730
7714 11731
7713 11732
7712 11733
7711 11734
7710 11735
7709 10891
7708 10892
7707 10893
7706 10894
7705 10895
7704 10896
7703 10897
7702 13674
7701 13675
7700 13676
7699 13677
7698 13678
7697 13679
7696 13680
7695 13681
7694 13682
7693 13683
7692 13684
7691 13685
7690 13686
7689 13687
7688 13688
7687 13689
7686 13690
7685 13691
7684 13692
7683 13693
7682 13694
7681 13695
7680 13696
7679 13697
7678 13698
7677 13699
7676 13700
7675 13701
7674 11843
7673 11844
7672 11845
7671 11846
7670 11847
7669 11848
7668 11849
7667 11850
7666 11851
7665 11852
7664 11853
7663 11854
7662 13728
7661 13729
7660 13730
7659 13731
7658 13732
7657 13733
7656 13734
7655 13735
7654 13736
7653 13737
7652 13738
7651 13739
7650 13740
7649 13741
7648 13742
7647 13743
7646 13744
7645 13745
7644 13746
7643 13747
7642 13748
7641 13749
7640 13750
7639 13751
7638 13319
7637 13320
7636 13321
7635 13322
7634 13323
7633 13324
7632 13325
7631 13326
7630 12044
7629 12045
7628 12046
7627 12047
7626 12048
7625 12049
7624 12050
7623 12051
7622 12052
7621 12053
7620 12054
7619 12055
7618 12056
7617 12057
7616 12058
7615 12059
7614 12060
7613 12061
7612 12062
7611 13273
7610 13274
7609 13275
7608 13276
7607 13277
7606 13278
7605 13279
7604 13280
7603 13281
7602 13282
7601 13283
7600 13284
7599 13285
7598 13223
7597 13224
7596 13225
7595 13226
7594 13227
7593 13228
7592 13229
7591 14032
7590 14033
7589 14034
7588 14035
7587 14036
7586 14037
7585 14038
7584 14039
7583 14040
7582 14041
7581 14042
7580 14043
7579 14044
7578 14045
7577 14046
7576 14047
7575 14048
7574 14049
7573 14050
7572 14051
7571 14052
7570 14053
7569 14054
7568 14055
7567 12899
7566 12900
7565 12901
7564 12902
7563 12903
7562 12904
7561 12905
7560 12906
7559 12847
7558 12848
7557 12849
7556 12850
7555 12851
7554 12852
7553 12853
7552 12854
7551 12855
7550 12856
7549 12857
7548 12858
7547 12859
7546 12860
7545 12861
7544 13065
7543 13066
7542 13067
7541 13068
7540 13069
7539 13070
7538 13071
7537 13072
7536 13073
7535 13074
7534 13075
7533 13076
7532 13077
7531 13078
7530 13079
7529 13080
7528 13081
7527 13082
7526 13083
7525 13084
7524 12797
7523 12798
7522 12799
7521 12800
7520 12801
7519 12802
7518 12803
7517 14246
7516 14247
7515 14248
7514 14249
7513 14250
7512 14251
7511 14252
7510 14253
7509 14254
7508 14255
7507 14256
7506 14257
7505 14258
7504 14259
7503 14260
7502 14261
7501 14262
7500 14263
7499 14264
7498 14265
7497 14266
7496 14267
7495 14268
7494 14269
7493 12555
7492 12556
7491 12557
7490 12558
7489 12559
7488 12560
7487 12561
7486 12562
7485 12498
7484 12499
7483 12500
7482 12501
7481 12502
7480 12503
7479 12504
7478 12505
7477 12506
7476 12507
7475 12508
7474 12509
7473 12510
7472 12511
7471 12244
7470 12245
7469 12246
7468 12247
7467 12248
7466 12249
7465 12250
7464 12251
7463 12252
7462 12253
7461 12254
7460 12255
7459 12256
7458 12257
7457 12258
7456 12259
7455 12260
7454 12261
7453 12262
7452 12263
7451 12264
7450 12265
7449 12266
7448 12267
7447 12447
7446 12448
7445 12449
7444 12450
7443 12451
7442 12452
7441 12453
7440 15164
7439 15165
7438 15166
7437 15167
7436 15168
7435 15169
7434 15170
7433 15171
7432 15172
7431 15173
7430 15174
7429 15175
7428 15176
7427 15177
7426 15178
7425 15179
7424 15180
7423 15181
7422 15182
7421 15183
7420 15184
7419 15185
7418 15186
7417 15187
7416 15399
7415 15400
7414 15401
7413 15402
7412 15403
7411 15404
7410 15405
7409 15406
7408 14868
7407 14869
7406 14870
7405 14871
7404 14872
7403 14873
7402 14874
7401 14875
7400 14876
7399 14877
7398 14878
7397 14879
7396 14880
7395 14881
7394 14882
7393 14883
7392 14884
7391 14885
7390 14886
7389 14887
7388 14888
7387 14889
7386 14890
7385 14891
7384 14892
7383 14893
7382 14894
7381 14895
7380 14896
7379 14897
7378 14898
7377 14899
7376 14900
7375 14901
7374 14902
7373 14903
7372 14904
7371 14905
7370 14817
7369 14818
7368 14819
7367 14820
7366 14821
7365 14822
7364 14823
7363 15619
7362 15620
7361 15621
7360 15622
7359 15623
7358 15624
7357 15625
7356 15626
7355 15627
7354 15628
7353 15629
7352 15630
7351 15631
7350 15632
7349 15633
7348 15634
7347 15635
7346 15636
7345 15637
7344 15638
7343 15639
7342 15640
7341 15641
7340 15642
7339 14628
7338 14629
7337 14630
7336 14631
7335 14632
7334 14633
7333 14634
7332 14635
7331 15683
7330 15684
7329 15685
7328 15686
7327 15687
7326 15688
7325 15689
7324 15690
7323 15691
7322 15692
7321 15693
7320 15694
7319 15695
7318 15696
7317 15697
7316 15698
7315 15699
7314 15700
7313 15701
7312 15702
7311 15703
7310 14517
7309 14518
7308 14519
7307 14520
7306 14521
7305 14522
7304 14523
7303 14524
7302 14525
7301 14526
7300 14527
7299 14528
7298 14529
7297 14530
7296 14531
7295 14532
7294 14533
7293 14534
7292 14535
7291 16252
7290 16253
7289 16254
7288 16255
7287 16256
7286 16257
7285 16258
7284 16529
7283 16530
7282 16531
7281 16532
7280 16533
7279 16534
7278 16535
7277 16536
7276 16537
7275 16538
7274 16539
7273 16540
7272 16541
7271 16542
7270 16543
7269 16544
7268 16545
7267 16546
7266 16547
7265 16548
7264 16549
7263 16550
7262 16551
7261 16552
7260 16063
7259 16064
7258 16065
7257 16066
7256 16067
7255 16068
7254 16069
7253 16070
7252 16899
7251 16900
7250 16901
7249 16902
7248 16903
7247 16904
7246 16905
7245 16906
7244 16907
7243 16908
7242 16909
7241 16910
7240 16911
7239 16912
7238 16913
7237 16914
7236 16915
7235 16916
7234 16917
7233 16918
7232 16919
7231 16920
7230 16921
7229 16922
7228 16923
7227 16924
7226 16925
7225 16926
7224 16927
7223 16928
7222 16929
7221 16930
7220 16931
7219 16932
7218 16933
7217 16934
7216 16935
7215 16936
7214 16937
7213 16938
7212 16691
7211 16692
7210 16693
7209 16694
7208 16695
7207 16696
7206 16697
7205 16698
7204 16995
7203 16996
7202 16997
7201 16998
7200 16999
7199 17000
7198 17001
7197 17002
7196 17003
7195 17004
7194 17005
7193 17006
7192 17007
7191 17008
7190 17009
7189 17010
7188 17011
7187 17012
7186 17013
7185 17014
7184 17015
7183 17016
7182 17017
7181 17018
7180 15811
7179 15812
7178 15813
7177 15814
7176 15815
7175 15816
7174 15817
7173 15818
7172 17185
7171 17186
7170 17187
7169 17188
7168 17189
7167 17190
7166 17191
7165 17192
7164 17193
7163 17194
7162 17195
7161 17196
7160 17197
7159 17198
7158 17199
7157 17200
7156 17201
7155 17202
7154 17203
7153 17204
7152 17205
7151 17206
7150 17207
7149 17306
7148 17307
7147 17308
7146 17309
7145 17310
7142 17301
7141 17302
7140 17303
7139 17304
7138 17305
7137 17208
7136 17209
7135 17210
7134 17211
7133 17212
7132 17213
7131 17214
7130 17215
7129 17335
7128 17336
7127 17337
7126 17338
7125 17339
7124 17340
7123 17341
7122 17342
7121 15796
7120 15797
7119 15798
7118 15799
7117 15800
7116 15801
7115 15802
7114 15803
7113 15804
7112 15805
7111 15806
7110 15807
7109 15808
7108 15809
7107 15810
7106 17019
7105 17020
7104 17021
7103 17022
7102 17023
7101 17024
7100 17025
7099 17026
7098 15850
7097 15851
7096 15852
7095 15853
7094 15854
7093 15855
7092 15856
7091 15857
7090 16675
7089 16676
7088 16677
7087 16678
7086 16679
7085 16680
7084 16681
7083 16682
7082 16683
7081 16684
7080 16685
7079 16686
7078 16687
7077 16688
7076 16689
7075 16690
7074 16939
7073 16940
7072 16941
7071 16942
7070 16943
7069 16944
7068 16945
7067 16946
7066 16947
7065 16948
7064 16949
7063 16950
7062 16951
7061 16952
7060 16953
7059 16954
7058 16955
7057 16956
7056 16743
7055 16744
7054 16745
7053 16746
7052 16747
7051 16748
7050 16749
7049 16750
7048 16048
7047 16049
7046 16050
7045 16051
7044 16052
7043 16053
7042 16054
7041 16055
7040 16056
7039 16057
7038 16058
7037 16059
7036 16060
7035 16061
7034 16062
7033 16553
7032 16554
7031 16555
7030 16556
7029 16557
7028 16558
7027 16559
7026 16560
7025 16102
7024 16103
7023 16104
7022 16105
7021 16106
7020 16107
7019 16108
7018 16109
7017 16236
7016 16237
7015 16238
7014 16239
7013 16240
7012 16241
7011 16242
7010 16243
7009 16244
7008 16245
7007 16246
7006 16247
7005 16248
7004 16249
7003 16250
7002 16251
7001 14536
7000 14537
6999 14538
6998 14539
6997 14540
6996 14541
6995 14542
6994 14543
6993 14544
6992 14545
6991 14546
6990 14547
6989 14548
6988 14549
6987 14550
6986 14551
6985 14552
6984 14553
6983 14554
6982 14555
6981 14556
6980 14557
6979 14558
6978 14559
6977 14560
6976 14561
6975 14613
6974 14614
6973 14615
6972 14616
6971 14617
6970 14618
6969 14619
6968 14620
6967 14621
6966 14622
6965 14623
6964 14624
6963 14625
6962 14626
6961 14627
6960 15643
6959 15644
6958 15645
6957 15646
6956 15647
6955 15648
6954 15649
6953 15650
6952 14667
6951 14668
6950 14669
6949 14670
6948 14671
6947 14672
6946 14673
6945 14674
6944 14801
6943 14802
6942 14803
6941 14804
6940 14805
6939 14806
6938 14807
6937 14808
6936 14809
6935 14810
6934 14811
6933 14812
6932 14813
6931 14814
6930 14815
6929 14816
6928 14906
6927 14907
6926 14908
6925 14909
6924 14910
6923 14911
6922 14912
6921 14913
6920 15368
6919 15369
6918 15370
6917 15371
6916 15372
6915 15373
6914 15374
6913 15375
6912 15376
6911 15377
6910 15378
6909 15379
6908 15380
6907 15381
6906 15382
6905 15383
6904 15384
6903 15385
6902 15386
6901 15387
6900 15388
6899 15389
6898 15390
6897 15391
6896 15392
6895 15393
6894 15394
6893 15395
6892 15396
6891 15397
6890 15398
6889 15188
6888 15189
6887 15190
6886 15191
6885 15192
6884 15193
6883 15194
6882 15195
6881 15438
6880 15439
6879 15440
6878 15441
6877 15442
6876 15443
6875 15444
6874 15445
6873 14403
6872 14404
6871 14405
6870 14406
6869 14407
6868 14408
6867 14409
6866 14410
6865 14411
6864 14412
6863 14413
6862 14414
6861 14415
6860 14416
6859 14417
6858 14418
6857 12268
6856 12269
6855 12270
6854 12271
6853 12272
6852 12273
6851 12274
6850 12275
6849 12524
6848 12525
6847 12526
6846 12527
6845 12528
6844 12529
6843 12530
6842 12531
6841 12532
6840 12533
6839 12534
6838 12535
6837 12536
6836 12537
6835 12538
6834 12539
6833 12540
6832 12541
6831 12542
6830 12543
6829 12544
6828 12545
6827 12546
6826 12547
6825 12548
6824 12549
6823 12550
6822 12551
6821 12552
6820 12553
6819 12554
6818 14270
6817 14271
6816 14272
6815 14273
6814 14274
6813 14275
6812 14276
6811 14277
6810 12594
6809 12595
6808 12596
6807 12597
6806 12598
6805 12599
6804 12600
6803 12601
6802 12781
6801 12782
6800 12783
6799 12784
6798 12785
6797 12786
6796 12787
6795 12788
6794 12789
6793 12790
6792 12791
6791 12792
6790 12793
6789 12794
6788 12795
6787 12796
6786 13085
6785 13086
6784 13087
6783 13088
6782 13089
6781 13090
6780 13091
6779 13092
6778 12871
6777 12872
6776 12873
6775 12874
6774 12875
6773 12876
6772 12877
6771 12878
6770 12879
6769 12880
6768 12881
6767 12882
6766 12883
6765 12884
6764 12885
6763 12886
6762 12887
6761 12888
6760 12889
6759 12890
6758 12891
6757 12892
6756 12893
6755 12894
6754 12895
6753 12896
6752 12897
6751 12898
6750 14056
6749 14057
6748 14058
6747 14059
6746 14060
6745 14061
6744 14062
6743 14063
6742 12938
6741 12939
6740 12940
6739 12941
6738 12942
6737 12943
6736 12944
6735 12945
6734 13207
6733 13208
6732 13209
6731 13210
6730 13211
6729 13212
6728 13213
6727 13214
6726 13215
6725 13216
6724 13217
6723 13218
6722 13219
6721 13220
6720 13221
6719 13222
6718 13286
6717 13287
6716 13288
6715 13289
6714 13290
6713 13291
6712 13292
6711 13293
6710 13294
6709 13295
6708 13296
6707 13297
6706 13298
6705 13299
6704 13300
6703 13301
6702 13302
6701 13303
6700 13304
6699 13305
6698 13306
6697 13307
6696 13308
6695 13309
6694 13310
6693 13311
6692 13312
6691 13313
6690 13314
6689 13315
6688 13316
6687 13317
6686 13318
6685 13752
6684 13753
6683 13754
6682 13755
6681 13756
6680 13757
6679 13758
6678 13759
6677 13358
6676 13359
6675 13360
6674 13361
6673 13362
6672 13363
6671 13364
6670 13365
6669 11933
6668 11934
6667 11935
6666 11936
6665 11937
6664 11938
6663 11939
6662 11940
6661 11941
6660 11942
6659 11943
6658 11944
6657 11945
6656 11946
6655 11947
6654 11948
6653 11949
6652 11950
6651 11951
6650 11952
6649 11953
6648 11954
6647 11955
6646 11956
6645 11957
6644 11958
6643 11897
6642 11898
6641 11899
6640 11900
6639 11901
6638 11902
6637 11903
6636 11904
6635 10875
6634 10876
6633 10877
6632 10878
6631 10879
6630 10880
6629 10881
6628 10882
6627 10883
6626 10884
6625 10885
6624 10886
6623 10887
6622 10888
6621 10889
6620 10890
6619 11736
6618 11737
6617 11738
6616 11739
6615 11740
6614 11741
6613 11742
6612 11743
6611 10961
6610 10962
6609 10963
6608 10964
6607 10965
6606 10966
6605 10967
6604 10968
6603 10969
6602 10970
6601 10971
6600 10972
6599 10973
6598 10974
6597 10975
6596 10976
6595 10977
6594 10978
6593 10979
6592 10980
6591 10981
6590 10982
6589 10983
6588 11615
6587 11616
6586 11617
6585 11618
6584 11619
6583 11620
6582 11621
6581 11622
6580 11023
6579 11024
6578 11025
6577 11026
6576 11027
6575 11028
6574 11029
6573 11030
6572 11218
6571 11219
6570 11220
6569 11221
6568 11222
6567 11223
6566 11224
6565 11225
6564 11226
6563 11227
6562 11228
6561 11229
6560 11230
6559 11231
6558 11232
6557 11233
6556 11234
6555 11235
6554 11542
6553 11543
6552 11544
6551 11545
6550 11546
6549 11547
6548 11548
6547 11549
6546 11550
6545 11551
6544 11552
6543 11553
6542 10529
6541 10530
6540 10531
6539 10532
6538 10533
6537 10534
6536 10535
6535 10536
6534 10537
6533 10538
6532 10539
6531 10540
6530 10541
6529 10542
6528 10543
6527 10544
6526 10427
6525 10428
6524 10429
6523 10430
6522 10431
6521 10432
6520 10433
6519 10434
6518 10435
6517 10436
6516 10437
6515 10438
6514 10439
6513 10440
6512 10162
6511 10163
6510 10164
6509 10165
6508 10166
6507 10167
6506 10168
6505 10169
6504 10170
6503 10171
6502 10172
6501 10173
6500 10174
6499 10175
6498 8987
6497 8988
6496 8989
6495 8990
6494 8991
6493 8992
6492 8993
6491 8994
6490 10215
6489 10216
6488 10217
6487 10218
6486 10219
6485 10220
6484 10221
6483 10222
6482 10223
6481 10224
6480 10225
6479 10226
6478 10227
6477 10228
6476 10307
6475 10308
6474 10309
6473 10310
6472 10311
6471 10312
6470 10313
6469 10314
6468 10315
6467 10316
6466 10317
6465 10318
6464 10261
6463 10262
6462 10263
6461 10264
6460 10265
6459 10266
6458 10267
6457 10268
6456 9838
6455 9839
6454 9840
6453 9841
6452 9842
6451 9843
6450 9844
6449 9845
6448 9846
6447 9847
6446 9848
6445 9849
6444 9850
6443 9851
6442 9852
6441 9853
6440 9854
6439 9805
6438 9806
6437 9807
6436 9808
6435 9809
6434 9810
6433 9811
6432 9812
6431 9669
6430 9670
6429 9671
6428 9672
6427 9673
6426 9674
6425 9675
6424 9676
6423 9677
6422 9678
6421 9679
6420 9680
6419 9631
6418 9632
6417 9633
6416 9634
6415 9635
6414 9636
6413 9637
6412 9638
6411 9639
6410 9640
6409 9641
6408 9642
6407 8743
6406 8744
6405 8745
6404 8746
6403 8747
6402 8748
6401 8749
6400 8750
6397 8731
6396 8732
6395 8733
6394 8734
6393 8735
6392 8736
6391 8737
6390 8738
6389 8739
6388 8740
6387 8741
6386 8742
6385 9643
6384 9644
6383 9645
6382 9646
6381 9647
6380 9648
6379 9649
6378 9650
6377 9651
6376 9652
6375 9653
6374 9654
6373 9655
6372 9656
6371 9657
6370 9658
6369 9659
6368 9660
6367 9661
6366 9662
6365 9663
6364 9664
6363 9665
6362 9666
6361 9667
6360 9668
6359 9813
6358 9814
6357 9815
6356 9816
6355 9817
6354 9818
6353 9819
6352 9820
6351 9821
6350 9822
6349 9823
6348 9824
6347 9825
6346 9826
6345 9827
6344 9828
6343 9829
6342 9830
6341 9831
6340 9832
6339 9833
6338 9834
6337 9835
6336 9836
6335 9837
6334 10269
6333 10270
6332 10271
6331 10272
6330 10273
6329 10274
6328 10275
6327 10276
6326 10277
6325 10278
6324 10279
6323 10280
6322 10281
6321 10282
6320 10283
6319 10284
6318 10285
6317 10286
6316 10287
6315 10334
6314 10335
6313 10336
6312 10337
6311 10338
6310 10339
6309 10340
6308 10341
6307 10342
6306 10343
6305 10344
6304 10345
6303 10346
6302 10347
6301 10348
6300 10349
6299 10350
6298 10351
6297 10352
6296 10353
6295 10354
6294 10075
6293 10076
6292 10077
6291 10078
6290 10079
6289 10080
6288 10081
6287 10082
6286 10083
6285 10084
6284 10085
6283 10043
6282 10044
6281 10045
6280 10046
6279 10047
6278 10048
6277 10049
6276 10050
6275 10051
6274 10052
6273 10053
6272 10054
6271 11457
6270 11458
6269 11459
6268 11460
6267 11461
6266 11462
6265 11463
6264 10521
6263 10522
6262 10523
6261 10524
6260 10525
6259 10526
6258 10527
6257 10528
6256 11554
6255 11555
6254 11556
6253 11557
6252 11558
6251 11559
6250 11560
6249 11561
6248 11562
6247 11563
6246 11266
6245 11267
6244 11268
6243 11269
6242 11270
6241 11271
6240 11272
6239 11210
6238 11211
6237 11212
6236 11213
6235 11214
6234 11215
6233 11216
6232 11217
6231 11031
6230 11032
6229 11033
6228 11034
6227 11035
6226 11036
6225 11037
6224 11038
6223 11039
6222 11040
6221 11041
6220 11042
6219 11043
6218 11044
6217 11045
6216 11046
6215 11704
6214 11705
6213 11706
6212 11707
6211 11708
6210 11709
6209 11710
6208 11711
6207 11712
6206 11713
6205 10704
6204 10705
6203 10706
6202 10707
6201 10708
6200 10709
6199 10710
6198 10711
6197 10712
6196 10713
6195 10714
6194 10715
6193 10716
6192 10717
6191 10718
6190 10719
6189 13636
6188 13637
6187 13638
6186 13639
6185 13640
6184 13641
6183 13642
6182 10867
6181 10868
6180 10869
6179 10870
6178 10871
6177 10872
6176 10873
6175 10874
6174 11905
6173 11906
6172 11907
6171 11908
6170 11909
6169 11910
6168 11911
6167 11912
6166 11913
6165 11914
6164 11915
6163 11916
6162 11917
6161 11918
6160 11919
6159 11920
6158 11921
6157 11922
6156 11923
6155 11924
6154 11925
6153 11926
6152 11927
6151 11928
6150 11929
6149 11930
6148 11931
6147 11932
6146 13366
6145 13367
6144 13368
6143 13369
6142 13370
6141 13371
6140 13372
6139 13373
6138 13374
6137 13375
6136 13376
6135 13377
6134 13378
6133 13379
6132 13380
6131 13381
6130 12005
6129 12006
6128 12007
6127 12008
6126 12009
6125 12010
6124 12011
6123 12012
6122 13974
6121 13975
6120 13976
6119 13977
6118 13978
6117 13979
6116 13980
6115 13981
6114 13982
6113 13983
6112 13984
6111 13985
6110 13986
6109 13987
6108 13988
6107 13989
6106 13990
6105 13991
6104 13992
6103 13993
6102 13994
6101 13995
6100 13996
6099 13997
6098 13998
6097 13999
6096 14000
6095 13199
6094 13200
6093 13201
6092 13202
6091 13203
6090 13204
6089 13205
6088 13206
6087 12946
6086 12947
6085 12948
6084 12949
6083 12950
6082 12951
6081 12952
6080 12953
6079 12954
6078 12955
6077 12956
6076 12957
6075 12958
6074 12959
6073 12960
6072 12961
6071 13030
6070 13031
6069 13032
6068 13033
6067 13034
6066 13035
6065 13036
6064 13037
6063 12209
6062 12210
6061 12211
6060 12212
6059 12213
6058 12214
6057 12215
6056 12216
6055 12217
6054 12992
6053 12993
6052 12994
6051 12995
6050 12996
6049 12997
6048 12998
6047 12999
6046 13000
6045 13001
6044 13002
6043 13003
6042 13004
6041 13005
6040 14208
6039 14209
6038 14210
6037 14211
6036 14212
6035 14213
6034 14214
6033 12773
6032 12774
6031 12775
6030 12776
6029 12777
6028 12778
6027 12779
6026 12780
6025 12602
6024 12603
6023 12604
6022 12605
6021 12606
6020 12607
6019 12608
6018 12609
6017 12610
6016 12611
6015 12612
6014 12613
6013 12614
6012 12615
6011 12616
6010 12617
6009 12414
6008 12415
6007 12416
6006 12417
6005 12418
6004 12419
6003 12420
6002 12421
6001 12361
6000 12362
5999 12363
5998 12364
5997 12365
5996 12366
5995 12367
5994 12368
5993 12369
5992 12370
5991 12371
5990 12372
5989 12373
5988 12374
5987 12375
5986 12376
5985 12377
5984 12378
5983 12379
5982 12380
5981 12381
5980 12382
5979 12383
5978 12384
5977 12385
5976 12386
5975 15126
5974 15127
5973 15128
5972 15129
5971 15130
5970 15131
5969 15132
5968 14395
5967 14396
5966 14397
5965 14398
5964 14399
5963 14400
5962 14401
5961 14402
5960 15446
5959 15447
5958 15448
5957 15449
5956 15450
5955 15451
5954 15452
5953 15453
5952 15454
5951 15455
5950 15456
5949 15457
5948 15458
5947 15459
5946 15460
5945 15461
5944 15323
5943 15324
5942 15325
5941 15326
5940 15327
5939 15328
5938 15329
5937 15330
5936 15270
5935 15271
5934 15272
5933 15273
5932 15274
5931 15275
5930 15276
5929 15277
5928 15278
5927 15279
5926 15280
5925 15281
5924 15282
5923 15283
5922 15284
5921 15285
5920 15286
5919 15287
5918 15288
5917 15289
5916 15290
5915 15291
5914 15292
5913 15293
5912 15294
5911 15295
5910 15581
5909 15582
5908 15583
5907 15584
5906 15585
5905 15586
5904 15587
5903 14793
5902 14794
5901 14795
5900 14796
5899 14797
5898 14798
5897 14799
5896 14800
5895 14675
5894 14676
5893 14677
5892 14678
5891 14679
5890 14680
5889 14681
5888 14682
5887 14683
5886 14684
5885 14685
5884 14686
5883 14687
5882 14688
5881 14689
5880 14690
5879 16347
5878 16348
5877 16349
5876 16350
5875 16351
5874 16352
5873 16353
5872 16354
5871 14605
5870 14606
5869 14607
5868 14608
5867 14609
5866 14610
5865 14611
5864 14612
5863 14562
5862 14563
5861 14564
5860 14565
5859 14566
5858 14567
5857 14568
5856 14569
5855 14570
5854 14571
5853 14572
5852 14573
5851 14574
5850 14575
5849 14576
5848 14577
5847 14578
5846 14579
5845 14580
5844 14581
5843 16491
5842 16492
5841 16493
5840 16494
5839 16495
5838 16496
5837 16497
5836 16228
5835 16229
5834 16230
5833 16231
5832 16232
5831 16233
5830 16234
5829 16235
5828 16110
5827 16111
5826 16112
5825 16113
5824 16114
5823 16115
5822 16116
5821 16117
5820 16118
5819 16119
5818 16120
5817 16121
5816 16122
5815 16123
5814 16124
5813 16125
5812 16860
5811 16861
5810 16862
5809 16863
5808 16864
5807 16865
5806 16866
5805 16867
5804 16040
5803 16041
5802 16042
5801 16043
5800 16044
5799 16045
5798 16046
5797 16047
5796 16751
5795 16752
5794 16753
5793 16754
5792 16755
5791 16756
5790 16757
5789 16758
5788 16759
5787 16760
5786 16761
5785 16762
5784 16763
5783 16764
5782 16765
5781 16766
5780 17223
5779 17224
5778 17225
5777 17226
5776 17227
5775 17228
5774 17229
5773 17230
5772 17231
5771 17232
5770 17233
5769 17234
5768 16667
5767 16668
5766 16669
5765 16670
5764 16671
5763 16672
5762 16673
5761 16674
5760 15858
5759 15859
5758 15860
5757 15861
5756 15862
5755 15863
5754 15864
5753 15865
5752 15866
5751 15867
5750 15868
5749 15869
5748 15870
5747 15871
5746 15872
5745 15873
5744 17146
5743 17147
5742 17148
5741 17149
5740 17150
5739 17151
5738 17152
5737 17153
5736 15788
5735 15789
5734 15790
5733 15791
5732 15792
5731 15793
5730 15794
5729 15795
5728 17343
5727 17344
5726 17345
5725 17346
5724 17347
5723 17348
5722 17349
5721 17350
5720 17351
5719 17352
5718 17353
5717 17354
5716 17355
5715 17356
5714 17357
5713 15709
5712 15710
5711 15711
5710 15712
5709 15713
5706 15704
5705 15705
5704 15706
5703 15707
5702 15708
5701 17358
5700 17359
5699 17360
5698 17361
5697 17362
5696 17363
5695 17364
5694 17365
5693 17123
5692 17124
5691 17125
5690 17126
5689 17127
5688 17128
5687 17129
5686 17130
5685 17131
5684 17132
5683 17133
5682 17134
5681 17135
5680 17136
5679 17137
5678 17138
5677 17139
5676 17140
5675 17141
5674 17142
5673 17143
5672 17144
5671 17145
5670 15874
5669 15875
5668 15876
5667 15877
5666 15878
5665 15879
5664 15880
5663 15881
5662 16807
5661 16808
5660 16809
5659 16810
5658 16811
5657 16812
5656 16813
5655 16814
5654 16815
5653 16816
5652 16817
5651 16818
5650 16819
5649 16820
5648 16821
5647 16822
5646 16823
5645 16824
5644 16825
5643 16826
5642 16827
5641 16828
5640 16829
5639 16830
5638 16831
5637 16832
5636 16833
5635 16834
5634 16835
5633 16836
5632 16837
5631 16838
5630 16839
5629 16840
5628 16841
5627 16842
5626 16843
5625 16844
5624 16845
5623 16846
5622 16847
5621 16848
5620 16849
5619 16850
5618 16851
5617 16852
5616 16853
5615 16854
5614 16855
5613 16856
5612 16857
5611 16858
5610 16859
5609 16126
5608 16127
5607 16128
5606 16129
5605 16130
5604 16131
5603 16132
5602 16133
5601 16467
5600 16468
5599 16469
5598 16470
5597 16471
5596 16472
5595 16473
5594 16474
5593 16475
5592 16476
5591 16477
5590 16478
5589 16479
5588 16480
5587 16481
5586 16482
5585 16483
5584 16484
5583 16485
5582 16486
5581 16487
5580 16488
5579 16489
5578 16490
5577 14582
5576 14583
5575 14584
5574 14585
5573 14586
5572 14587
5571 14588
5570 14589
5569 14590
5568 14591
5567 16328
5566 16329
5565 16330
5564 16331
5563 16332
5562 16333
5561 16334
5560 16335
5559 16336
5558 16337
5557 16338
5556 16339
5555 16340
5554 16341
5553 16342
5552 16343
5551 16344
5550 16345
5549 16346
5548 14691
5547 14692
5546 14693
5545 14694
5544 14695
5543 14696
5542 14697
5541 14698
5540 15557
5539 15558
5538 15559
5537 15560
5536 15561
5535 15562
5534 15563
5533 15564
5532 15565
5531 15566
5530 15567
5529 15568
5528 15569
5527 15570
5526 15571
5525 15572
5524 15573
5523 15574
5522 15575
5521 15576
5520 15577
5519 15578
5518 15579
5517 15580
5516 15296
5515 15297
5514 15298
5513 15299
5512 15300
5511 15301
5510 15302
5509 15303
5508 15304
5507 15305
5506 15306
5505 15307
5504 15308
5503 15309
5502 15310
5501 15311
5500 15312
5499 15313
5498 15314
5497 15315
5496 15316
5495 15317
5494 15318
5493 15319
5492 15320
5491 15321
5490 15322
5489 15462
5488 15463
5487 15464
5486 15465
5485 15466
5484 15467
5483 15468
5482 15469
5481 15102
5480 15103
5479 15104
5478 15105
5477 15106
5476 15107
5475 15108
5474 15109
5473 15110
5472 15111
5471 15112
5470 15113
5469 15114
5468 15115
5467 15116
5466 15117
5465 15118
5464 15119
5463 15120
5462 15121
5461 15122
5460 15123
5459 15124
5458 15125
5457 12387
5456 12388
5455 12389
5454 12390
5453 12391
5452 12392
5451 12393
5450 12394
5449 12395
5448 12396
5447 12397
5446 12398
5445 12399
5444 12400
5443 12401
5442 12402
5441 12403
5440 12404
5439 12405
5438 12406
5437 12407
5436 12408
5435 12409
5434 12410
5433 12411
5432 12412
5431 12413
5430 12618
5429 12619
5428 12620
5427 12621
5426 12622
5425 12623
5424 12624
5423 12625
5422 14184
5421 14185
5420 14186
5419 14187
5418 14188
5417 14189
5416 14190
5415 14191
5414 14192
5413 14193
5412 14194
5411 14195
5410 14196
5409 14197
5408 14198
5407 14199
5406 14200
5405 14201
5404 14202
5403 14203
5402 14204
5401 14205
5400 14206
5399 14207
5398 13006
5397 13007
5396 13008
5395 13009
5394 13010
5393 13011
5392 13012
5391 13013
5390 13014
5389 13015
5388 13016
5387 13017
5386 13018
5385 13019
5384 13020
5383 13021
5382 13022
5381 13023
5380 13024
5379 13025
5378 13026
5377 13027
5376 13028
5375 13029
5374 12962
5373 12963
5372 12964
5371 12965
5370 12966
5369 12967
5368 12968
5367 12969
5366 13883
5365 13884
5364 13885
5363 13886
5362 13887
5361 13888
5360 13889
5359 13890
5358 13891
5357 13892
5356 13893
5355 13894
5354 13895
5353 13896
5352 13897
5351 13898
5350 13899
5349 13900
5348 13901
5347 13902
5346 13903
5345 13904
5344 13905
5343 13906
5342 13907
5341 13908
5340 13909
5339 13910
5338 11988
5337 11989
5336 11990
5335 11991
5334 11992
5333 11993
5332 11994
5331 11995
5330 11996
5329 11997
5328 11998
5327 11999
5326 12000
5325 12001
5324 12002
5323 12003
5322 12004
5321 13382
5320 13383
5319 13384
5318 13385
5317 13386
5316 13387
5315 13388
5314 13389
5313 13590
5312 13591
5311 13592
5310 13593
5309 13594
5308 13595
5307 13596
5306 13597
5305 13598
5304 13599
5303 13600
5302 13601
5301 13602
5300 13603
5299 13604
5298 13605
5297 13606
5296 13607
5295 13608
5294 13609
5293 13610
5292 13611
5291 13612
5290 13613
5289 13614
5288 13615
5287 13616
5286 13617
5285 13618
5284 13619
5283 13620
5282 13621
5281 13622
5280 13623
5279 13624
5278 13625
5277 13626
5276 13627
5275 13628
5274 13629
5273 13630
5272 13631
5271 13632
5270 13633
5269 13634
5268 13635
5267 10720
5266 10721
5265 10722
5264 10723
5263 10724
5262 10725
5261 10726
5260 10727
5259 10728
5258 10729
5257 10730
5256 10731
5255 10732
5254 11698
5253 11699
5252 11700
5251 11701
5250 11702
5249 11703
5248 11047
5247 11048
5246 11049
5245 11050
5244 11051
5243 11052
5242 11053
5241 11054
5240 11411
5239 11412
5238 11413
5237 11414
5236 11415
5235 11416
5234 11417
5233 11418
5232 11419
5231 11420
5230 11421
5229 11422
5228 11423
5227 11424
5226 11425
5225 11426
5224 11427
5223 11428
5222 11429
5221 11430
5220 11431
5219 11432
5218 11433
5217 11434
5216 11435
5215 11436
5214 11437
5213 11438
5212 11439
5211 11440
5210 11441
5209 11442
5208 11443
5207 11444
5206 11445
5205 11446
5204 11447
5203 11448
5202 11449
5201 11450
5200 11451
5199 11452
5198 11453
5197 11454
5196 11455
5195 11456
5194 10055
5193 10056
5192 10057
5191 10058
5190 10059
5189 10060
5188 10061
5187 10062
5186 10063
5185 10064
5184 10065
5183 10066
5182 10067
5181 10068
5180 10069
5179 10070
5178 10071
5177 10072
5176 10073
5175 10074
5174 10355
5173 10356
5172 10357
5171 10358
5170 10359
5169 10360
5168 10361
5167 10362
5166 9900
5165 9901
5164 9902
5163 9903
5162 9904
5161 9905
5160 9906
5159 9907
5158 9908
5157 9909
5156 9910
5155 9911
5154 9912
5153 9913
5152 9914
5151 9915
5150 9916
5149 9917
5148 9918
5147 9919
5146 9920
5145 9921
5144 9293
5143 9294
5142 9295
5141 9296
5140 9297
5139 9298
5138 9299
5137 9300
5136 9301
5135 9302
5134 9303
5133 9304
5132 9305
5131 9306
5130 9307
5129 9308
5128 9309
5127 9310
5126 9736
5125 9737
5124 9738
5123 9739
5122 9740
5121 9741
5120 9742
5119 9487
5118 9488
5117 9489
5116 9490
5115 9491
5114 9492
5113 9493
5112 9494
5111 9495
5110 9496
5109 9497
5108 9498
5107 9499
5106 9500
5105 9501
5104 9502
5103 9503
5102 9504
5101 9505
5100 9506
5099 9507
5098 9508
5097 9425
5096 9426
5095 9427
5094 9428
5093 9429
5092 9430
5091 9431
5090 9432
5089 9433
5088 9434
5087 9435
5086 9436
5085 9437
5084 9438
5083 9439
5082 9440
5081 9441
5080 9442
5079 9443
5078 9444
5077 9445
5076 9446
5073 8700
5072 8701
5071 8702
5070 8703
5069 8704
5068 8705
5067 8706
5066 8707
5065 8777
5064 8778
5063 8779
5062 8780
5061 8781
5060 8782
5059 8783
5058 8784
5057 8785
5056 8786
5055 8787
5054 8788
5053 8789
5052 8790
5051 8791
5050 8792
5049 8793
5048 8794
5047 8795
5046 8796
5045 8797
5044 8798
5043 8799
5042 8800
5041 8801
5040 9401
5039 9402
5038 9403
5037 9404
5036 9405
5035 9406
5034 9407
5033 9408
5032 9479
5031 9480
5030 9481
5029 9482
5028 9483
5027 9484
5026 9485
5025 9486
5024 9743
5023 9744
5022 9745
5021 9746
5020 9747
5019 9748
5018 9749
5017 9750
5016 9751
5015 9752
5014 9710
5013 9711
5012 9712
5011 9713
5010 9714
5009 9715
5008 9716
5007 9717
5006 9718
5005 9719
5004 9720
5003 9721
5002 9722
5001 9285
5000 9286
4999 9287
4998 9288
4997 9289
4996 9290
4995 9291
4994 9292
4993 9922
4992 9923
4991 9924
4990 9925
4989 9926
4988 9927
4987 9928
4986 9929
4985 9930
4984 9931
4983 9932
4982 9933
4981 9934
4980 9935
4979 9936
4978 9937
4977 9938
4976 9939
4975 9940
4974 9941
4973 9892
4972 9893
4971 9894
4970 9895
4969 9896
4968 9897
4967 9898
4966 9899
4965 10363
4964 10364
4963 10365
4962 10366
4961 10367
4960 10368
4959 10369
4958 10370
4957 10371
4956 10372
4955 10373
4954 10374
4953 10375
4952 10376
4951 10377
4950 10378
4949 10379
4948 10380
4947 10381
4946 10382
4945 10383
4944 10384
4943 10385
4942 10386
4941 10387
4940 10388
4939 10389
4938 10390
4937 10391
4936 10392
4935 10393
4934 10394
4933 10395
4932 10396
4931 10397
4930 10398
4929 10399
4928 10400
4927 10401
4926 10402
4925 10505
4924 10506
4923 10507
4922 10508
4921 10509
4920 10510
4919 10511
4918 10512
4917 11295
4916 11296
4915 11297
4914 11298
4913 11299
4912 11300
4911 11301
4910 11302
4909 11303
4908 11304
4907 11305
4906 11306
4905 11307
4904 11308
4903 11309
4902 11310
4901 11311
4900 11194
4899 11195
4898 11196
4897 11197
4896 11198
4895 11199
4894 11200
4893 11201
4892 11403
4891 11404
4890 11405
4889 11406
4888 11407
4887 11408
4886 11409
4885 11410
4884 11055
4883 11056
4882 11057
4881 11058
4880 11059
4879 11060
4878 11061
4877 11062
4876 11063
4875 11064
4874 11065
4873 11066
4872 11067
4871 11068
4870 11069
4869 11070
4868 11071
4867 11072
4866 11073
4865 11074
4864 11075
4863 11076
4862 11077
4861 11078
4860 11079
4859 11080
4858 11081
4857 11082
4856 11083
4855 11084
4854 11085
4853 11086
4852 11087
4851 11088
4850 11089
4849 11090
4848 11091
4847 11092
4846 11093
4845 10851
4844 10852
4843 10853
4842 10854
4841 10855
4840 10856
4839 10857
4838 10858
4837 11831
4836 11832
4835 11833
4834 11834
4833 11835
4832 11836
4831 11837
4830 11838
4829 11839
4828 11840
4827 11841
4826 11842
4825 10803
4824 10804
4823 10805
4822 10806
4821 10807
4820 10808
4819 10809
4818 10810
4817 10811
4816 10812
4815 10813
4814 10814
4813 13582
4812 13583
4811 13584
4810 13585
4809 13586
4808 13587
4807 13588
4806 13589
4805 13390
4804 13391
4803 13392
4802 13393
4801 13394
4800 13395
4799 13396
4798 13397
4797 13398
4796 13399
4795 13400
4794 13401
4793 13402
4792 13403
4791 13404
4790 13405
4789 13923
4788 13924
4787 13925
4786 13926
4785 13927
4784 13928
4783 13929
4782 13930
4781 13931
4780 13932
4779 13933
4778 13934
4777 13935
4776 13936
4775 13937
4774 13938
4773 13939
4772 13940
4771 13941
4770 13942
4769 13943
4768 13944
4767 13945
4766 13183
4765 13184
4764 13185
4763 13186
4762 13187
4761 13188
4760 13189
4759 13190
4758 13875
4757 13876
4756 13877
4755 13878
4754 13879
4753 13880
4752 13881
4751 13882
4750 12970
4749 12971
4748 12972
4747 12973
4746 12974
4745 12975
4744 12976
4743 12977
4742 12978
4741 12979
4740 12980
4739 12981
4738 12982
4737 12983
4736 12984
4735 12985
4734 12986
4733 12987
4732 12988
4731 12989
4730 12990
4729 12991
4728 12218
4727 12219
4726 12220
4725 12221
4724 12222
4723 12223
4722 12224
4721 12225
4720 12226
4719 12227
4718 12228
4717 12229
4716 12230
4715 12231
4714 12232
4713 12233
4712 12234
4711 12235
4710 12757
4709 12758
4708 12759
4707 12760
4706 12761
4705 12762
4704 12763
4703 12764
4702 14176
4701 14177
4700 14178
4699 14179
4698 14180
4697 14181
4696 14182
4695 14183
4694 12626
4693 12627
4692 12628
4691 12629
4690 12630
4689 12631
4688 12632
4687 12633
4686 12634
4685 12635
4684 12636
4683 12637
4682 12638
4681 12639
4680 12640
4679 12641
4678 12642
4677 12643
4676 12644
4675 12645
4674 12646
4673 12647
4672 12648
4671 12649
4670 12650
4669 12651
4668 12652
4667 12653
4666 12654
4665 12655
4664 12656
4663 12657
4662 12658
4661 12659
4660 12660
4659 12661
4658 12662
4657 12663
4656 12664
4655 12665
4654 12666
4653 15086
4652 15087
4651 15088
4650 15089
4649 15090
4648 15091
4647 15092
4646 15093
4645 15094
4644 15095
4643 15096
4642 15097
4641 15098
4640 15099
4639 15100
4638 15101
4637 15470
4636 15471
4635 15472
4634 15473
4633 15474
4632 15475
4631 15476
4630 15477
4629 15478
4628 15479
4627 15480
4626 15481
4625 15482
4624 15483
4623 15484
4622 15485
4621 15486
4620 15487
4619 15488
4618 15489
4617 15490
4616 14976
4615 14977
4614 14978
4613 14979
4612 14980
4611 14981
4610 14982
4609 14983
4608 14984
4607 14985
4606 14986
4605 14987
4604 14988
4603 14989
4602 14990
4601 14991
4600 14992
4599 14993
4598 14994
4597 14995
4596 14777
4595 14778
4594 14779
4593 14780
4592 14781
4591 14782
4590 14783
4589 14784
4588 15549
4587 15550
4586 15551
4585 15552
4584 15553
4583 15554
4582 15555
4581 15556
4580 14699
4579 14700
4578 14701
4577 14702
4576 14703
4575 14704
4574 14705
4573 14706
4572 14707
4571 14708
4570 14709
4569 14710
4568 14711
4567 14712
4566 14713
4565 14714
4564 14456
4563 14457
4562 14458
4561 14459
4560 14460
4559 14461
4558 14462
4557 14463
4556 14464
4555 14465
4554 14419
4553 14420
4552 14421
4551 14422
4550 14423
4549 14424
4548 14425
4547 14426
4546 14427
4545 14428
4544 14429
4543 14430
4542 14431
4541 14432
4540 14433
4539 16212
4538 16213
4537 16214
4536 16215
4535 16216
4534 16217
4533 16218
4532 16219
4531 16459
4530 16460
4529 16461
4528 16462
4527 16463
4526 16464
4525 16465
4524 16466
4523 16134
4522 16135
4521 16136
4520 16137
4519 16138
4518 16139
4517 16140
4516 16141
4515 16142
4514 16143
4513 16144
4512 16145
4511 16146
4510 16147
4509 16148
4508 16149
4507 16024
4506 16025
4505 16026
4504 16027
4503 16028
4502 16029
4501 16030
4500 16031
4499 17259
4498 17260
4497 17261
4496 17262
4495 17263
4494 17264
4493 17265
4492 17266
4491 17267
4490 17268
4489 17269
4488 16645
4487 16646
4486 16647
4485 16648
4484 16649
4483 16650
4482 16651
4481 16652
4480 16653
4479 16654
4478 16655
4477 16656
4476 16657
4475 16658
4474 16799
4473 16800
4472 16801
4471 16802
4470 16803
4469 16804
4468 16805
4467 16806
4466 15882
4465 15883
4464 15884
4463 15885
4462 15886
4461 15887
4460 15888
4459 15889
4458 15890
4457 15891
4456 15892
4455 15893
4454 15894
4453 15895
4452 15896
4451 15897
4450 15772
4449 15773
4448 15774
4447 15775
4446 15776
4445 15777
4444 15778
4443 15779
4442 17115
4441 17116
4440 17117
4439 17118
4438 17119
4437 17120
4436 17121
4435 17122
4434 17366
4433 17367
4432 17368
4431 17369
4430 17370
4429 17371
4428 17372
4427 17373
4426 17374
4425 17375
4422 15714
4421 15715
4420 15716
4419 15717
4418 15718
4417 15719
4416 15720
4415 15721
4414 15722
4413 15723
4412 15724
4411 15756
4410 15757
4409 15758
4408 15759
4407 15760
4406 15761
4405 15762
4404 15763
4403 15764
4402 15765
4401 15766
4400 15767
4399 15768
4398 15769
4397 15770
4396 15771
4395 15898
4394 15899
4393 15900
4392 15901
4391 15902
4390 15903
4389 15904
4388 17051
4387 17052
4386 17053
4385 17054
4384 17055
4383 17056
4382 17057
4381 17058
4380 15944
4379 15945
4378 15946
4377 15947
4376 15948
4375 15949
4374 15950
4373 15951
4372 15952
4371 15953
4370 15954
4369 15955
4368 15956
4367 15957
4366 15958
4365 15959
4364 15960
4363 15961
4362 15962
4361 15963
4360 15964
4359 16007
4358 16008
4357 16009
4356 16010
4355 16011
4354 16012
4353 16013
4352 16014
4351 16015
4350 16016
4349 16017
4348 16018
4347 16019
4346 16020
4345 16021
4344 16022
4343 16023
4342 16150
4341 16151
4340 16152
4339 16153
4338 16154
4337 16155
4336 16156
4335 16585
4334 16586
4333 16587
4332 16588
4331 16589
4330 16590
4329 16591
4328 16592
4327 16196
4326 16197
4325 16198
4324 16199
4323 16200
4322 16201
4321 16202
4320 16203
4319 16204
4318 16205
4317 16206
4316 16207
4315 16208
4314 16209
4313 16210
4312 16211
4311 14434
4310 14435
4309 14436
4308 14437
4307 14438
4306 14439
4305 14440
4304 14441
4303 14442
4302 14443
4301 14444
4300 14445
4299 14446
4298 14447
4297 14448
4296 14449
4295 14450
4294 14451
4293 14452
4292 14453
4291 14454
4290 14455
4289 14715
4288 14716
4287 14717
4286 14718
4285 14719
4284 14720
4283 14721
4282 16378
4281 16379
4280 16380
4279 16381
4278 16382
4277 16383
4276 16384
4275 16385
4274 14761
4273 14762
4272 14763
4271 14764
4270 14765
4269 14766
4268 14767
4267 14768
4266 14769
4265 14770
4264 14771
4263 14772
4262 14773
4261 14774
4260 14775
4259 14776
4258 14996
4257 14997
4256 14998
4255 14999
4254 15000
4253 15001
4252 15002
4251 15003
4250 14938
4249 14939
4248 14940
4247 14941
4246 14942
4245 14943
4244 14944
4243 14945
4242 14946
4241 14947
4240 14948
4239 14949
4238 14950
4237 14951
4236 14952
4235 14953
4234 14954
4233 14955
4232 14956
4231 14957
4230 14958
4229 14959
4228 14960
4227 15220
4226 15221
4225 15222
4224 15223
4223 15224
4222 15225
4221 15226
4220 15227
4219 15070
4218 15071
4217 15072
4216 15073
4215 15074
4214 15075
4213 15076
4212 15077
4211 15078
4210 15079
4209 15080
4208 15081
4207 15082
4206 15083
4205 15084
4204 15085
4203 12667
4202 12668
4201 12669
4200 12670
4199 12671
4198 12672
4197 12673
4196 12674
4195 12300
4194 12301
4193 12302
4192 12303
4191 12304
4190 12305
4189 12306
4188 12307
4187 12308
4186 12309
4185 12310
4184 12311
4183 12312
4182 12313
4181 12314
4180 12315
4179 12316
4178 12317
4177 12318
4176 12319
4175 12320
4174 12321
4173 12322
4172 14302
4171 14303
4170 14304
4169 14305
4168 14306
4167 14307
4166 14308
4165 14309
4164 12741
4163 12742
4162 12743
4161 12744
4160 12745
4159 12746
4158 12747
4157 12748
4156 12749
4155 12750
4154 12751
4153 12752
4152 12753
4151 12754
4150 12755
4149 12756
4148 12236
4147 12237
4146 12238
4145 12239
4144 12240
4143 12241
4142 12242
4141 12243
4140 12189
4139 12190
4138 12191
4137 12192
4136 12193
4135 12194
4134 12195
4133 12196
4132 12197
4131 12198
4130 12199
4129 13115
4128 13116
4127 13117
4126 13118
4125 13119
4124 13120
4123 13121
4122 13122
4121 13123
4120 13124
4119 13125
4118 13126
4117 13127
4116 14088
4115 14089
4114 14090
4113 14091
4112 14092
4111 14093
4110 14094
4109 14095
4108 13167
4107 13168
4106 13169
4105 13170
4104 13171
4103 13172
4102 13173
4101 13174
4100 13175
4099 13176
4098 13177
4097 13178
4096 13179
4095 13180
4094 13181
4093 13182
4092 13946
4091 13947
4090 13948
4089 13949
4088 13950
4087 13951
4086 13952
4085 13953
4084 13954
4083 13955
4082 13956
4081 13957
4080 13958
4079 13959
4078 13911
4077 13912
4076 13913
4075 13914
4074 13915
4073 13916
4072 13917
4071 13918
4070 13919
4069 13920
4068 13921
4067 13922
4066 13406
4065 13407
4064 13408
4063 13409
4062 13410
4061 13411
4060 13412
4059 13784
4058 13785
4057 13786
4056 13787
4055 13788
4054 13789
4053 13790
4052 13791
4051 13452
4050 13453
4049 13454
4048 13455
4047 13456
4046 13457
4045 13458
4044 13459
4043 13460
4042 13461
4041 13462
4040 13463
4039 13464
4038 13465
4037 13466
4036 13467
4035 13468
4034 13469
4033 13470
4032 13471
4031 13472
4030 10830
4029 10831
4028 10832
4027 10833
4026 10834
4025 10835
4024 10836
4023 10837
4022 10838
4021 10839
4020 10840
4019 10841
4018 10842
4017 10843
4016 10844
4015 10845
4014 10846
4013 10847
4012 10848
4011 10849
4010 10850
4009 11094
4008 11095
4007 11096
4006 11097
4005 11098
4004 11099
4003 11100
4002 11101
4001 11768
4000 11769
3999 11770
3998 11771
3997 11772
3996 11773
3995 11774
3994 11775
3993 10770
3992 10771
3991 10772
3990 10773
3989 10774
3988 10775
3987 10776
3986 10777
3985 10778
3984 10779
3983 10780
3982 10781
3981 10782
3980 10783
3979 10784
3978 10785
3977 10786
3976 10787
3975 10788
3974 11647
3973 11648
3972 11649
3971 11650
3970 11651
3969 11652
3968 11653
3967 11654
3966 11178
3965 11179
3964 11180
3963 11181
3962 11182
3961 11183
3960 11184
3959 11185
3958 11186
3957 11187
3956 11188
3955 11189
3954 11190
3953 11191
3952 11192
3951 11193
3950 11312
3949 11313
3948 11314
3947 11315
3946 11316
3945 11317
3944 11318
3943 11319
3942 11320
3941 11321
3940 10485
3939 10486
3938 10487
3937 10488
3936 10489
3935 10490
3934 10491
3933 10492
3932 10493
3931 10494
3930 10495
3929 10496
3928 10497
3927 10498
3926 10499
3925 10500
3924 10501
3923 10502
3922 10503
3921 10504
3920 10403
3919 10404
3918 10405
3917 10406
3916 10407
3915 10408
3914 10409
3913 10410
3912 10643
3911 10644
3910 10645
3909 10646
3908 10647
3907 10648
3906 10649
3905 10650
3904 9064
3903 9065
3902 9066
3901 9067
3900 9068
3899 9069
3898 9070
3897 9071
3896 9072
3895 9073
3894 9074
3893 9075
3892 9076
3891 9077
3890 9078
3889 9079
3888 9080
3887 9081
3886 9082
3885 9083
3884 9084
3883 9085
3882 9086
3881 9087
3880 9019
3879 9020
3878 9021
3877 9022
3876 9023
3875 9024
3874 9025
3873 9026
3872 9127
3871 9128
3870 9129
3869 9130
3868 9131
3867 9132
3866 9133
3865 9134
3864 9135
3863 9136
3862 9137
3861 9138
3860 9139
3859 9140
3858 9141
3857 9142
3856 9143
3855 9144
3854 10026
3853 10027
3852 10028
3851 10029
3850 10030
3849 10031
3848 10032
3847 10033
3846 9972
3845 9973
3844 9974
3843 9975
3842 9976
3841 9977
3840 9978
3839 9979
3838 9181
3837 9182
3836 9183
3835 9184
3834 9185
3833 9186
3832 9187
3831 9188
3830 9189
3829 9190
3828 9191
3827 9192
3826 9193
3825 9194
3824 9195
3823 9196
3822 9197
3821 9198
3820 9199
3819 9200
3818 9201
3817 9202
3816 9203
3815 9204
3814 9205
3813 9206
3812 9207
3811 9208
3810 9209
3809 9210
3808 9211
3807 9212
3806 9213
3805 9214
3804 9215
3803 9216
3802 9217
3801 9385
3800 9386
3799 9387
3798 9388
3797 9389
3796 9390
3795 9391
3794 9392
3793 9393
3792 9394
3791 9395
3790 9396
3789 9397
3788 9398
3787 9399
3786 9400
3785 8802
3784 8803
3783 8804
3782 8805
3781 8806
3780 8807
3779 8808
3778 8809
3777 8810
3776 8811
3775 8812
3774 8813
3773 9553
3772 9554
3771 9555
3770 9556
3769 9557
3768 9558
3767 9559
3766 9560
3765 9561
3764 9562
3763 9563
3762 9564
3761 8844
3760 8845
3759 8846
3758 8847
3757 8848
3756 8849
3755 8850
3754 8851
3753 8852
3752 8853
3751 8854
3750 8855
3749 8856
3748 8857
3747 8858
3746 8859
3745 8860
3744 8861
3743 8862
3740 8721
3739 8722
3738 8723
3737 8724
3736 8725
3735 8836
3734 8837
3733 8838
3732 8839
3731 8840
3730 8841
3729 8842
3728 8843
3727 9565
3726 9566
3725 9567
3724 9568
3723 9569
3722 9570
3721 9571
3720 9572
3719 9573
3718 9574
3717 9575
3716 9576
3715 9577
3714 9578
3713 9579
3712 9580
3711 9581
3710 9582
3709 9583
3708 9584
3707 9585
3706 9586
3705 9587
3704 9588
3703 9589
3702 9590
3701 9591
3700 9592
3699 9593
3698 9594
3697 9595
3696 9596
3695 9597
3694 9598
3693 9599
3692 9600
3691 9601
3690 9377
3689 9378
3688 9379
3687 9380
3686 9381
3685 9382
3684 9383
3683 9384
3682 9218
3681 9219
3680 9220
3679 9221
3678 9222
3677 9223
3676 9224
3675 9225
3674 9226
3673 9227
3672 9228
3671 9229
3670 9230
3669 9231
3668 9232
3667 9233
3666 9234
3665 9235
3664 9236
3663 9237
3662 9238
3661 9239
3660 9240
3659 9241
3658 9242
3657 9243
3656 9244
3655 9245
3654 9246
3653 9247
3652 9248
3651 9249
3650 9250
3649 9251
3648 9252
3647 9173
3646 9174
3645 9175
3644 9176
3643 9177
3642 9178
3641 9179
3640 9180
3639 9980
3638 9981
3637 9982
3636 9983
3635 9984
3634 9985
3633 9986
3632 9987
3631 9988
3630 9989
3629 9990
3628 9991
3627 9992
3626 9993
3625 9994
3624 9995
3623 9996
3622 9997
3621 9998
3620 9999
3619 10000
3618 10001
3617 10002
3616 10003
3615 10004
3614 10005
3613 10006
3612 10007
3611 10008
3610 10009
3609 10010
3608 10011
3607 9119
3606 9120
3605 9121
3604 9122
3603 9123
3602 9124
3601 9125
3600 9126
3599 9027
3598 9028
3597 9029
3596 9030
3595 9031
3594 9032
3593 9033
3592 9034
3591 9035
3590 9036
3589 9037
3588 9038
3587 9039
3586 9040
3585 9041
3584 9042
3583 9043
3582 9044
3581 9045
3580 9046
3579 9047
3578 9048
3577 9049
3576 9050
3575 9051
3574 9052
3573 9053
3572 9054
3571 9055
3570 9056
3569 9057
3568 9058
3567 9059
3566 9060
3565 9061
3564 9062
3563 9063
3562 10651
3561 10652
3560 10653
3559 10654
3558 10655
3557 10656
3556 10657
3555 10658
3554 10659
3553 10660
3552 10661
3551 10662
3550 10663
3549 10664
3548 10665
3547 10666
3546 10667
3545 10668
3544 10669
3543 10670
3542 10671
3541 10672
3540 10673
3539 11338
3538 11339
3537 11340
3536 11341
3535 11342
3534 11343
3533 11344
3532 11345
3531 11346
3530 11347
3529 11348
3528 11349
3527 11350
3526 11351
3525 11352
3524 11353
3523 11354
3522 11355
3521 11356
3520 11357
3519 11358
3518 11359
3517 11360
3516 11361
3515 11362
3514 11363
3513 11364
3512 11365
3511 11366
3510 11367
3509 11368
3508 11369
3507 11370
3506 11170
3505 11171
3504 11172
3503 11173
3502 11174
3501 11175
3500 11176
3499 11177
3498 11655
3497 11656
3496 11657
3495 11658
3494 11659
3493 11660
3492 11661
3491 11662
3490 11663
3489 11664
3488 11665
3487 11666
3486 11667
3485 11668
3484 11669
3483 11670
3482 11671
3481 11672
3480 11673
3479 11674
3478 11675
3477 10759
3476 10760
3475 10761
3474 10762
3473 10763
3472 10764
3471 10765
3470 10766
3469 10767
3468 10768
3467 10769
3466 11776
3465 11777
3464 11778
3463 11779
3462 11780
3461 11781
3460 11782
3459 11783
3458 11784
3457 11785
3456 11786
3455 11787
3454 11788
3453 11789
3452 11790
3451 11791
3450 11792
3449 11793
3448 11794
3447 11795
3446 11796
3445 11797
3444 11798
3443 13522
3442 13523
3441 13524
3440 13525
3439 13526
3438 13527
3437 13528
3436 13529
3435 13530
3434 13531
3433 13532
3432 13533
3431 13534
3430 13535
3429 13536
3428 13537
3427 13538
3426 13539
3425 13540
3424 13541
3423 13542
3422 13543
3421 13544
3420 13545
3419 13546
3418 13547
3417 13548
3416 13549
3415 13444
3414 13445
3413 13446
3412 13447
3411 13448
3410 13449
3409 13450
3408 13451
3407 13792
3406 13793
3405 13794
3404 13795
3403 13796
3402 13797
3401 13798
3400 13799
3399 13800
3398 13801
3397 13802
3396 13803
3395 13804
3394 13805
3393 13806
3392 13807
3391 13808
3390 13809
3389 13810
3388 13811
3387 13812
3386 13813
3385 13814
3384 13815
3383 13816
3382 13817
3381 13818
3380 13819
3379 13820
3378 13821
3377 13822
3376 13823
3375 13824
3374 13825
3373 13826
3372 13827
3371 13828
3370 13829
3369 13830
3368 13831
3367 13832
3366 13833
3365 13834
3364 13835
3363 13836
3362 13837
3361 13838
3360 13839
3359 13840
3358 13841
3357 13842
3356 13159
3355 13160
3354 13161
3353 13162
3352 13163
3351 13164
3350 13165
3349 13166
3348 14096
3347 14097
3346 14098
3345 14099
3344 14100
3343 14101
3342 14102
3341 14103
3340 14104
3339 14105
3338 14106
3337 14107
3336 14108
3335 14109
3334 14110
3333 14111
3332 14112
3331 14113
3330 14114
3329 14115
3328 14116
3327 14117
3326 14118
3325 14119
3324 14120
3323 14121
3322 14122
3321 14123
3320 14124
3319 14125
3318 14126
3317 14127
3316 14128
3315 14129
3314 14130
3313 14131
3312 14132
3311 14133
3310 14134
3309 14135
3308 14136
3307 14137
3306 14138
3305 14139
3304 14140
3303 14141
3302 14142
3301 14143
3300 12733
3299 12734
3298 12735
3297 12736
3296 12737
3295 12738
3294 12739
3293 12740
3292 14310
3291 14311
3290 14312
3289 14313
3288 14314
3287 14315
3286 14316
3285 14317
3284 14318
3283 14319
3282 14320
3281 14321
3280 14322
3279 14323
3278 14324
3277 14325
3276 14326
3275 14327
3274 14328
3273 14329
3272 14330
3271 14331
3270 14332
3269 14333
3268 14334
3267 14335
3266 14336
3265 14337
3264 14338
3263 14339
3262 14340
3261 14341
3260 14342
3259 14343
3258 14344
3257 14345
3256 14346
3255 14347
3254 14348
3253 14349
3252 14350
3251 14351
3250 14352
3249 14353
3248 14354
3247 15062
3246 15063
3245 15064
3244 15065
3243 15066
3242 15067
3241 15068
3240 15069
3239 15228
3238 15229
3237 15230
3236 15231
3235 15232
3234 15233
3233 15234
3232 15235
3231 15236
3230 15237
3229 15238
3228 15239
3227 15240
3226 15241
3225 15242
3224 15243
3223 15244
3222 15245
3221 15246
3220 15491
3219 15492
3218 15493
3217 15494
3216 15495
3215 15496
3214 15497
3213 15498
3212 15499
3211 15500
3210 15501
3209 15502
3208 15503
3207 15504
3206 15505
3205 15506
3204 15507
3203 15508
3202 15509
3201 15510
3200 15511
3199 15512
3198 15513
3197 15514
3196 15515
3195 15516
3194 14753
3193 14754
3192 14755
3191 14756
3190 14757
3189 14758
3188 14759
3187 14760
3186 16386
3185 16387
3184 16388
3183 16389
3182 16390
3181 16391
3180 16392
3179 16393
3178 16394
3177 16395
3176 16396
3175 16397
3174 16398
3173 16399
3172 16400
3171 16401
3170 16402
3169 16403
3168 16404
3167 16405
3166 16406
3165 16407
3164 16408
3163 16409
3162 16410
3161 16411
3160 16412
3159 16413
3158 16414
3157 16415
3156 16416
3155 16417
3154 16418
3153 16419
3152 16420
3151 16421
3150 16422
3149 16423
3148 16424
3147 16425
3146 16426
3145 16188
3144 16189
3143 16190
3142 16191
3141 16192
3140 16193
3139 16194
3138 16195
3137 16593
3136 16594
3135 16595
3134 16596
3133 16597
3132 16598
3131 16599
3130 16600
3129 16601
3128 16602
3127 16603
3126 16604
3125 16605
3124 16606
3123 16607
3122 16608
3121 16609
3120 16610
3119 16611
3118 16612
3117 16613
3116 16614
3115 16615
3114 16616
3113 15975
3112 15976
3111 15977
3110 15978
3109 15979
3108 15980
3107 15981
3106 15982
3105 15983
3104 15984
3103 15985
3102 15986
3101 15987
3100 15988
3099 15989
3098 15990
3097 15991
3096 15992
3095 15936
3094 15937
3093 15938
3092 15939
3091 15940
3090 15941
3089 15942
3088 15943
3087 17059
3086 17060
3085 17061
3084 17062
3083 17063
3082 17064
3081 17065
3080 17066
3079 17067
3078 17068
3077 17069
3076 17070
3075 17071
3074 17072
3073 17073
3072 17074
3071 17075
3070 17076
3069 17077
3068 17078
3067 17079
3066 17080
3065 17081
3064 17082
3063 15748
3062 15749
3061 15750
3060 15751
3059 15752
3058 15753
3057 15754
3056 15755
3055 15725
3054 15726
3053 15727
3052 15728
3051 15729
3050 15730
3049 15731
3046 15732
3045 15733
3044 15734
3043 15735
3042 15736
3041 15737
3040 15738
3039 15739
3038 15740
3037 15741
3036 15742
3035 15743
3034 15744
3033 15745
3032 15746
3031 15747
3030 17083
3029 17084
3028 17085
3027 17086
3026 17087
3025 17088
3024 17089
3023 17090
3022 15913
3021 15914
3020 15915
3019 15916
3018 15917
3017 15918
3016 15919
3015 15920
3014 15921
3013 15922
3012 15923
3011 15924
3010 15925
3009 15926
3008 15927
3007 15928
3006 15929
3005 15930
3004 15931
3003 15932
3002 15933
3001 15934
3000 15935
2999 15993
2998 15994
2997 15995
2996 15996
2995 15997
2994 15998
2993 15999
2992 16000
2991 16001
2990 16002
2989 16003
2988 16004
2987 16005
2986 16006
2985 15965
2984 15966
2983 15967
2982 15968
2981 15969
2980 15970
2979 15971
2978 15972
2977 15973
2976 15974
2975 16617
2974 16618
2973 16619
2972 16620
2971 16621
2970 16622
2969 16623
2968 16624
2967 16165
2966 16166
2965 16167
2964 16168
2963 16169
2962 16170
2961 16171
2960 16172
2959 16173
2958 16174
2957 16175
2956 16176
2955 16177
2954 16178
2953 16179
2952 16180
2951 16181
2950 16182
2949 16183
2948 16184
2947 16185
2946 16186
2945 16187
2944 16427
2943 16428
2942 16429
2941 16430
2940 16431
2939 16432
2938 16433
2937 16434
2936 14482
2935 14483
2934 14484
2933 14485
2932 14486
2931 14487
2930 14488
2929 14489
2928 14490
2927 14491
2926 14492
2925 14493
2924 14494
2923 14495
2922 14496
2921 14497
2920 14498
2919 14499
2918 14500
2917 14501
2916 14502
2915 14503
2914 14504
2913 14505
2912 14730
2911 14731
2910 14732
2909 14733
2908 14734
2907 14735
2906 14736
2905 14737
2904 14738
2903 14739
2902 14740
2901 14741
2900 14742
2899 14743
2898 14744
2897 14745
2896 14746
2895 14747
2894 14748
2893 14749
2892 14750
2891 14751
2890 14752
2889 15517
2888 15518
2887 15519
2886 15520
2885 15521
2884 15522
2883 15523
2882 15524
2881 15011
2880 15012
2879 15013
2878 15014
2877 15015
2876 15016
2875 15017
2874 15018
2873 15019
2872 15020
2871 15021
2870 15022
2869 15023
2868 15024
2867 15025
2866 15026
2865 15027
2864 15028
2863 15029
2862 15030
2861 15031
2860 15032
2859 15033
2858 15034
2857 15035
2856 15036
2855 15037
2854 15038
2853 15039
2852 15040
2851 15041
2850 15042
2849 15043
2848 15044
2847 15045
2846 15046
2845 15047
2844 15048
2843 15049
2842 15050
2841 15051
2840 15052
2839 15053
2838 15054
2837 15055
2836 15056
2835 15057
2834 15058
2833 15059
2832 15060
2831 15061
2830 14355
2829 14356
2828 14357
2827 14358
2826 14359
2825 14360
2824 14361
2823 14362
2822 12682
2821 12683
2820 12684
2819 12685
2818 12686
2817 12687
2816 12688
2815 12689
2814 12690
2813 12691
2812 12692
2811 12693
2810 12694
2809 12695
2808 12696
2807 12697
2806 12698
2805 12699
2804 12700
2803 12701
2802 12702
2801 12703
2800 12704
2799 12705
2798 12706
2797 12707
2796 12708
2795 12709
2794 12710
2793 12711
2792 12712
2791 12713
2790 12714
2789 12715
2788 12716
2787 12717
2786 12718
2785 12719
2784 12720
2783 12721
2782 12722
2781 12723
2780 12724
2779 12725
2778 12726
2777 12727
2776 12728
2775 12729
2774 12730
2773 12731
2772 12732
2771 14144
2770 14145
2769 14146
2768 14147
2767 14148
2766 14149
2765 14150
2764 14151
2763 12135
2762 12136
2761 12137
2760 12138
2759 12139
2758 12140
2757 12141
2756 12142
2755 12143
2754 12144
2753 12145
2752 12146
2751 12147
2750 12148
2749 12149
2748 12150
2747 12151
2746 12152
2745 12153
2744 12154
2743 12155
2742 12156
2741 12157
2740 12158
2739 12159
2738 12160
2737 12161
2736 12162
2735 12163
2734 12164
2733 12165
2732 13136
2731 13137
2730 13138
2729 13139
2728 13140
2727 13141
2726 13142
2725 13143
2724 13144
2723 13145
2722 13146
2721 13147
2720 13148
2719 13149
2718 13150
2717 13151
2716 13152
2715 13153
2714 13154
2713 13155
2712 13156
2711 13157
2710 13158
2709 13843
2708 13844
2707 13845
2706 13846
2705 13847
2704 13848
2703 13849
2702 13850
2701 12079
2700 12080
2699 12081
2698 12082
2697 12083
2696 12084
2695 12085
2694 12086
2693 12087
2692 12088
2691 12089
2690 12090
2689 12091
2688 12092
2687 12093
2686 12094
2685 12095
2684 12096
2683 12097
2682 12098
2681 12099
2680 12100
2679 12101
2678 12102
2677 12103
2676 12104
2675 12105
2674 12106
2673 12107
2672 12108
2671 12109
2670 12110
2669 12111
2668 12112
2667 13421
2666 13422
2665 13423
2664 13424
2663 13425
2662 13426
2661 13427
2660 13428
2659 13429
2658 13430
2657 13431
2656 13432
2655 13433
2654 13434
2653 13435
2652 13436
2651 13437
2650 13438
2649 13439
2648 13440
2647 13441
2646 13442
2645 13443
2644 13550
2643 13551
2642 13552
2641 13553
2640 13554
2639 13555
2638 13556
2637 13557
2636 13496
2635 13497
2634 13498
2633 13499
2632 13500
2631 13501
2630 13502
2629 13503
2628 13504
2627 13505
2626 13506
2625 13507
2624 13508
2623 13509
2622 13510
2621 13511
2620 13512
2619 13513
2618 13514
2617 13515
2616 13516
2615 13517
2614 13518
2613 13519
2612 13520
2611 13521
2610 11799
2609 11800
2608 11801
2607 11802
2606 11803
2605 11804
2604 11805
2603 11806
2602 11109
2601 11110
2600 11111
2599 11112
2598 11113
2597 11114
2596 11115
2595 11116
2594 11117
2593 11118
2592 11119
2591 11120
2590 11121
2589 11122
2588 11123
2587 11124
2586 11125
2585 11126
2584 11127
2583 11128
2582 11129
2581 11130
2580 11131
2579 11132
2578 11133
2577 11134
2576 11135
2575 11136
2574 11137
2573 11138
2572 11139
2571 11140
2570 11141
2569 11142
2568 11143
2567 11144
2566 11145
2565 11146
2564 11147
2563 11148
2562 11149
2561 11150
2560 11151
2559 11152
2558 11153
2557 11154
2556 11155
2555 11156
2554 11157
2553 11158
2552 11159
2551 11160
2550 11161
2549 11162
2548 11163
2547 11164
2546 11165
2545 11166
2544 11167
2543 11168
2542 11169
2541 11371
2540 11372
2539 11373
2538 11374
2537 11375
2536 11376
2535 11377
2534 11378
2533 10471
2532 10472
2531 10473
2530 10474
2529 10475
2528 10476
2527 10477
2526 10478
2525 10479
2524 10480
2523 10481
2522 10482
2521 10483
2520 10484
2519 11322
2518 11323
2517 11324
2516 11325
2515 11326
2514 11327
2513 11328
2512 11329
2511 11330
2510 11331
2509 11332
2508 11333
2507 11334
2506 11335
2505 11336
2504 11337
2503 10674
2502 10675
2501 10676
2500 10677
2499 10678
2498 10679
2497 10680
2496 10681
2495 10093
2494 10094
2493 10095
2492 10096
2491 10097
2490 10098
2489 10099
2488 10100
2487 10101
2486 10102
2485 10103
2484 10104
2483 10105
2482 10106
2481 10107
2480 10108
2479 10109
2478 10110
2477 10111
2476 10112
2475 10113
2474 10114
2473 10115
2472 10116
2471 10117
2470 10118
2469 10119
2468 10120
2467 10121
2466 10122
2465 10123
2464 10124
2463 10125
2462 10126
2461 10127
2460 10128
2459 10129
2458 10130
2457 10131
2456 10132
2455 10133
2454 10134
2453 9095
2452 9096
2451 9097
2450 9098
2449 9099
2448 9100
2447 9101
2446 9102
2445 9103
2444 9104
2443 9105
2442 9106
2441 9107
2440 9108
2439 9109
2438 9110
2437 9111
2436 9112
2435 9113
2434 9114
2433 9115
2432 9116
2431 9117
2430 9118
2429 10012
2428 10013
2427 10014
2426 10015
2425 10016
2424 10017
2423 10018
2422 10019
2421 10020
2420 10021
2419 10022
2418 10023
2417 10024
2416 10025
2415 9145
2414 9146
2413 9147
2412 9148
2411 9149
2410 9150
2409 9151
2408 9152
2407 9153
2406 9154
2405 9155
2404 9156
2403 9157
2402 9158
2401 9159
2400 9160
2399 9161
2398 9162
2397 9163
2396 9164
2395 9165
2394 9166
2393 9167
2392 9168
2391 9169
2390 9170
2389 9171
2388 9172
2387 9253
2386 9254
2385 9255
2384 9256
2383 9257
2382 9258
2381 9259
2380 9260
2379 9342
2378 9343
2377 9344
2376 9345
2375 9346
2374 9347
2373 9348
2372 9349
2371 9350
2370 9351
2369 9352
2368 9353
2367 9354
2366 9355
2365 9356
2364 9357
2363 9358
2362 9359
2361 9360
2360 9361
2359 9362
2358 9363
2357 9364
2356 9365
2355 9366
2354 9367
2353 9368
2352 9369
2351 9370
2350 9371
2349 9372
2348 9373
2347 9374
2346 9375
2345 9376
2344 9447
2343 9448
2342 9449
2341 9450
2340 9451
2339 9452
2338 9453
2337 9454
2336 9539
2335 9540
2334 9541
2333 9542
2332 9543
2331 9544
2330 9545
2329 9546
2328 9547
2327 9548
2326 9549
2325 9550
2324 9551
2323 9552
2322 8814
2321 8815
2320 8816
2319 8817
2318 8818
2317 8819
2316 8820
2315 8821
2314 8822
2313 8823
2312 8824
2311 8825
2310 8826
2309 8827
2308 8828
2307 8829
2306 8830
2305 8831
2304 8832
2303 8833
2302 8834
2301 8835
2300 8726
2299 8727
2298 8728
2297 8729
2296 8730
2293 8751
2292 8752
2291 8753
2290 8754
2289 8755
2288 8756
2287 8757
2286 8758
2285 8759
2284 8760
2283 8761
2282 8762
2281 8763
2280 8764
2279 8765
2278 8766
2277 8767
2276 8768
2275 9517
2274 9518
2273 9519
2272 9520
2271 9521
2270 9522
2269 9523
2268 9524
2267 9525
2266 9526
2265 9527
2264 9528
2263 9529
2262 9530
2261 9531
2260 9532
2259 9533
2258 9534
2257 9535
2256 9536
2255 9537
2254 9538
2253 9455
2252 9456
2251 9457
2250 9458
2249 9459
2248 9460
2247 9461
2246 9462
2245 9463
2244 9464
2243 9465
2242 9466
2241 9467
2240 9468
2239 9469
2238 9470
2237 9321
2236 9322
2235 9323
2234 9324
2233 9325
2232 9326
2231 9327
2230 9328
2229 9329
2228 9330
2227 9331
2226 9332
2225 9333
2224 9334
2223 9335
2222 9336
2221 9337
2220 9338
2219 9339
2218 9340
2217 9341
2216 9261
2215 9262
2214 9263
2213 9264
2212 9265
2211 9266
2210 9267
2209 9268
2208 9269
2207 9270
2206 9271
2205 9272
2204 9273
2203 9274
2202 9275
2201 9276
2200 9964
2199 9965
2198 9966
2197 9967
2196 9968
2195 9969
2194 9970
2193 9971
2192 10034
2191 10035
2190 10036
2189 10037
2188 10038
2187 10039
2186 10040
2185 10041
2184 10042
2183 9865
2182 9866
2181 9867
2180 9868
2179 9869
2178 9870
2177 9871
2176 9872
2175 9873
2174 9874
2173 9875
2172 9876
2171 9877
2170 9878
2169 9879
2168 9880
2167 9881
2166 9882
2165 9883
2164 9011
2163 9012
2162 9013
2161 9014
2160 9015
2159 9016
2158 9017
2157 9018
2156 9088
2155 9089
2154 9090
2153 9091
2152 9092
2151 9093
2150 9094
2149 10135
2148 10136
2147 10137
2146 10138
2145 10139
2144 10140
2143 10141
2142 10142
2141 10143
2140 10144
2139 10145
2138 10146
2137 10147
2136 10148
2135 10149
2134 10150
2133 10151
2132 10152
2131 10153
2130 10154
2129 10635
2128 10636
2127 10637
2126 10638
2125 10639
2124 10640
2123 10641
2122 10642
2121 10086
2120 10087
2119 10088
2118 10089
2117 10090
2116 10091
2115 10092
2114 10682
2113 10683
2112 10684
2111 10685
2110 10686
2109 10687
2108 10688
2107 10689
2106 10690
2105 10691
2104 10692
2103 10693
2102 10694
2101 10695
2100 10696
2099 10697
2098 10698
2097 10699
2096 10700
2095 10701
2094 10702
2093 10703
2092 10460
2091 10461
2090 10462
2089 10463
2088 10464
2087 10465
2086 10466
2085 10467
2084 10468
2083 10469
2082 10470
2081 11379
2080 11380
2079 11381
2078 11382
2077 11383
2076 11384
2075 11385
2074 11386
2073 11387
2072 11388
2071 11389
2070 11390
2069 11391
2068 11392
2067 11393
2066 11394
2065 11639
2064 11640
2063 11641
2062 11642
2061 11643
2060 11644
2059 11645
2058 11646
2057 10789
2056 10790
2055 10791
2054 10792
2053 10793
2052 10794
2051 10795
2050 10796
2049 10797
2048 10798
2047 10799
2046 10800
2045 10801
2044 10802
2043 11676
2042 11677
2041 11678
2040 11679
2039 11680
2038 11681
2037 11682
2036 11683
2035 11684
2034 11685
2033 11686
2032 11687
2031 11760
2030 11761
2029 11762
2028 11763
2027 11764
2026 11765
2025 11766
2024 11767
2023 11102
2022 11103
2021 11104
2020 11105
2019 11106
2018 11107
2017 11108
2016 11807
2015 11808
2014 11809
2013 11810
2012 11811
2011 11812
2010 11813
2009 11814
2008 11815
2007 11816
2006 11817
2005 11818
2004 11819
2003 11820
2002 11821
2001 11822
2000 13480
1999 13481
1998 13482
1997 13483
1996 13484
1995 13485
1994 13486
1993 13487
1992 13488
1991 13489
1990 13490
1989 13491
1988 13492
1987 13493
1986 13494
1985 13495
1984 13558
1983 13559
1982 13560
1981 13561
1980 13562
1979 13563
1978 13564
1977 13565
1976 13566
1975 13567
1974 13568
1973 13569
1972 13570
1971 13571
1970 13572
1969 13573
1968 13776
1967 13777
1966 13778
1965 13779
1964 13780
1963 13781
1962 13782
1961 13783
1960 13413
1959 13414
1958 13415
1957 13416
1956 13417
1955 13418
1954 13419
1953 13420
1952 12113
1951 12114
1950 12115
1949 12116
1948 12117
1947 12118
1946 12119
1945 12120
1944 12121
1943 12122
1942 12123
1941 12124
1940 12125
1939 12126
1938 12127
1937 12063
1936 12064
1935 12065
1934 12066
1933 12067
1932 12068
1931 12069
1930 12070
1929 12071
1928 12072
1927 12073
1926 12074
1925 12075
1924 12076
1923 12077
1922 12078
1921 13851
1920 13852
1919 13853
1918 13854
1917 13855
1916 13856
1915 13857
1914 13858
1913 13859
1912 13860
1911 13861
1910 13862
1909 13863
1908 13864
1907 13865
1906 13866
1905 14080
1904 14081
1903 14082
1902 14083
1901 14084
1900 14085
1899 14086
1898 14087
1897 13128
1896 13129
1895 13130
1894 13131
1893 13132
1892 13133
1891 13134
1890 13135
1889 12166
1888 12167
1887 12168
1886 12169
1885 12170
1884 12171
1883 12172
1882 12173
1881 12174
1880 12175
1879 12176
1878 12177
1877 12178
1876 12179
1875 12180
1874 12181
1873 12182
1872 12183
1871 12184
1870 12185
1869 12186
1868 12187
1867 12188
1866 12128
1865 12129
1864 12130
1863 12131
1862 12132
1861 12133
1860 12134
1859 14152
1858 14153
1857 14154
1856 14155
1855 14156
1854 14157
1853 14158
1852 14159
1851 14160
1850 14161
1849 14162
1848 14163
1847 14164
1846 14165
1845 14166
1844 14167
1843 14294
1842 14295
1841 14296
1840 14297
1839 14298
1838 14299
1837 14300
1836 14301
1835 12323
1834 12324
1833 12325
1832 12326
1831 12327
1830 12328
1829 12329
1828 12330
1827 12331
1826 12332
1825 12333
1824 12334
1823 12335
1822 12336
1821 12337
1820 12338
1819 12339
1818 12340
1817 12341
1816 12342
1815 12343
1814 12344
1813 12292
1812 12293
1811 12294
1810 12295
1809 12296
1808 12297
1807 12298
1806 12299
1805 12675
1804 12676
1803 12677
1802 12678
1801 12679
1800 12680
1799 12681
1798 14363
1797 14364
1796 14365
1795 14366
1794 14367
1793 14368
1792 14369
1791 14370
1790 14371
1789 14372
1788 14373
1787 14374
1786 14375
1785 14376
1784 14377
1783 14378
1782 15212
1781 15213
1780 15214
1779 15215
1778 15216
1777 15217
1776 15218
1775 15219
1774 14961
1773 14962
1772 14963
1771 14964
1770 14965
1769 14966
1768 14967
1767 14968
1766 14969
1765 14970
1764 14971
1763 14972
1762 14973
1761 14974
1760 14975
1759 15247
1758 15248
1757 15249
1756 15250
1755 15251
1754 15252
1753 15253
1752 14930
1751 14931
1750 14932
1749 14933
1748 14934
1747 14935
1746 14936
1745 14937
1744 15004
1743 15005
1742 15006
1741 15007
1740 15008
1739 15009
1738 15010
1737 15525
1736 15526
1735 15527
1734 15528
1733 15529
1732 15530
1731 15531
1730 15532
1729 15533
1728 15534
1727 15535
1726 15536
1725 15537
1724 15538
1723 15539
1722 15540
1721 16370
1720 16371
1719 16372
1718 16373
1717 16374
1716 16375
1715 16376
1714 16377
1713 14722
1712 14723
1711 14724
1710 14725
1709 14726
1708 14727
1707 14728
1706 14729
1705 14506
1704 14507
1703 14508
1702 14509
1701 14510
1700 14511
1699 14512
1698 14513
1697 14514
1696 14515
1695 14516
1694 14466
1693 14467
1692 14468
1691 14469
1690 14470
1689 14471
1688 14472
1687 14473
1686 14474
1685 14475
1684 14476
1683 14477
1682 14478
1681 14479
1680 14480
1679 14481
1678 16435
1677 16436
1676 16437
1675 16438
1674 16439
1673 16440
1672 16441
1671 16442
1670 16443
1669 16444
1668 16445
1667 16446
1666 16447
1665 16448
1664 16449
1663 16450
1662 16577
1661 16578
1660 16579
1659 16580
1658 16581
1657 16582
1656 16583
1655 16584
1654 16157
1653 16158
1652 16159
1651 16160
1650 16161
1649 16162
1648 16163
1647 16164
1646 16625
1645 16626
1644 16627
1643 16628
1642 16629
1641 16630
1640 16631
1639 16632
1638 16633
1637 16634
1636 16635
1635 16636
1634 16637
1633 16638
1632 16639
1631 16640
1630 16641
1629 16642
1628 16643
1627 16644
1626 16767
1625 16768
1624 16769
1623 16770
1622 16771
1621 16772
1620 16773
1619 16774
1618 16775
1617 16776
1616 16777
1615 16778
1614 16779
1613 16780
1612 16781
1611 16782
1610 16783
1609 16784
1608 16785
1607 16786
1606 16787
1605 16788
1604 16789
1603 16790
1602 17043
1601 17044
1600 17045
1599 17046
1598 17047
1597 17048
1596 17049
1595 17050
1594 15905
1593 15906
1592 15907
1591 15908
1590 15909
1589 15910
1588 15911
1587 15912
1586 17091
1585 17092
1584 17093
1583 17094
1582 17095
1581 17096
1580 17097
1579 17098
1578 17099
1577 17100
1576 17101
1575 17102
1574 17103
1573 17104
1572 17105
1571 17106
1570 17286
1569 17287
1568 17288
1567 17289
1566 17290
1565 17291
1564 17292
1563 17293
1562 17294
1561 17295
1560 17296
1559 17297
1558 17298
1557 17299
1556 17300
1553 17270
1552 17271
1551 17272
1550 17273
1549 17274
1548 17275
1547 17276
1546 17277
1545 17278
1544 17279
1543 17280
1542 17281
1541 17282
1540 17283
1539 17284
1538 17285
1537 17107
1536 17108
1535 17109
1534 17110
1533 17111
1532 17112
1531 17113
1530 17114
1529 15780
1528 15781
1527 15782
1526 15783
1525 15784
1524 15785
1523 15786
1522 15787
1521 17154
1520 17155
1519 17156
1518 17157
1517 17158
1516 17159
1515 17160
1514 17035
1513 17036
1512 17037
1511 17038
1510 17039
1509 17040
1508 17041
1507 17042
1506 16791
1505 16792
1504 16793
1503 16794
1502 16795
1501 16796
1500 16797
1499 16798
1498 16659
1497 16660
1496 16661
1495 16662
1494 16663
1493 16664
1492 16665
1491 16666
1490 17235
1489 17236
1488 17237
1487 17238
1486 17239
1485 17240
1484 17241
1483 17242
1482 17243
1481 17244
1480 17245
1479 17246
1478 17247
1477 17248
1476 17249
1475 17250
1474 17251
1473 17252
1472 17253
1471 17254
1470 17255
1469 17256
1468 17257
1467 17258
1466 16032
1465 16033
1464 16034
1463 16035
1462 16036
1461 16037
1460 16038
1459 16039
1458 16868
1457 16869
1456 16870
1455 16871
1454 16872
1453 16873
1452 16874
1451 16569
1450 16570
1449 16571
1448 16572
1447 16573
1446 16574
1445 16575
1444 16576
1443 16451
1442 16452
1441 16453
1440 16454
1439 16455
1438 16456
1437 16457
1436 16458
1435 16220
1434 16221
1433 16222
1432 16223
1431 16224
1430 16225
1429 16226
1428 16227
1427 16498
1426 16499
1425 16500
1424 16501
1423 16502
1422 16503
1421 16504
1420 16505
1419 16317
1418 16318
1417 16319
1416 16320
1415 16321
1414 16322
1413 16323
1412 16324
1411 16325
1410 16326
1409 16327
1408 14592
1407 14593
1406 14594
1405 14595
1404 14596
1403 14597
1402 14598
1401 14599
1400 14600
1399 14601
1398 14602
1397 14603
1396 14604
1395 16355
1394 16356
1393 16357
1392 16358
1391 16359
1390 16360
1389 16361
1388 16362
1387 16363
1386 16364
1385 16365
1384 16366
1383 16367
1382 16368
1381 16369
1380 15541
1379 15542
1378 15543
1377 15544
1376 15545
1375 15546
1374 15547
1373 15548
1372 14785
1371 14786
1370 14787
1369 14788
1368 14789
1367 14790
1366 14791
1365 14792
1364 15588
1363 15589
1362 15590
1361 15591
1360 15592
1359 15593
1358 15594
1357 15595
1356 14922
1355 14923
1354 14924
1353 14925
1352 14926
1351 14927
1350 14928
1349 14929
1348 15254
1347 15255
1346 15256
1345 15257
1344 15258
1343 15259
1342 15260
1341 15261
1340 15262
1339 15263
1338 15264
1337 15265
1336 15266
1335 15267
1334 15268
1333 15269
1332 15331
1331 15332
1330 15333
1329 15334
1328 15335
1327 15336
1326 15337
1325 15204
1324 15205
1323 15206
1322 15207
1321 15208
1320 15209
1319 15210
1318 15211
1317 14379
1316 14380
1315 14381
1314 14382
1313 14383
1312 14384
1311 14385
1310 14386
1309 14387
1308 14388
1307 14389
1306 14390
1305 14391
1304 14392
1303 14393
1302 14394
1301 15133
1300 15134
1299 15135
1298 15136
1297 15137
1296 15138
1295 15139
1294 15140
1293 12284
1292 12285
1291 12286
1290 12287
1289 12288
1288 12289
1287 12290
1286 12291
1285 12345
1284 12346
1283 12347
1282 12348
1281 12349
1280 12350
1279 12351
1278 12352
1277 12353
1276 12354
1275 12355
1274 12356
1273 12357
1272 12358
1271 12359
1270 12360
1269 12422
1268 12423
1267 12424
1266 12425
1265 12426
1264 12427
1263 12428
1262 14286
1261 14287
1260 14288
1259 14289
1258 14290
1257 14291
1256 14292
1255 14293
1254 14168
1253 14169
1252 14170
1251 14171
1250 14172
1249 14173
1248 14174
1247 14175
1246 12765
1245 12766
1244 12767
1243 12768
1242 12769
1241 12770
1240 12771
1239 12772
1238 14215
1237 14216
1236 14217
1235 14218
1234 14219
1233 14220
1232 14221
1231 14222
1230 13101
1229 13102
1228 13103
1227 13104
1226 13105
1225 13106
1224 13107
1223 13108
1222 13109
1221 13110
1220 13111
1219 13112
1218 13113
1217 13114
1216 12200
1215 12201
1214 12202
1213 12203
1212 12204
1211 12205
1210 12206
1209 12207
1208 12208
1207 13038
1206 13039
1205 13040
1204 13041
1203 13042
1202 13043
1201 13044
1200 14072
1199 14073
1198 14074
1197 14075
1196 14076
1195 14077
1194 14078
1193 14079
1192 13867
1191 13868
1190 13869
1189 13870
1188 13871
1187 13872
1186 13873
1185 13874
1184 13191
1183 13192
1182 13193
1181 13194
1180 13195
1179 13196
1178 13197
1177 13198
1176 14001
1175 14002
1174 14003
1173 14004
1172 14005
1171 14006
1170 14007
1169 14008
1168 11980
1167 11981
1166 11982
1165 11983
1164 11984
1163 11985
1162 11986
1161 11987
1160 13960
1159 13961
1158 13962
1157 13963
1156 13964
1155 13965
1154 13966
1153 13967
1152 13968
1151 13969
1150 13970
1149 13971
1148 13972
1147 13973
1146 12013
1145 12014
1144 12015
1143 12016
1142 12017
1141 12018
1140 12019
1139 13768
1138 13769
1137 13770
1136 13771
1135 13772
1134 13773
1133 13774
1132 13775
1131 13574
1130 13575
1129 13576
1128 13577
1127 13578
1126 13579
1125 13580
1124 13581
1123 10815
1122 10816
1121 10817
1120 10818
1119 10819
1118 10820
1117 10821
1116 10822
1115 10823
1114 10824
1113 10825
1112 10826
1111 10827
1110 10828
1109 10829
1108 13473
1107 13474
1106 13475
1105 13476
1104 13477
1103 13478
1102 13479
1101 11823
1100 11824
1099 11825
1098 11826
1097 11827
1096 11828
1095 11829
1094 11830
1093 10859
1092 10860
1091 10861
1090 10862
1089 10863
1088 10864
1087 10865
1086 10866
1085 13643
1084 13644
1083 13645
1082 13646
1081 13647
1080 13648
1079 13649
1078 13650
1077 11752
1076 11753
1075 11754
1074 11755
1073 11756
1072 11757
1071 11758
1070 11759
1069 11688
1068 11689
1067 11690
1066 11691
1065 11692
1064 11693
1063 11694
1062 11695
1061 11696
1060 11697
1059 10733
1058 10734
1057 10735
1056 10736
1055 10737
1054 10738
1053 10739
1052 10740
1051 10741
1050 10742
1049 10743
1048 11631
1047 11632
1046 11633
1045 11634
1044 11635
1043 11636
1042 11637
1041 11638
1040 11395
1039 11396
1038 11397
1037 11398
1036 11399
1035 11400
1034 11401
1033 11402
1032 11202
1031 11203
1030 11204
1029 11205
1028 11206
1027 11207
1026 11208
1025 11209
1024 11273
1023 11274
1022 11275
1021 11276
1020 11277
1019 11278
1018 11279
1017 11280
1016 11281
1015 11282
1014 11283
1013 11284
1012 11285
1011 11286
1010 11287
1009 11288
1008 11289
1007 11290
1006 11291
1005 11292
1004 11293
1003 11294
1002 10513
1001 10514
1000 10515
999 10516
998 10517
997 10518
996 10519
995 10520
994 11464
993 11465
992 11466
991 11467
990 11468
989 11469
988 11470
987 11471
986 10627
985 10628
984 10629
983 10630
982 10631
981 10632
980 10633
979 10634
978 10155
977 10156
976 10157
975 10158
974 10159
973 10160
972 10161
971 10579
970 10580
969 10581
968 10582
967 10583
966 10584
965 10585
964 10586
963 10587
962 10588
961 10589
960 10590
959 10591
958 10592
957 10593
956 9003
955 9004
954 9005
953 9006
952 9007
951 9008
950 9009
949 9010
948 9884
947 9885
946 9886
945 9887
944 9888
943 9889
942 9890
941 9891
940 9942
939 9943
938 9944
937 9945
936 9946
935 9947
934 9948
933 9949
932 9950
931 9951
930 9952
929 9953
928 9954
927 9955
926 9956
925 9957
924 9958
923 9959
922 9960
921 9961
920 9962
919 9963
918 9277
917 9278
916 9279
915 9280
914 9281
913 9282
912 9283
911 9284
910 9723
909 9724
908 9725
907 9726
906 9727
905 9728
904 9729
903 9730
902 9731
901 9732
900 9733
899 9734
898 9735
897 9311
896 9312
895 9313
894 9314
893 9315
892 9316
891 9317
890 9318
889 9319
888 9320
887 9471
886 9472
885 9473
884 9474
883 9475
882 9476
881 9477
880 9478
879 9409
878 9410
877 9411
876 9412
875 9413
874 9414
873 9415
872 9416
871 9417
870 9418
869 9419
868 9420
867 9421
866 9422
865 9423
864 9424
863 9509
862 9510
861 9511
860 9512
859 9513
858 9514
857 9515
856 9516
855 8769
854 8770
853 8771
852 8772
851 8773
850 8774
849 8775
848 8776
847 8708
846 8709
845 8710
844 8711
843 8712
842 8713
841 8714
840 8715
839 8716
838 8717
837 8718
836 8719
835 8720
832 8863
831 8864
830 8865
829 8866
828 8867
827 8868
826 8869
825 8870
824 9695
823 9696
822 9697
821 9698
820 9699
819 9700
818 9701
817 9702
816 9703
815 9704
814 9705
813 9706
812 9707
811 9708
810 9709
809 9602
808 9603
807 9604
806 9605
805 9606
804 9607
803 9608
802 9609
801 9610
800 9611
799 9612
798 9613
797 9614
796 9615
795 9616
794 9797
793 9798
792 9799
791 9800
790 9801
789 9802
788 9803
787 9804
786 9855
785 9856
784 9857
783 9858
782 9859
781 9860
780 9861
779 9862
778 9863
777 9864
776 9753
775 9754
774 9755
773 9756
772 9757
771 9758
770 9759
769 9760
768 9761
767 9762
766 9763
765 9764
764 9765
763 10253
762 10254
761 10255
760 10256
759 10257
758 10258
757 10259
756 10260
755 10319
754 10320
753 10321
752 10322
751 10323
750 10324
749 10325
748 10326
747 10327
746 10328
745 10329
744 10330
743 10331
742 10332
741 10333
740 10288
739 10289
738 10290
737 10291
736 10292
735 10293
734 10294
733 10295
732 10296
731 10207
730 10208
729 10209
728 10210
727 10211
726 10212
725 10213
724 10214
723 8995
722 8996
721 8997
720 8998
719 8999
718 9000
717 9001
716 9002
715 10594
714 10595
713 10596
712 10597
711 10598
710 10599
709 10600
708 10601
707 10602
706 10603
705 10604
704 10605
703 10606
702 10607
701 10608
700 10609
699 10610
698 10611
697 10612
696 10613
695 10614
694 10615
693 10616
692 10617
691 10618
690 10619
689 10620
688 10621
687 10622
686 10623
685 10624
684 10625
683 10626
682 11472
681 11473
680 11474
679 11475
678 11476
677 11477
676 11478
675 11479
674 11480
673 11481
672 11482
671 11483
670 11484
669 11485
668 11486
667 11252
666 11253
665 11254
664 11255
663 11256
662 11257
661 11258
660 11259
659 11260
658 11261
657 11262
656 11263
655 11264
654 11265
653 11564
652 11565
651 11566
650 11567
649 11568
648 11569
647 11570
646 11571
645 11572
644 11573
643 11574
642 11575
641 11576
640 11577
639 11578
638 11579
637 11580
636 11581
635 11582
634 11015
633 11016
632 11017
631 11018
630 11019
629 11020
628 11021
627 11022
626 11623
625 11624
624 11625
623 11626
622 11627
621 11628
620 11629
619 11630
618 10744
617 10745
616 10746
615 10747
614 10748
613 10749
612 10750
611 10751
610 10752
609 10753
608 10754
607 10755
606 10756
605 10757
604 10758
603 10948
602 10949
601 10950
600 10951
599 10952
598 10953
597 10954
596 10955
595 10956
594 10957
593 10958
592 10959
591 10960
590 11744
589 11745
588 11746
587 11747
586 11748
585 11749
584 11750
583 11751
582 13651
581 13652
580 13653
579 13654
578 13655
577 13656
576 13657
575 13658
574 13659
573 13660
572 13661
571 13662
570 13663
569 13664
568 13665
567 11889
566 11890
565 11891
564 11892
563 11893
562 11894
561 11895
560 11896
559 11959
558 11960
557 11961
556 11962
555 11963
554 11964
553 11965
552 11966
551 11967
550 11968
549 13702
548 13703
547 13704
546 13705
545 13706
544 13707
543 13708
542 13709
541 13710
540 13711
539 13712
538 13713
537 13714
536 13715
535 13716
534 13717
533 13718
532 13719
531 13350
530 13351
529 13352
528 13353
527 13354
526 13355
525 13356
524 13357
523 13760
522 13761
521 13762
520 13763
519 13764
518 13765
517 13766
516 13767
515 12020
514 12021
513 12022
512 12023
511 12024
510 12025
509 12026
508 12027
507 12028
506 12029
505 12030
504 12031
503 12032
502 12033
501 12034
500 12035
499 13264
498 13265
497 13266
496 13267
495 13268
494 13269
493 13270
492 13271
491 13272
490 11969
489 11970
488 11971
487 11972
486 11973
485 11974
484 11975
483 11976
482 11977
481 11978
480 11979
479 14009
478 14010
477 14011
476 14012
475 14013
474 14014
473 14015
472 14016
471 14017
470 14018
469 14019
468 14020
467 14021
466 14022
465 14023
464 12930
463 12931
462 12932
461 12933
460 12934
459 12935
458 12936
457 12937
456 14064
455 14065
454 14066
453 14067
452 14068
451 14069
450 14070
449 14071
448 13045
447 13046
446 13047
445 13048
444 13049
443 13050
442 13051
441 13052
440 13053
439 13054
438 13055
437 13056
436 13057
435 13058
434 13059
433 13060
432 13061
431 13062
430 13063
429 13064
428 12862
427 12863
426 12864
425 12865
424 12866
423 12867
422 12868
421 12869
420 12870
419 13093
418 13094
417 13095
416 13096
415 13097
414 13098
413 13099
412 13100
411 14223
410 14224
409 14225
408 14226
407 14227
406 14228
405 14229
404 14230
403 14231
402 14232
401 14233
400 14234
399 14235
398 14236
397 14237
396 12586
395 12587
394 12588
393 12589
392 12590
391 12591
390 12592
389 12593
388 14278
387 14279
386 14280
385 14281
384 14282
383 14283
382 14284
381 14285
380 12429
379 12430
378 12431
377 12432
376 12433
375 12434
374 12435
373 12436
372 12437
371 12438
370 12439
369 12440
368 12441
367 12442
366 12443
365 12444
364 12445
363 12446
362 12512
361 12513
360 12514
359 12515
358 12516
357 12517
356 12518
355 12519
354 12520
353 12521
352 12522
351 12523
350 12276
349 12277
348 12278
347 12279
346 12280
345 12281
344 12282
343 12283
342 15141
341 15142
340 15143
339 15144
338 15145
337 15146
336 15147
335 15148
334 15149
333 15150
332 15151
331 15152
330 15153
329 15154
328 15155
327 15430
326 15431
325 15432
324 15433
323 15434
322 15435
321 15436
320 15437
319 15196
318 15197
317 15198
316 15199
315 15200
314 15201
313 15202
312 15203
311 15338
310 15339
309 15340
308 15341
307 15342
306 15343
305 15344
304 15345
303 15346
302 15347
301 15348
300 15349
299 15350
298 15351
297 15352
296 15353
295 15354
294 15355
293 15356
292 15357
291 15358
290 15359
289 15360
288 15361
287 15362
286 15363
285 15364
284 15365
283 15366
282 15367
281 14914
280 14915
279 14916
278 14917
277 14918
276 14919
275 14920
274 14921
273 15596
272 15597
271 15598
270 15599
269 15600
268 15601
267 15602
266 15603
265 15604
264 15605
263 15606
262 15607
261 15608
260 15609
259 15610
258 14659
257 14660
256 14661
255 14662
254 14663
253 14664
252 14665
251 14666
250 15651
249 15652
248 15653
247 15654
246 15655
245 15656
244 15657
243 15658
242 15659
241 15660
240 15661
239 15662
238 15663
237 15664
236 15665
235 15666
234 15667
233 15668
232 15669
231 15670
230 15671
229 15672
228 15673
227 15674
226 16295
225 16296
224 16297
223 16298
222 16299
221 16300
220 16301
219 16302
218 16303
217 16304
216 16305
215 16306
214 16307
213 16308
212 16309
211 16310
210 16311
209 16312
208 16313
207 16314
206 16315
205 16316
204 16506
203 16507
202 16508
201 16509
200 16510
199 16511
198 16512
197 16513
196 16514
195 16515
194 16516
193 16517
192 16518
191 16519
190 16520
189 16094
188 16095
187 16096
186 16097
185 16098
184 16099
183 16100
182 16101
181 16561
180 16562
179 16563
178 16564
177 16565
176 16566
175 16567
174 16568
173 16875
172 16876
171 16877
170 16878
169 16879
168 16880
167 16881
166 16882
165 16883
164 16884
163 16885
162 16886
161 16887
160 16888
159 16889
158 16890
157 16735
156 16736
155 16737
154 16738
153 16739
152 16740
151 16741
150 16742
149 16957
148 16958
147 16959
146 16960
145 16961
144 16962
143 16963
142 16964
141 16965
140 16966
139 16967
138 16968
137 16969
136 16970
135 16971
134 16972
133 16973
132 16974
131 16975
130 16976
129 16977
128 16978
127 16979
126 16980
125 16981
124 16982
123 16983
122 16984
121 16985
120 16986
119 15842
118 15843
117 15844
116 15845
115 15846
114 15847
113 15848
112 15849
111 17027
110 17028
109 17029
108 17030
107 17031
106 17032
105 17033
104 17034
103 17161
102 17162
101 17163
100 17164
99 17165
98 17166
97 17167
96 17168
95 17169
94 17170
93 17171
92 17172
91 17173
90 17174
89 17175
88 17176
87 17327
86 17328
85 17329
84 17330
83 17331
82 17332
81 17333
80 17334
79 17216
78 17217
77 17218
76 17219
75 17220
74 17221
73 17222
70 17311
69 17312
68 17313
67 17314
66 17315
65 17316
64 17317
63 17318
62 17319
61 17320
60 17321
59 17322
58 17323
57 17324
56 17325
55 17326
54 17177
53 17178
52 17179
51 17180
50 17181
49 17182
48 17183
47 17184
46 15819
45 15820
44 15821
43 15822
42 15823
41 15824
40 15825
39 15826
38 15827
37 15828
36 15829
35 15830
34 15831
33 15832
32 15833
31 15834
30 15835
29 15836
28 15837
27 15838
26 15839
25 15840
24 15841
23 16987
22 16988
21 16989
20 16990
19 16991
18 16992
17 16993
16 16994
15 16699
14 16700
13 16701
12 16702
11 16703
10 16704
9 16705
8 16706
7 16707
6 16708
5 16709
4 16710
3 16711
2 16712
1 16713
0 16714
