3709 4635
3708 4636
3707 4637
3706 4638
3705 4639
3704 4640
3703 4641
3702 4642
3701 7354
3700 7355
3699 7356
3698 7357
3697 7358
3696 7359
3695 7360
3694 7361
3693 7362
3692 7363
3691 7364
3690 7365
3689 7366
3688 7367
3687 7368
3686 7369
3685 4526
3684 4527
3683 4528
3682 4529
3681 4530
3680 4531
3679 4532
3678 4533
3677 4534
3676 4535
3675 4536
3674 4537
3673 4538
3672 4539
3671 7088
3670 7089
3669 7090
3668 7091
3667 7092
3666 7093
3665 7094
3664 7095
3663 7096
3662 7097
3661 7098
3660 7099
3659 7100
3658 7101
3657 7102
3656 7103
3655 7104
3654 7105
3653 7106
3652 7107
3651 7108
3650 6898
3649 6899
3648 6900
3647 6901
3646 6902
3645 6903
3644 6904
3643 6905
3642 6906
3641 6907
3640 6908
3639 6909
3638 6746
3637 6747
3636 6748
3635 6749
3634 6750
3633 6751
3632 6752
3631 6753
3630 6754
3629 6755
3628 6756
3627 6757
3626 6758
3625 6759
3624 6760
3623 6761
3622 6762
3621 6763
3620 6764
3619 6765
3618 6766
3617 6767
3616 6768
3615 6769
3614 6809
3613 6810
3612 6811
3611 6812
3610 6813
3609 6814
3608 6815
3607 6816
3606 6817
3605 6818
3604 6819
3603 6820
3602 6821
3601 6487
3600 6488
3599 6489
3598 6490
3597 6491
3596 6492
3595 6493
3594 6494
3593 6495
3592 6496
3591 6497
3590 6498
3589 6499
3588 6500
3587 4515
3586 4516
3585 4517
3584 4518
3583 4519
3582 4520
3581 4521
3580 4522
3579 4523
3578 4524
3577 4525
3576 4438
3575 4439
3574 4440
3573 4441
3572 4442
3571 4443
3570 4444
3569 4445
3568 4446
3567 4447
3566 4448
3565 4449
3564 4450
3563 4451
3562 4452
3561 4453
3560 6349
3559 6350
3558 6351
3557 6352
3556 6353
3555 6354
3554 6355
3553 6356
3552 4626
3551 4627
3550 4628
3549 4629
3548 4630
3547 4631
3546 4632
3545 4633
3544 4634
3543 6081
3542 6082
3541 6083
3540 6084
3539 6085
3538 6086
3537 6087
3536 6088
3535 6089
3534 4411
3533 4412
3532 4413
3531 4414
3530 4415
3529 4416
3528 4417
3527 4418
3526 4419
3525 4420
3524 4421
3523 5973
3522 5974
3521 5975
3520 5976
3519 5977
3518 5978
3517 5979
3516 5980
3515 5981
3514 5982
3513 5983
3512 5984
3511 5985
3510 5986
3509 5987
3508 5988
3507 5989
3506 5990
3505 5991
3504 5992
3503 5993
3502 5994
3501 5995
3500 5705
3499 5706
3498 5707
3497 5708
3496 5709
3495 5710
3494 5711
3493 5712
3492 5713
3491 5714
3490 5715
3489 5716
3488 5717
3487 5718
3486 5719
3485 5720
3484 5721
3483 5722
3482 4390
3481 4391
3480 4392
3479 4393
3478 4394
3477 4395
3476 4396
3475 4397
3474 4398
3473 4399
3472 4400
3471 5646
3470 5647
3469 5648
3468 5649
3467 5650
3466 5651
3465 5652
3464 5653
3463 5654
3462 5655
3461 5656
3460 5657
3459 5658
3458 5659
3457 5432
3456 5433
3455 5434
3454 5435
3453 5436
3452 5437
3451 5438
3450 5439
3449 5440
3448 5441
3447 5442
3446 5443
3445 5444
3444 5445
3443 5446
3442 5447
3441 5448
3440 5449
3439 5450
3438 5451
3437 5452
3436 5453
3435 5454
3434 5455
3433 5590
3432 5591
3431 5592
3430 5593
3429 5594
3428 5595
3427 5596
3426 5597
3425 5598
3424 5599
3423 5600
3422 5601
3421 5602
3420 5603
3419 5093
3418 5094
3417 5095
3416 5096
3415 5097
3414 5098
3413 5099
3412 5100
3411 5101
3410 5102
3409 5103
3408 5104
3407 5105
3406 5106
3405 5107
3404 5108
3403 5109
3402 5110
3401 5111
3400 5112
3399 5113
3398 5114
3397 5115
3396 5116
3395 5117
3394 5118
3393 5119
3392 5120
3391 4255
3390 4256
3389 4257
3388 4258
3387 4259
3386 4260
3385 4261
3384 4262
3383 4263
3382 4264
3381 4265
3380 4266
3379 4267
3378 4744
3377 4745
3376 4746
3375 4747
3374 4748
3373 4749
3372 4750
3371 4751
3370 4752
3369 4753
3368 4754
3367 4755
3366 4756
3365 4757
3364 4758
3363 4759
3362 4903
3361 4904
3360 4905
3359 4906
3358 4907
3357 4908
3356 4909
3355 4241
3354 4242
3353 4243
3352 4244
3351 4245
3350 4246
3349 4247
3348 4248
3347 4249
3346 4250
3345 4251
3344 4252
3343 4253
3342 4254
3339 4228
3338 4229
3337 4230
3336 4231
3335 4232
3334 4233
3333 4234
3332 4235
3331 4236
3330 4237
3329 4238
3328 4239
3327 4240
3326 4910
3325 4911
3324 4912
3323 4913
3322 4914
3321 4915
3320 4916
3319 4917
3318 4918
3317 4919
3316 4920
3315 4735
3314 4736
3313 4737
3312 4738
3311 4739
3310 4740
3309 4741
3308 4742
3307 4743
3306 4268
3305 4269
3304 4270
3303 4271
3302 4272
3301 4273
3300 4274
3299 4275
3298 4276
3297 4277
3296 4278
3295 4279
3294 4280
3293 4281
3292 4282
3291 4283
3290 4284
3289 4285
3288 4286
3287 4287
3286 5079
3285 5080
3284 5081
3283 5082
3282 5083
3281 5084
3280 5085
3279 5086
3278 5087
3277 5088
3276 5089
3275 5090
3274 5091
3273 5092
3272 5604
3271 5605
3270 5606
3269 5607
3268 5608
3267 5609
3266 5610
3265 5611
3264 5612
3263 5613
3262 5614
3261 5615
3260 5616
3259 5617
3258 5618
3257 5619
3256 5620
3255 5621
3254 5622
3253 5623
3252 5624
3251 5625
3250 5626
3249 5627
3248 5628
3247 5629
3246 5630
3245 5631
3244 5632
3243 5633
3242 5634
3241 5635
3240 5636
3239 5637
3238 5638
3237 5639
3236 5640
3235 5641
3234 5642
3233 5643
3232 5644
3231 5645
3230 4380
3229 4381
3228 4382
3227 4383
3226 4384
3225 4385
3224 4386
3223 4387
3222 4388
3221 4389
3220 5723
3219 5724
3218 5725
3217 5726
3216 5727
3215 5728
3214 5729
3213 5730
3212 4180
3211 4181
3210 4182
3209 4183
3208 4184
3207 4185
3206 4186
3205 4187
3204 4188
3203 4189
3202 4190
3201 5959
3200 5960
3199 5961
3198 5962
3197 5963
3196 5964
3195 5965
3194 5966
3193 5967
3192 5968
3191 5969
3190 5970
3189 5971
3188 5972
3187 4401
3186 4402
3185 4403
3184 4404
3183 4405
3182 4406
3181 4407
3180 4408
3179 4409
3178 4410
3177 6090
3176 6091
3175 6092
3174 6093
3173 6094
3172 6095
3171 6096
3170 6097
3169 6098
3168 6099
3167 6100
3166 6101
3165 6102
3164 6103
3163 6104
3162 6105
3161 6106
3160 6107
3159 4422
3158 4423
3157 4424
3156 4425
3155 4426
3154 4427
3153 4428
3152 4429
3151 4430
3150 4431
3149 4432
3148 4433
3147 4434
3146 4435
3145 4436
3144 4437
3143 4506
3142 4507
3141 4508
3140 4509
3139 4510
3138 4511
3137 4512
3136 4513
3135 4514
3134 6501
3133 6502
3132 6503
3131 6504
3130 6505
3129 6506
3128 6507
3127 6508
3126 6509
3125 6510
3124 6511
3123 6512
3122 6513
3121 6514
3120 6515
3119 6516
3118 6517
3117 6863
3116 6864
3115 6865
3114 6866
3113 6867
3112 6868
3111 6869
3110 6870
3109 6871
3108 6872
3107 6873
3106 6874
3105 6875
3104 6876
3103 6877
3102 6878
3101 6879
3100 6880
3099 6881
3098 6882
3097 6883
3096 6884
3095 6885
3094 6886
3093 6887
3092 6888
3091 6889
3090 6890
3089 6891
3088 6892
3087 6893
3086 6894
3085 6895
3084 6896
3083 6897
3082 7109
3081 7110
3080 7111
3079 7112
3078 7113
3077 7114
3076 7115
3075 7116
3074 7078
3073 7079
3072 7080
3071 7081
3070 7082
3069 7083
3068 7084
3067 7085
3066 7086
3065 7087
3064 4540
3063 4541
3062 4542
3061 4543
3060 4544
3059 4545
3058 4546
3057 4547
3056 4548
3055 4549
3054 4550
3053 4551
3052 4552
3051 4553
3050 4554
3049 4555
3048 4556
3047 4557
3046 4558
3045 4213
3044 4214
3043 4215
3042 4216
3041 4217
3040 4218
3039 4219
3038 4220
3037 4221
3036 4222
3035 4223
3034 4224
3033 4225
3032 4226
3031 4227
3028 4199
3027 4200
3026 4201
3025 4202
3024 4203
3023 4204
3022 4205
3021 4206
3020 4207
3019 4208
3018 4209
3017 4210
3016 4211
3015 4212
3014 4559
3013 4560
3012 4561
3011 4562
3010 4563
3009 4564
3008 4565
3007 4566
3006 4567
3005 4568
3004 4569
3003 4570
3002 4571
3001 4572
3000 4573
2999 7069
2998 7070
2997 7071
2996 7072
2995 7073
2994 7074
2993 7075
2992 7076
2991 7077
2990 7117
2989 7118
2988 7119
2987 7120
2986 7121
2985 7122
2984 7123
2983 7124
2982 7125
2981 7126
2980 7127
2979 7128
2978 7129
2977 7130
2976 7131
2975 7132
2974 7133
2973 7134
2972 7135
2971 7136
2970 7137
2969 7138
2968 6854
2967 6855
2966 6856
2965 6857
2964 6858
2963 6859
2962 6860
2961 6861
2960 6862
2959 6518
2958 6519
2957 6520
2956 6521
2955 6522
2954 6523
2953 6524
2952 6525
2951 6526
2950 6527
2949 6528
2948 6529
2947 6530
2946 6531
2945 4488
2944 4489
2943 4490
2942 4491
2941 4492
2940 4493
2939 4494
2938 4495
2937 4496
2936 4497
2935 4498
2934 4499
2933 4500
2932 4501
2931 4502
2930 4503
2929 4504
2928 4505
2927 6108
2926 6109
2925 6110
2924 6111
2923 6112
2922 6113
2921 6114
2920 6115
2919 6116
2918 6117
2917 6118
2916 6119
2915 6120
2914 6121
2913 6122
2912 6123
2911 6124
2910 6125
2909 6126
2908 6127
2907 6128
2906 6129
2905 6130
2904 6131
2903 5952
2902 5953
2901 5954
2900 5955
2899 5956
2898 5957
2897 5958
2896 4191
2895 4192
2894 4193
2893 4194
2892 4195
2891 4196
2890 4197
2889 4198
2888 5731
2887 5732
2886 5733
2885 5734
2884 5735
2883 5736
2882 5513
2881 5514
2880 5515
2879 5516
2878 5517
2877 5518
2876 5519
2875 5520
2874 5521
2873 5522
2872 5523
2871 5524
2870 5525
2869 5526
2868 5527
2867 5528
2866 5529
2865 5530
2864 5531
2863 5532
2862 5533
2861 5051
2860 5052
2859 5053
2858 5054
2857 5055
2856 5056
2855 5057
2854 5058
2853 5059
2852 5060
2851 5061
2850 5062
2849 5063
2848 5064
2847 5065
2846 5066
2845 5067
2844 5068
2843 5069
2842 5070
2841 5071
2840 5072
2839 5073
2838 5074
2837 5075
2836 5076
2835 5077
2834 5078
2833 4288
2832 4289
2831 4290
2830 4291
2829 4292
2828 4293
2827 4294
2826 4295
2825 4296
2824 4297
2823 4298
2822 4299
2821 4300
2820 4301
2819 4727
2818 4728
2817 4729
2816 4730
2815 4731
2814 4732
2813 4733
2812 4734
2811 4921
2810 4922
2809 4923
2808 4924
2807 4925
2806 4926
2805 4927
2804 4928
2803 4929
2802 4930
2801 4931
2800 4932
2799 4933
2798 4934
2797 4935
2796 4936
2795 4937
2794 4938
2793 4939
2792 4940
2791 4941
2788 3711
2787 3712
2786 3713
2785 3714
2784 3715
2783 3716
2782 3717
2781 3718
2780 3719
2779 3720
2778 3721
2777 3722
2776 3723
2775 4711
2774 4712
2773 4713
2772 4714
2771 4715
2770 4716
2769 4717
2768 4718
2767 4719
2766 4720
2765 4721
2764 4722
2763 4723
2762 4724
2761 4725
2760 4726
2759 4302
2758 4303
2757 4304
2756 4305
2755 4306
2754 4307
2753 4308
2752 4309
2751 4310
2750 4311
2749 4312
2748 4313
2747 4314
2746 4315
2745 4316
2744 4317
2743 4318
2742 4319
2741 5027
2740 5028
2739 5029
2738 5030
2737 5031
2736 5032
2735 5033
2734 5034
2733 5035
2732 5036
2731 5037
2730 5038
2729 5039
2728 5040
2727 5041
2726 5042
2725 5043
2724 5044
2723 5045
2722 5046
2721 5047
2720 5048
2719 5049
2718 5050
2717 5534
2716 5535
2715 5536
2714 5537
2713 5538
2712 5539
2711 5498
2710 5499
2709 5500
2708 5501
2707 5502
2706 5503
2705 5504
2704 5505
2703 5506
2702 5507
2701 5508
2700 5509
2699 5510
2698 5511
2697 5512
2696 5737
2695 5738
2694 5739
2693 5740
2692 5741
2691 5742
2690 5743
2689 5939
2688 5940
2687 5941
2686 5942
2685 5943
2684 5944
2683 5945
2682 5946
2681 5947
2680 5948
2679 5949
2678 5950
2677 5951
2676 6132
2675 6133
2674 6134
2673 6135
2672 6136
2671 6137
2670 6138
2669 6139
2668 6309
2667 6310
2666 6311
2665 6312
2664 6313
2663 6314
2662 6315
2661 6316
2660 6317
2659 6318
2658 6319
2657 6320
2656 6321
2655 6322
2654 6323
2653 6324
2652 6325
2651 6326
2650 6327
2649 6328
2648 6329
2647 4476
2646 4477
2645 4478
2644 4479
2643 4480
2642 4481
2641 4482
2640 4483
2639 4484
2638 4485
2637 4486
2636 4487
2635 6532
2634 6533
2633 6534
2632 6535
2631 6536
2630 6537
2629 6538
2628 6539
2627 6540
2626 6541
2625 6542
2624 6543
2623 6844
2622 6845
2621 6846
2620 6847
2619 6848
2618 6849
2617 6850
2616 6851
2615 6852
2614 6853
2613 7139
2612 7140
2611 7141
2610 7142
2609 7143
2608 7144
2607 7145
2606 7046
2605 7047
2604 7048
2603 7049
2602 7050
2601 7051
2600 7052
2599 7053
2598 7054
2597 7055
2596 7056
2595 7057
2594 7058
2593 7059
2592 7060
2591 7061
2590 7062
2589 7063
2588 7064
2587 7065
2586 7066
2585 7067
2584 7068
2583 4574
2582 4575
2581 4576
2580 4577
2579 4578
2578 4579
2577 4580
2576 4581
2575 4582
2574 4161
2573 4162
2572 4163
2571 4164
2570 4165
2569 4166
2568 4167
2567 4168
2566 4169
2565 4170
2564 4171
2563 4172
2562 4173
2561 4174
2560 4175
2559 4176
2558 4177
2557 4178
2556 4179
2553 3756
2552 3757
2551 3758
2550 3759
2549 3760
2548 4144
2547 4145
2546 4146
2545 4147
2544 4148
2543 4149
2542 4150
2541 4151
2540 4152
2539 4153
2538 4154
2537 4155
2536 4156
2535 4157
2534 4158
2533 4159
2532 4160
2531 4583
2530 4584
2529 4585
2528 4586
2527 4587
2526 4588
2525 4589
2524 4590
2523 4591
2522 4592
2521 4593
2520 4594
2519 4595
2518 4596
2517 3748
2516 3749
2515 3750
2514 3751
2513 3752
2512 3753
2511 3754
2510 3755
2509 7027
2508 7028
2507 7029
2506 7030
2505 7031
2504 7032
2503 7033
2502 7034
2501 7035
2500 7036
2499 7037
2498 7038
2497 7039
2496 7040
2495 7041
2494 7042
2493 7043
2492 7044
2491 7045
2490 7146
2489 7147
2488 7148
2487 7149
2486 7150
2485 7151
2484 7152
2483 7153
2482 7154
2481 7155
2480 7156
2479 7157
2478 7158
2477 7159
2476 6836
2475 6837
2474 6838
2473 6839
2472 6840
2471 6841
2470 6842
2469 6843
2468 6544
2467 6545
2466 6546
2465 6547
2464 6548
2463 6549
2462 6550
2461 6551
2460 6552
2459 6553
2458 6554
2457 6555
2456 6556
2455 6557
2454 6558
2453 6559
2452 6560
2451 6561
2450 6562
2449 6563
2448 6564
2447 6565
2446 6566
2445 6567
2444 4469
2443 4470
2442 4471
2441 4472
2440 4473
2439 4474
2438 4475
2437 6330
2436 6331
2435 6332
2434 6333
2433 6334
2432 6335
2431 6336
2430 6337
2429 6338
2428 6339
2427 6340
2426 6291
2425 6292
2424 6293
2423 6294
2422 6295
2421 6296
2420 6297
2419 6298
2418 6299
2417 6300
2416 6301
2415 6302
2414 6303
2413 6304
2412 6305
2411 6306
2410 6307
2409 6308
2408 6140
2407 6141
2406 6142
2405 6143
2404 6144
2403 6145
2402 6146
2401 6147
2400 6148
2399 6149
2398 6150
2397 6151
2396 6152
2395 6153
2394 6154
2393 5928
2392 5929
2391 5930
2390 5931
2389 5932
2388 5933
2387 5934
2386 5935
2385 5936
2384 5937
2383 5938
2382 5744
2381 5745
2380 5746
2379 5747
2378 5748
2377 5749
2376 5750
2375 5751
2374 5752
2373 5753
2372 5754
2371 5755
2370 5756
2369 5757
2368 5758
2367 5759
2366 5760
2365 5761
2364 5762
2363 5763
2362 5764
2361 5765
2360 5491
2359 5492
2358 5493
2357 5494
2356 5495
2355 5496
2354 5497
2353 5540
2352 5541
2351 5542
2350 5543
2349 5544
2348 5545
2347 5546
2346 5547
2345 5548
2344 5549
2343 5550
2342 5551
2341 5552
2340 5553
2339 5554
2338 5555
2337 5556
2336 5557
2335 5558
2334 5559
2333 5560
2332 5561
2331 5562
2330 5563
2329 5564
2328 5565
2327 5566
2326 5567
2325 5568
2324 5569
2323 5570
2322 5571
2321 5572
2320 5573
2319 5019
2318 5020
2317 5021
2316 5022
2315 5023
2314 5024
2313 5025
2312 5026
2311 4320
2310 4321
2309 4322
2308 4323
2307 4324
2306 4325
2305 4326
2304 4327
2303 4328
2302 4329
2301 4330
2300 4331
2299 4332
2298 4333
2297 4334
2296 4335
2295 4336
2294 4337
2293 4338
2292 4339
2291 4340
2290 4341
2289 4342
2288 4343
2287 4344
2286 4345
2285 4346
2284 4347
2283 4348
2282 4349
2281 4350
2280 4351
2279 4352
2278 4353
2277 4354
2276 4704
2275 4705
2274 4706
2273 4707
2272 4708
2271 4709
2270 4710
2269 3724
2268 3725
2267 3726
2266 3727
2265 3728
2264 3729
2263 3730
2262 3731
2261 3732
2260 3733
2259 3734
2258 3735
2257 3736
2256 3737
2255 3738
2252 3767
2251 3768
2250 3769
2249 3770
2248 3771
2247 3772
2246 3773
2245 3774
2244 3775
2243 3776
2242 3777
2241 3778
2240 3779
2239 4692
2238 4693
2237 4694
2236 4695
2235 4696
2234 4697
2233 4698
2232 4699
2231 4700
2230 4701
2229 4702
2228 4703
2227 4355
2226 4356
2225 4357
2224 4358
2223 4359
2222 4360
2221 4361
2220 4362
2219 4363
2218 4364
2217 4365
2216 4366
2215 4367
2214 4368
2213 4369
2212 4370
2211 4371
2210 4372
2209 4373
2208 4374
2207 4375
2206 4376
2205 4377
2204 4378
2203 4379
2202 5121
2201 5122
2200 5123
2199 5124
2198 5125
2197 5126
2196 5127
2195 5128
2194 5129
2193 5130
2192 5131
2191 5132
2190 5133
2189 5134
2188 5135
2187 5136
2186 5137
2185 5138
2184 5011
2183 5012
2182 5013
2181 5014
2180 5015
2179 5016
2178 5017
2177 5018
2176 5574
2175 5575
2174 5576
2173 5577
2172 5578
2171 5579
2170 5580
2169 5581
2168 5582
2167 5583
2166 5584
2165 5585
2164 5586
2163 5587
2162 5588
2161 5589
2160 5456
2159 5457
2158 5458
2157 5459
2156 5460
2155 5461
2154 5462
2153 5463
2152 5464
2151 5465
2150 5466
2149 5467
2148 5468
2147 5469
2146 5470
2145 5471
2144 5472
2143 5473
2142 5474
2141 5475
2140 5476
2139 5477
2138 5478
2137 5479
2136 5480
2135 5481
2134 5482
2133 5483
2132 5484
2131 5485
2130 5486
2129 5487
2128 5488
2127 5489
2126 5490
2125 5766
2124 5767
2123 5768
2122 5769
2121 5770
2120 5771
2119 5772
2118 5773
2117 5774
2116 5775
2115 5776
2114 5777
2113 5898
2112 5899
2111 5900
2110 5901
2109 5902
2108 5903
2107 5904
2106 5905
2105 5906
2104 5907
2103 5908
2102 5909
2101 5910
2100 5911
2099 5912
2098 5913
2097 5914
2096 5915
2095 5916
2094 5917
2093 5918
2092 5919
2091 5920
2090 5921
2089 5922
2088 5923
2087 5924
2086 5925
2085 5926
2084 5927
2083 6155
2082 6156
2081 6157
2080 6158
2079 6159
2078 6160
2077 6161
2076 6162
2075 6163
2074 6164
2073 6165
2072 6166
2071 6167
2070 6168
2069 3794
2068 3795
2067 3796
2066 3797
2065 3798
2064 3799
2063 3800
2062 3801
2061 3802
2060 3803
2059 6273
2058 6274
2057 6275
2056 6276
2055 6277
2054 6278
2053 6279
2052 6280
2051 6281
2050 6282
2049 6283
2048 6284
2047 6285
2046 6286
2045 6287
2044 6288
2043 6289
2042 6290
2041 6341
2040 6342
2039 6343
2038 6344
2037 6345
2036 6346
2035 6347
2034 6348
2033 4454
2032 4455
2031 4456
2030 4457
2029 4458
2028 4459
2027 4460
2026 4461
2025 4462
2024 4463
2023 4464
2022 4465
2021 4466
2020 4467
2019 4468
2018 6568
2017 6569
2016 6570
2015 6571
2014 6572
2013 6573
2012 6574
2011 6575
2010 6576
2009 6577
2008 6578
2007 6579
2006 6473
2005 6474
2004 6475
2003 6476
2002 6477
2001 6478
2000 6479
1999 6480
1998 6481
1997 6482
1996 6483
1995 6484
1994 6485
1993 6486
1992 6822
1991 6823
1990 6824
1989 6825
1988 6826
1987 6827
1986 6828
1985 6829
1984 6830
1983 6831
1982 6832
1981 6833
1980 6834
1979 6835
1978 7160
1977 7161
1976 7162
1975 7163
1974 7164
1973 7165
1972 7166
1971 7167
1970 7168
1969 7169
1968 7170
1967 7171
1966 7172
1965 7173
1964 7174
1963 7175
1962 7176
1961 7177
1960 7178
1959 7179
1958 7180
1957 7181
1956 7182
1955 7183
1954 7184
1953 3815
1952 3816
1951 3817
1950 3818
1949 3819
1948 3820
1947 3821
1946 3822
1945 3823
1944 3824
1943 7019
1942 7020
1941 7021
1940 7022
1939 7023
1938 7024
1937 7025
1936 7026
1935 3739
1934 3740
1933 3741
1932 3742
1931 3743
1930 3744
1929 3745
1928 3746
1927 3747
1926 4597
1925 4598
1924 4599
1923 4600
1922 4601
1921 4602
1920 4603
1919 4604
1918 4605
1917 4606
1916 4607
1915 4608
1914 4609
1913 4610
1912 4611
1911 4612
1910 4613
1909 4614
1908 7370
1907 7371
1906 7372
1905 7373
1904 7374
1903 7375
1902 7376
1901 7377
1900 7378
1899 4135
1898 4136
1897 4137
1896 4138
1895 4139
1894 4140
1893 4141
1892 4142
1891 4143
1890 3761
1889 3762
1888 3763
1887 3764
1886 3765
1885 3766
1882 4008
1881 4009
1880 4010
1879 4011
1878 4012
1877 4013
1875 1876
1874 4127
1873 4128
1872 4129
1871 4130
1870 4131
1869 4132
1868 4133
1867 4134
1865 1866
1864 7381
1863 7382
1862 7383
1861 7384
1860 7385
1859 7386
1858 7387
1857 6977
1855 1856
1854 6980
1853 6981
1852 6982
1851 6983
1850 6984
1849 6985
1848 6986
1846 1847
1845 6989
1844 6990
1843 6991
1842 6992
1841 6993
1840 6994
1838 1839
1837 6997
1836 6998
1835 6999
1834 7000
1833 7001
1832 7002
1831 7003
1829 1830
1828 7006
1827 7007
1826 7008
1825 7009
1824 7010
1822 1823
1821 7013
1820 7014
1819 7015
1818 7016
1816 1817
1815 3825
1814 3826
1813 3827
1812 3828
1810 1811
1809 3831
1808 3832
1807 3833
1806 3834
1804 1805
1803 7185
1802 7186
1801 7187
1800 7188
1798 1799
1797 7191
1796 7192
1795 7193
1794 7194
1792 1793
1791 7197
1790 7198
1789 7199
1787 1788
1786 7202
1785 7203
1784 7204
1783 7205
1781 1782
1780 7208
1779 7209
1778 7210
1777 7211
1776 7212
1775 7213
1774 7214
1773 7215
1771 1772
1770 7218
1769 7219
1768 3999
1767 4000
1765 1766
1764 4003
1763 4004
1762 4005
1761 4006
1760 4007
1758 1759
1757 6457
1756 6458
1755 6459
1754 6460
1752 1753
1751 6463
1750 6464
1749 6465
1748 6466
1746 1747
1745 6469
1744 6470
1743 6471
1742 6472
1740 1741
1739 6582
1738 6583
1737 6584
1736 6585
1735 6586
1733 1734
1732 6589
1731 6590
1730 6591
1729 6592
1727 1728
1726 6595
1725 6596
1724 6597
1723 6598
1722 6599
1721 6600
1720 6601
1718 1719
1717 6604
1716 3977
1715 3978
1714 3979
1712 1713
1711 3982
1710 3983
1709 3984
1708 3985
1707 3986
1705 1706
1704 3957
1703 3958
1702 3959
1701 3960
1699 1700
1698 3963
1697 3964
1696 3934
1695 3935
1693 1694
1692 3938
1691 3939
1690 3940
1689 3941
1688 3942
1686 1687
1685 6266
1684 6267
1683 6268
1682 6269
1680 1681
1679 6272
1678 3804
1677 3805
1676 3806
1675 3807
1673 1674
1672 3810
1671 3811
1670 3812
1669 3813
1668 3814
1667 6169
1666 6170
1664 1665
1663 6173
1662 6174
1661 6175
1660 6176
1658 1659
1657 6179
1656 6180
1655 6181
1654 6182
1653 3913
1651 1652
1650 3916
1649 3917
1648 3918
1647 3919
1645 1646
1644 3922
1643 3893
1642 3894
1641 3895
1640 3896
1638 1639
1637 3899
1636 3900
1635 3901
1634 3872
1632 1633
1631 3875
1630 3876
1629 3877
1628 3878
1627 3879
1625 1626
1624 5889
1623 5890
1622 5891
1621 5892
1619 1620
1618 5895
1617 5896
1616 5897
1615 5778
1614 5779
1613 5780
1612 5781
1611 5782
1610 5783
1608 1609
1607 5786
1606 5787
1605 5788
1604 5789
1603 5790
1601 1602
1600 5269
1599 5270
1598 5271
1597 5272
1595 1596
1594 5275
1593 5276
1592 5277
1591 5278
1589 1590
1588 5324
1587 5325
1586 5326
1585 5327
1583 1584
1582 5330
1581 5331
1580 5332
1579 5333
1578 5334
1576 1577
1575 5337
1574 5338
1573 5339
1572 5340
1570 1571
1569 5343
1568 5344
1567 5345
1566 5346
1564 1565
1563 5349
1562 5350
1561 5351
1560 5352
1559 5353
1558 5354
1557 5355
1555 1556
1554 5358
1553 5359
1552 5360
1551 5361
1549 1550
1548 4994
1547 4995
1546 4996
1544 1545
1543 4999
1542 5000
1541 5001
1540 5002
1538 1539
1537 5005
1536 5006
1535 5007
1533 1534
1532 5010
1531 5139
1530 5140
1529 5141
1527 1528
1526 5144
1525 5145
1524 5146
1523 5147
1521 1522
1520 5150
1519 5151
1518 5152
1516 1517
1515 5155
1514 5156
1513 5157
1512 5158
1510 1511
1509 4822
1508 4823
1507 4824
1506 4825
1505 4826
1504 4827
1502 1503
1501 4830
1500 4831
1499 4832
1498 4833
1497 4834
1495 1496
1494 4837
1493 4838
1492 4839
1491 4840
1490 4841
1489 4842
1487 1488
1486 4845
1485 3850
1484 3851
1483 3852
1482 3853
1481 3854
1479 1480
1478 3857
1477 3858
1476 3859
1475 3860
1474 4685
1473 4686
1472 4687
1470 1471
1469 4690
1468 4691
1467 3780
1466 3781
1465 3782
1464 3783
1463 3784
1461 1462
1460 3787
1459 3788
1458 3789
1457 3790
1456 3791
1455 3792
1454 3793
1451 4021
1450 4022
1449 4023
1447 1448
1446 4026
1445 4027
1444 4028
1442 1443
1441 4672
1440 4673
1439 4674
1437 1438
1436 4677
1435 4678
1434 4679
1432 1433
1431 4682
1430 4683
1429 4684
1427 1428
1426 3839
1425 3840
1424 3841
1422 1423
1421 3844
1420 3845
1419 3846
1417 1418
1416 3849
1415 4846
1414 4847
1412 1413
1411 4850
1410 4851
1408 1409
1407 4854
1406 4855
1404 1405
1403 4858
1402 4859
1400 1401
1399 4810
1398 4811
1396 1397
1395 4814
1394 4815
1393 4816
1391 1392
1390 4819
1388 1389
1387 5161
1386 5162
1384 1385
1383 5165
1382 5166
1380 1381
1379 5195
1377 1378
1376 5198
1374 1375
1373 5201
1372 5202
1370 1371
1369 5205
1367 1368
1366 5208
1364 1365
1363 5211
1361 1362
1360 5214
1359 4977
1357 1358
1356 4980
1354 1355
1353 4983
1351 1352
1350 4986
1348 1349
1347 4989
1346 4990
1344 1345
1343 4993
1341 1342
1340 5366
1338 1339
1337 5369
1335 1336
1334 5372
1333 5373
1331 1332
1330 5376
1329 5377
1328 4041
1326 1327
1325 4044
1323 1324
1322 4047
1320 1321
1319 4050
1318 4051
1316 1317
1315 4065
1313 1314
1312 4068
1311 4069
1309 1310
1308 4072
1306 1307
1305 5310
1304 5311
1302 1303
1301 5314
1299 1300
1298 5317
1297 5318
1295 1296
1294 5321
1292 1293
1291 5281
1290 5282
1288 1289
1287 5285
1285 1286
1284 5262
1283 5263
1281 1282
1280 5266
1278 1279
1277 5793
1276 5794
1274 1275
1273 5797
1271 1272
1270 5800
1269 5801
1267 1268
1266 5804
1265 5875
1264 5876
1262 1263
1261 5879
1259 1260
1258 5882
1257 5883
1255 1256
1254 5886
1252 1253
1251 3861
1250 3862
1248 1249
1247 3865
1245 1246
1244 3868
1243 3869
1241 1242
1240 3882
1238 1239
1237 3885
1236 3886
1234 1235
1233 3889
1232 3890
1230 1231
1229 3902
1227 1228
1226 3905
1225 3906
1223 1224
1222 3909
1220 1221
1219 3912
1218 6183
1216 1217
1215 6186
1213 1214
1212 6189
1211 6190
1209 1210
1208 6193
1206 1207
1205 6196
1204 6197
1202 1203
1201 6200
1200 6201
1198 1199
1197 6204
1196 6205
1194 1195
1193 6249
1191 1192
1190 6252
1189 6253
1187 1188
1186 6256
1184 1185
1183 6259
1182 6260
1180 1181
1179 6263
1177 1178
1176 3925
1175 3926
1173 1174
1172 3929
1170 1171
1169 3932
1168 3933
1166 1167
1165 3945
1163 1164
1162 3948
1161 3949
1159 1160
1158 3952
1156 1157
1155 3965
1154 3966
1152 1153
1151 3969
1149 1150
1148 3972
1147 3973
1145 1146
1144 3976
1142 1143
1141 6607
1140 6608
1138 1139
1137 6611
1136 6612
1134 1135
1133 6615
1132 6616
1130 1131
1129 6619
1127 1128
1126 6622
1125 6623
1123 1124
1122 6626
1120 1121
1119 6629
1118 6630
1116 1117
1115 6633
1113 1114
1112 6636
1111 6637
1109 1110
1108 4083
1106 1107
1105 4086
1104 4087
1102 1103
1101 4090
1099 1100
1098 6450
1097 6451
1095 1096
1094 6454
1092 1093
1091 3989
1090 3990
1088 1089
1087 3993
1085 1086
1084 3996
1082 1083
1081 7220
1080 7221
1078 1079
1077 7224
1075 1076
1074 7227
1073 7228
1072 7229
1070 1071
1069 7232
1068 7233
1066 1067
1065 7236
1063 1064
1062 7239
1060 1061
1059 7242
1058 7243
1056 1057
1055 7246
1053 1054
1052 7249
1050 1051
1049 7252
1047 1048
1046 7255
1045 7256
1043 1044
1042 7259
1040 1041
1039 7262
1037 1038
1036 7265
1034 1035
1033 7268
1032 7269
1030 1031
1029 7272
1027 1028
1026 7275
1024 1025
1023 7278
1022 7279
1020 1021
1019 7282
1017 1018
1016 7285
1015 7286
1013 1014
1012 7289
1011 7290
1009 1010
1008 7293
1007 7294
1006 6949
1004 1005
1003 6952
1002 6953
1000 1001
999 6956
998 6957
997 6958
995 996
994 6961
993 6962
991 992
990 6965
989 6966
988 6967
986 987
985 6970
984 6971
983 6972
981 982
980 6975
979 6976
978 7388
976 977
975 7391
974 7392
973 7393
971 972
970 7396
969 7397
968 7398
966 967
965 7401
964 4118
963 4119
961 962
960 4122
959 4123
958 4124
957 4014
955 956
954 4017
953 4018
952 4019
951 4020
948 4103
947 4104
945 946
944 4107
943 4108
942 4109
940 941
939 4112
938 4113
937 4114
936 4115
934 935
933 7323
932 7324
931 7325
929 930
928 7328
927 7329
926 7330
924 925
923 7333
922 7334
920 921
919 7312
918 7313
917 7314
915 916
914 7317
913 7318
912 7319
910 911
909 7322
908 6932
906 907
905 6935
904 6936
903 6937
901 902
900 6940
899 6941
897 898
896 6944
895 6945
893 894
892 6948
891 7295
890 7296
889 7297
888 7298
886 887
885 7301
884 6698
882 883
881 6701
879 880
878 6704
877 6705
875 876
874 6708
872 873
871 6711
869 870
868 6714
866 867
865 6717
864 6718
862 863
861 6721
859 860
858 6724
856 857
855 6727
853 854
852 6730
850 851
849 6733
848 6734
846 847
845 6664
843 844
842 6667
840 841
839 6670
837 838
836 6673
834 835
833 6784
832 6785
830 831
829 6788
827 828
826 6791
825 6792
823 824
822 6795
821 6796
819 820
818 6799
816 817
815 6802
813 814
812 6436
811 6437
809 810
808 6440
806 807
805 6443
803 804
802 6446
801 6447
799 800
798 4093
796 797
795 4096
793 794
792 4099
791 4100
789 790
788 6640
786 787
785 6643
784 6644
782 783
781 6647
779 780
778 6650
776 777
775 6653
774 6654
772 773
771 6389
769 770
768 6392
766 767
765 6395
764 6396
762 763
761 6366
760 6367
758 759
757 6370
755 756
754 6373
753 6374
751 752
750 6032
748 749
747 6035
745 746
744 6038
743 6039
741 742
740 6042
738 739
737 6045
736 6046
734 735
733 6049
731 732
730 6052
728 729
727 6055
726 6056
724 725
723 6059
721 722
720 6062
719 6063
717 718
716 6066
714 715
713 6069
711 712
710 6241
709 6242
707 708
706 6245
704 705
703 6248
702 6208
700 701
699 6211
697 698
696 6214
695 6215
693 694
692 6218
691 6219
689 690
688 6006
686 687
685 6009
683 684
682 6012
681 6013
679 680
678 6016
676 677
675 5676
674 5677
672 673
671 5680
669 670
668 5683
666 667
665 5686
664 5687
662 663
661 5690
659 660
658 5693
657 5694
655 656
654 5697
652 653
651 5853
649 650
648 5856
647 5857
645 646
644 5860
642 643
641 5863
639 640
638 5866
637 5867
635 636
634 5870
632 633
631 5873
630 5874
629 5805
627 628
626 5808
624 625
623 5811
622 5812
620 621
619 5815
617 618
616 5818
614 615
613 5255
612 5256
610 611
609 5259
607 608
606 5288
604 605
603 5291
602 5292
600 601
599 5295
597 598
596 5298
595 5299
593 594
592 5302
590 591
589 5305
587 588
586 4073
585 4074
583 584
582 4077
580 581
579 4080
577 578
576 4052
575 4053
573 574
572 4056
570 571
569 4059
567 568
566 4062
565 5378
564 5379
563 5380
561 562
560 5383
558 559
557 5386
556 5387
554 555
553 5390
551 552
550 5230
548 549
547 5233
545 546
544 5236
542 543
541 4970
540 4971
538 539
537 4974
535 536
534 5215
532 533
531 5218
529 530
528 4952
526 527
525 4955
524 4956
522 523
521 4959
519 520
518 5188
516 517
515 5191
514 5192
512 513
511 5169
509 510
508 5172
507 5173
505 506
504 4796
502 503
501 4799
500 4800
499 4801
497 498
496 4804
495 4805
493 494
492 4860
491 4861
489 490
488 4864
487 4865
485 486
484 4868
483 4869
481 482
480 4872
479 4873
478 4874
476 477
475 4877
474 4878
473 4879
471 472
470 4882
469 4883
468 4884
466 467
465 4887
464 4888
463 4889
461 462
460 4892
459 4893
458 4666
456 457
455 4669
454 4670
453 4671
451 452
450 4033
449 4034
448 4035
446 447
445 4038
444 4039
443 4040
440 4652
439 4653
438 4654
437 4655
436 4656
435 4657
434 4658
432 433
431 4661
430 4662
429 4663
428 4664
427 4665
426 4894
425 4895
423 424
422 4898
421 4899
420 4900
419 4901
418 4902
417 4760
416 4761
414 415
413 4764
412 4765
411 4766
410 4767
409 4768
408 4769
407 4770
405 406
404 4773
403 4774
402 4775
401 4776
400 4777
398 399
397 4780
396 4781
395 4782
394 4783
393 4784
391 392
390 4787
389 4788
388 4789
387 4790
386 4791
384 385
383 5174
382 5175
381 5176
380 5177
378 379
377 5180
376 5181
375 5182
374 5183
372 373
371 4942
370 4943
369 4944
367 368
366 4947
365 4948
364 4949
362 363
361 4962
360 4963
359 4964
358 4965
356 357
355 4968
354 4969
353 5219
351 352
350 5222
349 5223
348 5224
346 347
345 5227
344 5391
343 5392
342 5393
340 341
339 5396
338 5397
337 5398
335 336
334 5401
333 5402
332 5403
331 5404
330 5405
328 329
327 5408
326 5409
325 5410
323 324
322 5413
321 5414
320 5415
319 5416
317 318
316 5419
315 5420
314 5421
312 313
311 5424
310 5425
309 5426
308 5427
306 307
305 5430
304 5431
303 5239
301 302
300 5242
299 5243
298 5244
296 297
295 5247
294 5248
293 5249
292 5250
290 291
289 5819
288 5820
287 5821
285 286
284 5824
283 5825
282 5826
281 5827
279 280
278 5830
277 5831
276 5832
275 5833
274 5834
272 273
271 5837
270 5838
269 5839
267 268
266 5842
265 5843
264 5844
263 5845
261 262
260 5848
259 5849
258 5850
256 257
255 5700
254 5701
253 5702
251 252
250 5660
249 5661
248 5662
247 5663
245 246
244 5666
243 5667
242 5668
240 241
239 5671
238 5672
237 5673
236 5996
234 235
233 5999
232 6000
231 6001
229 230
228 6004
227 6005
226 6222
224 225
223 6225
222 6226
221 6227
220 6228
219 6229
218 6230
216 217
215 6233
214 6234
213 6235
212 6236
210 211
209 6239
208 6240
207 6072
205 206
204 6075
203 6076
202 6077
200 201
199 6080
198 4615
197 4616
196 4617
194 195
193 4620
192 4621
191 4622
189 190
188 4625
187 6017
186 6018
185 6019
183 184
182 6022
181 6023
180 6024
178 179
177 6027
176 6028
175 6029
173 174
172 6357
171 6358
170 6359
169 6360
167 168
166 6363
165 6364
164 6365
163 6377
162 6378
160 161
159 6381
158 6382
157 6383
156 6384
154 155
153 6399
152 6400
151 6401
149 150
148 6404
147 6405
146 6406
145 6407
143 144
142 6410
141 6411
140 6412
138 139
137 6415
136 6416
135 6417
133 134
132 6420
131 6421
130 6422
129 6423
127 128
126 6426
125 6427
124 6428
122 123
121 6431
120 6432
119 6433
118 6803
116 117
115 6806
114 6807
113 6808
111 112
110 6772
109 6773
108 6774
107 6775
106 6776
104 105
103 6779
102 6780
101 6781
99 100
98 6657
97 6658
96 6659
95 6660
93 94
92 6663
91 6737
90 6738
88 89
87 6741
86 6742
85 6743
83 84
82 6674
81 6675
80 6676
78 79
77 6679
76 6680
75 6681
73 74
72 6684
71 6685
70 6686
68 69
67 6689
66 6690
65 6691
64 6692
62 63
61 6695
60 6696
59 6697
58 6910
56 57
55 6913
54 6914
53 6915
52 6916
51 6917
50 6918
49 6919
48 6920
46 47
45 6923
44 6924
43 6925
42 6926
41 6927
39 40
38 6930
37 6931
36 7302
35 7303
34 7304
32 33
31 7307
30 7308
29 7309
28 7310
27 7311
26 7337
24 25
23 7340
22 7341
21 7342
20 7343
19 7344
18 7345
17 7346
15 16
14 7349
13 7350
12 7351
11 7352
10 7353
9 4643
7 8
6 4646
5 4647
4 4648
3 4649
2 4650
1 4651
