3704 4448
3703 4449
3702 4450
3701 4451
3700 4452
3699 4453
3698 4454
3697 4455
3696 4456
3695 4457
3694 4438
3693 4439
3692 4440
3691 4441
3690 4442
3689 4443
3688 4444
3687 4445
3686 4446
3685 4447
3684 7190
3683 7191
3682 7192
3681 7193
3680 7194
3679 7195
3678 7196
3677 7197
3676 7198
3675 7199
3674 7200
3673 7201
3672 7202
3671 7203
3670 7204
3669 7205
3668 7206
3667 7207
3666 7208
3665 7209
3664 7210
3663 7211
3662 7212
3661 7213
3660 7214
3659 7215
3658 7216
3657 7217
3656 6284
3655 6285
3654 6286
3653 6287
3652 6288
3651 6289
3650 6290
3649 6291
3648 6292
3647 6293
3646 6294
3645 6295
3644 6296
3643 6297
3642 6298
3641 6341
3640 6342
3639 6343
3638 6344
3637 6345
3636 6346
3635 6347
3634 6348
3633 6349
3632 6350
3631 6351
3630 6352
3629 6353
3628 6354
3627 6355
3626 6356
3625 6357
3624 4416
3623 4417
3622 4418
3621 4419
3620 4420
3619 4421
3618 4422
3617 4423
3616 4424
3615 4425
3614 4426
3613 6809
3612 6810
3611 6811
3610 6812
3609 6813
3608 6814
3607 6815
3606 6816
3605 6817
3604 6818
3603 6819
3602 6820
3601 6821
3600 6822
3599 6823
3598 6824
3597 6825
3596 6222
3595 6223
3594 6224
3593 6225
3592 6226
3591 6227
3590 6228
3589 6229
3588 6230
3587 6231
3586 6232
3585 6233
3584 6234
3583 6235
3582 6236
3581 6237
3580 6238
3579 6239
3578 6539
3577 6540
3576 6541
3575 6542
3574 6543
3573 6544
3572 6545
3571 6546
3570 6547
3569 6548
3568 6549
3567 6550
3566 6551
3565 6552
3564 6553
3563 6554
3562 6555
3561 4396
3560 4397
3559 4398
3558 4399
3557 4400
3556 4401
3555 4402
3554 4403
3553 4404
3552 4405
3551 4406
3550 4376
3549 4377
3548 4378
3547 4379
3546 4380
3545 4381
3544 4382
3543 4383
3542 4384
3541 4385
3540 4386
3539 6063
3538 6064
3537 6065
3536 6066
3535 6067
3534 6068
3533 6069
3532 6070
3531 6071
3530 6072
3529 6073
3528 6074
3527 6075
3526 6076
3525 6077
3524 6078
3523 6079
3522 6080
3521 6081
3520 6082
3519 6083
3518 6084
3517 6085
3516 5887
3515 5888
3514 5889
3513 5890
3512 5891
3511 5892
3510 5893
3509 5894
3508 5895
3507 5896
3506 5897
3505 5898
3504 5899
3503 5900
3502 5901
3501 5902
3500 5903
3499 5904
3498 5905
3497 5906
3496 5907
3495 5908
3494 5909
3493 5910
3492 5911
3491 5912
3490 5913
3489 5914
3488 4354
3487 4355
3486 4356
3485 4357
3484 4358
3483 4359
3482 4360
3481 4361
3480 4362
3479 4363
3478 4364
3477 4365
3476 5643
3475 5644
3474 5645
3473 5646
3472 5647
3471 5648
3470 5649
3469 5650
3468 5651
3467 5652
3466 5653
3465 5654
3464 5655
3463 5438
3462 5439
3461 5440
3460 5441
3459 5442
3458 5443
3457 5444
3456 5445
3455 5446
3454 5447
3453 5448
3452 5449
3451 5450
3450 5451
3449 4240
3448 4241
3447 4242
3446 4243
3445 4244
3444 4245
3443 4246
3442 4247
3441 4248
3440 4249
3439 4250
3438 4251
3437 4252
3436 5352
3435 5353
3434 5354
3433 5355
3432 5356
3431 5357
3430 5358
3429 5359
3428 5360
3427 5361
3426 5362
3425 5363
3424 5364
3423 5365
3422 4748
3421 4749
3420 4750
3419 4751
3418 4752
3417 4753
3416 4754
3415 4755
3414 5091
3413 5092
3412 5093
3411 5094
3410 5095
3409 5096
3408 5097
3407 5098
3406 5099
3405 5100
3404 5101
3403 5102
3402 4873
3401 4874
3400 4875
3399 4876
3398 4877
3397 4878
3396 4879
3395 4880
3394 4881
3393 4882
3392 4883
3391 4884
3390 4885
3389 4886
3388 4887
3387 4888
3386 4889
3385 4890
3384 4891
3383 4892
3382 4893
3381 4894
3380 4895
3379 4896
3378 4600
3377 4601
3376 4602
3375 4603
3374 4604
3373 4605
3372 4606
3371 4607
3370 4608
3369 4609
3368 4610
3367 4611
3366 4612
3365 4677
3364 4678
3363 4679
3362 4680
3361 4681
3360 4682
3359 4683
3358 4684
3357 4533
3356 4534
3355 4535
3354 4536
3353 4537
3352 4538
3351 4539
3350 4226
3349 4227
3348 4228
3347 4229
3346 4230
3345 4231
3344 4232
3343 4233
3342 4234
3341 4235
3340 4236
3339 4237
3338 4238
3337 4239
3334 4213
3333 4214
3332 4215
3331 4216
3330 4217
3329 4218
3328 4219
3327 4220
3326 4221
3325 4222
3324 4223
3323 4224
3322 4225
3321 4540
3320 4541
3319 4542
3318 4543
3317 4544
3316 4545
3315 4546
3314 4547
3313 4548
3312 4549
3311 4550
3310 5006
3309 5007
3308 5008
3307 5009
3306 5010
3305 5011
3304 5012
3303 5013
3302 5014
3301 5015
3300 5016
3299 5017
3298 5018
3297 5019
3296 5020
3295 5021
3294 5022
3293 5023
3292 5024
3291 5067
3290 5068
3289 5069
3288 5070
3287 5071
3286 5072
3285 5073
3284 5074
3283 5075
3282 5076
3281 5077
3280 5078
3279 5079
3278 5080
3277 5081
3276 5082
3275 5083
3274 5084
3273 5085
3272 5086
3271 5087
3270 5088
3269 5089
3268 5090
3267 4756
3266 4757
3265 4758
3264 4759
3263 4760
3262 4761
3261 4762
3260 4763
3259 4764
3258 5342
3257 5343
3256 5344
3255 5345
3254 5346
3253 5347
3252 5348
3251 5349
3250 5350
3249 5351
3248 4253
3247 4254
3246 4255
3245 4256
3244 4257
3243 4258
3242 4259
3241 4260
3240 4261
3239 4262
3238 4263
3237 4264
3236 4265
3235 4266
3234 4267
3233 4268
3232 4269
3231 4270
3230 4271
3229 4272
3228 5629
3227 5630
3226 5631
3225 5632
3224 5633
3223 5634
3222 5635
3221 5636
3220 5637
3219 5638
3218 5639
3217 5640
3216 5641
3215 5642
3214 4344
3213 4345
3212 4346
3211 4347
3210 4348
3209 4349
3208 4350
3207 4351
3206 4352
3205 4353
3204 5915
3203 5916
3202 5917
3201 5918
3200 5919
3199 5920
3198 5921
3197 5922
3196 5923
3195 5924
3194 5925
3193 5926
3192 5927
3191 5928
3190 5929
3189 5930
3188 5931
3187 5932
3186 5933
3185 5934
3184 5935
3183 5936
3182 5937
3181 5938
3180 5939
3179 5940
3178 5941
3177 5942
3176 5943
3175 6049
3174 6050
3173 6051
3172 6052
3171 6053
3170 6054
3169 6055
3168 6056
3167 6057
3166 6058
3165 6059
3164 6060
3163 6061
3162 6062
3161 4366
3160 4367
3159 4368
3158 4369
3157 4370
3156 4371
3155 4372
3154 4373
3153 4374
3152 4375
3151 4387
3150 4388
3149 4389
3148 4390
3147 4391
3146 4392
3145 4393
3144 4394
3143 4395
3142 6556
3141 6557
3140 6558
3139 6559
3138 6560
3137 6561
3136 6562
3135 6563
3134 6773
3133 6774
3132 6775
3131 6776
3130 6777
3129 6778
3128 6779
3127 6780
3126 6781
3125 6782
3124 6783
3123 6784
3122 6785
3121 6786
3120 6787
3119 6788
3118 6789
3117 6790
3116 6791
3115 6792
3114 6793
3113 6794
3112 6795
3111 6796
3110 6797
3109 6798
3108 6799
3107 6800
3106 6801
3105 6802
3104 6803
3103 6804
3102 6805
3101 6806
3100 6807
3099 6808
3098 4407
3097 4408
3096 4409
3095 4410
3094 4411
3093 4412
3092 4413
3091 4414
3090 4415
3089 6358
3088 6359
3087 6360
3086 6361
3085 6362
3084 6363
3083 6364
3082 6365
3081 6366
3080 6367
3079 4102
3078 4103
3077 4104
3076 4105
3075 4106
3074 4107
3073 4108
3072 4109
3071 4110
3070 4111
3069 4112
3068 4113
3067 4114
3066 4115
3065 4116
3064 4117
3063 4118
3062 4119
3061 4120
3060 4121
3059 4122
3058 4123
3057 4124
3056 4125
3055 4126
3054 4127
3053 4128
3052 4129
3051 4130
3050 4153
3049 4154
3048 4155
3047 4156
3046 4157
3045 4158
3044 4159
3043 4160
3042 4161
3041 4162
3040 4163
3039 4174
3038 4175
3037 4176
3036 4177
3035 4178
3034 4179
3033 4180
3032 4181
3031 4182
3030 4183
3029 4184
3028 4203
3027 4204
3026 4205
3025 4206
3024 4207
3023 4208
3022 4209
3021 4210
3020 4211
3019 4212
3016 4195
3015 4196
3014 4197
3013 4198
3012 4199
3011 4200
3010 4201
3009 4202
3008 4185
3007 4186
3006 4187
3005 4188
3004 4189
3003 4190
3002 4191
3001 4192
3000 4193
2999 4194
2998 4164
2997 4165
2996 4166
2995 4167
2994 4168
2993 4169
2992 4170
2991 4171
2990 4172
2989 4173
2988 4131
2987 4132
2986 4133
2985 4134
2984 4135
2983 4136
2982 4137
2981 4138
2980 4139
2979 4140
2978 4141
2977 4142
2976 4143
2975 4144
2974 4145
2973 4146
2972 4147
2971 4148
2970 4149
2969 4150
2968 4151
2967 4152
2966 6368
2965 6369
2964 6370
2963 6371
2962 6372
2961 6373
2960 6374
2959 6375
2958 6376
2957 6377
2956 6378
2955 6379
2954 6380
2953 6381
2952 6382
2951 6383
2950 6384
2949 6385
2948 6386
2947 6387
2946 6388
2945 6389
2944 6390
2943 6391
2942 6392
2941 6393
2940 6394
2939 6395
2938 6396
2937 6397
2936 6398
2935 6399
2934 6400
2933 6401
2932 6765
2931 6766
2930 6767
2929 6768
2928 6769
2927 6770
2926 6771
2925 6772
2924 6564
2923 6565
2922 6566
2921 6567
2920 6568
2919 6569
2918 6570
2917 6571
2916 6572
2915 6573
2914 6574
2913 6575
2912 6576
2911 6031
2910 6032
2909 6033
2908 6034
2907 6035
2906 6036
2905 6037
2904 6038
2903 6039
2902 6040
2901 6041
2900 6042
2899 6043
2898 6044
2897 6045
2896 6046
2895 6047
2894 6048
2893 5944
2892 5945
2891 5946
2890 5947
2889 5948
2888 5949
2887 5950
2886 5951
2885 5952
2884 5953
2883 5954
2882 5955
2881 5956
2880 5957
2879 5601
2878 5602
2877 5603
2876 5604
2875 5605
2874 5606
2873 5607
2872 5608
2871 5609
2870 5610
2869 5611
2868 5612
2867 5613
2866 5614
2865 5615
2864 5616
2863 5617
2862 5618
2861 5619
2860 5620
2859 5621
2858 5622
2857 5623
2856 5624
2855 5625
2854 5626
2853 5627
2852 5628
2851 4273
2850 4274
2849 4275
2848 4276
2847 4277
2846 4278
2845 4279
2844 4280
2843 4281
2842 4282
2841 4283
2840 4284
2839 4285
2838 4286
2837 5334
2836 5335
2835 5336
2834 5337
2833 5338
2832 5339
2831 5340
2830 5341
2829 4765
2828 4766
2827 4767
2826 4768
2825 4769
2824 4770
2823 4771
2822 4772
2821 4773
2820 4774
2819 4775
2818 4776
2817 4777
2816 5054
2815 5055
2814 5056
2813 5057
2812 5058
2811 5059
2810 5060
2809 5061
2808 5062
2807 5063
2806 5064
2805 5065
2804 5066
2803 5025
2802 5026
2801 5027
2800 5028
2799 5029
2798 5030
2797 5031
2796 5032
2795 4998
2794 4999
2793 5000
2792 5001
2791 5002
2790 5003
2789 5004
2788 5005
2787 4551
2786 4552
2785 4553
2784 4554
2783 4555
2782 4556
2781 4557
2780 4558
2779 4559
2778 4560
2777 4561
2776 4562
2775 4563
2774 4564
2773 4565
2772 4566
2771 4567
2770 4568
2769 4569
2768 4570
2767 4571
2764 3706
2763 3707
2762 3708
2761 3709
2760 3710
2759 3711
2758 3712
2757 3713
2756 3714
2755 3715
2754 3716
2753 3717
2752 3718
2751 4982
2750 4983
2749 4984
2748 4985
2747 4986
2746 4987
2745 4988
2744 4989
2743 4990
2742 4991
2741 4992
2740 4993
2739 4994
2738 4995
2737 4996
2736 4997
2735 5033
2734 5034
2733 5035
2732 5036
2731 5037
2730 5038
2729 5039
2728 5040
2727 5041
2726 5042
2725 5043
2724 5044
2723 5045
2722 5046
2721 5047
2720 5048
2719 5049
2718 5050
2717 5051
2716 5052
2715 5053
2714 4778
2713 4779
2712 4780
2711 4781
2710 4782
2709 4783
2708 5319
2707 5320
2706 5321
2705 5322
2704 5323
2703 5324
2702 5325
2701 5326
2700 5327
2699 5328
2698 5329
2697 5330
2696 5331
2695 5332
2694 5333
2693 4287
2692 4288
2691 4289
2690 4290
2689 4291
2688 4292
2687 4293
2686 4294
2685 4295
2684 4296
2683 4297
2682 4298
2681 4299
2680 4300
2679 4301
2678 4302
2677 4303
2676 5745
2675 5746
2674 5747
2673 5748
2672 5749
2671 5750
2670 5751
2669 5752
2668 5753
2667 5754
2666 5755
2665 5756
2664 5757
2663 5758
2662 5759
2661 5760
2660 5761
2659 5762
2658 5763
2657 5595
2656 5596
2655 5597
2654 5598
2653 5599
2652 5600
2651 5958
2650 5959
2649 5960
2648 5961
2647 5962
2646 5963
2645 5964
2644 5965
2643 3734
2642 3735
2641 3736
2640 3737
2639 3738
2638 3739
2637 3740
2636 3741
2635 3742
2634 6017
2633 6018
2632 6019
2631 6020
2630 6021
2629 6022
2628 6023
2627 6024
2626 6025
2625 6026
2624 6027
2623 6028
2622 6029
2621 6030
2620 6577
2619 6578
2618 6579
2617 6580
2616 6581
2615 6582
2614 6583
2613 6584
2612 6585
2611 6586
2610 6755
2609 6756
2608 6757
2607 6758
2606 6759
2605 6760
2604 6761
2603 6762
2602 6763
2601 6764
2600 6402
2599 6403
2598 6404
2597 6405
2596 6406
2595 6407
2594 6408
2593 6409
2592 7002
2591 7003
2590 7004
2589 7005
2588 7006
2587 7007
2586 7008
2585 7009
2584 7010
2583 7011
2582 7012
2581 7013
2580 7014
2579 7015
2578 7016
2577 7017
2576 7018
2575 7019
2574 7020
2573 7021
2572 7022
2571 7023
2570 7024
2569 7025
2568 7026
2567 7027
2566 7028
2565 7029
2564 7030
2563 7031
2562 7032
2561 7033
2560 3754
2559 3755
2558 3756
2557 3757
2556 3758
2555 3759
2554 3760
2553 3761
2552 3762
2551 7304
2550 7305
2549 7306
2548 7307
2547 7308
2546 7309
2545 7310
2544 7311
2543 7312
2542 7313
2541 7314
2540 7315
2539 7316
2538 7317
2537 7318
2536 7319
2535 7320
2534 7321
2533 7322
2532 7323
2531 7324
2530 7325
2529 7326
2528 7327
2527 7328
2526 7329
2525 3781
2524 3782
2523 3783
2522 3784
2521 3785
2520 3786
2519 3787
2516 3773
2515 3774
2514 3775
2513 3776
2512 3777
2511 3778
2510 3779
2509 3780
2508 7330
2507 7331
2506 7332
2505 7333
2504 7334
2503 7335
2502 7336
2501 7337
2500 7338
2499 7339
2498 7340
2497 7341
2496 7342
2495 7343
2494 7344
2493 7345
2492 7346
2491 7347
2490 7348
2489 7349
2488 7350
2487 7294
2486 7295
2485 7296
2484 7297
2483 7298
2482 7299
2481 7300
2480 7301
2479 7302
2478 7303
2477 3763
2476 3764
2475 3765
2474 3766
2473 3767
2472 3768
2471 3769
2470 3770
2469 3771
2468 3772
2467 7034
2466 7035
2465 7036
2464 7037
2463 7038
2462 7039
2461 7040
2460 7041
2459 7042
2458 7043
2457 7044
2456 7045
2455 7046
2454 7047
2453 6974
2452 6975
2451 6976
2450 6977
2449 6978
2448 6979
2447 6980
2446 6981
2445 6982
2444 6983
2443 6984
2442 6985
2441 6986
2440 6987
2439 6988
2438 6989
2437 6990
2436 6991
2435 6992
2434 6993
2433 6994
2432 6995
2431 6996
2430 6997
2429 6998
2428 6999
2427 7000
2426 7001
2425 6410
2424 6411
2423 6412
2422 6413
2421 6414
2420 6415
2419 6416
2418 6417
2417 6418
2416 6419
2415 6420
2414 6421
2413 6422
2412 6423
2411 6747
2410 6748
2409 6749
2408 6750
2407 6751
2406 6752
2405 6753
2404 6754
2403 6587
2402 6588
2401 6589
2400 6590
2399 6591
2398 6592
2397 6593
2396 6594
2395 6595
2394 6596
2393 6597
2392 6598
2391 6599
2390 6600
2389 6601
2388 6602
2387 6603
2386 6604
2385 6605
2384 6606
2383 6607
2382 6608
2381 6609
2380 6610
2379 6010
2378 6011
2377 6012
2376 6013
2375 6014
2374 6015
2373 6016
2372 3743
2371 3744
2370 3745
2369 3746
2368 3747
2367 3748
2366 3749
2365 3750
2364 3751
2363 3752
2362 3753
2361 5966
2360 5967
2359 5968
2358 5969
2357 5970
2356 5971
2355 5972
2354 5973
2353 5974
2352 5975
2351 5586
2350 5587
2349 5588
2348 5589
2347 5590
2346 5591
2345 5592
2344 5593
2343 5594
2342 5764
2341 5765
2340 5766
2339 5767
2338 5768
2337 5769
2336 5770
2335 5771
2334 5772
2333 5773
2332 5774
2331 5775
2330 5776
2329 5777
2328 5778
2327 5779
2326 5738
2325 5739
2324 5740
2323 5741
2322 5742
2321 5743
2320 5744
2319 4304
2318 4305
2317 4306
2316 4307
2315 4308
2314 4309
2313 4310
2312 4311
2311 4312
2310 4313
2309 4314
2308 4315
2307 4316
2306 4317
2305 4318
2304 4319
2303 4320
2302 4321
2301 4322
2300 4323
2299 4324
2298 4325
2297 4326
2296 4327
2295 4328
2294 5302
2293 5303
2292 5304
2291 5305
2290 5306
2289 5307
2288 5308
2287 5309
2286 5310
2285 5311
2284 5312
2283 5313
2282 5314
2281 5315
2280 5316
2279 5317
2278 5318
2277 4784
2276 4785
2275 4786
2274 4787
2273 4788
2272 4789
2271 4790
2270 4791
2269 4792
2268 4793
2267 4794
2266 4795
2265 4796
2264 4797
2263 4798
2262 4799
2261 4800
2260 4801
2259 4802
2258 4803
2257 4950
2256 4951
2255 4952
2254 4953
2253 4954
2252 4955
2251 4956
2250 4957
2249 4958
2248 4959
2247 4960
2246 4961
2245 4962
2244 4963
2243 4964
2242 4965
2241 4966
2240 4967
2239 4968
2238 4969
2237 4970
2236 4971
2235 4972
2234 4973
2233 4974
2232 4975
2231 4976
2230 4977
2229 4978
2228 4979
2227 4980
2226 4981
2225 3719
2224 3720
2223 3721
2222 3722
2221 3723
2220 3724
2219 3725
2218 3726
2217 3727
2216 3728
2215 3729
2214 3730
2213 3731
2212 3732
2211 3733
2208 3788
2207 3789
2206 3790
2205 3791
2204 3792
2203 3793
2202 3794
2201 3795
2200 3796
2199 3797
2198 3798
2197 3799
2196 3800
2195 3801
2194 4662
2193 4663
2192 4664
2191 4665
2190 4666
2189 4667
2188 4668
2187 4669
2186 4670
2185 4671
2184 4672
2183 4673
2182 4674
2181 4675
2180 4676
2179 4613
2178 4614
2177 4615
2176 4616
2175 4617
2174 4618
2173 4619
2172 4620
2171 4621
2170 4622
2169 4623
2168 4624
2167 4625
2166 4626
2165 4627
2164 4941
2163 4942
2162 4943
2161 4944
2160 4945
2159 4946
2158 4947
2157 4948
2156 4949
2155 4804
2154 4805
2153 4806
2152 4807
2151 4808
2150 4809
2149 4810
2148 4811
2147 4812
2146 4813
2145 4814
2144 4815
2143 4816
2142 4817
2141 4818
2140 5157
2139 5158
2138 5159
2137 5160
2136 5161
2135 5162
2134 5163
2133 5164
2132 5165
2131 5166
2130 5167
2129 5168
2128 5169
2127 5170
2126 5171
2125 5172
2124 5173
2123 5174
2122 5175
2121 5291
2120 5292
2119 5293
2118 5294
2117 5295
2116 5296
2115 5297
2114 5298
2113 5299
2112 5300
2111 5301
2110 4329
2109 4330
2108 4331
2107 4332
2106 4333
2105 4334
2104 4335
2103 4336
2102 4337
2101 4338
2100 4339
2099 4340
2098 4341
2097 4342
2096 4343
2095 5452
2094 5453
2093 5454
2092 5455
2091 5456
2090 5457
2089 5458
2088 5459
2087 5722
2086 5723
2085 5724
2084 5725
2083 5726
2082 5727
2081 5728
2080 5729
2079 5730
2078 5731
2077 5732
2076 5733
2075 5734
2074 5735
2073 5736
2072 5737
2071 5780
2070 5781
2069 5782
2068 5783
2067 5784
2066 5785
2065 5786
2064 5787
2063 5788
2062 5789
2061 5790
2060 5791
2059 5792
2058 5793
2057 5569
2056 5570
2055 5571
2054 5572
2053 5573
2052 5574
2051 5575
2050 5576
2049 5577
2048 5578
2047 5579
2046 5580
2045 5581
2044 5582
2043 5583
2042 5584
2041 5585
2040 5976
2039 5977
2038 5978
2037 5979
2036 5980
2035 5981
2034 5982
2033 5983
2032 5984
2031 5985
2030 5986
2029 5987
2028 5988
2027 5989
2026 5990
2025 5991
2024 5992
2023 5993
2022 5994
2021 5995
2020 5996
2019 5997
2018 5998
2017 5999
2016 6000
2015 6001
2014 6002
2013 6003
2012 6004
2011 6005
2010 6006
2009 6007
2008 6008
2007 6009
2006 6611
2005 6612
2004 6613
2003 6614
2002 6615
2001 6616
2000 6617
1999 6618
1998 6619
1997 6620
1996 6621
1995 6622
1994 6719
1993 6720
1992 6721
1991 6722
1990 6723
1989 6724
1988 6725
1987 6726
1986 6727
1985 6728
1984 6729
1983 6730
1982 6731
1981 6732
1980 6733
1979 6734
1978 6735
1977 6736
1976 6737
1975 6738
1974 6739
1973 6740
1972 6741
1971 6742
1970 6743
1969 6744
1968 6745
1967 6746
1966 6424
1965 6425
1964 6426
1963 6427
1962 6428
1961 6429
1960 6430
1959 6431
1958 6212
1957 6213
1956 6214
1955 6215
1954 6216
1953 6217
1952 6218
1951 6219
1950 6220
1949 6221
1948 6826
1947 6827
1946 6828
1945 6829
1944 6830
1943 6831
1942 6832
1941 6833
1940 6834
1939 6835
1938 6836
1937 6837
1936 6838
1935 6839
1934 6840
1933 6841
1932 6842
1931 6843
1930 6957
1929 6958
1928 6959
1927 6960
1926 6961
1925 6962
1924 6963
1923 6964
1922 6965
1921 6966
1920 6967
1919 6968
1918 6969
1917 6970
1916 6971
1915 6972
1914 6973
1913 7048
1912 7049
1911 7050
1910 7051
1909 7052
1908 7053
1907 7054
1906 7055
1905 7056
1904 7057
1903 7058
1902 7059
1901 7060
1900 7061
1899 7062
1898 7063
1897 7064
1896 7065
1895 7066
1894 7067
1893 7068
1892 7069
1891 7070
1890 7071
1889 7072
1888 7278
1887 7279
1886 7280
1885 7281
1884 7282
1883 7283
1882 7284
1881 7285
1880 7286
1879 7287
1878 7288
1877 7289
1876 7290
1875 7291
1874 7292
1873 7293
1872 7351
1871 7352
1870 7353
1869 7354
1868 7355
1867 7356
1866 7357
1865 7358
1864 7359
1863 7360
1862 7361
1861 7362
1860 7363
1859 7364
1858 7365
1857 3817
1856 3818
1855 3819
1854 3820
1853 3821
1852 3822
1851 3823
1850 3824
1849 3825
1848 3826
1847 3846
1846 3847
1845 3848
1844 3849
1843 3850
1842 3851
1841 3852
1838 3838
1836 1837
1835 3841
1834 3842
1833 3843
1832 3844
1831 3845
1830 3827
1829 3828
1828 3829
1827 3830
1825 1826
1824 3833
1823 3834
1822 3835
1821 3836
1820 3837
1819 7366
1818 7367
1817 7368
1816 7369
1814 1815
1813 7372
1812 7373
1811 7374
1810 7375
1809 7376
1808 7377
1807 7256
1806 7257
1804 1805
1803 7260
1802 7261
1801 7262
1800 7263
1799 7264
1798 7265
1797 7266
1795 1796
1794 7269
1793 7270
1792 7271
1791 7272
1790 7273
1789 7274
1788 7275
1787 7276
1786 7277
1784 1785
1783 7075
1782 7076
1781 7077
1780 7078
1779 7079
1777 1778
1776 7082
1775 7083
1774 7084
1773 7085
1772 7086
1770 1771
1769 7089
1768 7090
1767 7091
1766 7092
1764 1765
1763 7095
1762 7096
1761 7097
1760 7098
1759 7099
1757 1758
1756 7102
1755 7103
1754 7104
1753 3969
1751 1752
1750 3972
1749 3973
1748 3974
1747 3975
1745 1746
1744 3978
1743 6949
1742 6950
1741 6951
1740 6952
1738 1739
1737 6955
1736 6956
1735 6844
1734 6845
1733 6846
1732 6847
1731 6848
1730 6849
1729 6850
1727 1728
1726 6853
1725 6854
1724 6191
1723 6192
1722 6193
1720 1721
1719 6196
1718 6197
1717 6198
1716 6199
1715 6200
1713 1714
1712 6203
1711 6204
1710 6205
1709 6206
1708 6207
1706 1707
1705 6210
1704 6211
1703 6432
1702 6433
1701 6434
1699 1700
1698 6437
1697 6438
1696 6439
1695 6440
1693 1694
1692 6443
1691 6444
1690 6445
1689 3949
1688 3950
1686 1687
1685 3953
1684 3954
1683 3955
1682 3956
1681 3957
1680 3929
1679 3930
1678 3931
1677 3932
1675 1676
1674 3935
1673 3936
1672 3937
1671 6710
1670 6711
1668 1669
1667 6714
1666 6715
1665 6716
1664 6717
1663 6718
1661 1662
1660 6625
1659 6626
1658 6627
1657 6628
1656 6629
1654 1655
1653 6632
1652 6633
1651 6634
1650 6635
1649 6636
1647 1648
1646 6639
1645 6640
1644 6641
1643 6642
1642 6643
1640 1641
1639 6646
1638 6647
1637 3908
1636 3909
1635 3910
1633 1634
1632 3913
1631 3914
1630 3915
1629 3916
1628 3917
1627 3886
1626 3887
1625 3888
1624 3889
1622 1623
1621 3892
1620 3893
1619 3894
1618 3895
1617 5541
1615 1616
1614 5544
1613 5545
1612 5546
1611 5547
1610 5548
1608 1609
1607 5551
1606 5552
1605 5553
1604 5554
1603 5555
1601 1602
1600 5558
1599 5559
1598 5560
1597 5561
1596 5562
1595 5563
1593 1594
1592 5566
1591 5567
1590 5568
1589 5794
1588 5795
1586 1587
1585 5798
1584 5799
1583 5800
1582 5801
1581 5802
1579 1580
1578 5805
1577 5806
1576 5807
1575 5808
1574 3864
1573 3865
1572 3866
1571 3867
1570 3868
1569 3869
1568 3870
1566 1567
1565 3873
1564 5713
1563 5714
1562 5715
1560 1561
1559 5718
1558 5719
1557 5720
1556 5721
1555 5460
1553 1554
1552 5463
1551 5464
1550 5465
1549 5466
1548 5467
1546 1547
1545 5262
1544 5263
1543 5264
1542 5265
1541 5266
1539 1540
1538 5269
1537 5270
1536 5271
1535 5272
1534 5273
1532 1533
1531 5276
1530 5277
1529 5278
1528 5279
1526 1527
1525 5282
1524 5283
1523 5284
1522 5285
1521 5286
1520 5287
1519 5288
1518 5289
1517 5290
1515 1516
1514 5178
1513 5179
1512 5180
1511 5181
1509 1510
1508 5184
1507 5185
1506 5186
1505 5187
1503 1504
1502 5190
1501 5149
1500 5150
1499 5151
1497 1498
1496 5154
1495 5155
1494 5156
1493 4819
1491 1492
1490 4822
1489 4823
1488 4824
1487 4825
1485 1486
1484 4828
1483 4829
1482 4830
1481 4831
1479 1480
1478 4834
1477 4835
1476 4836
1475 4837
1474 4838
1472 1473
1471 4935
1470 4936
1469 4937
1468 4938
1467 4939
1466 4940
1465 4628
1464 4629
1462 1463
1461 4632
1460 4633
1459 4634
1458 4635
1457 4636
1456 4637
1455 4638
1453 1454
1452 4641
1451 4642
1450 4643
1449 4644
1448 4645
1447 4646
1446 4647
1444 1445
1443 4650
1442 4651
1441 4652
1440 4653
1439 4654
1438 4655
1437 4656
1435 1436
1434 4659
1433 4660
1432 4661
1431 3802
1430 3803
1429 3804
1428 3805
1427 3806
1425 1426
1424 3809
1423 3810
1422 3811
1421 3812
1420 3813
1419 3814
1418 3815
1417 3816
1414 3979
1413 3980
1412 3981
1410 1411
1409 3984
1408 3985
1407 3986
1406 3987
1404 1405
1403 4492
1402 4493
1401 4494
1399 1400
1398 4497
1397 4498
1396 4499
1395 4500
1393 1394
1392 4503
1391 4504
1390 4505
1388 1389
1387 4508
1386 4509
1385 4702
1384 4703
1382 1383
1381 4706
1380 4707
1379 4708
1377 1378
1376 4711
1375 4712
1374 4713
1372 1373
1371 4716
1370 4717
1368 1369
1367 4720
1366 4721
1365 4722
1363 1364
1362 4922
1361 4923
1360 4924
1359 4925
1358 4926
1356 1357
1355 4929
1354 4930
1352 1353
1351 4839
1350 4840
1348 1349
1347 4843
1346 4844
1344 1345
1343 3997
1341 1342
1340 4000
1339 4001
1337 1338
1336 4004
1334 1335
1333 5134
1332 5135
1330 1331
1329 5138
1327 1328
1326 5141
1325 5142
1323 1324
1322 5145
1320 1321
1319 5148
1318 5191
1316 1317
1315 5194
1313 1314
1312 5197
1311 5198
1309 1310
1308 5201
1306 1307
1305 5204
1304 5205
1302 1303
1301 5381
1299 1300
1298 5384
1297 5385
1296 5386
1295 5387
1293 1294
1292 5390
1291 5391
1289 1290
1288 5394
1286 1287
1285 5397
1284 5398
1282 1283
1281 5401
1280 5248
1278 1279
1277 5251
1275 1276
1274 5254
1273 5255
1271 1272
1270 5258
1269 5259
1267 1268
1266 5470
1265 5471
1263 1264
1262 5474
1260 1261
1259 5698
1258 5699
1256 1257
1255 5702
1254 5703
1252 1253
1251 5706
1250 5707
1248 1249
1247 5710
1245 1246
1244 3853
1243 3854
1241 1242
1240 3857
1239 3858
1237 1238
1236 3861
1235 3862
1234 3863
1233 5809
1231 1232
1230 5812
1229 5813
1227 1228
1226 5816
1225 5817
1223 1224
1222 5820
1221 5821
1219 1220
1218 4017
1216 1217
1215 4020
1214 4021
1212 1213
1211 4024
1210 4025
1208 1209
1207 4039
1206 4040
1204 1205
1203 4043
1202 4044
1200 1201
1199 4047
1197 1198
1196 5528
1195 5529
1193 1194
1192 5532
1191 5533
1189 1190
1188 5536
1187 5537
1185 1186
1184 5540
1183 3874
1181 1182
1180 3877
1178 1179
1177 3880
1176 3881
1174 1175
1173 3884
1172 3885
1171 3896
1169 1170
1168 3899
1167 3900
1165 1166
1164 3903
1163 3904
1161 1162
1160 3907
1159 6648
1157 1158
1156 6651
1155 6652
1153 1154
1152 6655
1151 6656
1149 1150
1148 6659
1146 1147
1145 6662
1144 6686
1142 1143
1141 6689
1140 6690
1138 1139
1137 6693
1136 6694
1134 1135
1133 6697
1132 6698
1130 1131
1129 6701
1127 1128
1126 6704
1125 6705
1123 1124
1122 6708
1121 6709
1119 1120
1118 3920
1117 3921
1115 1116
1114 3924
1112 1113
1111 3927
1110 3928
1109 3938
1108 3939
1106 1107
1105 3942
1103 1104
1102 3945
1101 3946
1099 1100
1098 6446
1097 6447
1095 1096
1094 6450
1093 6451
1091 1092
1090 6454
1088 1089
1087 6457
1086 6458
1084 1085
1083 6461
1082 6166
1080 1081
1079 6169
1078 6170
1076 1077
1075 6173
1073 1074
1072 6176
1071 6177
1069 1070
1068 6180
1067 6181
1065 1066
1064 6184
1063 6185
1061 1062
1060 6188
1058 1059
1057 6855
1056 6856
1054 1055
1053 6859
1052 6860
1050 1051
1049 6863
1048 6864
1047 6865
1046 6866
1044 1045
1043 6869
1041 1042
1040 6944
1039 6945
1037 1038
1036 6948
1034 1035
1033 3960
1032 3961
1030 1031
1029 3964
1027 1028
1026 3967
1025 3968
1023 1024
1022 7107
1020 1021
1019 7110
1018 7111
1016 1017
1015 7114
1013 1014
1012 7117
1011 7118
1009 1010
1008 7121
1006 1007
1005 7124
1004 7125
1002 1003
1001 7128
1000 7129
998 999
997 7132
996 7133
994 995
993 7136
992 7137
990 991
989 7140
988 7141
986 987
985 7144
984 7145
983 7146
982 7147
980 981
979 7150
978 7240
976 977
975 7243
974 7244
973 7245
971 972
970 7248
969 7249
968 7250
966 967
965 7253
964 7254
963 7255
961 962
960 7380
959 7381
958 7382
956 957
955 7385
954 7386
953 7387
952 7388
950 951
949 7391
948 4082
947 4083
946 4084
944 945
943 4087
942 4088
941 4089
939 940
938 4092
937 4093
936 4094
935 4095
933 934
932 4098
931 4099
930 4100
929 4101
926 4061
924 925
923 4064
922 4065
921 4066
920 4067
918 919
917 4070
916 4071
915 4072
914 4073
912 913
911 4076
910 4077
909 4078
907 908
906 4081
905 7151
904 7152
902 903
901 7155
900 7156
899 7157
898 7158
896 897
895 7161
894 7162
893 7163
891 892
890 7166
889 7167
888 7168
886 887
885 7171
884 7172
883 7232
881 882
880 7235
879 7236
877 878
876 7239
875 6261
874 6262
872 873
871 6265
870 6266
869 6267
868 6268
867 6269
865 866
864 6272
863 6273
861 862
860 6276
859 6310
857 858
856 6313
855 6314
853 854
852 6317
850 851
849 6320
848 6321
846 847
845 6324
843 844
842 6327
841 6328
839 840
838 6331
836 837
835 6918
833 834
832 6921
831 6922
829 830
828 6925
826 827
825 6928
824 6929
822 823
821 6932
819 820
818 6935
817 6936
815 816
814 6939
812 813
811 6870
810 6871
808 809
807 6874
806 6875
805 6876
803 804
802 6879
800 801
799 6882
798 6250
796 797
795 6253
793 794
792 6256
791 6257
789 790
788 6260
786 787
785 6151
784 6152
782 783
781 6155
780 6156
778 779
777 6159
775 776
774 6162
773 6163
771 772
770 6462
769 6463
767 768
766 6466
764 765
763 6469
762 6470
760 761
759 6473
758 6474
756 757
755 6477
753 754
752 6480
751 6481
749 750
748 6484
747 6485
745 746
744 6488
743 6489
741 742
740 6492
739 6493
737 738
736 6496
735 6497
733 734
732 6500
730 731
729 6503
728 6504
726 727
725 6507
723 724
722 6117
721 6118
719 720
718 6121
717 6122
715 716
714 6679
712 713
711 6682
710 6683
708 709
707 6663
706 6664
704 705
703 6667
701 702
700 6098
699 6099
697 698
696 6102
695 6103
693 694
692 6106
690 691
689 5493
688 5494
686 687
685 5497
684 5498
682 683
681 5501
680 5502
678 679
677 5505
676 5506
674 675
673 5509
672 5510
670 671
669 5513
667 668
666 5516
665 5517
663 664
662 5520
661 5521
659 660
658 5524
656 657
655 5527
654 4050
652 653
651 4053
650 4054
648 649
647 4057
645 646
644 4060
643 4028
641 642
640 4031
639 4032
637 638
636 4035
634 635
633 4038
632 5824
630 631
629 5827
628 5828
626 627
625 5831
623 624
622 5834
621 5835
619 620
618 5670
617 5671
616 5672
614 615
613 5675
612 5676
610 611
609 5679
607 608
606 5682
605 5683
603 604
602 5686
601 5687
599 600
598 5690
596 597
595 5693
594 5694
592 593
591 5697
590 5416
588 589
587 5419
585 586
584 5233
583 5234
581 582
580 5237
578 579
577 5240
576 5241
574 575
573 5244
572 5245
570 571
569 5402
567 568
566 5405
565 5406
563 564
562 5409
561 5410
559 560
558 5413
556 557
555 5374
554 5375
553 5376
552 5377
550 551
549 5380
548 4723
546 547
545 4726
543 544
542 4729
541 4730
539 540
538 4733
536 537
535 4736
534 5116
532 533
531 5119
529 530
528 5122
526 527
525 5125
524 5126
522 523
521 5129
519 520
518 5132
517 5133
515 516
514 4009
512 513
511 4012
510 4013
508 509
507 4016
506 4847
504 505
503 4850
501 502
500 4853
499 4854
497 498
496 4909
495 4910
493 494
492 4913
491 4914
490 4915
489 4916
488 4917
486 487
485 4572
484 4573
483 4574
481 482
480 4577
479 4578
477 478
476 4581
475 4582
474 4583
472 473
471 4695
470 4696
469 4697
467 468
466 4700
465 4701
464 4510
462 463
461 4513
460 4514
459 4515
458 4516
456 457
455 4519
454 4520
453 4521
451 452
450 4484
449 4485
448 4486
447 4487
445 446
444 3988
443 3989
442 3990
441 3991
439 440
438 3994
437 3995
436 3996
433 4470
432 4471
431 4472
430 4473
429 4474
428 4475
427 4476
426 4477
424 425
423 4480
422 4481
421 4482
420 4483
419 4524
418 4525
417 4526
416 4527
414 415
413 4530
412 4531
411 4532
410 4685
409 4686
408 4687
407 4688
406 4689
404 405
403 4692
402 4693
401 4694
400 4586
399 4587
398 4588
397 4589
395 396
394 4592
393 4593
392 4594
391 4595
390 4596
389 4597
387 388
386 4897
385 4898
384 4899
383 4900
382 4901
381 4902
380 4903
379 4904
377 378
376 4855
375 4856
374 4857
373 4858
371 372
370 4861
369 4862
368 4863
367 4864
365 366
364 4867
363 4868
362 4869
361 4870
359 360
358 5103
357 5104
356 5105
355 5106
353 354
352 5109
351 5110
350 5111
349 5112
347 348
346 5115
345 4737
344 4738
342 343
341 4741
340 4742
339 4743
338 4744
336 337
335 4747
334 5366
333 5367
332 5368
330 331
329 5371
328 5372
327 5373
326 5208
325 5209
323 324
322 5212
321 5213
320 5214
319 5215
317 318
316 5218
315 5219
314 5220
313 5221
311 312
310 5224
309 5225
308 5226
307 5227
305 306
304 5230
303 5231
302 5232
301 5422
299 300
298 5425
297 5426
296 5427
295 5428
293 294
292 5431
291 5432
290 5433
289 5434
287 288
286 5437
285 5656
284 5657
283 5658
281 282
280 5661
279 5662
278 5663
277 5664
275 276
274 5667
273 5668
272 5669
271 5838
270 5839
268 269
267 5842
266 5843
265 5844
264 5845
262 263
261 5848
260 5849
259 5850
258 5851
256 257
255 5854
254 5855
253 5856
252 5857
250 251
249 5860
248 5861
247 5862
246 5863
244 245
243 5866
242 5867
241 5868
240 5869
238 239
237 5872
236 5873
235 5874
234 5875
232 233
231 5878
230 5879
229 5880
228 5881
226 227
225 5884
224 5885
223 5886
221 222
220 5479
219 5480
218 5481
217 5482
216 5483
215 5484
214 5485
212 213
211 5488
210 5489
209 5490
208 6086
206 207
205 6089
204 6090
203 6091
201 202
200 6094
199 6095
198 6668
197 6669
195 196
194 6672
193 6673
192 6674
191 6675
189 190
188 6678
187 6107
186 6108
185 6109
183 184
182 6112
181 6113
180 6114
179 6508
177 178
176 6511
175 6512
174 6513
173 6514
171 172
170 6517
169 6518
168 6519
167 6520
165 166
164 6523
163 6524
162 6525
161 6526
160 6527
159 6528
157 158
156 6531
155 6532
154 6533
153 6534
151 152
150 6537
149 6538
148 6125
147 6126
145 146
144 6129
143 6130
142 6131
141 6132
139 140
138 6135
137 6136
136 6137
135 6138
133 134
132 6141
131 6142
130 6143
128 129
127 6146
126 6147
125 6148
124 6240
122 123
121 6243
120 6244
119 6245
118 6246
116 117
115 6249
114 6883
113 6884
112 6885
110 111
109 6888
108 6889
107 6890
106 6891
105 6892
104 6893
102 103
101 6896
100 6897
99 6898
97 98
96 6901
95 6902
94 6903
93 6904
91 92
90 6907
89 6908
88 6909
86 87
85 6912
84 6913
83 6914
82 6915
80 81
79 6334
78 6335
77 6336
76 6337
74 75
73 6340
72 6299
71 6300
69 70
68 6303
67 6304
66 6305
65 6306
63 64
62 6309
61 6277
60 6278
59 6279
58 6280
56 57
55 6283
54 7218
53 7219
52 7220
51 7221
50 7222
49 7223
48 7224
46 47
45 7227
44 7228
43 7229
42 7230
41 7231
40 7173
38 39
37 7176
36 7177
35 7178
34 7179
33 7180
32 7181
31 7182
29 30
28 7185
27 7186
26 7187
25 7188
24 7189
23 4427
22 4428
20 21
19 4431
18 4432
17 4433
16 4434
15 4435
14 4436
13 4437
11 12
10 4460
9 4461
8 4462
7 4463
6 4464
5 4465
4 4466
2 3
1 4469
