3703 4762
3702 4763
3701 4764
3700 4765
3699 4766
3698 4767
3697 4768
3696 4769
3695 4770
3694 4771
3693 4772
3692 4773
3691 4774
3690 4775
3689 4776
3688 4777
3687 7332
3686 7333
3685 7334
3684 7335
3683 7336
3682 7337
3681 7338
3680 7339
3679 7340
3678 7341
3677 7342
3676 7343
3675 7344
3674 7345
3673 6938
3672 6939
3671 6940
3670 6941
3669 6942
3668 6943
3667 6944
3666 6945
3665 6989
3664 6990
3663 6991
3662 6992
3661 6993
3660 6994
3659 6995
3658 6996
3657 6997
3656 6998
3655 6999
3654 7000
3653 7001
3652 6765
3651 6766
3650 6767
3649 6768
3648 6769
3647 6770
3646 6771
3645 6772
3644 6773
3643 6774
3642 6850
3641 6851
3640 6852
3639 6853
3638 6854
3637 6855
3636 6856
3635 6857
3634 6858
3633 6859
3632 6860
3631 6861
3630 6862
3629 6863
3628 6864
3627 6865
3626 6866
3625 6867
3624 6868
3623 6869
3622 6870
3621 6871
3620 6872
3619 6873
3618 6874
3617 6875
3616 6680
3615 6681
3614 6682
3613 6683
3612 6684
3611 6685
3610 6686
3609 6687
3608 6688
3607 6689
3606 6690
3605 6691
3604 6692
3603 6693
3602 6694
3601 6695
3600 6696
3599 6697
3598 4804
3597 4805
3596 4806
3595 4807
3594 4808
3593 4809
3592 4810
3591 4811
3590 4812
3589 6593
3588 6594
3587 6595
3586 6596
3585 6597
3584 6598
3583 6599
3582 6600
3581 6429
3580 6430
3579 6431
3578 6432
3577 6433
3576 6434
3575 6435
3574 6436
3573 6437
3572 6438
3571 6439
3570 6440
3569 6441
3568 6442
3567 6443
3566 5550
3565 5551
3564 5552
3563 5553
3562 5554
3561 5555
3560 5556
3559 5557
3558 5558
3557 5559
3556 5560
3555 5561
3554 5562
3553 5488
3552 5489
3551 5490
3550 5491
3549 5492
3548 5493
3547 5494
3546 5495
3545 5496
3544 5497
3543 5498
3542 5499
3541 5500
3540 5501
3539 5502
3538 5503
3537 5504
3536 5813
3535 5814
3534 5815
3533 5816
3532 5817
3531 5818
3530 5819
3529 5820
3528 5821
3527 5822
3526 5823
3525 5824
3524 5825
3523 5826
3522 5827
3521 5828
3520 5829
3519 5830
3518 4752
3517 4753
3516 4754
3515 4755
3514 4756
3513 4757
3512 4758
3511 4759
3510 4760
3509 4761
3508 4731
3507 4732
3506 4733
3505 4734
3504 4735
3503 4736
3502 4737
3501 4738
3500 4739
3499 4740
3498 4741
3497 4742
3496 6130
3495 6131
3494 6132
3493 6133
3492 6134
3491 6135
3490 6136
3489 6137
3488 6138
3487 6139
3486 6140
3485 6141
3484 5967
3483 5968
3482 5969
3481 5970
3480 5971
3479 5972
3478 5973
3477 5974
3476 5975
3475 5976
3474 5977
3473 5978
3472 5979
3471 5980
3470 5981
3469 5982
3468 5983
3467 5984
3466 5985
3465 5986
3464 5264
3463 5265
3462 5266
3461 5267
3460 5268
3459 5269
3458 5270
3457 5271
3456 5272
3455 5273
3454 5274
3453 5275
3452 5276
3451 5277
3450 5278
3449 5279
3448 5280
3447 5281
3446 5282
3445 5283
3444 5284
3443 5285
3442 5286
3441 5287
3440 5288
3439 5289
3438 5290
3437 5291
3436 5292
3435 5293
3434 5187
3433 5188
3432 5189
3431 5190
3430 5191
3429 5192
3428 5193
3427 5194
3426 5195
3425 5196
3424 5197
3423 5198
3422 5199
3421 5200
3420 4952
3419 4953
3418 4954
3417 4955
3416 4956
3415 4957
3414 4958
3413 4959
3412 4960
3411 4961
3410 4962
3409 4963
3408 4964
3407 4965
3406 4966
3405 4967
3404 4968
3403 4969
3402 4865
3401 4866
3400 4867
3399 4868
3398 4869
3397 4870
3396 4871
3395 4872
3394 4873
3393 4874
3392 4875
3391 4876
3390 4877
3389 4878
3388 4879
3387 4880
3386 4881
3385 4345
3384 4346
3383 4347
3382 4348
3381 4349
3380 4350
3379 4351
3378 4352
3377 4353
3376 4354
3375 4249
3374 4250
3373 4251
3372 4252
3371 4253
3370 4254
3369 4255
3368 4256
3367 4168
3366 4169
3365 4170
3364 4171
3363 4172
3362 4173
3361 4174
3360 4175
3359 4176
3358 4177
3357 4178
3356 4179
3355 4180
3354 4181
3353 4182
3352 4183
3351 4184
3350 4706
3349 4707
3348 4708
3347 4709
3346 4710
3345 4711
3344 4712
3343 4713
3342 4714
3341 4715
3340 4716
3339 4717
3338 4718
3337 4719
3336 4720
3333 4692
3332 4693
3331 4694
3330 4695
3329 4696
3328 4697
3327 4698
3326 4699
3325 4700
3324 4701
3323 4702
3322 4703
3321 4704
3320 4705
3319 4185
3318 4186
3317 4187
3316 4188
3315 4189
3314 4190
3313 4191
3312 4192
3311 4193
3310 4194
3309 4237
3308 4238
3307 4239
3306 4240
3305 4241
3304 4242
3303 4243
3302 4244
3301 4245
3300 4246
3299 4247
3298 4248
3297 4355
3296 4356
3295 4357
3294 4358
3293 4359
3292 4360
3291 4361
3290 4362
3289 4363
3288 4364
3287 4365
3286 4366
3285 4367
3284 4368
3283 4369
3282 4370
3281 4371
3280 4633
3279 4634
3278 4635
3277 4636
3276 4637
3275 4638
3274 4639
3273 4640
3272 4641
3271 4642
3270 4643
3269 4652
3268 4653
3267 4654
3266 4655
3265 4656
3264 4657
3263 4658
3262 4659
3261 4660
3260 4661
3259 4662
3258 5175
3257 5176
3256 5177
3255 5178
3254 5179
3253 5180
3252 5181
3251 5182
3250 5183
3249 5184
3248 5185
3247 5186
3246 5294
3245 5295
3244 5296
3243 5297
3242 5298
3241 5299
3240 5300
3239 5301
3238 5302
3237 5303
3236 5304
3235 5305
3234 5306
3233 5307
3232 5308
3231 5309
3230 5310
3229 5311
3228 4672
3227 4673
3226 4674
3225 4675
3224 4676
3223 4677
3222 4678
3221 4679
3220 4680
3219 4681
3218 4682
3217 6105
3216 6106
3215 6107
3214 6108
3213 6109
3212 6110
3211 6111
3210 6112
3209 6113
3208 6114
3207 6115
3206 6116
3205 6117
3204 6118
3203 6119
3202 6120
3201 6121
3200 6122
3199 6123
3198 6124
3197 6125
3196 6126
3195 6127
3194 6128
3193 6129
3192 4721
3191 4722
3190 4723
3189 4724
3188 4725
3187 4726
3186 4727
3185 4728
3184 4729
3183 4730
3182 4743
3181 4744
3180 4745
3179 4746
3178 4747
3177 4748
3176 4749
3175 4750
3174 4751
3173 5831
3172 5832
3171 5833
3170 5834
3169 5835
3168 5836
3167 5837
3166 5838
3165 5839
3164 6383
3163 6384
3162 6385
3161 6386
3160 6387
3159 6388
3158 6389
3157 6390
3156 6391
3155 6392
3154 6393
3153 6394
3152 6395
3151 6396
3150 6397
3149 6398
3148 6399
3147 6400
3146 6401
3145 6402
3144 6403
3143 6404
3142 6405
3141 6406
3140 6407
3139 6408
3138 6409
3137 6410
3136 6411
3135 6412
3134 6413
3133 6414
3132 6415
3131 6416
3130 6417
3129 6418
3128 6419
3127 6420
3126 6421
3125 6422
3124 6423
3123 6424
3122 6425
3121 6426
3120 6427
3119 6428
3118 6601
3117 6602
3116 6603
3115 6604
3114 6605
3113 6606
3112 6607
3111 6608
3110 6609
3109 6610
3108 6611
3107 6612
3106 6613
3105 6614
3104 6615
3103 6616
3102 6617
3101 6815
3100 6816
3099 6817
3098 6818
3097 6819
3096 6820
3095 6821
3094 6822
3093 6823
3092 6824
3091 6825
3090 6826
3089 6827
3088 6828
3087 6829
3086 6830
3085 6831
3084 6832
3083 6833
3082 6834
3081 6835
3080 6836
3079 6837
3078 6838
3077 6839
3076 6840
3075 6841
3074 6842
3073 6843
3072 6844
3071 6845
3070 6846
3069 6847
3068 6848
3067 6849
3066 6775
3065 6776
3064 6777
3063 6778
3062 6779
3061 6780
3060 6781
3059 6975
3058 6976
3057 6977
3056 6978
3055 6979
3054 6980
3053 6981
3052 6982
3051 6983
3050 6984
3049 6985
3048 6986
3047 6987
3046 6988
3045 6946
3044 6947
3043 6948
3042 6949
3041 6950
3040 6951
3039 6952
3038 6953
3037 6954
3036 7322
3035 7323
3034 7324
3033 7325
3032 7326
3031 7327
3030 7328
3029 7329
3028 7330
3027 7331
3026 4778
3025 4779
3024 4780
3023 4781
3022 4782
3021 4783
3020 4784
3019 4785
3018 4786
3017 4787
3016 4788
3015 4789
3014 4790
3013 4791
3012 4792
3009 3781
3008 3782
3007 3783
3006 3784
3005 3785
3004 3786
3003 3787
3002 3788
3001 7308
3000 7309
2999 7310
2998 7311
2997 7312
2996 7313
2995 7314
2994 7315
2993 7316
2992 7317
2991 7318
2990 7319
2989 7320
2988 7321
2987 6955
2986 6956
2985 6957
2984 6958
2983 6959
2982 6960
2981 6961
2980 6962
2979 6963
2978 6964
2977 6965
2976 6966
2975 6967
2974 6968
2973 6969
2972 6970
2971 6971
2970 6972
2969 6973
2968 6974
2967 6782
2966 6783
2965 6784
2964 6785
2963 6786
2962 6787
2961 6788
2960 6789
2959 6790
2958 6791
2957 6792
2956 6793
2955 6794
2954 6795
2953 6796
2952 6797
2951 6798
2950 6799
2949 6800
2948 6801
2947 6802
2946 6803
2945 6804
2944 6805
2943 6806
2942 6807
2941 6808
2940 6809
2939 6810
2938 6811
2937 6812
2936 6813
2935 6814
2934 6618
2933 6619
2932 6620
2931 6621
2930 6622
2929 6623
2928 6624
2927 6625
2926 6626
2925 6627
2924 6628
2923 5696
2922 5697
2921 5698
2920 5699
2919 5700
2918 5701
2917 5702
2916 5703
2915 5704
2914 5705
2913 5706
2912 5707
2911 5708
2910 5709
2909 5710
2908 5711
2907 5712
2906 5713
2905 5714
2904 5715
2903 5716
2902 5717
2901 5718
2900 5719
2899 5720
2898 5721
2897 5722
2896 5723
2895 5724
2894 5725
2893 5726
2892 5727
2891 5728
2890 6376
2889 6377
2888 6378
2887 6379
2886 6380
2885 6381
2884 6382
2883 5840
2882 5841
2881 5842
2880 5843
2879 5844
2878 5845
2877 5846
2876 5847
2875 5848
2874 5849
2873 5850
2872 5851
2871 5852
2870 5853
2869 5854
2868 5855
2867 5856
2866 5857
2865 5858
2864 5859
2863 5860
2862 5861
2861 5862
2860 5863
2859 5864
2858 5865
2857 5866
2856 5867
2855 5868
2854 5869
2853 5870
2852 5871
2851 5872
2850 5873
2849 5874
2848 6098
2847 6099
2846 6100
2845 6101
2844 6102
2843 6103
2842 6104
2841 4683
2840 4684
2839 4685
2838 4686
2837 4687
2836 4688
2835 4689
2834 4690
2833 4691
2832 5312
2831 5313
2830 5314
2829 5315
2828 5316
2827 5317
2826 5318
2825 5319
2824 5320
2823 5321
2822 5322
2821 5323
2820 5324
2819 5325
2818 5326
2817 5327
2816 5167
2815 5168
2814 5169
2813 5170
2812 5171
2811 5172
2810 5173
2809 5174
2808 4663
2807 4664
2806 4665
2805 4666
2804 4667
2803 4668
2802 4669
2801 4670
2800 4671
2799 4644
2798 4645
2797 4646
2796 4647
2795 4648
2794 4649
2793 4650
2792 4651
2791 4372
2790 4373
2789 4374
2788 4375
2787 4376
2786 4377
2785 4378
2784 4379
2783 4380
2782 4381
2781 4382
2780 4383
2779 4384
2778 4385
2777 4386
2776 4387
2775 4388
2774 4229
2773 4230
2772 4231
2771 4232
2770 4233
2769 4234
2768 4235
2767 4236
2766 4195
2765 4196
2764 4197
2763 4198
2762 4199
2761 4200
2760 4201
2759 4202
2758 4203
2757 4204
2756 4205
2755 4206
2754 4207
2753 3713
2752 3714
2751 3715
2750 3716
2749 3717
2748 3718
2747 3719
2746 3720
2743 3705
2742 3706
2741 3707
2740 3708
2739 3709
2738 3710
2737 3711
2736 3712
2735 4208
2734 4209
2733 4210
2732 4211
2731 4212
2730 4213
2729 4214
2728 4215
2727 4216
2726 4217
2725 4218
2724 4219
2723 4220
2722 4221
2721 4222
2720 4223
2719 4224
2718 4225
2717 4226
2716 4227
2715 4228
2714 4389
2713 4390
2712 4391
2711 4392
2710 4393
2709 4394
2708 4395
2707 4396
2706 4397
2705 4398
2704 4399
2703 4400
2702 4401
2701 4402
2700 4403
2699 4404
2698 4405
2697 4406
2696 4407
2695 4408
2694 4409
2693 4410
2692 4411
2691 4412
2690 4413
2689 4414
2688 4415
2687 4416
2686 5153
2685 5154
2684 5155
2683 5156
2682 5157
2681 5158
2680 5159
2679 5160
2678 5161
2677 5162
2676 5163
2675 5164
2674 5165
2673 5166
2672 5328
2671 5329
2670 5330
2669 5331
2668 5332
2667 5333
2666 5334
2665 5335
2664 5336
2663 5337
2662 5338
2661 5339
2660 5340
2659 5341
2658 5342
2657 5343
2656 5344
2655 5345
2654 5346
2653 6086
2652 6087
2651 6088
2650 6089
2649 6090
2648 6091
2647 6092
2646 6093
2645 6094
2644 6095
2643 6096
2642 6097
2641 5875
2640 5876
2639 5877
2638 5878
2637 5879
2636 5880
2635 5881
2634 3721
2633 3722
2632 3723
2631 3724
2630 3725
2629 3726
2628 3727
2627 3728
2626 3729
2625 6351
2624 6352
2623 6353
2622 6354
2621 6355
2620 6356
2619 6357
2618 6358
2617 6359
2616 6360
2615 6361
2614 6362
2613 6363
2612 6364
2611 6365
2610 6366
2609 6367
2608 6368
2607 6369
2606 6370
2605 6371
2604 6372
2603 6373
2602 6374
2601 6375
2600 5729
2599 5730
2598 5731
2597 5732
2596 5733
2595 5734
2594 5735
2593 5736
2592 3740
2591 3741
2590 3742
2589 3743
2588 3744
2587 3745
2586 3746
2585 3747
2584 3748
2583 3749
2582 5682
2581 5683
2580 5684
2579 5685
2578 5686
2577 5687
2576 5688
2575 5689
2574 5690
2573 5691
2572 5692
2571 5693
2570 5694
2569 5695
2568 6629
2567 6630
2566 6631
2565 6632
2564 6633
2563 6634
2562 6635
2561 6636
2560 6637
2559 6638
2558 6639
2557 6640
2556 6641
2555 6642
2554 6643
2553 6644
2552 6645
2551 6646
2550 6647
2549 3761
2548 3762
2547 3763
2546 3764
2545 3765
2544 3766
2543 3767
2542 3768
2541 3769
2540 7102
2539 7103
2538 7104
2537 7105
2536 7106
2535 7107
2534 7108
2533 7109
2532 7110
2531 7111
2530 7112
2529 7113
2528 7114
2527 7115
2526 7116
2525 7117
2524 7118
2523 7119
2522 7120
2521 7121
2520 7122
2519 7123
2518 7124
2517 7125
2516 7126
2515 7127
2514 7128
2513 7129
2512 7130
2511 7131
2510 7132
2509 7133
2508 7134
2507 7294
2506 7295
2505 7296
2504 7297
2503 7298
2502 7299
2501 7300
2500 7301
2499 7302
2498 7303
2497 7304
2496 7305
2495 7306
2494 7307
2493 3789
2492 3790
2491 3791
2490 3792
2489 3793
2488 3794
2487 3795
2486 3796
2483 3854
2482 3855
2481 3856
2480 3857
2479 3858
2478 3859
2477 3860
2476 3861
2475 3862
2474 3863
2473 3864
2472 3865
2471 3866
2470 3867
2469 3868
2468 3869
2467 3870
2466 7286
2465 7287
2464 7288
2463 7289
2462 7290
2461 7291
2460 7292
2459 7293
2458 7135
2457 7136
2456 7137
2455 7138
2454 7139
2453 7140
2452 7141
2451 7142
2450 7143
2449 7144
2448 7145
2447 7146
2446 3846
2445 3847
2444 3848
2443 3849
2442 3850
2441 3851
2440 3852
2439 3853
2438 7082
2437 7083
2436 7084
2435 7085
2434 7086
2433 7087
2432 7088
2431 7089
2430 7090
2429 7091
2428 7092
2427 7093
2426 7094
2425 7095
2424 7096
2423 7097
2422 7098
2421 7099
2420 7100
2419 7101
2418 3770
2417 3771
2416 3772
2415 3773
2414 3774
2413 3775
2412 3776
2411 3777
2410 3778
2409 3779
2408 3780
2407 6648
2406 6649
2405 6650
2404 6651
2403 6652
2402 6653
2401 6654
2400 6655
2399 6656
2398 6657
2397 6658
2396 6659
2395 6660
2394 6661
2393 3828
2392 3829
2391 3830
2390 3831
2389 3832
2388 3833
2387 3834
2386 3835
2385 3836
2384 5664
2383 5665
2382 5666
2381 5667
2380 5668
2379 5669
2378 5670
2377 5671
2376 5672
2375 5673
2374 5674
2373 5675
2372 5676
2371 5677
2370 5678
2369 5679
2368 5680
2367 5681
2366 3750
2365 3751
2364 3752
2363 3753
2362 3754
2361 3755
2360 3756
2359 3757
2358 3758
2357 3759
2356 3760
2355 5737
2354 5738
2353 5739
2352 5740
2351 5741
2350 5742
2349 5743
2348 5744
2347 5745
2346 5746
2345 5747
2344 5748
2343 5749
2342 5750
2341 3808
2340 3809
2339 3810
2338 3811
2337 3812
2336 3813
2335 3814
2334 3815
2333 3816
2332 6332
2331 6333
2330 6334
2329 6335
2328 6336
2327 6337
2326 6338
2325 6339
2324 6340
2323 6341
2322 6342
2321 6343
2320 6344
2319 6345
2318 6346
2317 6347
2316 6348
2315 6349
2314 6350
2313 3730
2312 3731
2311 3732
2310 3733
2309 3734
2308 3735
2307 3736
2306 3737
2305 3738
2304 3739
2303 5882
2302 5883
2301 5884
2300 5885
2299 5886
2298 5887
2297 5888
2296 5889
2295 5890
2294 5891
2293 5892
2292 5893
2291 5894
2290 5895
2289 6077
2288 6078
2287 6079
2286 6080
2285 6081
2284 6082
2283 6083
2282 6084
2281 6085
2280 5347
2279 5348
2278 5349
2277 5350
2276 5351
2275 5352
2274 5353
2273 5354
2272 5355
2271 5356
2270 5357
2269 5358
2268 5359
2267 5360
2266 5361
2265 5362
2264 5363
2263 5364
2262 5365
2261 5366
2260 5367
2259 5368
2258 5369
2257 5370
2256 5136
2255 5137
2254 5138
2253 5139
2252 5140
2251 5141
2250 5142
2249 5143
2248 5144
2247 5145
2246 5146
2245 5147
2244 5148
2243 5149
2242 5150
2241 5151
2240 5152
2239 4417
2238 4418
2237 4419
2236 4420
2235 4421
2234 4422
2233 4423
2232 4424
2231 4425
2230 4426
2229 4427
2228 4428
2227 4429
2226 4430
2225 4431
2224 4432
2223 4433
2222 4434
2221 4435
2220 4436
2219 4437
2218 4438
2217 4439
2216 4440
2215 4441
2214 4442
2213 4443
2212 4444
2211 4445
2210 4446
2209 4447
2208 4448
2207 4449
2206 4450
2205 4451
2204 4452
2203 4453
2202 4454
2201 4455
2200 4456
2199 4457
2198 4458
2197 4459
2196 4460
2195 4461
2194 4462
2193 4503
2192 4504
2191 4505
2190 4506
2189 4507
2188 4508
2187 4509
2186 4510
2185 4511
2184 4512
2183 4513
2182 4514
2181 4515
2180 4516
2179 4517
2178 4518
2177 4519
2176 4520
2175 4521
2174 4522
2173 4523
2170 3890
2169 3891
2168 3892
2167 3893
2166 3894
2165 3895
2164 3896
2163 3897
2162 3898
2161 3899
2160 3900
2159 3901
2158 3902
2157 3903
2156 4494
2155 4495
2154 4496
2153 4497
2152 4498
2151 4499
2150 4500
2149 4501
2148 4502
2147 4463
2146 4464
2145 4465
2144 4466
2143 4467
2142 4468
2141 4469
2140 4470
2139 4471
2138 4472
2137 4328
2136 4329
2135 4330
2134 4331
2133 4332
2132 4333
2131 4334
2130 4335
2129 4336
2128 4337
2127 4338
2126 4339
2125 4340
2124 4341
2123 4342
2122 4343
2121 4344
2120 4882
2119 4883
2118 4884
2117 4885
2116 4886
2115 4887
2114 4888
2113 4889
2112 4890
2111 4891
2110 4892
2109 4893
2108 4894
2107 4895
2106 4896
2105 4897
2104 4898
2103 4899
2102 4900
2101 5021
2100 5022
2099 5023
2098 5024
2097 5025
2096 5026
2095 5027
2094 5028
2093 5029
2092 5030
2091 5031
2090 5032
2089 5033
2088 5034
2087 5035
2086 5036
2085 5037
2084 5038
2083 5039
2082 5128
2081 5129
2080 5130
2079 5131
2078 5132
2077 5133
2076 5134
2075 5135
2074 5371
2073 5372
2072 5373
2071 5374
2070 5375
2069 5376
2068 5377
2067 5378
2066 5379
2065 5380
2064 5381
2063 5382
2062 5383
2061 5384
2060 5385
2059 5386
2058 5387
2057 5388
2056 5389
2055 5390
2054 5391
2053 6057
2052 6058
2051 6059
2050 6060
2049 6061
2048 6062
2047 6063
2046 6064
2045 6065
2044 6066
2043 6067
2042 6068
2041 6069
2040 6070
2039 6071
2038 6072
2037 6073
2036 6074
2035 6075
2034 6076
2033 5896
2032 5897
2031 5898
2030 5899
2029 5900
2028 5901
2027 5902
2026 5903
2025 5904
2024 5905
2023 5906
2022 5907
2021 5908
2020 5909
2019 5910
2018 3919
2017 3920
2016 3921
2015 3922
2014 3923
2013 3924
2012 3925
2011 3926
2010 3927
2009 3928
2008 6305
2007 6306
2006 6307
2005 6308
2004 6309
2003 6310
2002 6311
2001 6312
2000 6313
1999 6314
1998 6315
1997 6316
1996 6317
1995 6318
1994 6319
1993 6320
1992 6321
1991 6322
1990 6323
1989 6324
1988 6325
1987 6326
1986 6327
1985 6328
1984 6329
1983 6330
1982 6331
1981 3797
1980 3798
1979 3799
1978 3800
1977 3801
1976 3802
1975 3803
1974 3804
1973 3805
1972 3806
1971 3807
1970 5751
1969 5752
1968 5753
1967 5754
1966 5755
1965 5756
1964 5757
1963 5758
1962 5478
1961 5479
1960 5480
1959 5481
1958 5482
1957 5483
1956 5484
1955 5485
1954 5486
1953 5487
1952 5563
1951 5564
1950 5565
1949 5566
1948 5567
1947 5568
1946 5569
1945 5570
1944 5571
1943 5572
1942 5573
1941 5574
1940 5575
1939 5576
1938 5577
1937 5578
1936 5579
1935 5580
1934 5648
1933 5649
1932 5650
1931 5651
1930 5652
1929 5653
1928 5654
1927 5655
1926 5656
1925 5657
1924 5658
1923 5659
1922 5660
1921 5661
1920 5662
1919 5663
1918 3817
1917 3818
1916 3819
1915 3820
1914 3821
1913 3822
1912 3823
1911 3824
1910 3825
1909 3826
1908 3827
1907 6662
1906 6663
1905 6664
1904 6665
1903 6666
1902 6667
1901 6668
1900 6669
1899 6670
1898 6671
1897 6672
1896 6673
1895 6674
1894 6675
1893 6676
1892 6677
1891 6678
1890 6679
1889 6876
1888 6877
1887 6878
1886 6879
1885 6880
1884 6881
1883 6882
1882 6883
1881 6884
1880 6885
1879 6886
1878 6887
1877 6888
1876 6889
1875 6890
1874 6891
1873 6892
1872 6893
1871 6894
1870 6895
1869 6896
1868 6897
1867 6898
1866 6899
1865 6900
1864 6901
1863 6902
1862 6903
1861 7074
1860 7075
1859 7076
1858 7077
1857 7078
1856 7079
1855 7080
1854 7081
1853 3837
1852 3838
1851 3839
1850 3840
1849 3841
1848 3842
1847 3843
1846 3844
1845 3845
1844 7147
1843 7148
1842 7149
1841 7150
1840 7151
1839 7152
1838 7153
1837 7154
1836 7155
1835 7156
1834 7157
1833 7158
1832 7159
1831 7276
1830 7277
1829 7278
1828 7279
1827 7280
1826 7281
1825 7282
1824 7283
1823 7284
1822 7285
1821 3871
1820 3872
1819 3873
1818 3874
1817 3875
1816 3876
1815 3877
1814 3878
1813 3879
1812 3880
1811 3881
1810 3882
1809 3883
1808 3884
1807 3885
1806 3886
1805 3887
1804 3888
1803 3889
1800 4093
1799 4094
1798 4095
1797 4096
1796 4097
1795 4098
1794 7250
1792 1793
1791 7253
1790 7254
1789 7255
1788 7256
1787 7257
1786 7258
1785 7259
1784 7260
1783 7261
1782 7262
1780 1781
1779 7265
1778 7266
1777 7267
1776 7268
1775 7269
1774 7270
1773 7271
1772 7272
1771 7273
1769 1770
1768 7160
1767 7161
1766 7162
1765 7163
1764 7164
1763 7165
1762 7166
1761 7167
1760 7168
1758 1759
1757 7171
1756 7172
1755 7173
1754 7174
1753 7175
1752 4084
1751 4085
1750 4086
1749 4087
1748 4088
1747 4089
1745 1746
1744 4092
1743 7066
1742 7067
1741 7068
1740 7069
1738 1739
1737 7072
1736 7073
1735 6904
1734 6905
1733 6906
1732 6907
1730 1731
1729 6910
1728 6911
1727 6912
1726 6913
1725 6914
1723 1724
1722 4052
1721 4053
1720 4054
1719 4055
1717 1718
1716 4058
1715 4059
1714 4060
1713 4061
1712 4062
1710 1711
1709 4065
1708 4066
1707 4067
1706 4068
1705 4069
1703 1704
1702 4072
1701 4073
1700 4074
1699 6491
1698 6492
1697 6493
1695 1696
1694 6496
1693 6497
1692 6498
1691 6499
1690 6500
1689 6501
1687 1688
1686 6504
1685 6505
1684 6506
1683 6507
1682 6508
1680 1681
1679 6511
1678 4012
1677 4013
1676 4014
1675 4015
1673 1674
1672 4018
1671 4019
1670 4020
1669 3992
1668 3993
1667 3994
1665 1666
1664 3997
1663 3998
1662 3999
1661 4000
1660 5639
1658 1659
1657 5642
1656 5643
1655 5644
1654 5645
1653 5646
1652 5647
1650 1651
1649 5583
1648 5584
1647 5585
1646 5586
1645 5587
1644 5588
1643 5589
1642 5590
1641 5591
1640 5592
1639 5593
1637 1638
1636 5461
1635 5462
1634 5463
1633 5464
1632 5465
1631 5466
1629 1630
1628 5469
1627 5470
1626 5471
1625 5472
1624 5473
1623 5474
1621 1622
1620 5477
1619 5759
1618 5760
1617 5761
1616 5762
1614 1615
1613 5765
1612 5766
1611 5767
1610 5768
1609 5769
1608 5770
1606 1607
1605 3972
1604 3973
1603 3974
1602 3975
1601 3976
1600 3977
1598 1599
1597 3980
1596 6276
1595 6277
1594 6278
1593 6279
1592 6280
1591 6281
1590 6282
1589 6283
1588 6284
1587 6285
1586 6286
1584 1585
1583 6289
1582 6290
1581 6291
1580 6292
1579 6293
1577 1578
1576 6296
1575 6297
1574 6298
1573 6299
1572 6300
1571 6301
1569 1570
1568 6304
1567 3929
1566 3930
1565 3931
1564 3932
1563 3933
1561 1562
1560 3936
1559 3937
1558 3938
1557 3939
1556 5911
1554 1555
1553 5914
1552 5915
1551 5916
1550 5917
1549 5918
1548 5919
1546 1547
1545 5922
1544 5923
1543 5924
1542 3951
1541 3952
1540 3953
1539 3954
1537 1538
1536 3957
1535 3958
1534 3959
1533 3960
1532 6041
1531 6042
1529 1530
1528 6045
1527 6046
1526 6047
1525 6048
1524 6049
1522 1523
1521 6052
1520 6053
1519 6054
1518 6055
1517 6056
1516 5392
1514 1515
1513 5395
1512 5396
1511 5397
1510 5398
1509 5399
1507 1508
1506 5402
1505 5403
1504 5404
1503 5405
1502 5406
1501 5407
1499 1500
1498 5113
1497 5114
1496 5115
1495 5116
1494 5117
1492 1493
1491 5120
1490 5121
1489 5122
1488 5123
1487 5124
1486 5125
1485 5126
1484 5127
1483 5040
1482 5041
1480 1481
1479 5044
1478 5045
1477 5046
1476 5047
1475 5048
1473 1474
1472 5051
1471 5052
1470 5053
1469 5013
1467 1468
1466 5016
1465 5017
1464 5018
1463 5019
1462 5020
1460 1461
1459 4903
1458 4904
1457 4905
1456 4906
1454 1455
1453 4909
1452 4910
1451 4911
1450 4912
1449 4913
1447 1448
1446 4916
1445 4917
1444 4918
1443 4919
1442 4920
1440 1441
1439 4309
1438 4310
1437 4311
1436 4312
1435 4313
1434 4314
1433 4315
1432 4316
1431 4317
1430 4318
1429 4319
1428 4320
1427 4321
1426 4322
1424 1425
1423 4325
1422 4326
1421 4327
1420 4473
1419 4474
1418 4475
1417 4476
1415 1416
1414 4479
1413 4480
1412 4481
1411 4482
1410 4483
1409 4484
1408 4485
1407 4486
1406 4487
1404 1405
1403 4490
1402 4491
1401 4492
1400 4493
1399 3904
1398 3905
1397 3906
1396 3907
1394 1395
1393 3910
1392 3911
1391 3912
1390 3913
1389 3914
1388 3915
1387 3916
1386 3917
1385 3918
1382 4106
1381 4107
1380 4108
1379 4109
1377 1378
1376 4112
1375 4113
1374 4114
1373 4115
1371 1372
1370 4118
1369 4119
1368 4120
1367 4121
1365 1366
1364 4124
1363 4125
1362 4126
1361 4127
1359 1360
1358 4130
1357 4131
1356 4132
1355 4133
1353 1354
1352 4526
1351 4527
1350 4528
1348 1349
1347 4531
1346 4532
1345 4533
1343 1344
1342 4547
1341 4548
1340 4549
1339 4550
1337 1338
1336 4553
1335 4554
1333 1334
1332 4294
1331 4295
1330 4296
1329 4297
1328 4298
1327 4299
1325 1326
1324 4302
1323 4303
1322 4304
1320 1321
1319 4921
1318 4922
1316 1317
1315 4925
1314 4926
1312 1313
1311 4568
1310 4569
1308 1309
1307 4572
1305 1306
1304 4575
1303 4576
1301 1302
1300 5000
1299 5001
1297 1298
1296 5004
1295 5005
1293 1294
1292 5008
1290 1291
1289 5011
1288 5012
1286 1287
1285 5056
1284 5057
1282 1283
1281 5060
1280 5061
1278 1279
1277 5064
1275 1276
1274 5067
1273 5068
1271 1272
1270 5071
1269 5093
1268 5094
1267 5095
1266 5096
1264 1265
1263 5099
1262 5100
1260 1261
1259 5103
1258 5104
1256 1257
1255 5107
1254 5108
1252 1253
1251 5408
1250 5409
1248 1249
1247 5412
1246 5413
1244 1245
1243 5416
1242 5417
1240 1241
1239 5420
1238 4590
1236 1237
1235 4593
1234 4594
1232 1233
1231 4597
1230 4598
1228 1229
1227 6028
1226 6029
1224 1225
1223 6032
1222 6033
1220 1221
1219 6036
1218 6037
1216 1217
1215 6040
1214 3940
1212 1213
1211 3943
1210 3944
1208 1209
1207 3947
1206 3948
1205 3949
1204 3950
1202 1203
1201 5927
1200 5928
1198 1199
1197 5931
1196 5932
1194 1195
1193 5935
1192 5936
1190 1191
1189 5939
1188 5940
1186 1187
1185 6162
1184 6163
1182 1183
1181 6166
1180 6167
1178 1179
1177 6170
1176 6171
1174 1175
1173 6174
1172 6175
1170 1171
1169 6178
1168 6179
1166 1167
1165 4612
1164 4613
1162 1163
1161 4616
1160 4617
1158 1159
1157 4620
1156 4621
1154 1155
1153 6263
1152 6264
1151 6265
1149 1150
1148 6268
1147 6269
1146 6270
1145 6271
1144 6272
1142 1143
1141 6275
1140 3961
1138 1139
1137 3964
1136 3965
1134 1135
1133 3968
1132 3969
1130 1131
1129 5773
1128 5774
1126 1127
1125 5777
1124 5778
1122 1123
1121 5781
1120 5782
1118 1119
1117 5785
1116 5786
1114 1115
1113 5442
1112 5443
1110 1111
1109 5446
1108 5447
1107 5448
1105 1106
1104 5451
1103 5452
1101 1102
1100 5455
1099 5456
1097 1098
1096 5459
1095 5460
1093 1094
1092 5598
1091 5599
1089 1090
1088 5602
1087 5603
1086 5604
1085 5605
1084 5606
1082 1083
1081 5625
1080 5626
1078 1079
1077 5629
1076 5630
1074 1075
1073 5633
1072 5634
1070 1071
1069 5637
1068 5638
1066 1067
1065 3983
1064 3984
1062 1063
1061 3987
1060 3988
1058 1059
1057 3991
1056 4001
1054 1055
1053 4004
1052 4005
1050 1051
1049 4008
1048 4009
1046 1047
1045 6512
1044 6513
1042 1043
1041 6516
1040 6517
1038 1039
1037 6520
1036 6521
1034 1035
1033 6524
1032 6525
1030 1031
1029 6484
1028 6485
1026 1027
1025 6488
1024 6489
1023 6490
1021 1022
1020 4023
1019 4024
1017 1018
1016 4027
1014 1015
1013 4030
1012 4031
1010 1011
1009 4034
1008 4035
1006 1007
1005 4038
1004 4039
1002 1003
1001 4042
1000 4043
998 999
997 4046
995 996
994 4049
993 6915
991 992
990 6918
989 6919
987 988
986 7050
985 7051
983 984
982 7054
981 7055
979 980
978 7058
977 7059
975 976
974 7062
973 7063
971 972
970 4075
969 4076
967 968
966 4079
965 4080
964 4081
963 4082
962 4083
961 7176
959 960
958 7179
957 7180
956 7181
954 955
953 7184
952 7185
951 7186
949 950
948 7189
947 7190
946 7219
944 945
943 7222
942 7223
941 7224
940 7225
938 939
937 7228
936 7229
935 7230
934 7231
932 933
931 7234
930 7235
929 7236
928 7237
926 927
925 7240
924 7241
923 7242
922 7243
920 921
919 7246
918 7247
917 7248
916 7249
915 4099
913 914
912 4102
911 4103
910 4104
909 4105
906 7367
904 905
903 7370
902 7371
901 7372
900 7373
898 899
897 7376
896 7377
895 7378
894 7356
892 893
891 7359
890 7360
889 7361
888 7362
886 887
885 7365
884 7366
883 7203
882 7204
880 881
879 7207
878 7208
877 7209
876 7210
874 875
873 7213
872 7214
871 7215
869 870
868 7218
867 6922
866 6923
865 6924
863 864
862 6927
861 6928
860 7016
858 859
857 7019
856 7020
854 855
853 7023
852 7024
851 7025
850 7026
849 7027
847 848
846 7030
845 7031
843 844
842 7034
841 7035
839 840
838 7038
837 7039
835 836
834 7042
833 7043
831 832
830 7046
828 829
827 7049
826 6721
824 825
823 6724
822 6725
820 821
819 6728
818 6729
816 817
815 6732
813 814
812 6735
811 6709
809 810
808 6712
806 807
805 6715
804 6716
802 803
801 6719
800 6720
798 799
797 6470
796 6471
794 795
793 6474
791 792
790 6477
789 6478
788 6479
787 6480
786 6481
784 785
783 6528
782 6529
780 781
779 6532
777 778
776 6535
775 6536
773 774
772 6539
771 6540
769 770
768 6543
767 6544
765 766
764 6547
763 6548
761 762
760 6551
759 6552
757 758
756 6555
755 6556
753 754
752 6559
751 6560
749 750
748 6563
747 6564
745 746
744 6567
743 6568
741 742
740 6571
738 739
737 5615
736 5616
734 735
733 5619
732 5620
730 731
729 5525
728 5526
727 5527
726 5528
725 5529
723 724
722 5532
720 721
719 5535
718 5536
716 717
715 5515
714 5516
712 713
711 5519
710 5520
708 709
707 5523
706 5524
704 705
703 5437
702 5438
700 701
699 5441
698 5789
696 697
695 5792
694 5793
692 693
691 5796
690 5797
688 689
687 5800
686 5801
684 685
683 5804
682 5805
680 681
679 6238
678 6239
676 677
675 6242
673 674
672 6245
671 6246
669 670
668 6249
667 6250
666 6251
665 6252
664 6253
662 663
661 6256
660 6257
658 659
657 6260
656 4622
654 655
653 4625
652 4626
650 651
649 4629
648 4630
646 647
645 6182
643 644
642 6185
641 6186
639 640
638 6189
637 6190
635 636
634 6193
633 6154
631 632
630 6157
629 6158
627 628
626 6161
625 5943
623 624
622 5946
621 5947
619 620
618 5950
617 5951
615 616
614 5954
613 5955
611 612
610 6001
609 6002
607 608
606 6005
605 6006
604 6007
603 6008
601 602
600 6011
599 6012
597 598
596 6015
595 6016
593 594
592 6019
591 6020
589 590
588 6023
587 6024
585 586
584 6027
583 4601
581 582
580 4604
579 4605
577 578
576 4608
575 4609
573 574
572 5201
571 5202
569 570
568 5205
567 5206
565 566
564 5209
562 563
561 5212
560 5213
558 559
557 5216
556 5217
554 555
553 5220
552 5221
550 551
549 5084
548 5085
546 547
545 5088
544 5089
543 5090
541 542
540 4929
539 4930
537 538
536 4933
534 535
533 4936
532 4937
530 531
529 4940
528 4941
526 527
525 4984
523 524
522 4987
521 4988
519 520
518 4991
517 4992
515 516
514 4995
512 513
511 4998
510 4999
508 509
507 4581
506 4582
504 505
503 4585
502 4586
500 501
499 4589
498 4842
496 497
495 4845
493 494
492 4848
491 4280
489 490
488 4283
487 4284
486 4285
484 485
483 4288
482 4289
481 4290
480 4291
479 4292
478 4293
476 477
475 4559
474 4560
472 473
471 4563
470 4564
469 4565
467 468
466 4536
465 4537
464 4538
463 4539
461 462
460 4542
459 4543
458 4544
456 457
455 4134
454 4135
453 4136
452 4137
450 451
449 4140
448 4141
447 4142
446 4143
444 445
443 4146
442 4827
441 4828
440 4829
438 439
437 4832
436 4833
435 4834
434 4835
432 433
431 4838
430 4839
429 4840
428 4841
425 4813
424 4814
423 4815
422 4816
421 4817
420 4818
419 4819
418 4820
417 4821
415 416
414 4824
413 4825
412 4826
411 4147
410 4148
409 4149
408 4150
407 4151
406 4152
404 405
403 4155
402 4156
401 4157
400 4158
399 4159
398 4160
397 4161
396 4162
394 395
393 4165
392 4166
391 4167
390 4257
389 4258
388 4259
387 4260
386 4261
384 385
383 4264
382 4265
381 4266
380 4267
379 4268
378 4269
377 4270
376 4271
375 4272
374 4273
373 4274
372 4275
370 371
369 4278
368 4279
367 4849
366 4850
365 4851
363 364
362 4854
361 4855
360 4856
359 4857
358 4858
356 357
355 4861
354 4862
353 4863
352 4864
350 351
349 4972
348 4973
347 4974
346 4975
344 345
343 4978
342 4979
341 4980
340 4981
338 339
337 4944
336 4945
335 4946
334 4947
333 4948
331 332
330 4951
329 5072
328 5073
327 5074
325 326
324 5077
323 5078
322 5079
321 5080
320 5081
319 5082
318 5083
316 317
315 5226
314 5227
313 5228
312 5229
310 311
309 5232
308 5233
307 5234
306 5235
305 5236
303 304
302 5239
301 5240
300 5241
299 5242
297 298
296 5245
295 5246
294 5247
293 5248
292 5249
290 291
289 5252
288 5253
287 5254
286 5255
284 285
283 5258
282 5259
281 5260
280 5261
278 279
277 5987
276 5988
275 5989
274 5990
273 5991
271 272
270 5994
269 5995
268 5996
267 5997
266 5998
265 5999
264 6000
262 263
261 5960
260 5961
259 5962
258 5963
256 257
255 5966
254 6142
253 6143
252 6144
251 6145
249 250
248 6148
247 6149
246 6150
245 6151
243 244
242 6194
241 6195
240 6196
239 6197
237 238
236 6200
235 6201
234 6202
233 6203
232 6204
230 231
229 6207
228 6208
227 6209
226 6210
224 225
223 6213
222 6214
221 6215
220 6216
218 219
217 6219
216 6220
215 6221
214 6222
213 6223
212 6224
211 6225
210 6226
208 209
207 6229
206 6230
205 6231
204 6232
203 6233
201 202
200 5806
199 5807
198 5808
197 5809
195 196
194 5812
193 5421
192 5422
191 5423
189 190
188 5426
187 5427
186 5428
185 5429
184 5430
182 183
181 5433
180 5434
179 5505
178 5506
176 177
175 5509
174 5510
173 5511
172 5512
170 171
169 5539
168 5540
167 5541
166 5542
165 5543
163 164
162 5546
161 5547
160 5548
159 5549
158 5607
157 5608
156 5609
154 155
153 5612
152 5613
151 5614
150 6574
149 6575
147 148
146 6578
145 6579
144 6580
143 6581
141 142
140 6584
139 6585
138 6586
137 6587
136 6588
134 135
133 6591
132 6592
131 4793
130 4794
128 129
127 4797
126 4798
125 4799
124 4800
122 123
121 4803
120 6444
119 6445
118 6446
117 6447
115 116
114 6450
113 6451
112 6452
111 6453
109 110
108 6456
107 6457
106 6458
105 6459
104 6460
103 6461
102 6462
100 101
99 6465
98 6466
97 6467
96 6698
94 95
93 6701
92 6702
91 6703
90 6704
88 89
87 6707
86 6708
85 6736
84 6737
82 83
81 6740
80 6741
79 6742
78 6743
76 77
75 6746
74 6747
73 6748
72 6749
70 71
69 6752
68 6753
67 6754
66 6755
65 6756
63 64
62 6759
61 6760
60 6761
59 6762
57 58
56 7002
55 7003
54 7004
53 7005
52 7006
51 7007
50 7008
49 7009
48 7010
47 7011
46 7012
44 45
43 7015
42 6929
41 6930
40 6931
39 6932
38 6933
36 37
35 6936
34 6937
33 7191
32 7192
31 7193
30 7194
29 7195
28 7196
26 27
25 7199
24 7200
23 7201
22 7202
21 7346
20 7347
19 7348
18 7349
16 17
15 7352
14 7353
13 7354
12 7355
11 7379
10 7380
9 7381
8 7382
6 7
5 7385
4 7386
3 7387
2 7388
1 7389
