3702 4525
3701 4526
3700 4527
3699 4528
3698 4529
3697 4530
3696 4531
3695 4532
3694 4533
3693 4534
3692 4535
3691 4536
3690 4537
3689 4538
3688 4539
3687 4540
3686 4541
3685 4514
3684 4515
3683 4516
3682 4517
3681 4518
3680 4519
3679 4520
3678 4521
3677 4522
3676 4523
3675 4524
3674 5163
3673 5164
3672 5165
3671 5166
3670 5167
3669 5168
3668 5169
3667 5170
3666 5171
3665 5172
3664 5173
3663 5174
3662 5175
3661 5176
3660 5177
3659 5178
3658 5179
3657 4634
3656 4635
3655 4636
3654 4637
3653 4638
3652 4639
3651 4640
3650 4641
3649 4642
3648 4643
3647 4644
3646 4645
3645 4646
3644 4647
3643 4648
3642 4649
3641 4650
3640 4651
3639 5374
3638 5375
3637 5376
3636 5377
3635 5378
3634 5379
3633 5380
3632 5381
3631 5382
3630 4756
3629 4757
3628 4758
3627 4759
3626 4760
3625 4761
3624 4762
3623 4763
3622 4764
3621 4765
3620 4766
3619 4767
3618 4768
3617 4769
3616 4770
3615 4771
3614 4772
3613 4773
3612 4774
3611 4775
3610 4776
3609 4777
3608 4778
3607 4779
3606 4780
3605 4781
3604 4782
3603 4783
3602 4784
3601 4785
3600 4786
3599 4787
3598 4788
3597 4789
3596 4790
3595 4791
3594 4792
3593 4793
3592 4794
3591 4795
3590 7215
3589 7216
3588 7217
3587 7218
3586 7219
3585 7220
3584 7221
3583 7222
3582 7223
3581 7224
3580 7225
3579 7226
3578 7227
3577 7228
3576 7229
3575 7230
3574 7231
3573 7232
3572 7233
3571 7234
3570 7235
3569 7236
3568 7237
3567 7238
3566 6969
3565 6970
3564 6971
3563 6972
3562 6973
3561 6974
3560 6975
3559 6976
3558 6977
3557 6978
3556 6979
3555 6980
3554 6981
3553 6982
3552 6983
3551 6984
3550 6985
3549 6986
3548 6987
3547 6988
3546 6989
3545 6990
3544 6991
3543 6992
3542 6993
3541 6994
3540 6995
3539 7120
3538 7121
3537 7122
3536 7123
3535 7124
3534 7125
3533 7126
3532 7127
3531 7086
3530 7087
3529 7088
3528 7089
3527 7090
3526 7091
3525 7092
3524 7093
3523 7094
3522 7095
3521 7096
3520 7097
3519 7098
3518 7099
3517 4493
3516 4494
3515 4495
3514 4496
3513 4497
3512 4498
3511 4499
3510 4500
3509 4501
3508 4502
3507 4503
3506 6812
3505 6813
3504 6814
3503 6815
3502 6816
3501 6817
3500 6818
3499 6819
3498 6820
3497 6821
3496 6822
3495 6823
3494 6824
3493 6825
3492 6680
3491 6681
3490 6682
3489 6683
3488 6684
3487 6685
3486 6686
3485 6687
3484 6688
3483 6689
3482 6690
3481 6691
3480 6692
3479 6693
3478 6694
3477 6695
3476 6696
3475 6697
3474 6279
3473 6280
3472 6281
3471 6282
3470 6283
3469 6284
3468 6285
3467 6325
3466 6326
3465 6327
3464 6328
3463 6329
3462 6330
3461 6331
3460 6332
3459 6333
3458 6334
3457 6335
3456 6336
3455 6337
3454 6338
3453 6339
3452 6340
3451 6341
3450 6114
3449 6115
3448 6116
3447 6117
3446 6118
3445 6119
3444 6120
3443 6121
3442 6122
3441 6123
3440 6124
3439 6125
3438 6126
3437 6127
3436 6128
3435 6129
3434 6130
3433 6056
3432 6057
3431 6058
3430 6059
3429 6060
3428 6061
3427 6062
3426 6063
3425 6064
3424 6065
3423 6066
3422 6067
3421 6068
3420 6069
3419 5792
3418 5793
3417 5794
3416 5795
3415 5796
3414 5797
3413 5798
3412 5799
3411 5800
3410 4419
3409 4420
3408 4421
3407 4422
3406 4423
3405 4424
3404 4425
3403 4426
3402 4427
3401 4428
3400 4429
3399 4430
3398 4431
3397 4432
3396 4433
3395 4434
3394 4435
3393 4436
3392 4437
3391 4438
3390 4439
3389 4440
3388 4441
3387 4442
3386 4443
3385 4444
3384 5746
3383 5747
3382 5748
3381 5749
3380 5750
3379 5751
3378 5752
3377 5753
3376 5668
3375 5669
3374 5670
3373 5671
3372 5672
3371 5673
3370 5674
3369 5588
3368 5589
3367 5590
3366 5591
3365 5592
3364 5593
3363 5594
3362 5595
3361 5596
3360 5597
3359 5598
3358 5599
3357 5600
3356 5601
3355 4194
3354 4195
3353 4196
3352 4197
3351 4198
3350 4199
3349 4200
3348 4384
3347 4385
3346 4386
3345 4387
3344 4388
3343 4389
3342 4390
3341 4391
3340 4392
3339 4393
3338 4394
3337 4395
3336 4396
3335 4397
3332 4371
3331 4372
3330 4373
3329 4374
3328 4375
3327 4376
3326 4377
3325 4378
3324 4379
3323 4380
3322 4381
3321 4382
3320 4383
3319 4201
3318 4202
3317 4203
3316 4204
3315 4205
3314 4206
3313 4207
3312 4208
3311 4209
3310 4210
3309 5579
3308 5580
3307 5581
3306 5582
3305 5583
3304 5584
3303 5585
3302 5586
3301 5587
3300 5675
3299 5676
3298 5677
3297 5678
3296 5679
3295 5680
3294 5681
3293 5682
3292 5683
3291 5684
3290 5685
3289 5686
3288 5687
3287 5688
3286 5689
3285 4398
3284 4399
3283 4400
3282 4401
3281 4402
3280 4403
3279 4404
3278 4405
3277 4406
3276 4407
3275 4408
3274 4409
3273 4410
3272 4411
3271 4412
3270 4413
3269 4414
3268 4415
3267 4416
3266 4417
3265 4418
3264 5801
3263 5802
3262 5803
3261 5804
3260 5805
3259 5806
3258 6042
3257 6043
3256 6044
3255 6045
3254 6046
3253 6047
3252 6048
3251 6049
3250 6050
3249 6051
3248 6052
3247 6053
3246 6054
3245 6055
3244 6131
3243 6132
3242 6133
3241 6134
3240 6135
3239 6136
3238 6137
3237 6138
3236 6139
3235 6140
3234 6141
3233 6142
3232 6143
3231 6144
3230 6145
3229 6146
3228 6147
3227 6312
3226 6313
3225 6314
3224 6315
3223 6316
3222 6317
3221 6318
3220 6319
3219 6320
3218 6321
3217 6322
3216 6323
3215 6324
3214 6286
3213 6287
3212 6288
3211 6289
3210 6290
3209 6291
3208 6292
3207 6293
3206 4315
3205 4316
3204 4317
3203 4318
3202 4319
3201 4320
3200 4321
3199 4322
3198 4323
3197 4324
3196 4325
3195 4326
3194 6798
3193 6799
3192 6800
3191 6801
3190 6802
3189 6803
3188 6804
3187 6805
3186 6806
3185 6807
3184 6808
3183 6809
3182 6810
3181 6811
3180 4484
3179 4485
3178 4486
3177 4487
3176 4488
3175 4489
3174 4490
3173 4491
3172 4492
3171 7100
3170 7101
3169 7102
3168 7103
3167 7104
3166 7105
3165 7106
3164 7107
3163 7108
3162 7109
3161 7110
3160 7111
3159 7112
3158 7113
3157 7114
3156 7115
3155 7116
3154 7117
3153 7118
3152 7119
3151 6996
3150 6997
3149 6998
3148 6999
3147 7000
3146 7001
3145 7002
3144 7003
3143 7004
3142 4337
3141 4338
3140 4339
3139 4340
3138 4341
3137 4342
3136 4343
3135 4344
3134 4345
3133 4346
3132 4347
3131 7191
3130 7192
3129 7193
3128 7194
3127 7195
3126 7196
3125 7197
3124 7198
3123 7199
3122 7200
3121 7201
3120 7202
3119 7203
3118 7204
3117 7205
3116 7206
3115 7207
3114 7208
3113 7209
3112 7210
3111 7211
3110 7212
3109 7213
3108 7214
3107 4796
3106 4797
3105 4798
3104 4799
3103 4800
3102 4801
3101 4802
3100 4803
3099 4804
3098 4805
3097 4806
3096 4807
3095 4808
3094 4809
3093 4810
3092 4811
3091 4812
3090 4813
3089 4814
3088 4815
3087 4816
3086 4817
3085 4818
3084 4819
3083 4820
3082 4821
3081 4822
3080 4823
3079 5117
3078 5118
3077 5119
3076 5120
3075 5121
3074 5122
3073 5123
3072 5124
3071 5125
3070 5126
3069 5127
3068 5128
3067 5129
3066 5130
3065 5131
3064 5132
3063 5133
3062 5134
3061 5135
3060 5136
3059 5137
3058 5138
3057 5139
3056 5140
3055 5141
3054 5142
3053 5143
3052 5144
3051 5145
3050 5146
3049 5147
3048 5148
3047 5149
3046 5150
3045 5151
3044 5152
3043 5153
3042 5154
3041 5155
3040 5156
3039 5157
3038 5158
3037 5159
3036 5160
3035 5161
3034 5162
3033 4504
3032 4505
3031 4506
3030 4507
3029 4508
3028 4509
3027 4510
3026 4511
3025 4512
3024 4513
3023 4542
3022 4543
3021 4544
3020 4545
3019 4546
3018 4547
3017 4548
3016 4549
3015 4364
3014 4365
3013 4366
3012 4367
3011 4368
3010 4369
3009 4370
3006 4357
3005 4358
3004 4359
3003 4360
3002 4361
3001 4362
3000 4363
2999 4550
2998 4551
2997 4552
2996 4553
2995 4554
2994 4555
2993 4556
2992 4557
2991 4558
2990 4559
2989 4560
2988 4561
2987 4562
2986 4563
2985 5077
2984 5078
2983 5079
2982 5080
2981 5081
2980 5082
2979 5083
2978 5084
2977 5085
2976 5086
2975 5087
2974 5088
2973 5089
2972 5090
2971 5091
2970 5092
2969 5093
2968 5094
2967 5095
2966 5096
2965 5097
2964 5098
2963 5099
2962 5100
2961 5101
2960 5102
2959 5103
2958 5104
2957 5105
2956 5106
2955 5107
2954 5108
2953 5109
2952 5110
2951 5111
2950 5112
2949 5113
2948 5114
2947 5115
2946 5116
2945 4824
2944 4825
2943 4826
2942 4827
2941 4828
2940 4829
2939 4830
2938 4831
2937 4832
2936 4833
2935 4834
2934 4835
2933 4836
2932 4837
2931 4838
2930 4839
2929 4840
2928 4841
2927 4842
2926 4843
2925 4844
2924 4845
2923 4846
2922 4847
2921 4848
2920 4849
2919 4850
2918 4851
2917 4852
2916 4853
2915 4854
2914 4855
2913 4856
2912 4857
2911 4858
2910 7183
2909 7184
2908 7185
2907 7186
2906 7187
2905 7188
2904 7189
2903 7190
2902 4348
2901 4349
2900 4350
2899 4351
2898 4352
2897 4353
2896 4354
2895 4355
2894 4356
2893 7005
2892 7006
2891 7007
2890 7008
2889 7009
2888 7010
2887 7011
2886 7012
2885 7013
2884 7014
2883 7015
2882 7016
2881 7017
2880 7018
2879 7019
2878 7020
2877 7021
2876 7022
2875 7023
2874 7024
2873 7025
2872 7026
2871 7027
2870 7028
2869 7029
2868 6780
2867 6781
2866 6782
2865 6783
2864 6784
2863 6785
2862 6786
2861 6787
2860 6788
2859 6789
2858 6790
2857 6791
2856 6792
2855 6793
2854 6794
2853 6795
2852 6796
2851 6797
2850 4327
2849 4328
2848 4329
2847 4330
2846 4331
2845 4332
2844 4333
2843 4334
2842 4335
2841 4336
2840 6294
2839 6295
2838 6296
2837 6297
2836 6298
2835 6299
2834 6300
2833 6301
2832 6302
2831 6303
2830 6304
2829 6305
2828 6306
2827 6307
2826 6308
2825 6309
2824 6310
2823 6311
2822 6148
2821 6149
2820 6150
2819 6151
2818 6152
2817 6153
2816 6154
2815 3744
2814 3745
2813 3746
2812 3747
2811 3748
2810 3749
2809 3750
2808 3751
2807 3752
2806 3753
2805 6035
2804 6036
2803 6037
2802 6038
2801 6039
2800 6040
2799 6041
2798 5807
2797 5808
2796 5809
2795 5810
2794 5811
2793 5812
2792 5813
2791 5814
2790 5815
2789 5816
2788 5817
2787 5818
2786 5819
2785 5820
2784 4476
2783 4477
2782 4478
2781 4479
2780 4480
2779 4481
2778 4482
2777 4483
2776 5690
2775 5691
2774 5692
2773 5693
2772 5694
2771 5695
2770 5696
2769 5697
2768 5698
2767 5699
2766 5700
2765 5701
2764 5702
2763 5571
2762 5572
2761 5573
2760 5574
2759 5575
2758 5576
2757 5577
2756 5578
2755 4211
2754 4212
2753 4213
2752 4214
2751 4215
2750 4216
2749 4217
2748 4218
2747 4219
2746 4220
2745 4221
2744 4222
2743 4223
2742 4224
2741 4225
2740 4226
2739 4227
2738 4228
2737 4229
2736 4230
2735 4231
2732 3704
2731 3705
2730 3706
2729 3707
2728 3708
2727 3709
2726 3710
2725 3711
2724 3712
2723 3713
2722 3714
2721 3715
2720 3716
2719 3717
2718 5556
2717 5557
2716 5558
2715 5559
2714 5560
2713 5561
2712 5562
2711 5563
2710 5564
2709 5565
2708 5566
2707 5567
2706 5568
2705 5569
2704 5570
2703 5703
2702 5704
2701 5705
2700 5706
2699 5707
2698 5708
2697 5709
2696 5710
2695 5711
2694 5712
2693 5713
2692 5714
2691 5715
2690 4468
2689 4469
2688 4470
2687 4471
2686 4472
2685 4473
2684 4474
2683 4475
2682 5821
2681 5822
2680 5823
2679 5824
2678 5825
2677 5826
2676 5827
2675 6021
2674 6022
2673 6023
2672 6024
2671 6025
2670 6026
2669 6027
2668 6028
2667 6029
2666 6030
2665 6031
2664 6032
2663 6033
2662 6034
2661 3734
2660 3735
2659 3736
2658 3737
2657 3738
2656 3739
2655 3740
2654 3741
2653 3742
2652 3743
2651 6155
2650 6156
2649 6157
2648 6158
2647 6159
2646 6160
2645 6161
2644 6162
2643 6163
2642 6164
2641 6165
2640 6166
2639 6167
2638 6168
2637 6169
2636 6170
2635 6171
2634 6172
2633 6173
2632 6174
2631 3754
2630 3755
2629 3756
2628 3757
2627 3758
2626 3759
2625 3760
2624 3761
2623 3762
2622 6757
2621 6758
2620 6759
2619 6760
2618 6761
2617 6762
2616 6763
2615 6764
2614 6765
2613 6766
2612 6767
2611 6768
2610 6769
2609 6770
2608 6771
2607 6772
2606 6773
2605 6774
2604 6775
2603 6776
2602 6777
2601 6778
2600 6779
2599 7030
2598 7031
2597 7032
2596 7033
2595 7034
2594 7035
2593 7036
2592 7037
2591 7038
2590 7039
2589 7040
2588 7041
2587 7042
2586 7043
2585 7044
2584 7045
2583 7046
2582 7047
2581 7048
2580 3774
2579 3775
2578 3776
2577 3777
2576 3778
2575 3779
2574 3780
2573 3781
2572 3782
2571 3783
2570 7172
2569 7173
2568 7174
2567 7175
2566 7176
2565 7177
2564 7178
2563 7179
2562 7180
2561 7181
2560 7182
2559 4859
2558 4860
2557 4861
2556 4862
2555 4863
2554 4864
2553 4865
2552 4866
2551 4867
2550 4868
2549 4869
2548 4870
2547 4871
2546 4872
2545 4873
2544 4874
2543 4875
2542 4876
2541 4877
2540 4878
2539 4879
2538 3796
2537 3797
2536 3798
2535 3799
2534 3800
2533 3801
2532 3802
2531 3803
2530 3804
2529 3805
2528 5034
2527 5035
2526 5036
2525 5037
2524 5038
2523 5039
2522 5040
2521 5041
2520 5042
2519 5043
2518 5044
2517 5045
2516 5046
2515 5047
2514 5048
2513 5049
2512 5050
2511 5051
2510 5052
2509 5053
2508 5054
2507 5055
2506 5056
2505 5057
2504 5058
2503 5059
2502 5060
2501 5061
2500 5062
2499 5063
2498 5064
2497 5065
2496 5066
2495 5067
2494 5068
2493 5069
2492 5070
2491 5071
2490 5072
2489 5073
2488 5074
2487 5075
2486 5076
2485 4564
2484 4565
2483 4566
2482 4567
2481 4568
2480 4569
2479 4570
2478 4571
2477 4572
2476 4573
2475 3829
2474 3830
2473 3831
2472 3832
2471 3833
2470 3834
2469 3835
2468 3836
2467 3837
2466 3838
2463 3818
2462 3819
2461 3820
2460 3821
2459 3822
2458 3823
2457 3824
2456 3825
2455 3826
2454 3827
2453 3828
2452 4574
2451 4575
2450 4576
2449 4577
2448 4578
2447 4579
2446 4580
2445 4581
2444 4582
2443 4583
2442 4584
2441 4585
2440 4586
2439 4587
2438 4588
2437 4589
2436 4590
2435 4591
2434 4592
2433 4593
2432 4594
2431 4595
2430 4596
2429 4597
2428 4598
2427 4599
2426 4600
2425 4601
2424 4602
2423 4603
2422 4604
2421 4605
2420 4606
2419 4607
2418 4608
2417 4609
2416 4610
2415 4611
2414 4612
2413 4613
2412 4614
2411 4615
2410 4616
2409 4617
2408 3873
2407 3874
2406 3875
2405 3876
2404 3877
2403 3878
2402 3879
2401 3880
2400 3881
2399 3882
2398 5026
2397 5027
2396 5028
2395 5029
2394 5030
2393 5031
2392 5032
2391 5033
2390 3806
2389 3807
2388 3808
2387 3809
2386 3810
2385 3811
2384 3812
2383 3813
2382 3814
2381 3815
2380 3816
2379 3817
2378 4880
2377 4881
2376 4882
2375 4883
2374 4884
2373 4885
2372 4886
2371 4887
2370 4888
2369 4889
2368 4890
2367 4891
2366 4892
2365 4893
2364 4894
2363 4895
2362 4896
2361 4897
2360 4898
2359 4899
2358 4900
2357 4901
2356 4902
2355 4903
2354 4904
2353 4905
2352 4906
2351 4907
2350 4908
2349 4909
2348 4910
2347 4911
2346 7164
2345 7165
2344 7166
2343 7167
2342 7168
2341 7169
2340 7170
2339 7171
2338 3784
2337 3785
2336 3786
2335 3787
2334 3788
2333 3789
2332 3790
2331 3791
2330 3792
2329 3793
2328 3794
2327 3795
2326 7049
2325 7050
2324 7051
2323 7052
2322 7053
2321 7054
2320 7055
2319 7056
2318 7057
2317 7058
2316 7059
2315 7060
2314 7061
2313 7062
2312 7063
2311 7064
2310 7065
2309 7066
2308 7067
2307 7068
2306 7069
2305 7070
2304 7071
2303 6583
2302 6584
2301 6585
2300 6586
2299 6587
2298 6588
2297 6589
2296 6590
2295 6591
2294 6592
2293 6593
2292 6594
2291 6595
2290 6596
2289 6597
2288 6598
2287 6599
2286 6600
2285 6601
2284 6602
2283 6603
2282 6750
2281 6751
2280 6752
2279 6753
2278 6754
2277 6755
2276 6756
2275 3763
2274 3764
2273 3765
2272 3766
2271 3767
2270 3768
2269 3769
2268 3770
2267 3771
2266 3772
2265 3773
2264 6175
2263 6176
2262 6177
2261 6178
2260 6179
2259 6180
2258 6181
2257 6182
2256 6183
2255 6184
2254 6185
2253 6186
2252 6187
2251 6188
2250 6189
2249 6190
2248 6191
2247 6192
2246 6193
2245 6194
2244 6195
2243 6196
2242 6197
2241 6198
2240 3851
2239 3852
2238 3853
2237 3854
2236 3855
2235 3856
2234 3857
2233 3858
2232 3859
2231 3860
2230 6002
2229 6003
2228 6004
2227 6005
2226 6006
2225 6007
2224 6008
2223 6009
2222 6010
2221 6011
2220 6012
2219 6013
2218 6014
2217 6015
2216 6016
2215 6017
2214 6018
2213 6019
2212 6020
2211 5828
2210 5829
2209 5830
2208 5831
2207 5832
2206 5833
2205 5834
2204 5835
2203 5836
2202 4458
2201 4459
2200 4460
2199 4461
2198 4462
2197 4463
2196 4464
2195 4465
2194 4466
2193 4467
2192 5716
2191 5717
2190 5718
2189 5719
2188 5720
2187 5721
2186 5722
2185 5723
2184 5724
2183 5725
2182 5726
2181 5727
2180 5728
2179 5729
2178 5730
2177 5540
2176 5541
2175 5542
2174 5543
2173 5544
2172 5545
2171 5546
2170 5547
2169 5548
2168 5549
2167 5550
2166 5551
2165 5552
2164 5553
2163 5554
2162 5555
2161 3718
2160 3719
2159 3720
2158 3721
2157 3722
2156 3723
2155 3724
2154 3725
2153 3726
2152 3727
2151 3728
2150 3729
2149 3730
2148 3731
2147 3732
2146 3733
2143 3883
2142 3884
2141 3885
2140 3886
2139 3887
2138 3888
2137 3889
2136 3890
2135 3891
2134 3892
2133 3893
2132 3894
2131 3895
2130 3896
2129 5519
2128 5520
2127 5521
2126 5522
2125 5523
2124 5524
2123 5525
2122 5526
2121 5527
2120 5528
2119 5529
2118 5530
2117 5531
2116 5532
2115 5533
2114 5534
2113 5535
2112 5536
2111 5537
2110 5538
2109 5539
2108 5731
2107 5732
2106 5733
2105 5734
2104 5735
2103 5736
2102 5737
2101 5738
2100 5739
2099 5740
2098 5741
2097 5742
2096 5743
2095 5744
2094 5745
2093 4445
2092 4446
2091 4447
2090 4448
2089 4449
2088 4450
2087 4451
2086 4452
2085 4453
2084 4454
2083 4455
2082 4456
2081 4457
2080 5837
2079 5838
2078 5839
2077 5840
2076 5841
2075 5842
2074 5843
2073 5844
2072 5845
2071 5846
2070 5847
2069 5848
2068 5849
2067 5850
2066 5851
2065 5852
2064 5985
2063 5986
2062 5987
2061 5988
2060 5989
2059 5990
2058 5991
2057 5992
2056 5993
2055 5994
2054 5995
2053 5996
2052 5997
2051 5998
2050 5999
2049 6000
2048 6001
2047 3839
2046 3840
2045 3841
2044 3842
2043 3843
2042 3844
2041 3845
2040 3846
2039 3847
2038 3848
2037 3849
2036 3850
2035 6199
2034 6200
2033 6201
2032 6202
2031 6203
2030 6204
2029 6205
2028 6206
2027 6207
2026 6392
2025 6393
2024 6394
2023 6395
2022 6396
2021 6397
2020 6398
2019 6399
2018 6400
2017 6401
2016 6402
2015 6403
2014 6404
2013 6405
2012 6406
2011 6407
2010 6408
2009 6409
2008 6410
2007 6411
2006 6412
2005 6413
2004 6414
2003 6415
2002 6416
2001 6417
2000 6418
1999 6419
1998 6420
1997 6421
1996 6422
1995 6423
1994 6424
1993 6425
1992 6743
1991 6744
1990 6745
1989 6746
1988 6747
1987 6748
1986 6749
1985 6604
1984 6605
1983 6606
1982 6607
1981 6608
1980 6609
1979 6610
1978 6611
1977 6612
1976 6613
1975 6614
1974 6615
1973 6616
1972 6617
1971 6572
1970 6573
1969 6574
1968 6575
1967 6576
1966 6577
1965 6578
1964 6579
1963 6580
1962 6581
1961 6582
1960 7072
1959 7073
1958 7074
1957 7075
1956 7076
1955 7077
1954 7078
1953 7079
1952 7080
1951 7081
1950 7082
1949 7083
1948 7084
1947 7085
1946 7128
1945 7129
1944 7130
1943 7131
1942 7132
1941 7133
1940 7134
1939 7135
1938 7136
1937 7137
1936 7138
1935 7139
1934 7140
1933 7141
1932 7142
1931 7143
1930 7144
1929 7145
1928 7146
1927 7147
1926 7148
1925 7149
1924 7150
1923 7151
1922 7152
1921 7153
1920 7154
1919 7155
1918 7156
1917 7157
1916 7158
1915 7159
1914 7160
1913 7161
1912 7162
1911 7163
1910 4912
1909 4913
1908 4914
1907 4915
1906 4916
1905 4917
1904 4918
1903 4919
1902 4920
1901 4921
1900 4922
1899 4923
1898 4924
1897 3912
1896 3913
1895 3914
1894 3915
1893 3916
1892 3917
1891 3918
1890 3919
1889 3920
1888 3921
1887 4987
1886 4988
1885 4989
1884 4990
1883 4991
1882 4992
1881 4993
1880 4994
1879 4995
1878 4996
1877 4997
1876 4998
1875 4999
1874 5000
1873 5001
1872 5002
1871 5003
1870 5004
1869 5005
1868 5006
1867 5007
1866 5008
1865 5009
1864 5010
1863 5011
1862 5012
1861 5013
1860 5014
1859 5015
1858 5016
1857 5017
1856 5018
1855 5019
1854 5020
1853 5021
1852 5022
1851 5023
1850 5024
1849 5025
1848 3861
1847 3862
1846 3863
1845 3864
1844 3865
1843 3866
1842 3867
1841 3868
1840 3869
1839 3870
1838 3871
1837 3872
1836 4618
1835 4619
1834 4620
1833 4621
1832 4622
1831 4623
1830 4624
1829 4625
1828 4626
1827 4627
1826 4628
1825 4629
1824 4630
1823 4631
1822 4632
1821 4633
1820 5180
1819 5181
1818 5182
1817 5183
1816 5184
1815 5185
1814 5186
1813 3933
1812 3934
1811 3935
1810 3936
1809 3937
1808 3938
1807 3939
1806 3940
1805 3941
1804 3942
1803 3954
1802 3955
1801 3956
1800 3957
1799 3958
1798 3959
1797 3960
1796 3961
1795 3962
1794 3963
1793 5345
1792 5346
1791 5347
1790 5348
1789 5349
1788 5350
1787 5351
1786 5352
1785 5353
1784 5354
1783 5355
1782 5356
1781 5357
1780 5358
1779 5359
1778 5360
1777 5361
1776 5362
1773 4119
1772 4120
1771 4121
1769 1770
1768 4124
1767 4125
1766 4126
1765 4127
1764 4128
1763 4129
1762 4130
1761 5337
1760 5338
1759 5339
1758 5340
1756 1757
1755 5343
1754 5344
1753 3964
1752 3965
1751 3966
1750 3967
1749 3968
1748 3969
1747 3970
1746 3971
1744 1745
1743 3974
1742 3943
1741 3944
1740 3945
1739 3946
1738 3947
1737 3948
1736 3949
1735 3950
1734 3951
1732 1733
1731 5187
1730 5188
1729 5189
1728 5190
1727 5191
1726 5192
1725 5193
1724 5194
1723 5195
1722 5196
1721 5197
1720 5198
1719 5199
1718 5200
1717 5201
1715 1716
1714 5204
1713 5205
1712 5206
1711 5207
1710 5208
1709 5209
1707 1708
1706 5212
1705 5213
1704 5214
1703 5215
1702 5216
1700 1701
1699 5219
1698 5220
1697 5221
1696 4109
1695 4110
1694 4111
1692 1693
1691 4114
1690 4115
1689 4116
1688 4117
1687 4118
1685 1686
1684 4089
1683 4090
1682 4091
1681 4092
1680 4093
1678 1679
1677 4096
1676 4068
1675 4069
1674 4070
1673 4071
1672 4072
1671 4073
1670 4074
1669 4075
1668 4048
1666 1667
1665 4051
1664 4052
1663 4053
1662 4054
1661 4055
1660 4056
1658 1659
1657 4978
1656 4979
1655 4980
1654 4981
1653 4982
1652 4983
1650 1651
1649 4986
1648 3922
1647 3923
1646 3924
1645 3925
1644 3926
1642 1643
1641 3929
1640 3930
1639 3931
1638 3932
1637 4925
1636 4926
1634 1635
1633 4929
1632 4930
1631 4931
1630 4932
1629 4933
1628 4934
1626 1627
1625 4937
1624 4938
1623 6902
1622 6903
1621 6904
1620 6905
1619 6906
1618 6907
1617 6908
1615 1616
1614 6911
1613 6912
1612 6913
1611 6914
1610 6915
1609 6916
1607 1608
1606 6919
1605 6920
1604 6921
1603 4026
1602 4027
1601 4028
1599 1600
1598 4031
1597 4032
1596 4033
1595 4034
1594 4035
1593 6532
1591 1592
1590 6535
1589 6536
1588 6537
1587 6538
1586 6539
1585 6540
1584 6541
1582 1583
1581 6544
1580 6545
1579 6546
1578 6547
1577 6548
1576 6549
1574 1575
1573 6552
1572 6553
1571 6554
1570 6555
1569 6556
1568 6557
1567 6558
1566 6559
1565 6560
1563 1564
1562 6563
1561 6564
1560 6565
1559 6566
1558 6567
1557 6568
1555 1556
1554 6571
1553 6618
1552 6619
1551 6620
1550 6621
1549 6622
1548 6623
1546 1547
1545 6626
1544 6627
1543 6628
1542 6629
1541 6630
1540 6631
1538 1539
1537 6735
1536 6736
1535 6737
1534 6738
1533 6739
1532 6740
1530 1531
1529 6426
1528 6427
1527 6428
1526 6429
1525 6430
1524 6431
1522 1523
1521 6434
1520 6435
1519 4006
1518 4007
1517 4008
1516 4009
1515 4010
1514 4011
1513 4012
1512 4013
1511 4014
1509 1510
1508 3987
1507 3988
1506 3989
1505 3990
1504 3991
1503 3992
1501 1502
1500 6383
1499 6384
1498 6385
1497 6386
1496 6387
1495 6388
1493 1494
1492 6391
1491 6208
1490 6209
1489 6210
1488 6211
1487 6212
1485 1486
1484 6215
1483 6216
1482 6217
1481 6218
1480 6219
1479 6220
1477 1478
1476 5915
1475 5916
1474 5917
1473 5918
1472 5919
1471 5920
1469 1470
1468 5923
1467 5924
1466 5925
1465 5926
1464 5927
1463 5928
1462 5929
1460 1461
1459 5932
1458 5933
1457 5934
1456 5935
1455 5978
1454 5979
1452 1453
1451 5982
1450 5983
1449 5984
1448 5853
1447 5854
1445 1446
1444 5857
1443 5858
1442 5859
1441 5860
1440 5861
1438 1439
1437 5864
1436 5865
1435 5459
1434 5460
1433 5461
1431 1432
1430 5464
1429 5465
1428 5466
1427 5467
1426 5468
1424 1425
1423 5471
1422 5472
1421 5473
1420 5474
1419 5475
1418 5476
1416 1417
1415 5479
1414 5480
1413 5481
1412 5482
1411 5483
1410 5484
1409 5485
1408 5486
1407 5487
1406 5488
1405 5489
1403 1404
1402 5492
1401 5493
1400 5494
1399 5495
1398 5496
1397 5497
1396 5498
1395 5499
1393 1394
1392 5502
1391 5503
1390 5504
1389 5505
1388 5506
1387 5507
1386 5508
1385 5509
1384 5510
1382 1383
1381 5513
1380 5514
1379 5515
1378 5516
1377 5517
1376 5518
1375 3897
1374 3898
1373 3899
1372 3900
1370 1371
1369 3903
1368 3904
1367 3905
1366 3906
1365 3907
1364 3908
1363 3909
1362 3910
1361 3911
1358 4143
1357 4144
1356 4145
1355 4146
1353 1354
1352 4149
1351 4150
1350 4151
1349 4152
1348 4153
1346 1347
1345 4156
1344 4157
1343 4158
1342 4159
1340 1341
1339 4162
1338 4163
1337 4164
1336 4165
1334 1335
1333 4168
1332 4169
1331 4170
1330 4171
1329 5624
1327 1328
1326 5627
1325 5628
1324 5629
1323 5630
1321 1322
1320 5633
1319 5634
1318 5635
1316 1317
1315 5638
1314 5639
1313 5640
1311 1312
1310 5643
1309 5644
1308 4232
1306 1307
1305 4235
1304 4236
1303 4237
1302 4238
1300 1301
1299 4241
1298 4252
1296 1297
1295 4255
1294 4256
1293 4257
1291 1292
1290 4260
1289 4261
1287 1288
1286 5447
1285 5448
1283 1284
1282 5451
1281 5452
1279 1280
1278 5455
1277 5456
1275 1276
1274 5866
1273 5867
1271 1272
1270 5870
1269 5871
1267 1268
1266 5964
1265 5965
1263 1264
1262 5968
1261 5969
1259 1260
1258 5972
1257 5973
1255 1256
1254 5976
1253 5977
1251 1252
1250 5938
1249 5939
1247 1248
1246 5942
1245 5897
1244 5898
1243 5899
1241 1242
1240 5902
1239 5903
1238 5904
1236 1237
1235 5907
1234 5908
1232 1233
1231 5911
1230 5912
1228 1229
1227 6223
1226 6224
1224 1225
1223 6227
1222 6228
1221 6229
1219 1220
1218 6232
1217 6233
1215 1216
1214 6369
1213 6370
1211 1212
1210 6373
1209 6374
1208 6375
1206 1207
1205 6378
1204 6379
1202 1203
1201 6382
1200 3975
1198 1199
1197 3978
1196 3979
1195 3980
1193 1194
1192 3983
1191 3984
1189 1190
1188 3997
1187 3998
1186 3999
1185 4000
1184 4001
1183 4002
1181 1182
1180 4005
1179 6436
1177 1178
1176 6439
1175 6440
1173 1174
1172 6718
1171 6719
1170 6720
1168 1169
1167 6723
1166 6724
1164 1165
1163 6727
1162 6728
1160 1161
1159 6731
1158 6732
1157 6632
1155 1156
1154 6635
1153 6636
1151 1152
1150 6639
1149 6640
1148 6641
1146 1147
1145 6644
1144 6645
1142 1143
1141 4272
1140 4273
1138 1139
1137 4276
1136 4277
1135 4278
1133 1134
1132 4281
1131 4293
1129 1130
1128 4296
1127 4297
1126 4298
1125 4299
1124 4300
1122 1123
1121 4303
1120 6507
1118 1119
1117 6510
1116 6511
1115 6512
1113 1114
1112 6515
1111 6516
1109 1110
1108 6519
1107 6520
1106 6521
1104 1105
1103 6524
1102 6525
1100 1101
1099 6528
1098 6529
1096 1097
1095 4015
1094 4016
1093 4017
1091 1092
1090 4020
1089 4021
1087 1088
1086 4024
1085 4025
1083 1084
1082 6924
1081 6925
1080 6926
1078 1079
1077 6929
1076 6930
1074 1075
1073 6933
1072 6934
1070 1071
1069 6894
1068 6895
1067 6896
1066 6897
1065 6898
1063 1064
1062 6901
1061 4939
1059 1060
1058 4942
1057 4943
1056 4944
1054 1055
1053 4947
1052 4948
1050 1051
1049 4951
1048 4952
1046 1047
1045 4955
1044 4956
1043 4957
1041 1042
1040 4960
1039 4961
1037 1038
1036 4964
1035 4965
1033 1034
1032 4968
1031 4969
1030 4970
1028 1029
1027 4973
1026 4974
1024 1025
1023 4977
1022 4036
1020 1021
1019 4039
1018 4040
1016 1017
1015 4043
1014 4044
1013 4045
1011 1012
1010 4059
1009 4060
1008 4061
1007 4062
1006 4063
1004 1005
1003 4066
1002 4067
1000 1001
999 4078
998 4079
996 997
995 4082
994 4083
992 993
991 4086
990 4097
988 989
987 4100
986 4101
984 985
983 4104
982 4105
980 981
979 4108
978 5222
976 977
975 5225
974 5226
972 973
971 5229
970 5230
968 969
967 5233
966 5234
965 5235
963 964
962 5238
961 5239
959 960
958 5242
957 5243
955 956
954 5246
953 5247
952 5248
950 951
949 5251
948 5252
947 5253
946 5254
945 5255
943 944
942 5258
941 5259
940 5260
939 5261
937 938
936 5264
935 5265
934 5266
932 933
931 5269
930 5270
929 5271
928 5272
926 927
925 5275
924 5276
923 5277
922 5320
920 921
919 5323
918 5324
917 5325
916 5326
915 5327
913 914
912 5330
911 5331
910 5332
909 5333
908 5334
906 907
905 4131
904 4132
903 4133
902 4134
900 901
899 4137
898 4138
897 4139
896 4140
895 4141
894 4142
891 7358
890 7359
888 889
887 7362
886 7363
885 7364
884 7365
883 7366
881 882
880 7369
879 7370
878 7371
877 7372
875 876
874 5307
873 5308
872 5309
871 5310
870 5311
868 869
867 5314
866 5315
865 5316
864 5317
862 863
861 5278
860 5279
859 5280
858 5281
856 857
855 5284
854 4687
853 4688
851 852
850 4691
849 4692
848 4693
847 4694
845 846
844 4697
843 4698
842 4699
840 841
839 4702
838 4703
837 4704
836 4705
835 4706
834 4707
833 4708
831 832
830 4711
829 4712
827 828
826 4715
825 4716
824 4717
822 823
821 4720
820 4721
818 819
817 4724
816 4725
814 815
813 4728
812 4729
810 811
809 4732
808 4733
806 807
805 4736
803 804
802 4739
801 4740
799 800
798 4743
797 4744
795 796
794 4747
793 7347
791 792
790 7350
789 7351
787 788
786 7354
785 7355
783 784
782 7325
781 7326
779 780
778 7329
777 7330
776 7331
775 7332
773 774
772 7335
771 7336
769 770
768 7277
767 7278
765 766
764 7281
763 7282
761 762
760 7285
759 7286
757 758
756 7289
755 7290
754 7291
752 753
751 7294
750 7295
748 749
747 7298
746 7299
744 745
743 7302
742 7303
740 741
739 7306
738 7307
736 737
735 7310
734 7311
733 7312
731 732
730 6876
729 6877
727 728
726 6880
725 6881
723 724
722 6884
721 6885
719 720
718 6888
717 6889
716 6890
715 6891
713 714
712 6937
711 6938
709 710
708 6941
707 6942
705 706
704 6945
703 6946
701 702
700 6949
699 6950
697 698
696 6857
695 6858
694 6859
692 693
691 6862
690 6863
688 689
687 6836
686 6837
684 685
683 6840
682 6841
680 681
679 6844
678 6845
676 677
675 6493
674 6494
673 6495
671 672
670 6498
669 6499
667 668
666 6502
665 6503
663 664
662 6506
661 4304
659 660
658 4307
657 4308
656 4309
655 4310
653 654
652 4313
651 4314
649 650
648 4284
647 4285
645 646
644 4288
643 4289
642 4290
640 641
639 6648
638 6649
636 637
635 6652
634 6653
632 633
631 6656
630 6657
628 629
627 6660
626 6661
624 625
623 6664
622 6665
621 6666
619 620
618 6669
617 6670
615 616
614 6712
613 6713
611 612
610 6716
609 6717
607 608
606 6238
605 6239
603 604
602 6242
601 6243
599 600
598 6246
597 6247
596 6248
595 6249
594 6250
592 593
591 6253
590 6254
588 589
587 6257
586 6258
584 585
583 6261
582 6262
580 581
579 6355
578 6356
576 577
575 6359
574 6360
572 573
571 6363
570 6364
569 6365
567 568
566 6368
565 6087
563 564
562 6090
561 6091
559 560
558 6094
557 6095
555 556
554 6098
553 6099
551 552
550 6080
549 6081
547 548
546 6084
545 6085
544 6086
542 543
541 5890
540 5891
538 539
537 5894
536 5895
535 5896
534 5943
533 5944
531 532
530 5947
529 5948
527 528
526 5951
525 5952
523 524
522 5955
521 5956
519 520
518 5959
517 5960
515 516
514 5963
513 5769
511 512
510 5772
508 509
507 5761
506 5762
504 505
503 5765
502 5766
500 501
499 5437
498 5438
496 497
495 5441
494 5442
492 493
491 4262
490 4263
489 4264
487 488
486 4267
485 4268
483 484
482 4271
481 4242
479 480
478 4245
477 4246
476 4247
475 4248
473 474
472 4251
471 5645
470 5646
468 469
467 5649
466 5650
465 5651
463 464
462 5654
461 5655
460 5656
458 459
457 5617
456 5618
455 5619
454 5620
452 453
451 5623
450 4172
449 4173
448 4174
446 447
445 4177
444 4178
443 4179
442 4180
441 4181
439 440
438 4184
437 4185
436 5397
435 5398
433 434
432 5401
431 5402
430 5403
429 5404
428 5405
426 427
425 5408
424 5409
423 5410
422 5411
419 5383
418 5384
417 5385
416 5386
415 5387
414 5388
413 5389
412 5390
411 5391
410 5392
408 409
407 5395
406 5396
405 4186
404 4187
403 4188
402 4189
401 4190
400 4191
399 4192
398 4193
396 397
395 5604
394 5605
393 5606
392 5607
391 5608
390 5609
389 5610
388 5611
387 5612
385 386
384 5657
383 5658
382 5659
381 5660
380 5661
379 5662
378 5663
376 377
375 5666
374 5667
373 5412
372 5413
371 5414
370 5415
369 5416
368 5417
367 5418
366 5419
365 5420
363 364
362 5423
361 5424
360 5425
359 5426
358 5427
356 357
355 5430
354 5431
353 5432
352 5433
351 5434
349 350
348 5754
347 5755
346 5756
345 5757
344 5758
342 343
341 5775
340 5776
339 5777
338 5778
337 5779
335 336
334 5782
333 5783
332 5784
331 5785
329 330
328 5788
327 5789
326 5790
325 5791
324 5874
322 323
321 5877
320 5878
319 5879
318 5880
317 5881
316 5882
315 5883
314 5884
313 5885
311 312
310 6070
309 6071
308 6072
307 6073
306 6074
304 305
303 6077
302 6100
301 6101
300 6102
299 6103
297 298
296 6106
295 6107
294 6108
293 6109
292 6110
290 291
289 6113
288 6342
287 6343
286 6344
285 6345
283 284
282 6348
281 6349
280 6350
279 6351
278 6352
276 277
275 6265
274 6266
273 6267
272 6268
271 6269
269 270
268 6272
267 6273
266 6274
265 6275
264 6276
263 6277
262 6278
261 6698
260 6699
258 259
257 6702
256 6703
255 6704
254 6705
253 6706
251 252
250 6709
249 6710
248 6711
247 6673
246 6674
244 245
243 6677
242 6678
241 6679
240 6443
239 6444
237 238
236 6447
235 6448
234 6449
233 6450
232 6451
230 231
229 6454
228 6455
227 6456
226 6457
225 6458
223 224
222 6461
221 6462
220 6463
219 6464
217 218
216 6467
215 6468
214 6469
213 6470
212 6471
211 6472
210 6473
209 6474
208 6475
207 6476
206 6477
204 205
203 6480
202 6481
201 6482
200 6483
198 199
197 6486
196 6487
195 6488
194 6489
193 6490
191 192
190 6828
189 6829
188 6830
187 6831
186 6832
184 185
183 6835
182 6846
181 6847
180 6848
179 6849
177 178
176 6852
175 6853
174 6854
173 6951
172 6952
170 171
169 6955
168 6956
167 6957
166 6958
165 6959
163 164
162 6962
161 6963
160 6964
159 6965
158 6966
157 6967
156 6968
155 6866
154 6867
153 6868
151 152
150 6871
149 6872
148 6873
147 6874
146 6875
144 145
143 7241
142 7242
141 7243
140 7244
139 7245
137 138
136 7248
135 7249
134 7250
133 7251
132 7252
130 131
129 7255
128 7256
127 7257
126 7258
124 125
123 7261
122 7262
121 7263
120 7264
119 7265
117 118
116 7268
115 7269
114 7270
113 7271
112 7272
110 111
109 7315
108 7316
107 7317
106 7318
105 7319
104 7320
103 7321
102 7322
101 7323
100 7324
98 99
97 7339
96 7340
95 7341
94 7342
92 93
91 7345
90 7346
89 4748
88 4749
87 4750
85 86
84 4753
83 4754
82 4755
81 5363
79 80
78 5366
77 5367
76 5368
75 5369
74 5370
72 73
71 5373
70 4652
69 4653
68 4654
66 67
65 4657
64 4658
63 4659
62 4660
61 4661
59 60
58 4664
57 4665
56 4666
55 4667
54 4668
53 4669
52 4670
51 4671
50 4672
49 4673
48 4674
47 4675
46 4676
45 4677
43 44
42 4680
41 4681
40 4682
39 4683
38 4684
37 4685
36 4686
34 35
33 5287
32 5288
31 5289
30 5290
29 5291
28 5292
27 5293
26 5294
24 25
23 5297
22 5298
21 5299
20 5300
19 5301
18 5302
17 5303
16 5304
15 7373
13 14
12 7376
11 7377
10 7378
9 7379
8 7380
7 7381
6 7382
5 7383
4 7384
2 3
1 7387
