3703 4469
3702 4470
3701 4471
3700 4472
3699 4473
3698 4474
3697 4475
3696 7364
3695 7365
3694 7366
3693 7367
3692 7368
3691 7369
3690 7370
3689 7371
3688 7372
3687 7373
3686 7304
3685 7305
3684 7306
3683 7307
3682 7308
3681 7309
3680 7310
3679 7311
3678 7312
3677 7313
3676 7314
3675 7315
3674 7316
3673 7317
3672 7318
3671 7018
3670 7019
3669 7020
3668 7021
3667 7022
3666 7023
3665 7024
3664 7025
3663 7026
3662 7027
3661 7028
3660 7029
3659 7030
3658 7031
3657 7032
3656 7033
3655 7034
3654 7035
3653 7036
3652 7037
3651 7038
3650 7039
3649 7040
3648 7041
3647 7042
3646 7043
3645 6808
3644 6809
3643 6810
3642 6811
3641 6812
3640 6813
3639 6814
3638 6815
3637 6816
3636 6817
3635 6818
3634 6819
3633 6820
3632 6821
3631 6822
3630 6514
3629 6515
3628 6516
3627 6517
3626 6518
3625 6519
3624 6520
3623 6362
3622 6363
3621 6364
3620 6365
3619 6366
3618 6367
3617 6368
3616 6369
3615 6370
3614 6371
3613 6372
3612 6373
3611 6374
3610 6375
3609 6376
3608 6377
3607 6378
3606 6379
3605 6380
3604 6381
3603 6382
3602 6383
3601 6384
3600 6385
3599 6386
3598 6387
3597 6388
3596 6389
3595 6390
3594 6391
3593 6392
3592 6393
3591 6394
3590 6395
3589 6396
3588 6397
3587 6398
3586 6399
3585 6400
3584 6401
3583 6402
3582 6403
3581 6404
3580 6405
3579 6406
3578 6407
3577 6408
3576 6409
3575 6410
3574 6411
3573 6412
3572 6413
3571 6414
3570 6415
3569 6416
3568 6417
3567 4459
3566 4460
3565 4461
3564 4462
3563 4463
3562 4464
3561 4465
3560 4466
3559 4467
3558 4468
3557 4439
3556 4440
3555 4441
3554 4442
3553 4443
3552 4444
3551 4445
3550 4446
3549 4447
3548 5879
3547 5880
3546 5881
3545 5882
3544 5883
3543 5884
3542 5885
3541 5886
3540 5887
3539 4397
3538 4398
3537 4399
3536 4400
3535 4401
3534 4402
3533 4403
3532 4404
3531 4405
3530 4406
3529 4407
3528 4376
3527 4377
3526 4378
3525 4379
3524 4380
3523 4381
3522 4382
3521 4383
3520 4384
3519 4385
3518 4386
3517 5763
3516 5764
3515 5765
3514 5766
3513 5767
3512 5768
3511 5769
3510 5770
3509 5771
3508 5772
3507 5773
3506 5774
3505 5775
3504 5776
3503 5777
3502 5778
3501 5779
3500 5780
3499 5781
3498 5782
3497 5783
3496 5784
3495 5785
3494 5786
3493 4419
3492 4420
3491 4421
3490 4422
3489 4423
3488 4424
3487 4425
3486 4426
3485 4427
3484 5568
3483 5569
3482 5570
3481 5571
3480 5572
3479 5573
3478 5574
3477 5575
3476 5576
3475 5577
3474 5578
3473 5579
3472 5580
3471 5581
3470 5582
3469 5350
3468 5351
3467 5352
3466 5353
3465 5354
3464 5355
3463 5356
3462 5357
3461 5358
3460 5359
3459 5360
3458 5361
3457 5362
3456 5363
3455 5364
3454 5365
3453 5366
3452 5367
3451 5368
3450 5369
3449 5370
3448 5371
3447 5372
3446 5373
3445 4355
3444 4356
3443 4357
3442 4358
3441 4359
3440 4360
3439 4361
3438 4362
3437 4363
3436 4364
3435 4365
3434 5271
3433 5272
3432 5273
3431 5274
3430 5275
3429 5276
3428 5277
3427 5278
3426 5279
3425 5280
3424 5281
3423 5282
3422 4988
3421 4989
3420 4990
3419 4991
3418 4992
3417 4993
3416 4994
3415 4995
3414 4996
3413 4997
3412 4998
3411 4999
3410 5000
3409 5001
3408 5002
3407 5003
3406 4235
3405 4236
3404 4237
3403 4238
3402 4239
3401 4240
3400 4241
3399 4242
3398 4243
3397 4244
3396 4245
3395 4246
3394 4247
3393 4248
3392 4249
3391 4250
3390 4251
3389 4252
3388 4253
3387 4254
3386 4255
3385 4957
3384 4958
3383 4959
3382 4960
3381 4961
3380 4962
3379 4963
3378 4964
3377 4809
3376 4810
3375 4811
3374 4812
3373 4813
3372 4814
3371 4815
3370 4816
3369 4817
3368 4818
3367 4819
3366 4820
3365 4821
3364 4822
3363 4823
3362 4824
3361 4825
3360 4826
3359 4827
3358 4828
3357 4829
3356 4547
3355 4548
3354 4549
3353 4550
3352 4551
3351 4552
3350 4553
3349 4221
3348 4222
3347 4223
3346 4224
3345 4225
3344 4226
3343 4227
3342 4228
3341 4229
3340 4230
3339 4231
3338 4232
3337 4233
3336 4234
3333 4208
3332 4209
3331 4210
3330 4211
3329 4212
3328 4213
3327 4214
3326 4215
3325 4216
3324 4217
3323 4218
3322 4219
3321 4220
3320 4554
3319 4555
3318 4556
3317 4557
3316 4558
3315 4559
3314 4560
3313 4561
3312 4562
3311 4563
3310 4934
3309 4935
3308 4936
3307 4937
3306 4938
3305 4939
3304 4940
3303 4941
3302 4942
3301 4943
3300 4944
3299 4945
3298 4946
3297 4947
3296 4948
3295 4949
3294 4950
3293 4951
3292 4952
3291 4953
3290 4954
3289 4955
3288 4956
3287 4256
3286 4257
3285 4258
3284 4259
3283 4260
3282 4261
3281 4262
3280 4263
3279 4264
3278 4265
3277 4266
3276 4267
3275 4268
3274 4269
3273 4270
3272 4271
3271 4272
3270 4273
3269 4274
3268 4275
3267 4276
3266 4277
3265 4278
3264 4279
3263 4280
3262 4281
3261 4282
3260 4283
3259 5257
3258 5258
3257 5259
3256 5260
3255 5261
3254 5262
3253 5263
3252 5264
3251 5265
3250 5266
3249 5267
3248 5268
3247 5269
3246 5270
3245 4345
3244 4346
3243 4347
3242 4348
3241 4349
3240 4350
3239 4351
3238 4352
3237 4353
3236 4354
3235 5374
3234 5375
3233 5376
3232 5377
3231 5378
3230 5379
3229 5380
3228 5381
3227 5382
3226 5383
3225 5384
3224 5385
3223 5386
3222 5387
3221 5388
3220 5389
3219 5390
3218 5391
3217 5392
3216 5393
3215 5394
3214 5395
3213 5396
3212 5397
3211 5398
3210 5399
3209 5400
3208 5401
3207 4104
3206 4105
3205 4106
3204 4107
3203 4108
3202 4109
3201 4110
3200 4111
3199 4112
3198 4113
3197 4114
3196 4124
3195 4125
3194 4126
3193 4127
3192 4128
3191 4129
3190 4130
3189 4131
3188 4132
3187 4133
3186 4134
3185 5749
3184 5750
3183 5751
3182 5752
3181 5753
3180 5754
3179 5755
3178 5756
3177 5757
3176 5758
3175 5759
3174 5760
3173 5761
3172 5762
3171 4366
3170 4367
3169 4368
3168 4369
3167 4370
3166 4371
3165 4372
3164 4373
3163 4374
3162 4375
3161 4387
3160 4388
3159 4389
3158 4390
3157 4391
3156 4392
3155 4393
3154 4394
3153 4395
3152 4396
3151 5888
3150 5889
3149 5890
3148 5891
3147 5892
3146 5893
3145 5894
3144 5895
3143 4145
3142 4146
3141 4147
3140 4148
3139 4149
3138 4150
3137 4151
3136 4152
3135 4153
3134 4154
3133 4164
3132 4165
3131 4166
3130 4167
3129 4168
3128 4169
3127 4170
3126 4171
3125 4172
3124 4173
3123 4174
3122 4175
3121 4186
3120 4187
3119 4188
3118 4189
3117 4190
3116 4191
3115 4192
3114 4193
3113 4194
3112 4195
3111 4196
3110 4197
3109 6329
3108 6330
3107 6331
3106 6332
3105 6333
3104 6334
3103 6335
3102 6336
3101 6337
3100 6338
3099 6339
3098 6340
3097 6341
3096 6342
3095 6343
3094 6344
3093 6345
3092 6346
3091 6347
3090 6348
3089 6349
3088 6350
3087 6351
3086 6352
3085 6353
3084 6354
3083 6355
3082 6356
3081 6357
3080 6358
3079 6359
3078 6360
3077 6361
3076 6521
3075 6522
3074 6523
3073 6524
3072 6525
3071 6526
3070 6527
3069 6796
3068 6797
3067 6798
3066 6799
3065 6800
3064 6801
3063 6802
3062 6803
3061 6804
3060 6805
3059 6806
3058 6807
3057 7044
3056 7045
3055 7046
3054 7047
3053 7048
3052 7049
3051 7050
3050 7051
3049 7052
3048 7053
3047 7054
3046 7055
3045 7056
3044 7057
3043 7058
3042 7059
3041 7060
3040 7061
3039 7062
3038 7063
3037 7064
3036 7065
3035 7066
3034 7067
3033 7068
3032 7069
3031 7070
3030 7071
3029 7072
3028 7296
3027 7297
3026 7298
3025 7299
3024 7300
3023 7301
3022 7302
3021 7303
3020 7374
3019 7375
3018 7376
3017 7377
3016 7378
3015 7379
3014 7380
3013 7381
3012 7382
3011 7383
3010 7384
3009 7385
3008 7386
3007 7387
3006 7388
3005 7389
3002 3816
3001 3817
3000 3818
2999 3819
2998 3820
2997 3821
2996 7280
2995 7281
2994 7282
2993 7283
2992 7284
2991 7285
2990 7286
2989 7287
2988 7288
2987 7289
2986 7290
2985 7291
2984 7292
2983 7293
2982 7294
2981 7295
2980 7073
2979 7074
2978 7075
2977 7076
2976 7077
2975 7078
2974 7079
2973 7080
2972 7081
2971 7082
2970 7083
2969 7084
2968 7085
2967 7086
2966 7087
2965 6777
2964 6778
2963 6779
2962 6780
2961 6781
2960 6782
2959 6783
2958 6784
2957 6785
2956 6786
2955 6787
2954 6788
2953 6789
2952 6790
2951 6791
2950 6792
2949 6793
2948 6794
2947 6795
2946 6528
2945 6529
2944 6530
2943 6531
2942 6532
2941 6533
2940 6534
2939 6535
2938 6536
2937 6537
2936 6538
2935 6539
2934 6540
2933 6541
2932 6542
2931 6543
2930 6544
2929 6545
2928 6546
2927 6547
2926 6548
2925 6549
2924 6550
2923 6319
2922 6320
2921 6321
2920 6322
2919 6323
2918 6324
2917 6325
2916 6326
2915 6327
2914 6328
2913 4198
2912 4199
2911 4200
2910 4201
2909 4202
2908 4203
2907 4204
2906 4205
2905 4206
2904 4207
2903 4176
2902 4177
2901 4178
2900 4179
2899 4180
2898 4181
2897 4182
2896 4183
2895 4184
2894 4185
2893 4155
2892 4156
2891 4157
2890 4158
2889 4159
2888 4160
2887 4161
2886 4162
2885 4163
2884 5896
2883 5897
2882 5898
2881 5899
2880 5900
2879 5901
2878 5902
2877 5903
2876 5904
2875 5905
2874 5906
2873 5907
2872 5908
2871 5909
2870 5910
2869 5911
2868 5912
2867 5913
2866 5914
2865 5915
2864 5916
2863 5917
2862 5918
2861 5919
2860 5920
2859 5921
2858 5741
2857 5742
2856 5743
2855 5744
2854 5745
2853 5746
2852 5747
2851 5748
2850 4135
2849 4136
2848 4137
2847 4138
2846 4139
2845 4140
2844 4141
2843 4142
2842 4143
2841 4144
2840 4115
2839 4116
2838 4117
2837 4118
2836 4119
2835 4120
2834 4121
2833 4122
2832 4123
2831 5402
2830 5403
2829 5404
2828 5405
2827 5406
2826 5407
2825 5408
2824 5409
2823 5410
2822 5411
2821 5412
2820 5413
2819 5414
2818 5415
2817 5416
2816 5229
2815 5230
2814 5231
2813 5232
2812 5233
2811 5234
2810 5235
2809 5236
2808 5237
2807 5238
2806 5239
2805 5240
2804 5241
2803 5242
2802 5243
2801 5244
2800 5245
2799 5246
2798 5247
2797 5248
2796 5249
2795 5250
2794 5251
2793 5252
2792 5253
2791 5254
2790 5255
2789 5256
2788 4284
2787 4285
2786 4286
2785 4287
2784 4288
2783 4289
2782 4290
2781 4291
2780 4292
2779 4293
2778 4294
2777 4295
2776 4296
2775 4297
2774 4688
2773 4689
2772 4690
2771 4691
2770 4692
2769 4693
2768 4694
2767 4695
2766 4696
2765 4697
2764 4698
2763 4699
2762 4700
2761 4701
2760 4702
2759 4703
2758 4704
2757 4705
2756 4706
2755 4707
2754 4708
2753 4926
2752 4927
2751 4928
2750 4929
2749 4930
2748 4931
2747 4932
2746 4933
2745 4564
2744 4565
2743 4566
2742 4567
2741 4568
2740 4569
2739 4570
2738 4571
2737 4572
2736 4573
2735 4574
2734 4575
2733 4576
2732 4577
2731 4578
2730 4579
2729 4580
2728 4581
2727 4582
2726 4583
2725 4584
2722 3705
2721 3706
2720 3707
2719 3708
2718 3709
2717 3710
2716 3711
2715 3712
2714 3713
2713 3714
2712 3715
2711 3716
2710 3717
2709 3718
2708 4911
2707 4912
2706 4913
2705 4914
2704 4915
2703 4916
2702 4917
2701 4918
2700 4919
2699 4920
2698 4921
2697 4922
2696 4923
2695 4924
2694 4925
2693 4709
2692 4710
2691 4711
2690 4712
2689 4713
2688 4714
2687 4715
2686 4716
2685 4717
2684 4718
2683 4719
2682 4720
2681 4721
2680 4722
2679 4723
2678 4682
2677 4683
2676 4684
2675 4685
2674 4686
2673 4687
2672 4298
2671 4299
2670 4300
2669 4301
2668 4302
2667 4303
2666 4304
2665 4305
2664 4306
2663 4307
2662 4308
2661 4309
2660 4310
2659 4311
2658 4312
2657 4313
2656 4314
2655 4315
2654 3734
2653 3735
2652 3736
2651 3737
2650 3738
2649 3739
2648 3740
2647 3741
2646 5213
2645 5214
2644 5215
2643 5216
2642 5217
2641 5218
2640 5219
2639 5220
2638 5221
2637 5222
2636 5223
2635 5224
2634 5225
2633 5226
2632 5227
2631 5228
2630 5417
2629 5418
2628 5419
2627 5420
2626 5421
2625 5422
2624 5423
2623 5424
2622 5425
2621 5426
2620 5427
2619 5428
2618 5429
2617 5430
2616 5431
2615 5432
2614 5433
2613 5434
2612 5435
2611 3752
2610 3753
2609 3754
2608 3755
2607 3756
2606 3757
2605 3758
2604 3759
2603 3760
2602 5728
2601 5729
2600 5730
2599 5731
2598 5732
2597 5733
2596 5734
2595 5735
2594 5736
2593 5737
2592 5738
2591 5739
2590 5740
2589 5922
2588 5923
2587 5924
2586 5925
2585 5926
2584 5927
2583 5928
2582 5929
2581 5930
2580 5931
2579 5932
2578 5933
2577 5934
2576 5935
2575 5936
2574 5937
2573 5938
2572 5939
2571 5940
2570 5941
2569 5942
2568 5943
2567 5944
2566 5945
2565 5946
2564 5947
2563 5948
2562 5949
2561 5950
2560 5951
2559 3772
2558 3773
2557 3774
2556 3775
2555 3776
2554 3777
2553 3778
2552 3779
2551 3780
2550 3781
2549 6296
2548 6297
2547 6298
2546 6299
2545 6300
2544 6301
2543 6302
2542 6303
2541 6304
2540 6305
2539 6306
2538 6307
2537 6308
2536 6309
2535 6310
2534 6311
2533 6312
2532 6313
2531 6314
2530 6315
2529 6316
2528 6317
2527 6318
2526 6551
2525 6552
2524 6553
2523 6554
2522 6555
2521 6556
2520 6557
2519 6558
2518 6559
2517 6560
2516 6561
2515 6562
2514 6563
2513 6564
2512 6565
2511 6566
2510 6567
2509 6568
2508 6569
2507 3794
2506 3795
2505 3796
2504 3797
2503 3798
2502 3799
2501 3800
2500 3801
2499 3802
2498 3803
2497 6765
2496 6766
2495 6767
2494 6768
2493 6769
2492 6770
2491 6771
2490 6772
2489 6773
2488 6774
2487 6775
2486 6776
2485 7088
2484 7089
2483 7090
2482 7091
2481 7092
2480 7093
2479 7094
2478 7095
2477 7257
2476 7258
2475 7259
2474 7260
2473 7261
2472 7262
2471 7263
2470 7264
2469 7265
2468 7266
2467 7267
2466 7268
2465 7269
2464 7270
2463 7271
2462 7272
2461 7273
2460 7274
2459 7275
2458 7276
2457 7277
2456 7278
2455 7279
2454 3822
2453 3823
2452 3824
2451 3825
2450 3826
2449 3827
2446 3870
2445 3871
2444 3872
2443 3873
2442 3874
2441 3875
2440 3876
2439 3877
2438 3878
2437 3879
2436 3880
2435 3881
2434 3882
2433 3883
2432 3884
2431 3885
2430 7241
2429 7242
2428 7243
2427 7244
2426 7245
2425 7246
2424 7247
2423 7248
2422 7249
2421 7250
2420 7251
2419 7252
2418 7253
2417 7254
2416 7255
2415 7256
2414 7096
2413 7097
2412 7098
2411 7099
2410 7100
2409 7101
2408 7102
2407 7103
2406 7104
2405 7105
2404 7106
2403 7107
2402 7108
2401 7109
2400 7110
2399 6758
2398 6759
2397 6760
2396 6761
2395 6762
2394 6763
2393 6764
2392 3804
2391 3805
2390 3806
2389 3807
2388 3808
2387 3809
2386 3810
2385 3811
2384 3812
2383 3813
2382 3814
2381 3815
2380 6570
2379 6571
2378 6572
2377 6573
2376 6574
2375 6575
2374 6576
2373 6577
2372 6578
2371 6579
2370 6580
2369 6581
2368 6582
2367 6583
2366 6584
2365 6585
2364 6586
2363 6587
2362 6588
2361 6589
2360 6590
2359 6591
2358 6592
2357 6593
2356 6594
2355 6595
2354 6596
2353 6597
2352 6598
2351 6599
2350 6600
2349 6601
2348 6602
2347 6603
2346 3860
2345 3861
2344 3862
2343 3863
2342 3864
2341 3865
2340 3866
2339 3867
2338 3868
2337 3869
2336 6289
2335 6290
2334 6291
2333 6292
2332 6293
2331 6294
2330 6295
2329 3782
2328 3783
2327 3784
2326 3785
2325 3786
2324 3787
2323 3788
2322 3789
2321 3790
2320 3791
2319 3792
2318 3793
2317 5952
2316 5953
2315 5954
2314 5955
2313 5956
2312 5957
2311 5958
2310 5959
2309 5960
2308 5961
2307 5962
2306 5963
2305 5964
2304 5965
2303 5966
2302 5967
2301 5968
2300 5969
2299 5970
2298 5971
2297 5972
2296 5973
2295 5974
2294 5975
2293 5976
2292 5977
2291 5978
2290 5979
2289 5980
2288 5981
2287 5982
2286 5983
2285 5984
2284 5985
2283 5986
2282 5987
2281 5988
2280 5989
2279 5990
2278 5991
2277 5992
2276 5993
2275 5994
2274 5720
2273 5721
2272 5722
2271 5723
2270 5724
2269 5725
2268 5726
2267 5727
2266 3761
2265 3762
2264 3763
2263 3764
2262 3765
2261 3766
2260 3767
2259 3768
2258 3769
2257 3770
2256 3771
2255 5436
2254 5437
2253 5438
2252 5439
2251 5440
2250 5441
2249 5442
2248 5443
2247 5444
2246 5445
2245 5446
2244 5447
2243 5448
2242 5449
2241 5450
2240 5451
2239 5452
2238 5453
2237 5454
2236 5455
2235 5456
2234 5457
2233 5458
2232 5459
2231 5460
2230 5461
2229 5462
2228 5463
2227 5464
2226 5465
2225 5466
2224 5467
2223 5468
2222 5469
2221 5470
2220 5206
2219 5207
2218 5208
2217 5209
2216 5210
2215 5211
2214 5212
2213 3742
2212 3743
2211 3744
2210 3745
2209 3746
2208 3747
2207 3748
2206 3749
2205 3750
2204 3751
2203 4316
2202 4317
2201 4318
2200 4319
2199 4320
2198 4321
2197 4322
2196 4323
2195 4324
2194 4325
2193 4326
2192 4327
2191 4328
2190 4329
2189 4330
2188 4331
2187 4332
2186 4333
2185 4334
2184 4335
2183 4336
2182 4674
2181 4675
2180 4676
2179 4677
2178 4678
2177 4679
2176 4680
2175 4681
2174 4724
2173 4725
2172 4726
2171 4727
2170 4728
2169 4729
2168 4730
2167 4731
2166 4732
2165 4733
2164 4734
2163 4735
2162 4736
2161 4737
2160 4738
2159 4739
2158 4740
2157 3838
2156 3839
2155 3840
2154 3841
2153 3842
2152 3843
2151 3844
2150 3845
2149 3846
2148 3847
2147 4904
2146 4905
2145 4906
2144 4907
2143 4908
2142 4909
2141 4910
2140 3719
2139 3720
2138 3721
2137 3722
2136 3723
2135 3724
2134 3725
2133 3726
2132 3727
2131 3728
2130 3729
2129 3730
2128 3731
2127 3732
2126 3733
2123 3923
2122 3924
2121 3925
2120 3926
2119 3927
2118 3928
2117 3929
2116 3930
2115 3931
2114 3932
2113 3933
2112 3934
2111 3935
2110 3936
2109 4894
2108 4895
2107 4896
2106 4897
2105 4898
2104 4899
2103 4900
2102 4901
2101 4902
2100 4903
2099 3828
2098 3829
2097 3830
2096 3831
2095 3832
2094 3833
2093 3834
2092 3835
2091 3836
2090 3837
2089 4741
2088 4742
2087 4743
2086 4744
2085 4745
2084 4746
2083 4747
2082 4748
2081 4749
2080 4750
2079 4751
2078 4752
2077 4657
2076 4658
2075 4659
2074 4660
2073 4661
2072 4662
2071 4663
2070 4664
2069 4665
2068 4666
2067 4667
2066 4668
2065 4669
2064 4670
2063 4671
2062 4672
2061 4673
2060 4337
2059 4338
2058 4339
2057 4340
2056 4341
2055 4342
2054 4343
2053 4344
2052 5004
2051 5005
2050 5006
2049 5007
2048 5008
2047 5009
2046 5010
2045 5011
2044 5114
2043 5115
2042 5116
2041 5117
2040 5118
2039 5119
2038 5120
2037 5121
2036 5122
2035 5123
2034 5124
2033 5125
2032 5126
2031 5127
2030 5128
2029 5129
2028 5130
2027 5131
2026 5132
2025 5197
2024 5198
2023 5199
2022 5200
2021 5201
2020 5202
2019 5203
2018 5204
2017 5205
2016 5471
2015 5472
2014 5473
2013 5474
2012 5475
2011 5476
2010 5477
2009 5478
2008 5479
2007 5480
2006 5481
2005 5482
2004 5335
2003 5336
2002 5337
2001 5338
2000 5339
1999 5340
1998 5341
1997 5342
1996 5343
1995 5344
1994 5345
1993 5346
1992 5347
1991 5348
1990 5349
1989 5583
1988 5584
1987 5585
1986 5586
1985 5587
1984 5588
1983 5589
1982 5590
1981 5591
1980 5592
1979 5593
1978 5696
1977 5697
1976 5698
1975 5699
1974 5700
1973 5701
1972 5702
1971 5703
1970 5704
1969 5705
1968 5706
1967 5707
1966 5708
1965 5709
1964 5710
1963 5711
1962 5712
1961 5713
1960 5714
1959 5715
1958 5716
1957 5717
1956 5718
1955 5719
1954 5995
1953 5996
1952 5997
1951 5998
1950 5999
1949 6000
1948 6001
1947 6002
1946 6003
1945 6004
1944 6005
1943 6006
1942 6007
1941 6008
1940 6167
1939 6168
1938 6169
1937 6170
1936 6171
1935 6172
1934 6173
1933 6174
1932 6175
1931 6176
1930 6177
1929 6178
1928 6179
1927 6180
1926 6181
1925 6182
1924 6183
1923 6184
1922 6185
1921 6186
1920 6187
1919 6188
1918 6189
1917 6190
1916 6191
1915 6192
1914 6193
1913 6194
1912 6195
1911 6196
1910 6197
1909 6198
1908 6199
1907 6200
1906 6201
1905 6202
1904 6203
1903 6204
1902 6205
1901 6206
1900 6207
1899 6208
1898 6209
1897 6210
1896 6211
1895 6212
1894 6213
1893 6214
1892 6215
1891 6216
1890 6217
1889 6218
1888 6282
1887 6283
1886 6284
1885 6285
1884 6286
1883 6287
1882 6288
1881 3848
1880 3849
1879 3850
1878 3851
1877 3852
1876 3853
1875 3854
1874 3855
1873 3856
1872 3857
1871 3858
1870 3859
1869 6604
1868 6605
1867 6606
1866 6607
1865 6608
1864 6609
1863 6610
1862 6611
1861 6612
1860 6613
1859 6614
1858 6615
1857 6616
1856 6617
1855 6618
1854 6619
1853 6620
1852 6621
1851 6622
1850 6623
1849 6624
1848 6625
1847 6626
1846 6931
1845 6932
1844 6933
1843 6934
1842 6935
1841 6936
1840 6937
1839 6938
1838 6939
1837 6940
1836 6941
1835 6942
1834 6943
1833 6944
1832 6945
1831 6946
1830 6947
1829 6948
1828 6949
1827 6950
1826 6951
1825 6952
1824 6953
1823 6954
1822 6955
1821 6956
1820 6957
1819 6958
1818 6959
1817 6960
1816 6961
1815 6962
1814 6751
1813 6752
1812 6753
1811 6754
1810 6755
1809 6756
1808 6757
1807 7111
1806 7112
1805 7113
1804 7114
1803 7115
1802 7116
1801 7117
1800 7118
1799 7119
1798 7120
1797 7121
1796 7122
1795 7123
1794 7124
1793 7125
1792 7126
1791 7127
1790 7128
1789 7129
1788 7130
1787 7131
1786 7132
1785 7133
1784 7134
1783 7135
1782 7232
1781 7233
1780 7234
1779 7235
1778 7236
1777 7237
1776 7238
1775 7239
1774 7240
1773 3886
1772 3887
1771 3888
1770 3889
1769 3890
1768 3891
1767 3892
1766 3893
1765 3894
1764 3895
1763 3896
1762 3897
1761 3958
1760 3959
1759 3960
1758 3961
1757 3962
1756 3963
1753 3952
1752 3953
1751 3954
1750 3955
1749 3956
1748 3957
1747 3898
1746 3899
1745 3900
1744 3901
1743 3902
1742 3903
1740 1741
1739 3906
1738 7218
1737 7219
1736 7220
1735 7221
1734 7222
1733 7223
1732 7224
1731 7225
1730 7226
1729 7227
1728 7228
1726 1727
1725 7231
1724 7136
1723 7137
1722 7138
1721 7139
1720 7140
1719 7141
1718 7142
1717 7143
1716 7144
1714 1715
1713 7147
1712 7148
1711 7149
1710 7150
1709 7151
1708 7152
1707 7153
1706 7154
1705 7155
1704 7156
1703 7157
1702 7158
1700 1701
1699 6741
1698 6742
1697 6743
1696 6744
1695 6745
1694 6746
1693 6747
1691 1692
1690 6750
1689 6963
1688 6964
1687 6965
1686 6966
1685 6967
1683 1684
1682 6970
1681 4039
1680 4040
1679 4041
1678 4042
1677 4043
1675 1676
1674 4046
1673 4047
1672 6912
1671 6913
1670 6914
1669 6915
1667 1668
1666 6918
1665 6919
1664 6920
1663 6921
1662 6922
1661 6923
1659 1660
1658 6926
1657 6927
1656 6928
1655 6929
1654 6930
1653 6627
1652 6628
1650 1651
1649 6631
1648 6632
1647 6633
1646 6634
1645 6635
1644 6636
1642 1643
1641 6639
1640 6640
1639 6641
1638 6642
1637 6643
1636 6644
1635 6645
1633 1634
1632 6648
1631 6649
1630 6650
1629 6651
1628 6652
1627 6653
1625 1626
1624 6656
1623 6657
1622 6658
1621 6659
1620 6660
1619 6661
1618 6662
1616 1617
1615 6272
1614 6273
1613 6274
1612 6275
1611 6276
1610 6277
1609 6278
1607 1608
1606 6281
1605 6219
1604 6220
1603 6221
1602 6222
1601 6223
1600 6224
1599 6225
1598 6226
1597 4019
1596 4020
1595 4021
1594 4022
1592 1593
1591 4025
1590 4026
1589 4027
1588 6127
1587 6128
1586 6129
1585 6130
1583 1584
1582 6133
1581 6134
1580 6135
1579 6136
1578 6137
1577 6138
1576 6139
1574 1575
1573 6142
1572 6143
1571 6144
1570 6145
1569 6146
1568 6147
1567 6148
1565 1566
1564 6151
1563 6152
1562 6153
1561 6154
1560 6155
1559 6156
1557 1558
1556 6159
1555 6160
1554 6161
1553 6162
1552 6163
1551 6164
1550 6165
1549 6166
1548 6009
1547 6010
1546 6011
1545 6012
1544 6013
1543 6014
1541 1542
1540 6017
1539 6018
1538 6019
1537 6020
1536 6021
1535 6022
1534 3998
1532 1533
1531 4001
1530 4002
1529 4003
1528 4004
1527 4005
1526 4006
1525 4007
1523 1524
1522 3977
1521 3978
1520 3979
1519 3980
1518 3981
1517 3982
1516 3983
1514 1515
1513 5689
1512 5690
1511 5691
1510 5692
1509 5693
1508 5694
1507 5695
1505 1506
1504 5596
1503 5597
1502 5598
1501 5599
1500 5600
1499 5601
1498 5602
1497 5603
1495 1496
1494 5606
1493 5607
1492 5608
1491 5609
1490 5610
1489 5611
1487 1488
1486 5614
1485 5326
1484 5327
1483 5328
1482 5329
1481 5330
1480 5331
1478 1479
1477 5334
1476 5483
1475 5484
1474 5485
1473 5486
1472 5487
1471 5488
1469 1470
1468 5491
1467 5492
1466 5493
1465 5494
1464 5495
1463 5496
1461 1462
1460 5190
1459 5191
1458 5192
1457 5193
1456 5194
1455 5195
1454 5196
1452 1453
1451 5135
1450 5136
1449 5137
1448 5138
1447 5139
1446 5140
1445 5141
1444 5142
1443 5143
1442 5144
1441 5145
1439 1440
1438 5107
1437 5108
1436 5109
1435 5110
1434 5111
1432 1433
1431 5012
1430 5013
1429 5014
1428 5015
1427 5016
1426 5017
1424 1425
1423 5020
1422 5021
1421 5022
1420 5023
1419 5024
1417 1418
1416 5027
1415 5028
1414 5029
1413 5030
1412 4639
1411 4640
1409 1410
1408 4643
1407 4644
1406 4645
1405 4646
1404 4647
1403 4648
1401 1402
1400 4651
1399 4652
1398 4653
1397 4654
1396 4655
1395 4656
1394 4753
1393 4754
1392 4755
1390 1391
1389 4758
1388 4759
1387 4760
1386 4867
1385 4868
1384 4869
1383 4870
1382 4871
1381 4872
1379 1380
1378 4875
1377 4876
1376 4877
1375 4878
1374 4879
1373 4880
1372 4881
1371 4882
1370 4883
1368 1369
1367 4886
1366 4887
1365 4888
1364 4889
1363 4890
1362 4891
1361 4892
1360 4893
1359 3937
1358 3938
1357 3939
1355 1356
1354 3942
1353 3943
1352 3944
1351 3945
1350 3946
1349 3947
1348 3948
1347 3949
1346 3950
1345 3951
1342 4048
1341 4049
1340 4050
1339 4051
1338 4052
1336 1337
1335 4055
1334 4504
1333 4505
1332 4506
1331 4507
1329 1330
1328 4510
1327 4511
1326 4512
1325 4513
1323 1324
1322 4516
1321 4517
1320 4518
1319 4519
1318 4520
1316 1317
1315 4523
1314 4524
1313 4850
1312 4851
1311 4852
1309 1310
1308 4855
1307 4856
1306 4857
1305 4858
1303 1304
1302 4861
1301 4862
1300 4863
1299 4864
1297 1298
1296 4761
1295 4762
1294 4763
1292 1293
1291 4766
1290 4767
1289 4768
1288 4769
1287 4770
1285 1286
1284 4773
1283 4774
1282 4625
1280 1281
1279 4628
1278 4629
1276 1277
1275 4632
1274 4633
1273 4634
1271 1272
1270 4637
1269 4638
1267 1268
1266 5033
1265 5034
1263 1264
1262 5037
1261 5080
1260 5081
1258 1259
1257 5084
1256 5085
1254 1255
1253 5088
1252 5089
1250 1251
1249 5092
1248 5093
1246 1247
1245 5096
1244 5097
1243 5098
1241 1242
1240 5101
1239 5102
1237 1238
1236 5146
1235 5147
1233 1234
1232 5150
1231 5151
1230 5152
1229 4064
1228 4065
1226 1227
1225 4068
1224 4069
1222 1223
1221 4072
1220 4073
1219 5183
1217 1218
1216 5186
1215 5187
1213 1214
1212 5499
1211 5500
1210 5501
1208 1209
1207 5504
1206 5505
1204 1205
1203 5508
1202 5509
1201 5510
1199 1200
1198 5312
1197 5313
1195 1196
1194 5316
1193 5317
1192 5318
1190 1191
1189 5321
1188 5322
1187 5323
1185 1186
1184 5615
1183 5616
1181 1182
1180 5619
1179 5620
1178 5621
1176 1177
1175 4086
1174 4087
1173 4088
1172 4089
1171 4090
1170 4091
1168 1169
1167 5675
1166 5676
1165 5677
1163 1164
1162 5680
1161 5681
1159 1160
1158 5684
1157 5685
1156 5686
1154 1155
1153 3964
1152 3965
1151 3966
1149 1150
1148 3969
1147 3970
1145 1146
1144 3973
1143 3974
1142 3986
1140 1141
1139 3989
1138 3990
1136 1137
1135 3993
1134 3994
1133 3995
1131 1132
1130 6023
1129 6024
1128 6025
1126 1127
1125 6028
1124 6029
1122 1123
1121 6032
1120 6033
1119 6034
1117 1118
1116 6037
1115 6081
1114 6082
1113 6083
1112 6084
1110 1111
1109 6087
1108 6088
1107 6089
1105 1106
1104 6092
1103 6093
1102 6094
1100 1101
1099 6097
1098 6098
1096 1097
1095 6101
1094 6102
1093 6103
1091 1092
1090 6106
1089 6107
1088 6108
1086 1087
1085 6111
1084 6112
1082 1083
1081 6115
1080 6116
1079 6117
1077 1078
1076 6120
1075 6121
1073 1074
1072 6124
1071 6125
1070 6126
1068 1069
1067 4010
1066 4011
1065 4012
1063 1064
1062 4015
1061 4016
1059 1060
1058 6227
1057 6228
1056 6229
1055 6230
1054 6231
1052 1053
1051 6234
1050 6235
1049 6236
1047 1048
1046 6239
1045 6240
1044 6262
1042 1043
1041 6265
1040 6266
1038 1039
1037 6269
1036 6663
1035 6664
1033 1034
1032 6667
1031 6668
1029 1030
1028 6671
1027 6672
1026 6673
1024 1025
1023 6676
1022 6677
1020 1021
1019 6680
1018 6681
1017 6682
1015 1016
1014 6685
1013 6686
1012 6687
1010 1011
1009 6690
1008 6691
1006 1007
1005 6694
1004 6695
1003 6696
1001 1002
1000 6886
999 6887
998 6888
997 6889
996 6890
994 995
993 6893
992 6894
991 6895
989 990
988 6898
987 6899
985 986
984 6902
983 6903
981 982
980 6906
979 6907
978 6908
976 977
975 6911
974 4028
972 973
971 4031
970 4032
968 969
967 4035
966 4036
964 965
963 6971
962 6972
961 6973
959 960
958 6976
957 6977
955 956
954 6980
953 6981
952 6982
950 951
949 6985
948 6733
946 947
945 6736
944 6737
943 6738
941 942
940 7161
939 7162
938 7163
937 7164
936 7165
935 7166
933 934
932 7169
931 7170
930 7171
928 929
927 7174
926 7175
925 7176
924 7177
922 923
921 7180
920 7181
919 7182
918 7200
917 7201
915 916
914 7204
913 7205
912 7206
911 7207
910 7208
908 909
907 7211
906 7212
905 7213
904 7214
903 7215
901 902
900 3907
899 3908
898 3909
897 3910
896 3911
894 895
893 3914
892 3915
891 3916
890 3917
889 3918
887 888
886 3921
885 3922
882 7340
881 7341
880 7342
879 7343
877 878
876 7346
875 7347
874 7348
873 7349
872 7350
870 871
869 7353
868 7354
867 7355
866 7329
865 7330
863 864
862 7333
861 7334
860 7335
859 7336
858 7337
856 857
855 7193
854 7194
853 7195
852 7196
850 851
849 7199
848 6992
847 6993
846 6994
844 845
843 6997
842 6998
841 6999
840 7000
838 839
837 7003
836 7004
835 7005
834 7006
832 833
831 6720
830 6721
829 6722
828 6723
827 6724
826 6725
825 6726
823 824
822 6729
821 6730
819 820
818 6986
817 6987
816 6988
814 815
813 6991
812 6839
810 811
809 6842
808 6843
806 807
805 6846
804 6847
803 6848
801 802
800 6851
799 6852
797 798
796 6855
795 6856
793 794
792 6859
791 6860
789 790
788 6863
787 6864
785 786
784 6867
783 6868
781 782
780 6871
779 6872
778 6873
776 777
775 6876
774 6877
772 773
771 6880
770 6881
769 6882
768 6883
766 767
765 6459
764 6460
762 763
761 6463
760 6464
758 759
757 6467
756 6468
755 6469
753 754
752 6472
751 6473
749 750
748 6450
747 6451
746 6452
744 745
743 6455
742 6456
740 741
739 6428
738 6429
737 6430
735 736
734 6433
733 6434
731 732
730 6437
729 6438
727 728
726 6257
725 6258
724 6259
722 723
721 5807
720 5808
718 719
717 5811
716 5812
715 5813
713 714
712 5816
711 5817
710 5818
709 5819
707 708
706 5822
705 5823
703 704
702 5826
701 5827
699 700
698 5830
697 5831
696 5832
694 695
693 5835
692 5836
690 691
689 5839
688 5840
687 5841
685 686
684 5844
683 5845
681 682
680 5848
679 5849
678 5850
676 677
675 5853
674 5854
672 673
671 5857
670 5858
668 669
667 5797
666 5798
665 5799
663 664
662 5802
661 5803
659 660
658 5806
657 6073
656 6074
654 655
653 6077
652 6078
651 6079
650 6080
648 649
647 6040
646 6041
644 645
643 6044
642 6045
641 6046
639 640
638 6049
637 6050
635 636
634 5637
633 5638
632 5639
630 631
629 5642
628 5643
626 627
625 5646
624 5647
623 5648
621 622
620 5651
619 5652
617 618
616 5655
615 5656
613 614
612 5659
611 5660
610 5661
608 609
607 5664
606 5665
604 605
603 5668
602 5669
601 5670
599 600
598 5673
597 5674
595 596
594 4096
593 4097
592 4098
591 4099
589 590
588 4102
587 4103
586 5526
584 585
583 5529
582 5530
580 581
579 5533
578 5534
577 5535
575 576
574 5538
573 5303
571 572
570 5306
569 5307
567 568
566 5310
565 5311
564 5513
562 563
561 5516
560 5517
558 559
557 5520
556 5521
555 5522
553 554
552 5525
551 5175
549 550
548 5178
547 5179
546 5180
544 545
543 4074
542 4075
540 541
539 4078
538 4079
536 537
535 4082
534 4083
533 4965
532 4966
531 4967
530 4968
528 529
527 4971
526 4972
524 525
523 4975
522 4976
520 521
519 4979
518 5063
516 517
515 5066
514 5067
512 513
511 5070
510 5071
509 5072
507 508
506 5075
505 5076
503 504
502 5079
501 5038
499 500
498 5041
497 5042
495 496
494 4611
493 4612
491 492
490 4615
489 4616
488 4617
486 487
485 4620
484 4621
482 483
481 4624
480 4775
479 4776
477 478
476 4779
475 4780
474 4781
473 4782
472 4783
470 471
469 4786
468 4787
467 4788
465 466
464 4791
463 4792
462 4793
461 4794
459 460
458 4797
457 4842
456 4843
455 4844
453 454
452 4847
451 4848
450 4849
449 4525
448 4526
446 447
445 4529
444 4530
443 4531
442 4532
440 441
439 4535
438 4536
437 4537
436 4538
435 4497
433 434
432 4500
431 4501
430 4502
429 4503
428 4056
426 427
425 4059
424 4060
423 4061
422 4062
421 4063
418 4483
417 4484
416 4485
415 4486
414 4487
413 4488
412 4489
411 4490
410 4491
409 4492
408 4493
406 407
405 4496
404 4539
403 4540
402 4541
401 4542
400 4543
399 4544
398 4545
397 4546
396 4830
395 4831
393 394
392 4834
391 4835
390 4836
389 4837
388 4838
387 4839
386 4840
385 4841
384 4798
382 383
381 4801
380 4802
379 4803
378 4804
377 4805
376 4806
375 4807
374 4808
372 373
371 4587
370 4588
369 4589
368 4590
367 4591
366 4592
365 4593
364 4594
362 363
361 4597
360 4598
359 4599
358 4600
357 4601
356 4602
354 355
353 4605
352 4606
351 4607
350 4608
349 5043
348 5044
346 347
345 5047
344 5048
343 5049
342 5050
341 5051
339 340
338 5054
337 5055
336 5056
335 5057
334 5058
332 333
331 5061
330 5062
329 4980
328 4981
327 4982
325 326
324 4985
323 4986
322 4987
321 5153
320 5154
318 319
317 5157
316 5158
315 5159
314 5160
313 5161
312 5162
311 5163
309 310
308 5166
307 5167
306 5168
305 5169
304 5170
302 303
301 5173
300 5174
299 5283
298 5284
297 5285
296 5286
294 295
293 5289
292 5290
291 5291
290 5292
289 5293
287 288
286 5296
285 5297
284 5298
283 5299
282 5300
280 281
279 5539
278 5540
277 5541
276 5542
275 5543
274 5544
272 273
271 5547
270 5548
269 5549
268 5550
267 5551
265 266
264 5554
263 5555
262 5556
261 5557
260 5558
259 5559
258 5560
256 257
255 5563
254 5564
253 5565
252 5566
251 5567
249 250
248 4410
247 4411
246 4412
245 4413
244 4414
242 243
241 4417
240 4418
239 5622
238 5623
237 5624
236 5625
234 235
233 5628
232 5629
231 5630
230 5631
229 5632
227 228
226 5635
225 5636
224 6053
223 6054
222 6055
221 6056
219 220
218 6059
217 6060
216 6061
215 6062
214 6063
212 213
211 6066
210 6067
209 6068
208 6069
207 6070
206 6071
205 6072
203 204
202 5789
201 5790
200 5791
199 5792
198 5793
196 197
195 5796
194 5861
193 5862
192 5863
191 5864
190 5865
188 189
187 5868
186 5869
185 5870
184 5871
183 5872
181 182
180 5875
179 5876
178 5877
177 5878
176 4428
175 4429
173 174
172 4432
171 4433
170 4434
169 4435
168 4436
166 167
165 4448
164 4449
163 4450
162 4451
161 4452
159 160
158 4455
157 4456
156 4457
155 4458
154 6241
153 6242
152 6243
150 151
149 6246
148 6247
147 6248
146 6249
145 6250
144 6251
142 143
141 6254
140 6418
139 6419
138 6420
137 6421
135 136
134 6424
133 6425
132 6426
131 6427
130 6439
128 129
127 6442
126 6443
125 6444
124 6445
123 6446
122 6447
120 121
119 6476
118 6477
117 6478
116 6479
115 6480
113 114
112 6483
111 6484
110 6485
109 6486
108 6487
107 6488
105 106
104 6491
103 6492
102 6493
101 6494
100 6495
99 6496
97 98
96 6499
95 6500
94 6501
93 6502
92 6503
90 91
89 6506
88 6507
87 6508
86 6509
85 6510
83 84
82 6513
81 6823
80 6824
79 6825
78 6826
76 77
75 6829
74 6830
73 6831
72 6832
71 6833
69 70
68 6836
67 6837
66 6838
65 6699
64 6700
62 63
61 6703
60 6704
59 6705
58 6706
57 6707
56 6708
54 55
53 6711
52 6712
51 6713
50 6714
49 6715
48 6716
47 6717
46 7007
45 7008
44 7009
42 43
41 7012
40 7013
39 7014
38 7015
37 7016
36 7017
35 7183
34 7184
32 33
31 7187
30 7188
29 7189
28 7190
27 7191
26 7192
25 7319
24 7320
23 7321
22 7322
20 21
19 7325
18 7326
17 7327
16 7328
15 7356
14 7357
13 7358
12 7359
11 7360
10 7361
8 9
7 4476
6 4477
5 4478
4 4479
3 4480
2 4481
1 4482
