6667 7796
6666 7797
6665 7798
6664 7799
6663 7800
6662 7801
6661 7802
6660 7803
6659 7804
6658 7805
6657 7806
6656 7807
6655 7808
6654 7809
6653 7810
6652 13236
6651 13237
6650 13238
6649 13239
6648 13240
6647 13241
6646 13242
6645 13243
6644 13244
6643 13245
6642 13246
6641 13247
6640 13248
6639 13249
6638 13250
6637 13251
6636 13252
6635 13253
6634 13254
6633 13255
6632 13256
6631 13257
6630 13258
6629 13259
6628 13260
6627 13261
6626 13262
6625 13263
6624 13170
6623 13171
6622 13172
6621 13173
6620 13174
6619 13175
6618 13176
6617 13177
6616 13178
6615 13179
6614 13180
6613 13181
6612 13182
6611 13183
6610 13184
6609 13185
6608 13186
6607 13187
6606 13188
6605 13189
6604 13190
6603 13191
6602 13192
6601 13193
6600 13194
6599 13195
6598 13196
6597 13197
6596 13198
6595 13199
6594 13200
6593 13201
6592 13202
6591 13203
6590 12965
6589 12966
6588 12967
6587 12968
6586 12969
6585 12970
6584 12971
6583 12972
6582 7558
6581 7559
6580 7560
6579 7561
6578 7562
6577 7563
6576 7564
6575 7565
6574 7566
6573 7567
6572 7568
6571 7537
6570 7538
6569 7539
6568 7540
6567 7541
6566 7542
6565 7543
6564 7544
6563 7545
6562 7546
6561 7516
6560 7517
6559 7518
6558 7519
6557 7520
6556 7521
6555 7522
6554 7523
6553 7524
6552 7525
6551 12823
6550 12824
6549 12825
6548 12826
6547 12827
6546 12828
6545 12829
6544 12830
6543 12831
6542 12832
6541 12833
6540 12834
6539 12835
6538 12836
6537 12643
6536 12644
6535 12645
6534 12646
6533 12647
6532 12648
6531 12649
6530 12650
6529 12651
6528 12652
6527 12653
6526 12654
6525 12655
6524 12656
6523 12657
6522 12658
6521 12659
6520 12660
6519 12661
6518 12662
6517 12663
6516 12664
6515 12665
6514 12666
6513 12667
6512 12668
6511 12669
6510 12670
6509 12671
6508 12672
6507 12673
6506 12674
6505 12675
6504 12676
6503 12677
6502 12521
6501 12522
6500 12523
6499 12524
6498 12525
6497 12526
6496 12527
6495 12528
6494 12529
6493 12530
6492 12531
6491 12532
6490 12533
6489 12534
6488 12535
6487 12536
6486 12537
6485 12538
6484 12539
6483 12540
6482 12541
6481 12542
6480 12543
6479 12544
6478 12545
6477 12546
6476 12547
6475 12386
6474 12387
6473 12388
6472 12389
6471 12390
6470 12391
6469 12392
6468 12393
6467 12394
6466 12395
6465 12396
6464 12397
6463 12398
6462 12399
6461 12400
6460 12401
6459 12402
6458 12403
6457 12404
6456 12346
6455 12347
6454 12348
6453 12349
6452 12350
6451 12351
6450 12352
6449 12353
6448 12354
6447 12355
6446 12356
6445 12357
6444 12358
6443 12359
6442 12360
6441 12361
6440 12362
6439 12363
6438 12364
6437 12365
6436 12366
6435 12367
6434 12368
6433 12369
6432 11354
6431 11355
6430 11356
6429 11357
6428 11358
6427 11359
6426 11360
6425 11361
6424 11362
6423 11363
6422 11364
6421 11365
6420 11366
6419 11367
6418 11368
6417 11369
6416 11370
6415 11371
6414 7496
6413 7497
6412 7498
6411 7499
6410 7500
6409 7501
6408 7502
6407 7503
6406 7504
6405 7505
6404 11583
6403 11584
6402 11585
6401 11586
6400 11587
6399 11588
6398 11589
6397 11590
6396 11591
6395 11592
6394 11593
6393 11594
6392 11595
6391 11596
6390 11597
6389 11598
6388 11599
6387 11600
6386 11601
6385 11602
6384 11603
6383 11604
6382 11605
6381 11606
6380 11607
6379 11608
6378 11609
6377 11610
6376 11611
6375 11612
6374 11613
6373 11614
6372 11615
6371 11616
6370 11617
6369 11618
6368 11619
6367 11620
6366 11621
6365 11622
6364 11623
6363 11624
6362 11625
6361 11626
6360 11627
6359 12056
6358 12057
6357 12058
6356 12059
6355 12060
6354 12061
6353 12062
6352 12063
6351 12064
6350 12065
6349 12066
6348 12067
6347 12068
6346 12069
6345 12070
6344 12071
6343 12072
6342 12073
6341 12074
6340 12075
6339 12076
6338 12077
6337 12078
6336 12079
6335 12080
6334 12081
6333 12082
6332 12083
6331 12084
6330 12085
6329 12086
6328 12087
6327 12088
6326 12089
6325 12090
6324 12091
6323 12092
6322 12093
6321 12094
6320 12095
6319 12096
6318 12097
6317 12098
6316 12099
6315 12100
6314 12101
6313 12102
6312 12103
6311 12104
6310 12105
6309 12106
6308 12107
6307 12108
6306 12109
6305 12110
6304 12111
6303 12112
6302 12113
6301 12114
6300 12115
6299 12116
6298 7475
6297 7476
6296 7477
6295 7478
6294 7479
6293 7480
6292 7481
6291 7482
6290 7483
6289 7484
6288 7454
6287 7455
6286 7456
6285 7457
6284 7458
6283 7459
6282 7460
6281 7461
6280 7462
6279 7463
6278 7434
6277 7435
6276 7436
6275 7437
6274 7438
6273 7439
6272 7440
6271 7441
6270 7442
6269 7443
6268 11821
6267 11822
6266 11823
6265 11824
6264 11825
6263 11826
6262 11827
6261 11828
6260 11829
6259 11830
6258 11831
6257 11832
6256 11833
6255 11834
6254 11835
6253 11836
6252 11837
6251 11838
6250 11839
6249 11840
6248 11841
6247 11842
6246 11843
6245 11844
6244 11845
6243 11846
6242 11847
6241 11848
6240 11849
6239 11850
6238 11851
6237 11852
6236 11853
6235 11854
6234 11855
6233 11856
6232 11857
6231 11858
6230 11859
6229 11860
6228 11861
6227 11862
6226 11863
6225 11864
6224 11865
6223 11866
6222 11867
6221 11868
6220 11869
6219 11870
6218 11871
6217 11872
6216 11873
6215 11874
6214 11205
6213 11206
6212 11207
6211 11208
6210 11209
6209 11210
6208 11211
6207 11212
6206 11213
6205 11214
6204 11215
6203 11216
6202 11217
6201 7786
6200 7787
6199 7788
6198 7789
6197 7790
6196 7791
6195 7792
6194 7793
6193 7794
6192 7795
6191 7766
6190 7767
6189 7768
6188 7769
6187 7770
6186 7771
6185 7772
6184 7773
6183 7774
6182 7775
6181 10942
6180 10943
6179 10944
6178 10945
6177 10946
6176 10947
6175 10948
6174 10949
6173 7413
6172 7414
6171 7415
6170 7416
6169 7417
6168 7418
6167 7419
6166 7420
6165 7421
6164 7422
6163 10864
6162 10865
6161 10866
6160 10867
6159 10868
6158 10869
6157 10870
6156 10871
6155 10872
6154 10873
6153 10874
6152 10875
6151 10876
6150 10877
6149 10878
6148 10879
6147 10880
6146 10881
6145 10882
6144 10883
6143 10884
6142 10885
6141 10886
6140 10887
6139 10888
6138 7746
6137 7747
6136 7748
6135 7749
6134 7750
6133 7751
6132 7752
6131 7753
6130 7754
6129 7755
6128 10624
6127 10625
6126 10626
6125 10627
6124 10628
6123 10629
6122 10630
6121 10631
6120 10632
6119 10633
6118 10634
6117 10635
6116 10636
6115 10637
6114 10638
6113 10639
6112 10640
6111 10641
6110 10642
6109 10643
6108 10644
6107 7725
6106 7726
6105 7727
6104 7728
6103 7729
6102 7730
6101 7731
6100 7732
6099 7733
6098 7734
6097 7735
6096 7704
6095 7705
6094 7706
6093 7707
6092 7708
6091 7709
6090 7710
6089 7711
6088 7712
6087 7713
6086 7683
6085 7684
6084 7685
6083 7686
6082 7687
6081 7688
6080 7689
6079 7690
6078 7691
6077 7692
6076 7693
6075 10539
6074 10540
6073 10541
6072 10542
6071 10543
6070 10544
6069 10545
6068 7391
6067 7392
6066 7393
6065 7394
6064 7395
6063 7396
6062 7397
6061 7398
6060 7399
6059 7400
6058 7401
6057 7370
6056 7371
6055 7372
6054 7373
6053 7374
6052 7375
6051 7376
6050 7377
6049 7378
6048 7379
6047 10391
6046 10392
6045 10393
6044 10394
6043 10395
6042 10396
6041 10397
6040 10398
6039 10399
6038 10400
6037 10401
6036 10402
6035 10403
6034 10404
6033 7662
6032 7663
6031 7664
6030 7665
6029 7666
6028 7667
6027 7668
6026 7669
6025 7670
6024 7671
6023 10176
6022 10177
6021 10178
6020 10179
6019 10180
6018 10181
6017 10182
6016 10183
6015 10184
6014 10185
6013 10186
6012 10187
6011 10188
6010 10189
6009 10190
6008 10191
6007 10192
6006 10193
6005 10194
6004 10195
6003 10196
6002 7641
6001 7642
6000 7643
5999 7644
5998 7645
5997 7646
5996 7647
5995 7648
5994 7649
5993 7650
5992 7651
5991 7620
5990 7621
5989 7622
5988 7623
5987 7624
5986 7625
5985 7626
5984 7627
5983 7628
5982 7629
5981 10109
5980 10110
5979 10111
5978 10112
5977 10113
5976 10114
5975 10115
5974 10116
5973 10069
5972 10070
5971 10071
5970 10072
5969 10073
5968 10074
5967 10075
5966 10076
5965 10077
5964 10078
5963 10079
5962 10080
5961 10081
5960 9972
5959 9973
5958 9974
5957 9975
5956 9976
5955 9977
5954 9978
5953 9937
5952 9938
5951 9939
5950 9940
5949 9941
5948 9942
5947 9943
5946 9944
5945 9945
5944 9946
5943 9947
5942 9948
5941 9949
5940 9950
5939 9809
5938 9810
5937 9811
5936 9812
5935 9813
5934 9814
5933 9815
5932 9816
5931 9817
5930 9818
5929 9819
5928 9820
5927 9821
5926 9822
5925 9823
5924 9824
5923 9825
5922 9826
5921 9827
5920 9828
5919 9829
5918 9830
5917 9831
5916 9832
5915 9777
5914 9778
5913 9779
5912 9780
5911 9781
5910 9782
5909 9783
5908 9784
5907 9751
5906 9752
5905 9753
5904 9754
5903 9755
5902 9756
5901 9757
5900 9758
5899 9670
5898 9671
5897 9672
5896 9673
5895 9674
5894 9675
5893 9676
5892 9677
5891 9678
5890 9679
5889 9680
5888 9681
5887 9682
5886 7931
5885 7932
5884 7933
5883 7934
5882 7935
5881 7936
5880 7937
5879 7938
5878 7897
5877 7898
5876 7899
5875 7900
5874 7901
5873 7902
5872 7903
5871 7904
5870 7905
5869 7906
5868 7907
5867 7908
5866 7909
5865 7599
5864 7600
5863 7601
5862 7602
5861 7603
5860 7604
5859 7605
5858 7606
5857 7607
5856 7608
5855 7609
5854 9567
5853 9568
5852 9569
5851 9570
5850 9571
5849 9572
5848 9573
5847 9574
5846 9575
5845 9576
5844 9577
5843 9578
5842 9579
5841 9529
5840 9530
5839 9531
5838 9532
5837 9533
5836 9534
5835 9535
5834 9536
5833 7579
5832 7580
5831 7581
5830 7582
5829 7583
5828 7584
5827 7585
5826 7586
5825 7587
5824 7588
5823 9361
5822 9362
5821 9363
5820 9364
5819 9365
5818 9366
5817 9367
5816 9368
5815 9369
5814 9370
5813 9371
5812 9372
5811 9373
5810 9374
5809 9375
5808 9376
5807 9377
5806 9378
5805 7349
5804 7350
5803 7351
5802 7352
5801 7353
5800 7354
5799 7355
5798 7356
5797 7357
5796 7358
5795 9284
5794 9285
5793 9286
5792 9287
5791 9288
5790 9289
5789 9290
5788 9291
5787 9292
5786 9293
5785 9294
5784 9295
5783 9296
5782 9297
5781 9158
5780 9159
5779 9160
5778 9161
5777 9162
5776 9163
5775 9164
5774 9165
5773 9118
5772 9119
5771 9120
5770 9121
5769 9122
5768 9123
5767 9124
5766 9125
5765 9126
5764 9127
5763 9128
5762 9129
5761 9130
5760 9045
5759 9046
5758 9047
5757 9048
5756 9049
5755 9050
5754 9051
5753 8896
5752 8897
5751 8898
5750 8899
5749 8900
5748 8901
5747 8902
5746 8903
5745 8904
5744 8905
5743 8906
5742 8907
5741 8908
5740 8909
5739 8910
5738 8911
5737 8912
5736 8913
5735 8914
5734 8796
5733 8797
5732 8798
5731 8799
5730 8800
5729 8801
5728 8802
5727 8803
5726 8804
5725 8805
5724 8806
5723 8807
5722 8808
5721 8809
5720 8810
5719 8811
5718 8604
5717 8605
5716 8606
5715 8607
5714 8608
5713 8609
5712 8610
5711 8611
5710 8612
5709 8613
5708 8614
5707 8615
5706 8616
5705 8617
5704 8618
5703 8619
5702 8620
5701 8621
5700 8622
5699 8623
5698 8624
5697 8539
5696 8540
5695 8541
5694 8542
5693 8543
5692 8544
5691 8545
5690 8546
5689 6753
5688 6754
5687 6755
5686 6756
5685 6757
5684 6758
5683 6759
5682 6760
5681 6761
5680 6762
5679 6763
5678 6764
5677 6765
5676 6766
5675 6767
5674 6768
5673 6769
5672 6770
5671 6771
5670 6772
5669 6773
5666 6687
5665 6688
5664 6689
5663 6690
5662 6691
5661 6692
5660 6693
5659 6694
5658 6695
5657 6696
5656 6697
5655 6698
5654 6699
5653 6740
5652 6741
5651 6742
5650 6743
5649 6744
5648 6745
5647 6746
5646 6747
5645 6748
5644 6749
5643 6750
5642 6751
5641 6752
5640 8547
5639 8548
5638 8549
5637 8550
5636 8551
5635 8552
5634 8553
5633 8554
5632 8555
5631 8556
5630 8659
5629 8660
5628 8661
5627 8662
5626 8663
5625 8664
5624 8665
5623 8666
5622 8667
5621 8668
5620 8669
5619 8670
5618 8671
5617 8672
5616 8673
5615 8674
5614 8675
5613 8676
5612 8677
5611 8678
5610 8768
5609 8769
5608 8770
5607 8771
5606 8772
5605 8773
5604 8774
5603 8775
5602 8776
5601 8777
5600 8778
5599 8779
5598 8780
5597 8781
5596 8782
5595 8783
5594 8784
5593 8785
5592 8786
5591 8787
5590 8788
5589 8789
5588 8790
5587 8791
5586 8792
5585 8793
5584 8794
5583 8795
5582 8915
5581 8916
5580 8917
5579 8918
5578 8919
5577 8920
5576 8921
5575 8922
5574 8923
5573 8924
5572 8925
5571 8926
5570 8927
5569 8928
5568 8929
5567 8888
5566 8889
5565 8890
5564 8891
5563 8892
5562 8893
5561 8894
5560 8895
5559 9052
5558 9053
5557 9054
5556 9055
5555 9056
5554 9057
5553 9058
5552 9059
5551 9060
5550 9061
5549 9062
5548 9105
5547 9106
5546 9107
5545 9108
5544 9109
5543 9110
5542 9111
5541 9112
5540 9113
5539 9114
5538 9115
5537 9116
5536 9117
5535 9166
5534 9167
5533 9168
5532 9169
5531 9170
5530 9171
5529 9172
5528 9173
5527 9174
5526 9175
5525 9176
5524 9177
5523 9178
5522 9179
5521 9180
5520 9181
5519 9182
5518 9183
5517 9184
5516 9185
5515 9277
5514 9278
5513 9279
5512 9280
5511 9281
5510 9282
5509 9283
5508 7338
5507 7339
5506 7340
5505 7341
5504 7342
5503 7343
5502 7344
5501 7345
5500 7346
5499 7347
5498 7348
5497 9379
5496 9380
5495 9381
5494 9382
5493 9383
5492 9384
5491 9385
5490 9386
5489 9387
5488 9388
5487 9389
5486 9390
5485 9391
5484 9434
5483 9435
5482 9436
5481 9437
5480 9438
5479 9439
5478 9440
5477 9441
5476 9442
5475 9443
5474 9444
5473 9445
5472 9446
5471 9447
5470 9448
5469 9449
5468 9450
5467 9451
5466 9452
5465 9453
5464 9454
5463 9455
5462 9522
5461 9523
5460 9524
5459 9525
5458 9526
5457 9527
5456 9528
5455 9580
5454 9581
5453 9582
5452 9583
5451 9584
5450 9585
5449 9586
5448 9587
5447 9588
5446 9589
5445 9590
5444 9591
5443 9592
5442 9593
5441 6856
5440 6857
5439 6858
5438 6859
5437 6860
5436 6861
5435 6862
5434 6863
5433 6864
5432 6865
5431 7879
5430 7880
5429 7881
5428 7882
5427 7883
5426 7884
5425 7885
5424 7886
5423 7887
5422 7888
5421 7889
5420 7890
5419 7891
5418 7892
5417 7893
5416 7894
5415 7895
5414 7896
5413 7939
5412 7940
5411 7941
5410 7942
5409 7943
5408 7944
5407 7945
5406 7946
5405 7947
5404 7948
5403 7949
5402 7950
5401 9658
5400 9659
5399 9660
5398 9661
5397 9662
5396 9663
5395 9664
5394 9665
5393 9666
5392 9667
5391 9668
5390 9669
5389 9759
5388 9760
5387 9761
5386 9762
5385 9763
5384 9764
5383 9765
5382 9766
5381 9767
5380 9768
5379 9769
5378 9770
5377 9771
5376 9772
5375 9773
5374 9774
5373 9775
5372 9776
5371 9833
5370 9834
5369 9835
5368 9836
5367 9837
5366 9838
5365 9839
5364 9840
5363 9841
5362 9842
5361 9843
5360 9844
5359 9845
5358 9846
5357 6938
5356 6939
5355 6940
5354 6941
5353 6942
5352 6943
5351 6944
5350 6945
5349 6946
5348 6947
5347 9919
5346 9920
5345 9921
5344 9922
5343 9923
5342 9924
5341 9925
5340 9926
5339 9927
5338 9928
5337 9929
5336 9930
5335 9931
5334 9932
5333 9933
5332 9934
5331 9935
5330 9936
5329 9979
5328 9980
5327 9981
5326 9982
5325 9983
5324 9984
5323 9985
5322 9986
5321 9987
5320 9988
5319 10056
5318 10057
5317 10058
5316 10059
5315 10060
5314 10061
5313 10062
5312 10063
5311 10064
5310 10065
5309 10066
5308 10067
5307 10068
5306 10117
5305 10118
5304 10119
5303 10120
5302 10121
5301 10122
5300 10123
5299 10124
5298 10125
5297 10126
5296 10127
5295 10128
5294 10129
5293 10259
5292 10260
5291 10261
5290 10262
5289 10263
5288 10264
5287 10265
5286 10266
5285 10267
5284 10268
5283 10269
5282 10270
5281 10271
5280 10272
5279 10273
5278 10274
5277 10275
5276 10276
5275 10277
5274 10278
5273 10279
5272 10280
5271 10281
5270 10282
5269 10283
5268 10284
5267 10285
5266 10286
5265 10287
5264 10288
5263 10289
5262 6999
5261 7000
5260 7001
5259 7002
5258 7003
5257 7004
5256 7005
5255 7006
5254 7007
5253 7008
5252 10464
5251 10465
5250 10466
5249 10467
5248 10468
5247 10469
5246 10470
5245 10471
5244 10472
5243 10473
5242 10474
5241 10475
5240 10476
5239 10477
5238 10478
5237 10479
5236 10480
5235 10481
5234 10482
5233 10483
5232 10383
5231 10384
5230 10385
5229 10386
5228 10387
5227 10388
5226 10389
5225 10390
5224 7359
5223 7360
5222 7361
5221 7362
5220 7363
5219 7364
5218 7365
5217 7366
5216 7367
5215 7368
5214 7369
5213 7380
5212 7381
5211 7382
5210 7383
5209 7384
5208 7385
5207 7386
5206 7387
5205 7388
5204 7389
5203 7390
5202 10546
5201 10547
5200 10548
5199 10549
5198 10550
5197 10551
5196 10552
5195 10553
5194 10554
5193 10555
5192 10556
5191 10557
5190 10558
5189 8092
5188 8093
5187 8094
5186 8095
5185 8096
5184 8097
5183 8098
5182 8099
5181 8100
5180 8101
5179 8102
5178 8103
5177 8104
5176 8105
5175 8106
5174 8107
5173 8108
5172 8109
5171 8110
5170 8111
5169 8112
5168 8113
5167 7020
5166 7021
5165 7022
5164 7023
5163 7024
5162 7025
5161 7026
5160 7027
5159 7028
5158 7029
5157 10721
5156 10722
5155 10723
5154 10724
5153 10725
5152 10726
5151 10727
5150 10728
5149 10729
5148 10730
5147 10731
5146 10732
5145 10733
5144 10734
5143 10735
5142 10736
5141 10737
5140 10738
5139 10739
5138 10740
5137 10825
5136 10826
5135 10827
5134 10828
5133 10829
5132 10830
5131 10831
5130 10832
5129 10833
5128 10834
5127 10835
5126 10836
5125 10837
5124 10838
5123 10839
5122 10840
5121 10841
5120 10842
5119 10843
5118 10844
5117 10845
5116 10846
5115 10847
5114 10848
5113 10849
5112 10850
5111 10851
5110 10852
5109 10853
5108 10854
5107 10855
5106 10856
5105 10857
5104 10858
5103 10859
5102 10860
5101 10861
5100 10862
5099 10863
5098 7402
5097 7403
5096 7404
5095 7405
5094 7406
5093 7407
5092 7408
5091 7409
5090 7410
5089 7411
5088 7412
5087 10950
5086 10951
5085 10952
5084 10953
5083 10954
5082 10955
5081 10956
5080 10957
5079 10958
5078 10959
5077 10960
5076 10961
5075 10962
5074 10963
5073 10964
5072 10965
5071 10966
5070 10967
5069 10968
5068 10969
5067 10970
5066 10971
5065 10972
5064 10973
5063 11184
5062 11185
5061 11186
5060 11187
5059 11188
5058 11189
5057 11190
5056 11191
5055 11192
5054 11193
5053 11194
5052 11195
5051 11196
5050 11197
5049 11198
5048 11199
5047 11200
5046 11201
5045 11202
5044 11203
5043 11204
5042 11875
5041 11876
5040 11877
5039 11878
5038 11879
5037 11880
5036 11881
5035 11882
5034 11883
5033 11884
5032 11885
5031 11886
5030 11887
5029 11888
5028 11889
5027 11890
5026 11891
5025 11892
5024 11893
5023 11894
5022 7103
5021 7104
5020 7105
5019 7106
5018 7107
5017 7108
5016 7109
5015 7110
5014 7111
5013 7112
5012 7113
5011 7125
5010 7126
5009 7127
5008 7128
5007 7129
5006 7130
5005 7131
5004 7132
5003 7133
5002 11802
5001 11803
5000 11804
4999 11805
4998 11806
4997 11807
4996 11808
4995 11809
4994 11810
4993 11811
4992 11812
4991 11813
4990 11814
4989 11815
4988 11816
4987 11817
4986 11818
4985 11819
4984 11820
4983 7423
4982 7424
4981 7425
4980 7426
4979 7427
4978 7428
4977 7429
4976 7430
4975 7431
4974 7432
4973 7433
4972 7444
4971 7445
4970 7446
4969 7447
4968 7448
4967 7449
4966 7450
4965 7451
4964 7452
4963 7453
4962 7464
4961 7465
4960 7466
4959 7467
4958 7468
4957 7469
4956 7470
4955 7471
4954 7472
4953 7473
4952 7474
4951 12117
4950 12118
4949 12119
4948 12120
4947 12121
4946 12122
4945 12123
4944 12124
4943 12125
4942 12126
4941 12127
4940 12128
4939 12129
4938 12130
4937 12131
4936 12132
4935 12133
4934 12134
4933 12135
4932 12136
4931 12137
4930 12138
4929 12139
4928 12140
4927 12141
4926 12142
4925 12143
4924 12144
4923 12145
4922 12146
4921 12147
4920 12148
4919 12149
4918 12150
4917 12151
4916 12152
4915 7144
4914 7145
4913 7146
4912 7147
4911 7148
4910 7149
4909 7150
4908 7151
4907 7152
4906 7153
4905 7164
4904 7165
4903 7166
4902 7167
4901 7168
4900 7169
4899 7170
4898 7171
4897 7172
4896 7173
4895 7185
4894 7186
4893 7187
4892 7188
4891 7189
4890 7190
4889 7191
4888 7192
4887 7193
4886 7194
4885 7206
4884 7207
4883 7208
4882 7209
4881 7210
4880 7211
4879 7212
4878 7213
4877 7214
4876 7215
4875 11544
4874 11545
4873 11546
4872 11547
4871 11548
4870 11549
4869 11550
4868 11551
4867 11552
4866 11553
4865 11554
4864 11555
4863 11556
4862 11557
4861 11558
4860 11559
4859 11560
4858 11561
4857 11562
4856 11563
4855 11564
4854 11565
4853 11566
4852 11567
4851 11568
4850 11569
4849 11570
4848 11571
4847 11572
4846 11573
4845 11574
4844 11575
4843 11576
4842 11577
4841 11578
4840 11579
4839 11580
4838 11581
4837 11582
4836 7485
4835 7486
4834 7487
4833 7488
4832 7489
4831 7490
4830 7491
4829 7492
4828 7493
4827 7494
4826 7495
4825 11372
4824 11373
4823 11374
4822 11375
4821 11376
4820 11377
4819 11378
4818 11379
4817 11380
4816 11381
4815 11382
4814 11383
4813 11384
4812 11385
4811 11386
4810 11387
4809 11388
4808 11389
4807 11390
4806 11391
4805 11392
4804 11393
4803 11394
4802 11395
4801 11396
4800 11397
4799 11398
4798 11399
4797 11400
4796 11401
4795 11402
4794 11403
4793 11404
4792 11405
4791 11406
4790 11407
4789 12338
4788 12339
4787 12340
4786 12341
4785 12342
4784 12343
4783 12344
4782 12345
4781 12405
4780 12406
4779 12407
4778 12408
4777 12409
4776 12410
4775 12411
4774 12412
4773 12413
4772 12414
4771 12415
4770 12416
4769 7227
4768 7228
4767 7229
4766 7230
4765 7231
4764 7232
4763 7233
4762 7234
4761 7235
4760 7236
4759 7248
4758 7249
4757 7250
4756 7251
4755 7252
4754 7253
4753 7254
4752 7255
4751 7256
4750 7257
4749 7269
4748 7270
4747 7271
4746 7272
4745 7273
4744 7274
4743 7275
4742 7276
4741 7277
4740 7278
4739 12513
4738 12514
4737 12515
4736 12516
4735 12517
4734 12518
4733 12519
4732 12520
4731 12678
4730 12679
4729 12680
4728 12681
4727 12682
4726 12683
4725 12684
4724 12685
4723 12686
4722 12687
4721 12688
4720 12689
4719 12782
4718 12783
4717 12784
4716 12785
4715 12786
4714 12787
4713 12788
4712 12789
4711 12790
4710 12791
4709 12792
4708 12793
4707 12794
4706 12795
4705 12796
4704 12797
4703 12798
4702 12799
4701 12800
4700 12801
4699 12802
4698 12803
4697 12804
4696 12805
4695 12806
4694 12807
4693 12808
4692 12809
4691 12810
4690 12811
4689 12812
4688 12813
4687 12814
4686 12815
4685 12816
4684 12817
4683 12818
4682 12819
4681 12820
4680 12821
4679 12822
4678 7506
4677 7507
4676 7508
4675 7509
4674 7510
4673 7511
4672 7512
4671 7513
4670 7514
4669 7515
4668 7526
4667 7527
4666 7528
4665 7529
4664 7530
4663 7531
4662 7532
4661 7533
4660 7534
4659 7535
4658 7536
4657 7547
4656 7548
4655 7549
4654 7550
4653 7551
4652 7552
4651 7553
4650 7554
4649 7555
4648 7556
4647 7557
4646 12973
4645 12974
4644 12975
4643 12976
4642 12977
4641 12978
4640 12979
4639 12980
4638 12981
4637 12982
4636 12983
4635 12984
4634 12985
4633 12986
4632 12987
4631 12988
4630 12989
4629 12990
4628 12991
4627 12992
4626 12993
4625 12994
4624 12995
4623 12996
4622 12997
4621 13151
4620 13152
4619 13153
4618 13154
4617 13155
4616 13156
4615 13157
4614 13158
4613 13159
4612 13160
4611 13161
4610 13162
4609 13163
4608 13164
4607 13165
4606 13166
4605 13167
4604 13168
4603 13169
4602 13264
4601 13265
4600 13266
4599 13267
4598 13268
4597 13269
4596 13270
4595 13271
4594 13272
4593 13273
4592 13274
4591 13275
4590 7290
4589 7291
4588 7292
4587 7293
4586 7294
4585 7295
4584 7296
4583 7297
4582 7298
4581 7299
4580 8452
4579 8453
4578 8454
4577 8455
4576 8456
4575 8457
4574 8458
4573 8459
4572 8460
4571 8461
4570 8462
4569 8463
4568 8464
4567 8465
4566 8466
4565 8467
4564 8468
4563 8469
4562 8470
4561 8471
4560 8472
4559 8473
4558 8474
4555 7310
4554 7311
4553 7312
4552 7313
4551 7314
4550 7315
4549 7316
4548 7317
4547 7318
4546 7319
4545 7320
4544 7321
4543 7322
4542 7323
4541 8442
4539 4540
4538 8445
4537 8446
4536 8447
4535 8448
4534 8449
4533 8450
4532 8451
4531 7300
4530 7301
4529 7302
4528 7303
4527 7304
4526 7305
4525 7306
4524 7307
4523 7308
4522 7309
4521 13276
4520 13277
4519 13278
4518 13279
4517 13280
4516 13281
4515 13282
4513 4514
4512 13285
4511 13286
4510 13287
4509 13288
4508 13289
4507 13290
4506 13291
4505 13292
4504 13293
4503 13294
4502 13295
4501 13296
4500 13297
4499 13141
4498 13142
4497 13143
4496 13144
4495 13145
4494 13146
4493 13147
4492 13148
4491 13149
4490 13150
4489 12998
4487 4488
4486 13001
4485 13002
4484 13003
4483 13004
4482 13005
4481 13006
4480 13007
4479 13008
4478 13009
4477 13010
4476 13011
4475 13012
4474 13013
4473 13014
4472 13015
4471 13016
4470 13017
4469 13018
4468 13019
4467 13020
4466 13021
4464 4465
4463 13024
4462 13025
4461 13026
4460 13027
4459 13028
4458 13029
4457 13030
4456 13031
4455 13032
4454 13033
4453 13034
4452 13035
4451 13036
4450 13037
4449 13038
4448 12878
4447 12879
4446 12880
4445 12881
4443 4444
4442 12884
4441 12885
4440 12886
4439 12887
4438 12888
4437 12889
4436 12890
4435 12891
4434 12892
4433 12893
4432 12894
4431 12895
4430 12896
4429 12897
4428 12898
4427 12899
4426 12900
4425 12901
4424 12902
4423 12903
4422 12904
4421 12905
4419 4420
4418 12908
4417 12909
4416 12751
4415 12752
4414 12753
4413 12754
4412 12755
4411 12756
4410 12757
4409 12758
4408 12759
4407 12760
4406 12761
4404 4405
4403 12764
4402 12765
4401 12766
4400 12767
4399 12768
4398 12769
4397 12770
4396 12771
4395 12772
4394 12773
4393 12774
4392 12775
4391 12776
4389 4390
4388 12779
4387 12780
4386 12781
4385 12690
4384 12691
4383 12692
4382 12693
4381 12694
4380 12695
4379 12696
4378 12697
4377 12698
4375 4376
4374 12503
4373 12504
4372 12505
4371 12506
4370 12507
4369 12508
4368 12509
4367 12510
4366 12511
4365 12512
4364 7279
4362 4363
4361 7282
4360 7283
4359 7284
4358 7285
4357 7286
4356 7287
4355 7288
4354 7289
4353 7258
4352 7259
4351 7260
4350 7261
4348 4349
4347 7264
4346 7265
4345 7266
4344 7267
4343 7268
4342 7237
4341 7238
4340 7239
4339 7240
4338 7241
4337 7242
4335 4336
4334 7245
4333 7246
4332 7247
4331 12417
4330 12418
4329 12419
4328 12420
4327 12421
4326 12422
4325 12423
4324 12424
4323 12425
4321 4322
4320 12328
4319 12329
4318 12330
4317 12331
4316 12332
4315 12333
4314 12334
4313 12335
4312 12336
4311 12337
4310 11408
4308 4309
4307 11411
4306 11412
4305 11413
4304 11414
4303 11415
4302 11416
4301 11417
4300 11418
4299 11419
4298 11420
4297 11421
4296 11422
4295 11423
4294 11424
4292 4293
4291 11427
4290 11428
4289 11429
4288 11430
4287 11431
4286 11432
4285 11433
4284 11434
4283 11435
4282 11436
4281 11480
4279 4280
4278 11483
4277 11484
4276 11485
4275 11486
4274 11487
4273 11488
4272 11489
4271 11490
4270 11491
4269 11492
4268 11493
4267 11494
4265 4266
4264 11497
4263 11498
4262 11499
4261 11500
4260 11501
4259 11502
4258 11503
4257 11504
4256 11505
4255 11506
4254 11507
4252 4253
4251 11510
4250 11511
4249 11512
4248 11513
4247 11514
4246 11515
4245 11516
4244 11517
4243 11518
4242 11519
4241 11520
4240 11521
4238 4239
4237 11524
4236 11525
4235 11526
4234 11527
4233 11528
4232 11529
4231 11530
4230 11531
4229 11532
4228 11533
4227 11534
4225 4226
4224 11537
4223 11538
4222 11539
4221 11540
4220 11541
4219 11542
4218 11543
4217 7216
4216 7217
4215 7218
4214 7219
4213 7220
4211 4212
4210 7223
4209 7224
4208 7225
4207 7226
4206 7195
4205 7196
4204 7197
4203 7198
4202 7199
4201 7200
4200 7201
4198 4199
4197 7204
4196 7205
4195 7174
4194 7175
4193 7176
4192 7177
4191 7178
4190 7179
4189 7180
4188 7181
4187 7182
4185 4186
4184 7154
4183 7155
4182 7156
4181 7157
4180 7158
4179 7159
4178 7160
4177 7161
4176 7162
4175 7163
4174 12153
4173 12154
4172 12155
4171 12156
4170 12157
4169 12158
4168 12159
4167 12160
4166 12161
4165 12162
4164 12163
4163 11719
4162 11720
4160 4161
4159 11723
4158 11724
4157 11725
4156 11726
4155 11727
4154 11728
4153 11729
4152 11730
4151 11731
4150 11732
4148 4149
4147 11735
4146 11736
4145 11737
4144 11738
4143 11739
4142 11740
4141 11741
4140 11742
4139 11743
4138 11744
4137 11745
4135 4136
4134 11748
4133 11749
4132 11750
4131 11751
4130 11752
4129 11753
4128 11754
4127 11755
4126 11756
4125 11757
4123 4124
4122 11760
4121 11761
4120 11762
4119 11763
4118 11764
4117 11765
4116 11766
4115 11767
4114 11768
4113 11769
4112 11770
4110 4111
4109 11773
4108 11774
4107 11775
4106 11776
4105 11777
4104 11778
4103 11779
4102 11780
4101 11781
4100 11782
4099 11783
4097 4098
4096 11786
4095 11787
4094 11788
4093 11789
4092 11790
4091 11791
4090 11792
4089 11793
4088 11794
4087 11795
4086 11796
4084 4085
4083 11799
4082 11800
4081 11801
4080 7134
4079 7135
4078 7136
4077 7137
4076 7138
4075 7139
4074 7140
4073 7141
4071 4072
4070 7114
4069 7115
4068 7116
4067 7117
4066 7118
4065 7119
4064 7120
4063 7121
4062 7122
4061 7123
4060 7124
4059 11895
4057 4058
4056 11898
4055 11899
4054 11900
4053 11901
4052 7093
4051 7094
4050 7095
4049 7096
4048 7097
4047 7098
4045 4046
4044 7101
4043 7102
4042 7072
4041 7073
4040 7074
4039 7075
4038 7076
4037 7077
4036 7078
4035 7079
4033 4034
4032 7082
4031 11167
4030 11168
4029 11169
4028 11170
4027 11171
4026 11172
4025 11173
4024 11174
4022 4023
4021 11177
4020 11178
4019 11179
4018 11180
4017 11181
4016 11182
4015 11183
4014 10974
4013 10975
4012 10976
4010 4011
4009 10979
4008 10980
4007 10981
4006 10982
4005 10983
4004 10984
4003 10985
4002 10986
4001 10987
4000 10988
3998 3999
3997 10991
3996 10992
3995 10993
3994 10994
3993 10995
3992 10996
3991 10997
3990 10998
3989 10999
3988 11000
3986 3987
3985 11003
3984 11004
3983 11005
3982 11006
3981 11007
3980 11008
3979 11009
3978 11010
3977 11011
3975 3976
3974 11014
3973 11015
3972 11016
3971 11017
3970 11018
3969 11019
3968 7051
3967 7052
3966 7053
3965 7054
3963 3964
3962 7057
3961 7058
3960 7059
3959 7060
3958 10801
3957 10802
3956 10803
3955 10804
3954 10805
3953 10806
3952 10807
3951 10808
3950 10809
3949 10810
3948 10811
3947 10812
3946 10813
3945 10814
3944 10815
3943 10816
3941 3942
3940 10819
3939 10820
3938 10821
3937 10822
3936 10823
3935 10824
3934 10741
3933 10742
3932 10743
3930 3931
3929 10746
3928 10747
3927 10748
3926 10707
3925 10708
3924 10709
3923 10710
3922 10711
3921 10712
3919 3920
3918 10715
3917 10716
3916 10717
3915 10718
3914 10719
3913 10720
3912 7030
3911 7031
3910 7032
3908 3909
3907 7035
3906 7036
3905 7037
3904 7038
3903 7039
3902 7040
3901 8114
3900 8115
3899 8116
3897 3898
3896 8119
3895 8120
3894 8121
3893 8122
3892 8123
3891 8124
3890 8125
3889 8126
3888 8127
3886 3887
3885 8084
3884 8085
3883 8086
3882 8087
3881 8088
3880 8089
3879 8090
3878 8091
3877 10559
3875 3876
3874 10562
3873 10563
3872 10564
3871 10565
3870 10566
3869 10567
3868 10568
3867 10569
3866 10570
3864 3865
3863 10573
3862 10574
3861 10575
3860 10576
3859 10577
3858 10578
3857 10579
3856 10580
3855 10581
3854 10582
3852 3853
3851 10361
3850 10362
3849 10363
3848 10364
3847 10365
3846 10366
3845 10367
3844 10368
3842 3843
3841 10371
3840 10372
3839 10373
3838 10374
3837 10375
3836 10376
3835 10377
3834 10378
3832 3833
3831 10381
3830 10382
3829 10484
3828 10485
3827 10486
3826 10487
3825 10488
3824 10489
3822 3823
3821 10450
3820 10451
3819 10452
3818 10453
3817 10454
3816 10455
3815 10456
3814 10457
3812 3813
3811 10460
3810 10461
3809 10462
3808 10463
3807 7009
3806 7010
3805 7011
3804 7012
3803 7013
3801 3802
3800 7016
3799 7017
3798 7018
3797 7019
3796 10290
3795 10291
3794 10292
3793 10293
3791 3792
3790 10296
3789 6989
3788 6990
3787 6991
3786 6992
3785 6993
3784 6994
3783 6995
3781 3782
3780 6998
3779 6969
3778 6970
3777 6971
3776 6972
3775 6973
3774 6974
3773 6975
3771 3772
3770 6978
3769 10252
3768 10253
3767 10254
3766 10255
3765 10256
3764 10257
3763 10258
3762 10130
3761 10131
3760 10132
3759 10133
3758 10134
3757 10135
3756 10136
3755 10137
3754 10138
3752 3753
3751 10141
3750 10142
3749 10143
3748 10042
3747 10043
3746 10044
3745 10045
3744 10046
3742 3743
3741 10049
3740 10050
3739 10051
3738 10052
3737 10053
3736 10054
3735 10055
3733 3734
3732 9991
3731 9992
3730 9993
3729 9994
3728 9995
3727 9996
3726 9997
3725 9998
3723 3724
3722 10001
3721 10002
3720 10003
3719 10004
3718 10005
3717 10006
3716 9905
3714 3715
3713 9908
3712 9909
3711 9910
3710 9911
3709 9912
3708 9913
3707 9914
3705 3706
3704 9917
3703 9918
3702 6948
3701 6949
3700 6950
3699 6951
3698 6952
3697 6953
3695 3696
3694 6956
3693 6957
3692 6958
3691 9847
3690 9848
3689 9849
3688 9850
3686 3687
3685 9853
3684 6928
3683 6929
3682 6930
3681 6931
3680 6932
3679 6933
3678 6934
3677 6935
3675 3676
3674 6909
3673 6910
3672 6911
3671 6912
3670 6913
3669 6914
3667 3668
3666 6917
3665 6918
3664 6888
3663 6889
3662 6890
3661 6891
3659 3660
3658 6894
3657 6895
3656 6896
3655 6897
3654 6898
3653 9646
3652 9647
3650 3651
3649 9650
3648 9651
3647 9652
3646 9653
3645 9654
3644 9655
3642 3643
3641 7951
3640 7952
3639 7953
3638 7954
3637 7955
3636 7956
3635 7957
3633 3634
3632 7960
3631 7961
3630 7962
3629 7963
3628 7964
3627 7965
3625 3626
3624 7968
3623 7969
3622 7970
3621 7971
3620 7866
3619 7867
3618 7868
3616 3617
3615 7871
3614 7872
3613 7873
3612 7874
3611 7875
3610 7876
3608 3609
3607 6866
3606 6867
3605 6868
3604 6869
3603 6870
3602 6871
3601 6872
3600 6873
3598 3599
3597 6876
3596 9594
3595 9595
3594 9596
3593 9597
3592 9598
3590 3591
3589 6847
3588 6848
3587 6849
3586 6850
3585 6851
3584 6852
3582 3583
3581 6855
3580 9514
3579 9515
3578 9516
3577 9517
3575 3576
3574 9520
3573 9521
3572 9456
3571 9457
3570 9458
3569 9459
3567 3568
3566 9462
3565 9463
3564 9464
3563 9465
3562 9466
3560 3561
3559 9422
3558 9423
3557 9424
3556 9425
3555 9426
3554 9427
3552 3553
3551 9430
3550 9431
3549 9432
3548 9433
3547 9392
3546 9393
3544 3545
3543 9396
3542 9397
3541 9398
3540 9399
3539 9400
3537 3538
3536 6829
3535 6830
3534 6831
3533 6832
3532 6833
3531 6834
3530 6835
3528 3529
3527 9261
3526 9262
3525 9263
3524 9264
3523 9265
3521 3522
3520 9268
3519 9269
3518 9270
3517 9271
3515 3516
3514 9274
3513 9275
3512 9276
3511 9186
3510 9187
3508 3509
3507 9190
3506 9191
3505 9192
3504 9193
3503 9194
3501 3502
3500 9197
3499 9198
3498 9199
3497 9200
3495 3496
3494 6808
3493 6809
3492 6810
3491 6811
3490 6812
3488 3489
3487 6815
3486 6816
3485 9092
3484 9093
3483 9094
3481 3482
3480 9097
3479 9098
3478 9099
3477 9100
3475 3476
3474 9103
3473 9104
3472 9063
3471 9064
3470 9065
3469 9066
3468 9067
3466 3467
3465 9070
3464 8874
3463 8875
3462 8876
3460 3461
3459 8879
3458 8880
3457 8881
3456 8882
3454 3455
3453 8885
3452 8886
3451 8887
3450 8930
3448 3449
3447 8933
3446 8934
3445 8935
3444 8936
3442 3443
3441 8939
3440 8940
3439 8941
3438 8942
3436 3437
3435 8945
3434 8946
3433 8947
3432 8948
3430 3431
3429 8951
3428 8952
3427 8953
3426 8954
3424 3425
3423 8957
3422 6785
3421 6786
3419 3420
3418 6789
3417 6790
3416 6791
3415 6792
3414 6793
3413 6794
3411 3412
3410 8756
3409 8757
3408 8758
3406 3407
3405 8761
3404 8762
3403 8763
3401 3402
3400 8766
3399 8767
3398 8679
3396 3397
3395 8682
3394 8683
3392 3393
3391 8686
3390 8687
3389 8688
3387 3388
3386 8691
3385 8692
3384 8693
3382 3383
3381 8696
3380 8652
3379 8653
3378 8654
3376 3377
3375 8657
3374 8658
3373 8557
3371 3372
3370 8560
3369 8561
3368 8562
3367 8563
3366 8564
3365 8565
3363 3364
3362 8568
3361 8569
3360 8570
3359 6726
3357 3358
3356 6729
3355 6730
3354 6731
3352 3353
3351 6734
3350 6735
3349 6736
3348 6737
3346 3347
3345 6700
3344 6701
3343 6702
3342 6703
3340 3341
3339 6678
3338 6679
3337 6680
3336 6681
3334 3335
3333 6684
3332 6685
3331 6686
3328 6669
3327 6670
3326 6671
3325 6672
3323 3324
3322 6675
3321 6676
3320 6677
3319 6706
3317 3318
3316 6709
3315 6710
3314 6711
3313 6712
3311 3312
3310 6715
3309 6716
3308 6717
3306 3307
3305 6720
3304 6721
3303 6722
3302 6723
3300 3301
3299 8571
3298 8572
3297 8573
3295 3296
3294 8576
3293 8577
3292 8578
3291 8579
3290 8580
3289 8581
3287 3288
3286 8644
3285 8645
3284 8646
3282 3283
3281 8649
3280 8650
3279 8651
3278 8697
3276 3277
3275 8700
3274 8701
3273 8702
3271 3272
3270 8705
3269 8706
3268 8707
3266 3267
3265 8710
3264 8737
3263 8738
3261 3262
3260 8741
3259 8742
3258 8743
3256 3257
3255 8746
3254 8747
3253 8748
3251 3252
3250 8751
3249 8752
3248 8753
3246 3247
3245 6776
3244 6777
3243 6778
3242 6779
3241 6780
3239 3240
3238 6783
3237 6784
3236 8958
3235 8959
3233 3234
3232 8962
3231 8963
3230 8964
3229 8965
3227 3228
3226 8968
3225 8969
3224 8970
3223 8845
3221 3222
3220 8848
3219 8849
3218 8850
3217 8851
3215 3216
3214 8854
3213 8855
3212 8856
3211 8857
3209 3210
3208 8860
3207 8861
3206 8862
3205 8863
3203 3204
3202 8866
3201 8867
3200 8868
3199 8869
3197 3198
3196 8872
3195 8873
3194 9071
3193 9072
3191 3192
3190 9075
3189 9076
3188 9077
3187 9078
3186 9079
3185 9080
3183 3184
3182 9083
3181 9084
3180 9085
3179 9086
3177 3178
3176 9089
3175 9090
3174 9091
3173 6795
3172 6796
3170 3171
3169 6799
3168 6800
3167 6801
3166 6802
3165 6803
3163 3164
3162 9201
3161 9202
3160 9203
3159 9204
3158 9205
3156 3157
3155 9208
3154 9209
3153 9210
3152 9211
3151 9212
3149 3150
3148 9244
3147 9245
3146 9246
3145 9247
3144 9248
3142 3143
3141 9251
3140 9252
3139 9253
3138 9254
3137 9255
3135 3136
3134 9258
3133 9259
3132 9260
3131 6817
3130 6818
3129 6819
3128 6820
3127 6821
3126 6822
3125 6823
3124 6824
3122 3123
3121 9401
3120 9402
3119 9403
3118 9404
3117 9405
3116 9406
3114 3115
3113 9409
3112 9410
3111 9411
3110 9412
3109 9413
3108 9414
3106 3107
3105 9417
3104 9418
3103 9419
3102 9420
3101 9421
3100 9469
3098 3099
3097 9472
3096 9473
3095 9474
3094 9475
3093 9476
3092 9501
3090 3091
3089 9504
3088 9505
3087 9506
3086 9507
3085 9508
3084 9509
3082 3083
3081 9512
3080 9513
3079 6838
3078 6839
3077 6840
3075 3076
3074 6843
3073 6844
3072 6845
3071 6846
3070 9601
3069 9602
3067 3068
3066 9605
3065 9606
3064 9607
3063 9608
3062 9609
3061 9610
3060 9611
3059 9612
3058 9613
3057 9614
3056 9615
3055 7851
3054 7852
3052 3053
3051 7855
3050 7856
3049 7857
3048 7858
3047 7859
3046 7860
3044 3045
3043 7863
3042 7864
3041 7865
3040 7825
3039 7826
3038 7827
3037 7828
3035 3036
3034 7831
3033 7972
3032 7973
3031 7974
3030 7975
3029 7976
3028 7977
3026 3027
3025 7980
3024 7981
3023 7982
3022 7983
3021 9632
3020 9633
3019 9634
3017 3018
3016 9637
3015 9638
3014 9639
3013 9640
3012 9641
3011 9642
3009 3010
3008 9645
3007 6877
3006 6878
3005 6879
3004 6880
3003 6881
3002 6882
3000 3001
2999 6885
2998 6886
2997 6887
2996 6899
2995 6900
2994 6901
2993 6902
2991 2992
2990 6905
2989 6906
2988 6907
2987 6908
2986 6919
2985 6920
2984 6921
2983 6922
2982 6923
2981 6924
2980 6925
2979 6926
2978 6927
2977 9854
2975 2976
2974 9857
2973 9858
2972 9859
2971 9860
2970 9861
2969 9862
2968 9863
2967 9864
2965 2966
2964 9867
2963 9868
2962 9869
2961 9870
2960 9890
2959 9891
2958 9892
2956 2957
2955 9895
2954 9896
2953 9897
2952 9898
2951 9899
2950 9900
2949 9901
2948 9902
2946 2947
2945 10007
2944 10008
2943 10009
2942 10010
2941 10011
2940 10012
2939 7995
2937 2938
2936 7998
2935 7999
2934 8000
2933 8001
2932 8002
2931 8003
2930 8004
2928 2929
2927 10028
2926 10029
2925 10030
2924 10031
2923 10032
2922 10033
2921 10034
2920 10035
2918 2919
2917 10038
2916 10039
2915 10040
2914 10041
2913 10144
2912 10145
2911 10146
2909 2910
2908 10149
2907 10150
2906 10151
2905 10152
2904 10240
2903 10241
2902 10242
2901 10243
2900 10244
2899 10245
2898 10246
2897 10247
2896 10248
2895 10249
2894 10250
2893 10251
2892 6959
2890 2891
2889 6962
2888 6963
2887 6964
2886 6965
2885 6966
2884 6967
2883 6968
2882 6979
2880 2881
2879 6982
2878 6983
2877 6984
2876 6985
2875 6986
2874 6987
2873 6988
2872 10297
2870 2871
2869 10300
2868 10301
2867 10302
2866 10303
2865 10304
2864 10305
2863 10306
2862 10307
2861 10308
2859 2860
2858 10311
2857 10312
2856 10313
2855 10435
2854 10436
2853 10437
2852 10438
2851 10439
2849 2850
2848 10442
2847 10443
2846 10444
2845 10445
2844 10446
2843 10447
2842 10448
2841 10449
2839 2840
2838 10494
2837 10495
2836 10496
2835 10497
2834 10498
2833 10499
2832 10500
2831 10501
2830 10502
2828 2829
2827 10505
2826 10506
2825 10507
2824 10508
2823 10345
2822 10346
2821 10347
2820 10348
2818 2819
2817 10351
2816 10352
2815 10353
2814 10354
2813 10355
2812 10356
2811 10357
2810 10358
2809 10583
2808 10584
2807 10585
2806 10586
2805 10587
2804 10588
2803 10589
2802 8017
2801 8018
2800 8019
2798 2799
2797 8022
2796 8023
2795 8024
2794 8025
2793 8026
2792 8027
2791 8028
2790 8071
2789 8072
2787 2788
2786 8075
2785 8076
2784 8077
2783 8078
2782 8079
2781 8080
2780 8081
2779 8082
2778 8083
2776 2777
2775 8042
2774 8043
2773 8044
2772 8045
2771 8046
2770 8047
2769 8048
2768 8049
2767 10676
2765 2766
2764 10679
2763 10680
2762 10681
2761 10682
2760 10683
2759 10684
2758 10685
2757 10686
2756 10687
2755 10688
2753 2754
2752 10691
2751 10692
2750 10693
2749 10694
2748 10695
2747 10696
2746 10697
2745 10698
2744 10699
2742 2743
2741 10702
2740 10703
2739 10704
2738 10705
2737 10706
2736 10749
2735 10750
2734 10751
2733 10752
2731 2732
2730 10755
2729 10756
2728 10757
2727 10758
2726 10759
2725 10760
2724 10761
2723 10762
2722 10763
2721 10764
2719 2720
2718 10787
2717 10788
2716 10789
2715 10790
2714 10791
2713 10792
2712 10793
2711 10794
2710 10795
2709 10796
2708 10797
2707 10798
2706 10799
2705 10800
2704 7041
2703 7042
2702 7043
2701 7044
2700 7045
2698 2699
2697 7048
2696 7049
2695 7050
2694 11020
2693 11021
2692 11022
2691 11023
2690 11024
2689 11025
2688 11026
2686 2687
2685 8132
2684 8133
2683 8134
2682 8135
2681 8136
2680 8137
2679 8138
2678 8139
2677 8140
2676 8151
2674 2675
2673 8154
2672 8155
2671 8156
2670 8157
2669 8158
2668 8159
2667 8160
2666 8161
2665 11133
2664 11134
2663 11135
2661 2662
2660 11138
2659 11139
2658 11140
2657 11141
2656 11142
2655 11143
2654 11144
2653 11145
2652 11146
2651 11147
2649 2650
2648 11150
2647 11151
2646 11152
2645 11153
2644 11154
2643 11155
2642 11156
2641 11157
2640 11158
2639 11159
2637 2638
2636 11162
2635 11163
2634 11164
2633 11165
2632 11166
2631 7061
2630 7062
2629 7063
2628 7064
2627 7065
2625 2626
2624 7068
2623 7069
2622 7070
2621 7071
2620 7083
2619 7084
2618 7085
2617 7086
2616 7087
2615 7088
2613 2614
2612 7091
2611 7092
2610 11902
2609 11903
2608 11904
2607 11905
2606 11906
2605 11907
2604 11908
2603 11909
2602 11910
2601 11911
2600 11912
2599 11913
2598 11914
2597 11915
2596 11916
2595 11917
2594 11918
2593 11919
2591 2592
2590 11922
2589 11923
2588 11924
2587 11925
2586 11926
2585 11927
2584 11928
2583 11929
2582 11930
2581 11931
2580 11932
2578 2579
2577 11935
2576 11936
2575 11937
2574 11938
2573 11939
2572 11940
2571 11941
2570 11942
2569 11943
2568 11944
2567 11945
2565 2566
2564 11948
2563 11949
2562 11950
2561 8172
2560 8173
2559 8174
2558 8175
2557 8176
2556 8177
2555 8178
2554 8179
2552 2553
2551 8182
2550 8193
2549 8194
2548 8195
2547 8196
2546 8197
2545 8198
2544 8199
2543 8200
2542 8201
2541 8202
2539 2540
2538 8215
2537 8216
2536 8217
2535 8218
2534 8219
2533 8220
2532 8221
2531 8222
2530 8223
2529 8234
2528 8235
2526 2527
2525 8238
2524 8239
2523 8240
2522 8241
2521 8242
2520 8243
2519 8244
2518 8245
2517 11703
2516 11704
2515 11705
2513 2514
2512 11708
2511 11709
2510 11710
2509 11711
2508 11712
2507 11713
2506 11714
2505 11715
2504 11716
2503 11717
2502 11718
2500 2501
2499 12166
2498 12167
2497 12168
2496 12169
2495 12170
2494 12171
2493 12172
2492 12173
2491 12174
2490 12175
2489 12176
2488 12177
2487 12178
2486 12179
2485 12180
2484 12181
2483 12182
2482 12183
2481 12184
2480 12185
2478 2479
2477 12188
2476 12189
2475 12190
2474 12191
2473 12192
2472 12193
2471 12194
2470 12195
2469 12196
2468 12197
2467 12198
2466 12199
2464 2465
2463 12202
2462 12203
2461 12204
2460 12205
2459 12206
2458 12207
2457 12208
2456 12209
2455 12210
2454 12211
2453 12212
2452 12213
2450 2451
2449 12216
2448 12217
2447 12218
2446 12219
2445 12220
2444 12221
2443 12222
2442 12223
2441 12224
2440 12225
2439 12226
2438 12227
2436 2437
2435 12230
2434 12231
2433 12232
2432 12233
2431 12234
2430 12235
2429 12236
2428 12237
2427 12238
2426 12239
2425 12240
2423 2424
2422 12243
2421 12244
2420 12245
2419 12246
2418 12247
2417 12248
2416 12249
2415 12250
2414 8257
2413 8258
2412 8259
2411 8260
2409 2410
2408 8263
2407 8264
2406 8265
2405 8266
2404 8267
2403 8278
2402 8279
2401 8280
2400 8281
2399 8282
2398 8283
2396 2397
2395 8286
2394 8287
2393 8288
2392 11471
2391 11472
2390 11473
2389 11474
2388 11475
2387 11476
2386 11477
2385 11478
2384 11479
2382 2383
2381 11439
2380 11440
2379 11441
2378 11442
2377 11443
2376 11444
2375 11445
2374 11446
2373 11447
2372 11448
2371 11449
2370 8299
2369 8300
2368 8301
2367 8302
2366 8303
2365 8304
2364 8305
2363 8306
2362 8307
2361 8308
2360 12308
2359 12309
2358 12310
2356 2357
2355 12313
2354 12314
2353 12315
2352 12316
2351 12317
2350 12318
2349 12319
2348 12320
2347 12321
2346 12322
2345 12323
2343 2344
2342 12426
2341 12427
2340 12428
2339 12429
2338 12430
2337 12431
2336 12432
2335 12433
2334 12434
2333 12435
2332 12436
2331 12437
2329 2330
2328 12440
2327 12441
2326 12464
2325 12465
2324 12466
2323 12467
2322 12468
2321 12469
2320 12470
2319 12471
2318 12472
2316 2317
2315 12475
2314 12476
2313 12477
2312 12478
2311 12479
2310 12480
2309 12481
2308 12482
2307 12483
2306 12484
2305 12485
2304 12486
2302 2303
2301 12489
2300 12490
2299 12491
2298 12492
2297 12493
2296 12494
2295 12495
2294 12496
2293 12497
2292 12498
2291 12499
2290 12500
2288 2289
2287 12701
2286 12702
2285 12703
2284 12704
2283 12705
2282 12706
2281 12707
2280 12708
2279 12709
2278 12710
2277 12711
2276 12712
2274 2275
2273 12715
2272 12716
2271 12717
2270 12718
2269 12719
2268 12720
2267 8319
2266 8320
2265 8321
2264 8322
2263 8323
2262 8324
2261 8325
2259 2260
2258 8328
2257 12742
2256 12743
2255 12744
2254 12745
2253 12746
2252 12747
2251 12748
2250 12749
2249 12750
2248 12910
2247 12911
2246 12912
2245 12913
2243 2244
2242 12916
2241 12917
2240 12918
2239 12919
2238 12920
2237 12921
2236 12922
2235 8338
2234 8339
2233 8340
2232 8341
2231 8342
2230 8343
2229 8344
2228 8345
2227 8346
2226 8347
2225 12869
2224 12870
2223 12871
2221 2222
2220 12874
2219 12875
2218 12876
2217 12877
2216 13039
2215 13040
2214 13041
2213 13042
2212 13043
2211 13044
2210 13045
2209 13046
2208 13047
2207 13048
2206 13049
2205 13050
2204 13051
2203 8358
2202 8359
2200 2201
2199 8362
2198 8363
2197 8364
2196 8365
2195 8366
2194 8367
2193 8368
2192 8369
2191 8370
2190 8371
2189 8372
2188 8373
2187 8374
2186 8375
2185 8376
2184 8377
2183 8378
2182 8379
2181 13125
2180 13126
2179 13127
2178 13128
2176 2177
2175 13131
2174 13132
2173 13133
2172 13134
2171 13135
2170 13136
2169 13137
2168 13138
2167 13139
2166 13140
2165 13298
2164 13299
2163 13300
2162 13301
2161 13302
2160 13303
2159 13304
2158 13305
2157 13306
2156 13307
2155 13308
2154 13309
2152 2153
2151 13312
2150 13313
2149 13314
2148 13315
2147 13316
2146 13317
2145 13318
2144 13319
2143 13320
2142 13321
2141 13322
2140 13323
2139 13324
2138 13325
2137 8428
2136 8429
2135 8430
2134 8431
2133 8432
2132 8433
2131 8434
2130 8435
2129 8436
2128 8437
2126 2127
2125 8440
2124 8441
2123 7324
2122 7325
2121 7326
2120 7327
2119 7328
2118 7329
2117 7330
2116 7331
2115 7332
2114 7333
2113 7334
2112 7335
2111 7336
2110 7337
2107 8401
2106 8402
2105 8403
2104 8404
2103 8405
2102 8406
2101 8407
2100 8408
2099 8409
2098 8410
2097 8411
2096 8412
2095 8413
2094 8414
2093 8415
2092 8416
2091 8417
2090 8418
2089 8419
2088 8420
2087 8421
2086 8422
2085 8423
2084 8424
2083 8425
2082 8426
2081 8427
2080 13204
2079 13205
2078 13206
2077 13207
2076 13208
2075 13209
2074 13210
2073 13211
2072 13212
2071 13213
2070 13093
2069 13094
2068 13095
2067 13096
2066 13097
2065 13098
2064 13099
2063 13100
2062 13101
2061 13102
2060 13103
2059 13104
2058 13105
2057 13106
2056 13107
2055 13108
2054 13109
2053 13110
2052 13111
2051 13112
2050 13113
2049 13114
2048 13115
2047 13116
2046 13117
2045 13118
2044 13119
2043 13120
2042 13121
2041 13122
2040 13123
2039 13124
2038 8380
2037 8381
2036 8382
2035 8383
2034 8384
2033 8385
2032 8386
2031 8387
2030 8388
2029 8389
2028 8390
2027 8391
2026 8392
2025 8393
2024 8394
2023 8395
2022 8396
2021 8397
2020 8398
2019 8399
2018 8400
2017 12930
2016 12931
2015 12932
2014 12933
2013 12934
2012 12935
2011 12936
2010 12937
2009 12938
2008 12939
2007 12940
2006 12941
2005 12942
2004 12861
2003 12862
2002 12863
2001 12864
2000 12865
1999 12866
1998 12867
1997 12868
1996 8348
1995 8349
1994 8350
1993 8351
1992 8352
1991 8353
1990 8354
1989 8355
1988 8356
1987 8357
1986 12923
1985 12924
1984 12925
1983 12926
1982 12927
1981 12928
1980 12929
1979 12728
1978 12729
1977 12730
1976 12731
1975 12732
1974 12733
1973 12734
1972 12735
1971 12736
1970 12737
1969 12738
1968 12739
1967 12740
1966 12741
1965 8329
1964 8330
1963 8331
1962 8332
1961 8333
1960 8334
1959 8335
1958 8336
1957 8337
1956 12612
1955 12613
1954 12614
1953 12615
1952 12616
1951 12617
1950 12618
1949 12619
1948 12620
1947 12602
1946 12603
1945 12604
1944 12605
1943 12606
1942 12607
1941 12608
1940 12609
1939 12610
1938 12611
1937 12581
1936 12582
1935 12583
1934 12584
1933 12585
1932 12586
1931 12587
1930 12588
1929 12589
1928 12590
1927 12591
1926 12559
1925 12560
1924 12561
1923 12562
1922 12563
1921 12564
1920 12565
1919 12566
1918 12567
1917 12568
1916 12569
1915 12570
1914 12451
1913 12452
1912 12453
1911 12454
1910 12455
1909 12456
1908 12457
1907 12458
1906 12459
1905 12460
1904 12461
1903 12462
1902 12463
1901 12370
1900 12371
1899 12372
1898 12373
1897 12374
1896 12375
1895 12376
1894 12284
1893 12285
1892 12286
1891 12287
1890 12288
1889 12289
1888 12290
1887 12291
1886 12292
1885 12293
1884 12294
1883 12295
1882 12296
1881 12297
1880 12298
1879 12299
1878 12300
1877 12301
1876 12302
1875 12303
1874 12304
1873 12305
1872 12306
1871 12307
1870 8309
1869 8310
1868 8311
1867 8312
1866 8313
1865 8314
1864 8315
1863 8316
1862 8317
1861 8318
1860 11450
1859 11451
1858 11452
1857 11453
1856 11454
1855 11455
1854 11456
1853 11457
1852 11458
1851 11459
1850 11460
1849 11461
1848 11462
1847 11463
1846 11464
1845 11465
1844 11466
1843 11467
1842 11468
1841 11469
1840 11470
1839 8289
1838 8290
1837 8291
1836 8292
1835 8293
1834 8294
1833 8295
1832 8296
1831 8297
1830 8298
1829 8268
1828 8269
1827 8270
1826 8271
1825 8272
1824 8273
1823 8274
1822 8275
1821 8276
1820 8277
1819 11302
1818 11303
1817 11304
1816 11305
1815 11306
1814 11307
1813 11308
1812 11309
1811 11291
1810 11292
1809 11293
1808 11294
1807 11295
1806 11296
1805 11297
1804 11298
1803 11299
1802 11300
1801 11301
1800 11270
1799 11271
1798 11272
1797 11273
1796 11274
1795 11275
1794 11276
1793 11277
1792 11278
1791 11279
1790 11280
1789 11637
1788 11638
1787 11639
1786 11640
1785 11641
1784 11642
1783 11643
1782 11644
1781 11645
1780 11646
1779 11647
1778 11648
1777 11649
1776 11650
1775 11651
1774 11652
1773 11653
1772 11654
1771 11655
1770 11656
1769 11657
1768 11658
1767 11659
1766 11660
1765 11661
1764 11662
1763 11663
1762 11664
1761 11665
1760 11666
1759 11667
1758 11668
1757 11669
1756 11670
1755 11671
1754 11672
1753 11673
1752 11674
1751 11675
1750 11676
1749 11677
1748 11678
1747 11679
1746 11680
1745 11681
1744 11682
1743 11683
1742 11684
1741 11685
1740 11686
1739 11687
1738 11688
1737 11689
1736 11690
1735 11691
1734 11692
1733 11693
1732 11694
1731 11695
1730 11696
1729 11697
1728 11698
1727 11699
1726 11700
1725 11701
1724 11702
1723 8246
1722 8247
1721 8248
1720 8249
1719 8250
1718 8251
1717 8252
1716 8253
1715 8254
1714 8255
1713 8256
1712 8224
1711 8225
1710 8226
1709 8227
1708 8228
1707 8229
1706 8230
1705 8231
1704 8232
1703 8233
1702 8203
1701 8204
1700 8205
1699 8206
1698 8207
1697 8208
1696 8209
1695 8210
1694 8211
1693 8212
1692 8183
1691 8184
1690 8185
1689 8186
1688 8187
1687 8188
1686 8189
1685 8190
1684 8191
1683 8192
1682 11951
1681 11952
1680 11953
1679 11954
1678 11955
1677 11956
1676 11957
1675 11958
1674 11249
1673 11250
1672 11251
1671 11252
1670 11253
1669 11254
1668 11255
1667 11256
1666 11257
1665 11258
1664 11259
1663 11228
1662 11229
1661 11230
1660 11231
1659 11232
1658 11233
1657 11234
1656 11235
1655 11236
1654 11237
1653 11238
1652 11067
1651 11068
1650 11069
1649 11070
1648 11071
1647 11072
1646 11073
1645 11074
1644 11075
1643 11076
1642 11077
1641 11078
1640 11079
1639 11080
1638 11081
1637 11082
1636 11083
1635 11084
1634 11085
1633 11086
1632 11087
1631 11088
1630 11089
1629 11090
1628 11091
1627 11092
1626 11093
1625 11094
1624 11095
1623 11096
1622 11097
1621 11098
1620 11099
1619 11100
1618 11101
1617 11102
1616 11103
1615 11104
1614 11105
1613 11106
1612 11107
1611 11108
1610 11109
1609 11110
1608 11111
1607 11112
1606 11113
1605 11114
1604 11115
1603 11116
1602 11117
1601 11118
1600 11119
1599 11120
1598 11121
1597 11122
1596 11123
1595 11124
1594 11125
1593 11126
1592 11127
1591 11128
1590 11129
1589 11130
1588 11131
1587 11132
1586 8162
1585 8163
1584 8164
1583 8165
1582 8166
1581 8167
1580 8168
1579 8169
1578 8170
1577 8171
1576 8141
1575 8142
1574 8143
1573 8144
1572 8145
1571 8146
1570 8147
1569 8148
1568 8149
1567 8150
1566 10910
1565 10911
1564 10912
1563 10913
1562 10914
1561 10915
1560 10916
1559 10899
1558 10900
1557 10901
1556 10902
1555 10903
1554 10904
1553 10905
1552 10906
1551 10907
1550 10908
1549 10909
1548 10775
1547 10776
1546 10777
1545 10778
1544 10779
1543 10780
1542 10781
1541 10782
1540 10783
1539 10784
1538 10785
1537 10786
1536 10590
1535 10591
1534 10592
1533 10593
1532 10594
1531 10595
1530 10596
1529 10597
1528 10598
1527 10599
1526 10600
1525 10601
1524 10602
1523 10603
1522 10604
1521 10605
1520 10606
1519 10607
1518 10608
1517 10609
1516 10610
1515 10653
1514 10654
1513 10655
1512 10656
1511 10657
1510 10658
1509 10659
1508 10660
1507 10661
1506 10662
1505 10663
1504 10664
1503 10665
1502 10666
1501 10667
1500 10668
1499 10669
1498 10670
1497 10671
1496 10672
1495 10673
1494 10674
1493 10675
1492 8050
1491 8051
1490 8052
1489 8053
1488 8054
1487 8055
1486 8056
1485 8057
1484 8058
1483 8059
1482 8060
1481 8061
1480 8062
1479 8063
1478 8064
1477 8065
1476 8066
1475 8067
1474 8068
1473 8069
1472 8070
1471 8029
1470 8030
1469 8031
1468 8032
1467 8033
1466 8034
1465 8035
1464 8036
1463 8037
1462 8038
1461 8039
1460 10516
1459 10517
1458 10518
1457 10519
1456 10520
1455 10521
1454 10522
1453 10332
1452 10333
1451 10334
1450 10335
1449 10336
1448 10337
1447 10338
1446 10339
1445 10340
1444 10341
1443 10342
1442 10343
1441 10344
1440 10509
1439 10510
1438 10511
1437 10512
1436 10513
1435 10514
1434 10515
1433 10413
1432 10414
1431 10415
1430 10416
1429 10417
1428 10418
1427 10419
1426 10420
1425 10421
1424 10422
1423 10423
1422 10424
1421 10425
1420 10426
1419 10427
1418 10428
1417 10429
1416 10430
1415 10431
1414 10432
1413 10433
1412 10434
1411 10153
1410 10154
1409 10155
1408 10156
1407 10157
1406 10158
1405 10159
1404 10160
1403 10161
1402 10162
1401 10163
1400 10206
1399 10207
1398 10208
1397 10209
1396 10210
1395 10211
1394 10212
1393 10213
1392 10214
1391 10215
1390 10216
1389 10217
1388 10218
1387 10219
1386 10220
1385 10221
1384 10222
1383 10223
1382 10224
1381 10225
1380 10226
1379 10227
1378 10228
1377 10229
1376 10230
1375 10231
1374 10232
1373 10233
1372 10234
1371 10235
1370 10236
1369 10237
1368 10238
1367 10239
1366 10082
1365 10083
1364 10084
1363 10085
1362 10086
1361 10087
1360 10088
1359 10089
1358 10090
1357 10091
1356 10092
1355 10093
1354 10094
1353 10095
1352 10021
1351 10022
1350 10023
1349 10024
1348 10025
1347 10026
1346 10027
1345 8007
1344 8008
1343 8009
1342 8010
1341 8011
1340 8012
1339 8013
1338 8014
1337 8015
1336 8016
1335 9951
1334 9952
1333 9953
1332 9954
1331 9955
1330 9956
1329 9957
1328 9878
1327 9879
1326 9880
1325 9881
1324 9882
1323 9883
1322 9884
1321 9885
1320 9886
1319 9887
1318 9888
1317 9889
1316 9785
1315 9786
1314 9787
1313 9788
1312 9789
1311 9790
1310 9791
1309 9792
1308 9793
1307 9794
1306 9795
1305 9702
1304 9703
1303 9704
1302 9705
1301 9706
1300 9707
1299 9708
1298 9709
1297 9710
1296 9711
1295 9712
1294 9713
1293 9714
1292 9715
1291 9716
1290 9717
1289 9718
1288 9719
1287 9720
1286 9721
1285 9722
1284 9723
1283 9724
1282 9725
1281 9726
1280 9727
1279 9728
1278 9729
1277 9730
1276 9731
1275 9732
1274 9733
1273 9734
1272 9735
1271 9736
1270 9737
1269 9624
1268 9625
1267 9626
1266 9627
1265 9628
1264 9629
1263 9630
1262 9631
1261 7984
1260 7985
1259 7986
1258 7987
1257 7988
1256 7989
1255 7990
1254 7991
1253 7992
1252 7993
1251 7994
1250 7832
1249 7833
1248 7834
1247 7835
1246 7836
1245 7837
1244 7838
1243 7839
1242 7840
1241 7841
1240 7842
1239 7843
1238 7844
1237 7845
1236 7846
1235 7847
1234 7848
1233 7849
1232 7850
1231 9537
1230 9538
1229 9539
1228 9540
1227 9541
1226 9542
1225 9543
1224 9544
1223 9545
1222 9546
1221 9547
1220 9548
1219 9549
1218 9550
1217 9551
1216 9552
1215 9553
1214 9554
1213 9555
1212 9487
1211 9488
1210 9489
1209 9490
1208 9491
1207 9492
1206 9493
1205 9494
1204 9495
1203 9496
1202 9497
1201 9498
1200 9499
1199 9500
1198 9320
1197 9321
1196 9322
1195 9323
1194 9324
1193 9325
1192 9326
1191 9327
1190 9328
1189 9329
1188 9330
1187 9331
1186 9332
1185 9333
1184 9334
1183 9335
1182 9336
1181 9337
1180 9338
1179 9339
1178 9340
1177 9341
1176 9342
1175 9343
1174 9344
1173 9345
1172 9346
1171 9309
1170 9310
1169 9311
1168 9312
1167 9313
1166 9314
1165 9315
1164 9316
1163 9317
1162 9318
1161 9319
1160 9232
1159 9233
1158 9234
1157 9235
1156 9236
1155 9237
1154 9238
1153 9239
1152 9240
1151 9241
1150 9242
1149 9243
1148 9131
1147 9132
1146 9133
1145 9134
1144 9135
1143 9136
1142 9137
1141 9138
1140 9139
1139 9140
1138 9141
1137 9142
1136 9143
1135 9144
1134 9145
1133 9146
1132 9147
1131 9148
1130 9149
1129 8999
1128 9000
1127 9001
1126 9002
1125 9003
1124 9004
1123 9005
1122 9006
1121 9007
1120 9008
1119 9009
1118 9010
1117 9011
1116 9012
1115 9013
1114 9014
1113 9015
1112 9016
1111 9017
1110 9018
1109 9019
1108 9020
1107 9021
1106 9022
1105 9023
1104 9024
1103 9025
1102 9026
1101 9027
1100 9028
1099 9029
1098 9030
1097 8833
1096 8834
1095 8835
1094 8836
1093 8837
1092 8838
1091 8839
1090 8840
1089 8841
1088 8842
1087 8843
1086 8844
1085 8971
1084 8972
1083 8973
1082 8974
1081 8975
1080 8976
1079 8977
1078 8978
1077 8979
1076 8980
1075 8981
1074 8982
1073 8983
1072 8984
1071 8985
1070 8718
1069 8719
1068 8720
1067 8721
1066 8722
1065 8723
1064 8724
1063 8725
1062 8726
1061 8727
1060 8728
1059 8729
1058 8730
1057 8731
1056 8732
1055 8733
1054 8734
1053 8735
1052 8736
1051 8584
1050 8585
1049 8586
1048 8587
1047 8588
1046 8589
1045 8590
1044 8633
1043 8634
1042 8635
1041 8636
1040 8637
1039 8638
1038 8639
1037 8640
1036 8641
1035 8642
1034 8643
1033 8502
1032 8503
1031 8504
1030 8505
1029 8506
1028 8507
1027 8508
1026 8509
1025 8510
1024 8511
1023 8512
1022 8513
1021 8514
1020 8515
1019 8516
1018 8517
1017 8518
1016 8519
1015 8520
1014 8521
1013 8487
1012 8488
1011 8489
1010 8490
1009 8491
1008 8492
1007 8493
1006 8494
1005 8495
1004 8496
1003 8497
1002 8498
1001 8499
1000 8500
999 8501
996 8475
995 8476
994 8477
993 8478
992 8479
991 8480
990 8481
989 8482
988 8483
987 8484
986 8485
985 8486
984 8522
983 8523
982 8524
981 8525
980 8526
979 8527
978 8528
977 8529
976 8530
975 8531
974 8532
973 8533
972 8534
971 8535
970 8536
969 8537
968 8538
967 8625
966 8626
965 8627
964 8628
963 8629
962 8630
961 8631
960 8632
959 8591
958 8592
957 8593
956 8594
955 8595
954 8596
953 8597
952 8598
951 8599
950 8600
949 8601
948 8602
947 8603
946 8711
945 8712
944 8713
943 8714
942 8715
941 8716
940 8717
939 8812
938 8813
937 8814
936 8815
935 8816
934 8817
933 8818
932 8819
931 8820
930 8821
929 8822
928 8823
927 8824
926 8825
925 8826
924 8827
923 8828
922 8829
921 8830
920 8831
919 8832
918 9031
917 9032
916 9033
915 9034
914 9035
913 9036
912 9037
911 9038
910 9039
909 9040
908 9041
907 9042
906 9043
905 9044
904 8986
903 8987
902 8988
901 8989
900 8990
899 8991
898 8992
897 8993
896 8994
895 8995
894 8996
893 8997
892 8998
891 9150
890 9151
889 9152
888 9153
887 9154
886 9155
885 9156
884 9157
883 9215
882 9216
881 9217
880 9218
879 9219
878 9220
877 9221
876 9222
875 9223
874 9224
873 9225
872 9226
871 9227
870 9228
869 9229
868 9230
867 9231
866 9298
865 9299
864 9300
863 9301
862 9302
861 9303
860 9304
859 9305
858 9306
857 9307
856 9308
855 9347
854 9348
853 9349
852 9350
851 9351
850 9352
849 9353
848 9354
847 9355
846 9356
845 9357
844 9358
843 9359
842 9360
841 7569
840 7570
839 7571
838 7572
837 7573
836 7574
835 7575
834 7576
833 7577
832 7578
831 9477
830 9478
829 9479
828 9480
827 9481
826 9482
825 9483
824 9484
823 9485
822 9486
821 9556
820 9557
819 9558
818 9559
817 9560
816 9561
815 9562
814 9563
813 9564
812 9565
811 9566
810 7589
809 7590
808 7591
807 7592
806 7593
805 7594
804 7595
803 7596
802 7597
801 7598
800 7910
799 7911
798 7912
797 7913
796 7914
795 7915
794 7916
793 7917
792 7918
791 7919
790 7920
789 7921
788 7922
787 7923
786 7924
785 7925
784 7926
783 7927
782 7928
781 7929
780 7930
779 9616
778 9617
777 9618
776 9619
775 9620
774 9621
773 9622
772 9623
771 9738
770 9739
769 9740
768 9741
767 9742
766 9743
765 9744
764 9745
763 9746
762 9747
761 9748
760 9749
759 9750
758 9683
757 9684
756 9685
755 9686
754 9687
753 9688
752 9689
751 9690
750 9691
749 9692
748 9693
747 9694
746 9695
745 9696
744 9697
743 9698
742 9699
741 9700
740 9701
739 9796
738 9797
737 9798
736 9799
735 9800
734 9801
733 9802
732 9803
731 9804
730 9805
729 9806
728 9807
727 9808
726 9871
725 9872
724 9873
723 9874
722 9875
721 9876
720 9877
719 9958
718 9959
717 9960
716 9961
715 9962
714 9963
713 9964
712 9965
711 9966
710 9967
709 9968
708 9969
707 9970
706 9971
705 10013
704 10014
703 10015
702 10016
701 10017
700 10018
699 10019
698 10020
697 10096
696 10097
695 10098
694 10099
693 10100
692 10101
691 10102
690 10103
689 10104
688 10105
687 10106
686 10107
685 10108
684 7610
683 7611
682 7612
681 7613
680 7614
679 7615
678 7616
677 7617
676 7618
675 7619
674 7630
673 7631
672 7632
671 7633
670 7634
669 7635
668 7636
667 7637
666 7638
665 7639
664 7640
663 10197
662 10198
661 10199
660 10200
659 10201
658 10202
657 10203
656 10204
655 10205
654 10164
653 10165
652 10166
651 10167
650 10168
649 10169
648 10170
647 10171
646 10172
645 10173
644 10174
643 10175
642 7652
641 7653
640 7654
639 7655
638 7656
637 7657
636 7658
635 7659
634 7660
633 7661
632 10405
631 10406
630 10407
629 10408
628 10409
627 10410
626 10411
625 10412
624 10314
623 10315
622 10316
621 10317
620 10318
619 10319
618 10320
617 10321
616 10322
615 10323
614 10324
613 10325
612 10326
611 10327
610 10328
609 10329
608 10330
607 10331
606 10523
605 10524
604 10525
603 10526
602 10527
601 10528
600 10529
599 10530
598 10531
597 10532
596 10533
595 10534
594 10535
593 10536
592 10537
591 10538
590 7672
589 7673
588 7674
587 7675
586 7676
585 7677
584 7678
583 7679
582 7680
581 7681
580 7682
579 7694
578 7695
577 7696
576 7697
575 7698
574 7699
573 7700
572 7701
571 7702
570 7703
569 7714
568 7715
567 7716
566 7717
565 7718
564 7719
563 7720
562 7721
561 7722
560 7723
559 7724
558 10645
557 10646
556 10647
555 10648
554 10649
553 10650
552 10651
551 10652
550 10611
549 10612
548 10613
547 10614
546 10615
545 10616
544 10617
543 10618
542 10619
541 10620
540 10621
539 10622
538 10623
537 7736
536 7737
535 7738
534 7739
533 7740
532 7741
531 7742
530 7743
529 7744
528 7745
527 10767
526 10768
525 10769
524 10770
523 10771
522 10772
521 10773
520 10774
519 10889
518 10890
517 10891
516 10892
515 10893
514 10894
513 10895
512 10896
511 10897
510 10898
509 10917
508 10918
507 10919
506 10920
505 10921
504 10922
503 10923
502 10924
501 10925
500 10926
499 10927
498 10928
497 10929
496 10930
495 10931
494 10932
493 10933
492 10934
491 10935
490 10936
489 10937
488 10938
487 10939
486 10940
485 10941
484 7756
483 7757
482 7758
481 7759
480 7760
479 7761
478 7762
477 7763
476 7764
475 7765
474 7776
473 7777
472 7778
471 7779
470 7780
469 7781
468 7782
467 7783
466 7784
465 7785
464 11027
463 11028
462 11029
461 11030
460 11031
459 11032
458 11033
457 11034
456 11035
455 11036
454 11037
453 11038
452 11039
451 11040
450 11041
449 11042
448 11043
447 11044
446 11045
445 11046
444 11047
443 11048
442 11049
441 11050
440 11051
439 11052
438 11053
437 11054
436 11055
435 11056
434 11057
433 11058
432 11059
431 11060
430 11061
429 11062
428 11063
427 11064
426 11065
425 11066
424 11218
423 11219
422 11220
421 11221
420 11222
419 11223
418 11224
417 11225
416 11226
415 11227
414 11239
413 11240
412 11241
411 11242
410 11243
409 11244
408 11245
407 11246
406 11247
405 11248
404 11959
403 11960
402 11961
401 11962
400 11963
399 11964
398 11965
397 11966
396 11967
395 11968
394 11969
393 11970
392 11971
391 11972
390 11973
389 11974
388 11975
387 11976
386 11977
385 11978
384 11979
383 11980
382 11981
381 11982
380 11983
379 11984
378 11985
377 11986
376 11987
375 11988
374 11989
373 11990
372 11991
371 11992
370 11993
369 11994
368 11995
367 11996
366 11997
365 11998
364 11999
363 12000
362 12001
361 12002
360 12003
359 12004
358 12005
357 12006
356 12007
355 12008
354 12009
353 12010
352 12011
351 12012
350 12013
349 12014
348 12015
347 12016
346 12017
345 12018
344 12019
343 12020
342 12021
341 12022
340 12023
339 12024
338 12025
337 12026
336 12027
335 12028
334 12029
333 12030
332 12031
331 12032
330 12033
329 12034
328 12035
327 12036
326 12037
325 12038
324 12039
323 12040
322 12041
321 12042
320 12043
319 12044
318 12045
317 12046
316 12047
315 12048
314 12049
313 12050
312 12051
311 12052
310 12053
309 12054
308 12055
307 11628
306 11629
305 11630
304 11631
303 11632
302 11633
301 11634
300 11635
299 11636
298 11260
297 11261
296 11262
295 11263
294 11264
293 11265
292 11266
291 11267
290 11268
289 11269
288 11281
287 11282
286 11283
285 11284
284 11285
283 11286
282 11287
281 11288
280 11289
279 11290
278 11310
277 11311
276 11312
275 11313
274 11314
273 11315
272 11316
271 11317
270 11318
269 11319
268 11320
267 11321
266 11322
265 11323
264 11324
263 11325
262 11326
261 11327
260 11328
259 11329
258 11330
257 11331
256 11332
255 11333
254 11334
253 11335
252 11336
251 11337
250 11338
249 11339
248 11340
247 11341
246 11342
245 11343
244 11344
243 11345
242 11346
241 11347
240 11348
239 11349
238 11350
237 11351
236 11352
235 11353
234 12251
233 12252
232 12253
231 12254
230 12255
229 12256
228 12257
227 12258
226 12259
225 12260
224 12261
223 12262
222 12263
221 12264
220 12265
219 12266
218 12267
217 12268
216 12269
215 12270
214 12271
213 12272
212 12273
211 12274
210 12275
209 12276
208 12277
207 12278
206 12279
205 12280
204 12281
203 12282
202 12283
201 12377
200 12378
199 12379
198 12380
197 12381
196 12382
195 12383
194 12384
193 12385
192 12442
191 12443
190 12444
189 12445
188 12446
187 12447
186 12448
185 12449
184 12450
183 12548
182 12549
181 12550
180 12551
179 12552
178 12553
177 12554
176 12555
175 12556
174 12557
173 12558
172 12571
171 12572
170 12573
169 12574
168 12575
167 12576
166 12577
165 12578
164 12579
163 12580
162 12592
161 12593
160 12594
159 12595
158 12596
157 12597
156 12598
155 12599
154 12600
153 12601
152 12621
151 12622
150 12623
149 12624
148 12625
147 12626
146 12627
145 12628
144 12629
143 12630
142 12631
141 12632
140 12633
139 12634
138 12635
137 12636
136 12637
135 12638
134 12639
133 12640
132 12641
131 12642
130 12721
129 12722
128 12723
127 12724
126 12725
125 12726
124 12727
123 12837
122 12838
121 12839
120 12840
119 12841
118 12842
117 12843
116 12844
115 12845
114 12846
113 12847
112 12848
111 12849
110 12850
109 12851
108 12852
107 12853
106 12854
105 12855
104 12856
103 12857
102 12858
101 12859
100 12860
99 12943
98 12944
97 12945
96 12946
95 12947
94 12948
93 12949
92 12950
91 12951
90 12952
89 12953
88 12954
87 12955
86 12956
85 12957
84 12958
83 12959
82 12960
81 12961
80 12962
79 12963
78 12964
77 13052
76 13053
75 13054
74 13055
73 13056
72 13057
71 13058
70 13059
69 13060
68 13061
67 13062
66 13063
65 13064
64 13065
63 13066
62 13067
61 13068
60 13069
59 13070
58 13071
57 13072
56 13073
55 13074
54 13075
53 13076
52 13077
51 13078
50 13079
49 13080
48 13081
47 13082
46 13083
45 13084
44 13085
43 13086
42 13087
41 13088
40 13089
39 13090
38 13091
37 13092
36 13214
35 13215
34 13216
33 13217
32 13218
31 13219
30 13220
29 13221
28 13222
27 13223
26 13224
25 13225
24 13226
23 13227
22 13228
21 13229
20 13230
19 13231
18 13232
17 13233
16 13234
15 13235
14 7811
13 7812
12 7813
11 7814
10 7815
9 7816
8 7817
7 7818
6 7819
5 7820
4 7821
3 7822
2 7823
1 7824
