6511 11930
6510 11931
6509 11932
6508 11933
6507 11934
6506 11935
6505 11936
6504 11937
6503 12348
6502 12349
6501 12350
6500 12351
6499 12352
6498 12353
6497 12354
6496 12355
6495 12356
6494 12357
6493 12358
6492 12359
6491 12360
6490 12361
6489 12927
6488 12928
6487 12929
6486 12930
6485 12931
6484 12932
6483 12933
6482 12411
6481 12412
6480 12413
6479 12414
6478 12415
6477 12416
6476 12417
6475 12418
6474 12419
6473 12420
6472 12421
6471 12422
6470 12423
6469 12424
6468 12864
6467 12865
6466 12866
6465 12867
6464 12868
6463 12869
6462 12870
6461 12474
6460 12475
6459 12476
6458 12477
6457 12478
6456 12479
6455 12480
6454 12481
6453 12482
6452 12483
6451 12484
6450 12485
6449 12486
6448 12487
6447 12801
6446 12802
6445 12803
6444 12804
6443 12805
6442 12806
6441 12807
6440 12537
6439 12538
6438 12539
6437 12540
6436 12541
6435 12542
6434 12543
6433 12544
6432 12545
6431 12546
6430 12547
6429 12548
6428 12549
6427 12550
6426 12738
6425 12739
6424 12740
6423 12741
6422 12742
6421 12743
6420 12744
6419 12600
6418 12601
6417 12602
6416 12603
6415 12604
6414 12605
6413 12606
6412 12607
6411 12608
6410 12609
6409 12610
6408 12611
6407 12612
6406 12613
6405 12675
6404 12676
6403 12677
6402 12678
6401 12679
6400 12680
6399 12681
6398 10899
6397 10900
6396 10901
6395 10902
6394 10903
6393 10904
6392 10905
6391 10906
6390 10907
6389 10908
6388 10909
6387 10910
6386 10911
6385 10912
6384 10913
6383 10914
6382 10915
6381 10916
6380 10917
6379 10918
6378 10919
6377 10920
6376 10921
6375 10922
6374 10923
6373 10924
6372 10925
6371 10926
6370 10927
6369 10999
6368 11000
6367 11001
6366 11002
6365 11003
6364 11004
6363 11005
6362 11006
6361 11007
6360 11008
6359 11009
6358 11010
6357 11011
6356 11012
6355 11544
6354 11545
6353 11546
6352 11547
6351 11548
6350 11549
6349 11550
6348 11062
6347 11063
6346 11064
6345 11065
6344 11066
6343 11067
6342 11068
6341 11069
6340 11070
6339 11071
6338 11072
6337 11073
6336 11074
6335 11075
6334 11481
6333 11482
6332 11483
6331 11484
6330 11485
6329 11486
6328 11487
6327 11125
6326 11126
6325 11127
6324 11128
6323 11129
6322 11130
6321 11131
6320 11132
6319 11133
6318 11134
6317 11135
6316 11136
6315 11137
6314 11138
6313 11418
6312 11419
6311 11420
6310 11421
6309 11422
6308 11423
6307 11424
6306 11188
6305 11189
6304 11190
6303 11191
6302 11192
6301 11193
6300 11194
6299 11195
6298 11196
6297 11197
6296 11198
6295 11199
6294 11200
6293 11201
6292 11355
6291 11356
6290 11357
6289 11358
6288 11359
6287 11360
6286 11361
6285 11291
6284 11292
6283 11293
6282 11294
6281 11295
6280 11296
6279 11297
6278 11298
6277 11299
6276 11300
6275 11301
6274 11302
6273 11303
6272 11304
6271 11305
6270 11306
6269 11307
6268 11250
6267 11251
6266 11252
6265 11253
6264 11254
6263 11255
6262 11256
6261 11257
6260 11258
6259 11259
6258 11260
6257 11261
6256 10066
6255 10067
6254 10068
6253 10069
6252 10070
6251 10071
6250 10072
6249 10073
6248 10074
6247 10075
6246 10076
6245 10077
6244 10078
6243 10079
6242 10840
6241 10841
6240 10842
6239 10843
6238 10844
6237 10845
6236 10846
6235 10129
6234 10130
6233 10131
6232 10132
6231 10133
6230 10134
6229 10135
6228 10136
6227 10137
6226 10138
6225 10139
6224 10140
6223 10141
6222 10142
6221 10777
6220 10778
6219 10779
6218 10780
6217 10781
6216 10782
6215 10783
6214 10192
6213 10193
6212 10194
6211 10195
6210 10196
6209 10197
6208 10198
6207 10199
6206 10200
6205 10201
6204 10202
6203 10203
6202 10204
6201 10205
6200 10714
6199 10715
6198 10716
6197 10717
6196 10718
6195 10719
6194 10720
6193 10255
6192 10256
6191 10257
6190 10258
6189 10259
6188 10260
6187 10261
6186 10262
6185 10263
6184 10264
6183 10265
6182 10266
6181 10267
6180 10268
6179 10651
6178 10652
6177 10653
6176 10654
6175 10655
6174 10656
6173 10657
6172 10560
6171 10561
6170 10562
6169 10563
6168 10564
6167 10565
6166 10566
6165 10567
6164 10568
6163 10569
6162 10570
6161 10571
6160 10572
6159 10573
6158 10574
6157 10575
6156 10576
6155 10577
6154 10578
6153 10579
6152 10580
6151 10581
6150 10582
6149 10583
6148 10584
6147 10585
6146 10586
6145 10587
6144 10588
6143 10339
6142 10340
6141 10341
6140 10342
6139 10343
6138 10344
6137 10345
6136 10346
6135 10347
6134 10348
6133 10349
6132 10350
6131 10351
6130 10352
6129 10479
6128 10480
6127 10481
6126 10482
6125 10483
6124 10484
6123 10485
6122 10402
6121 10403
6120 10404
6119 10405
6118 10406
6117 10407
6116 10408
6115 10409
6114 10410
6113 10411
6112 10412
6111 10413
6110 10414
6109 10415
6108 7615
6107 7616
6106 7617
6105 7618
6104 7619
6103 7620
6102 7621
6101 7664
6100 7665
6099 7666
6098 7667
6097 7668
6096 7669
6095 7670
6094 7671
6093 7672
6092 7673
6091 7674
6090 7675
6089 7676
6088 7677
6087 9961
6086 9962
6085 9963
6084 9964
6083 9965
6082 9966
6081 9967
6080 7727
6079 7728
6078 7729
6077 7730
6076 7731
6075 7732
6074 7733
6073 7734
6072 7735
6071 7736
6070 7737
6069 7738
6068 7739
6067 7740
6066 7573
6065 7574
6064 7575
6063 7576
6062 7577
6061 7578
6060 7579
6059 7580
6058 7581
6057 7582
6056 7583
6055 7584
6054 7585
6053 7586
6052 7587
6051 7588
6050 7589
6049 7590
6048 7591
6047 7592
6046 7593
6045 7594
6044 7595
6043 7596
6042 7597
6041 7598
6040 7599
6039 7600
6038 7601
6037 9833
6036 9834
6035 9835
6034 9836
6033 9837
6032 9838
6031 9839
6030 7805
6029 7806
6028 7807
6027 7808
6026 7809
6025 7810
6024 7811
6023 7812
6022 7813
6021 7814
6020 7815
6019 7816
6018 7817
6017 7818
6016 9770
6015 9771
6014 9772
6013 9773
6012 9774
6011 9775
6010 9776
6009 7868
6008 7869
6007 7870
6006 7871
6005 7872
6004 7873
6003 7874
6002 7875
6001 7876
6000 7877
5999 7878
5998 7879
5997 7880
5996 7881
5995 9707
5994 9708
5993 9709
5992 9710
5991 9711
5990 9712
5989 9713
5988 7931
5987 7932
5986 7933
5985 7934
5984 7935
5983 7936
5982 7937
5981 7938
5980 7939
5979 7940
5978 7941
5977 7942
5976 7943
5975 7944
5974 9644
5973 9645
5972 9646
5971 9647
5970 9648
5969 9649
5968 9650
5967 8003
5966 8004
5965 8005
5964 8006
5963 8007
5962 8008
5961 8009
5960 8010
5959 8011
5958 8012
5957 8013
5956 8014
5955 8015
5954 8016
5953 8017
5952 8018
5951 8019
5950 8020
5949 8021
5948 8022
5947 8023
5946 8024
5945 9605
5944 9606
5943 9607
5942 9608
5941 9609
5940 9610
5939 9611
5938 8085
5937 8086
5936 8087
5935 8088
5934 8089
5933 8090
5932 8091
5931 8092
5930 8093
5929 8094
5928 8095
5927 8096
5926 8097
5925 8098
5924 9542
5923 9543
5922 9544
5921 9545
5920 9546
5919 9547
5918 9548
5917 8148
5916 8149
5915 8150
5914 8151
5913 8152
5912 8153
5911 8154
5910 8155
5909 8156
5908 8157
5907 8158
5906 8159
5905 8160
5904 8161
5903 9479
5902 9480
5901 9481
5900 9482
5899 9483
5898 9484
5897 9485
5896 8211
5895 8212
5894 8213
5893 8214
5892 8215
5891 8216
5890 8217
5889 8218
5888 8219
5887 8220
5886 8221
5885 8222
5884 8223
5883 8224
5882 7524
5881 7525
5880 7526
5879 7527
5878 7528
5877 7529
5876 7530
5875 7531
5874 7532
5873 7533
5872 7534
5871 7535
5870 7536
5869 7537
5868 7538
5867 7539
5866 7540
5865 7541
5864 7542
5863 7543
5862 7544
5861 7545
5860 7546
5859 7547
5858 7548
5857 7549
5856 7550
5855 7551
5854 7552
5853 9351
5852 9352
5851 9353
5850 9354
5849 9355
5848 9356
5847 9357
5846 8289
5845 8290
5844 8291
5843 8292
5842 8293
5841 8294
5840 8295
5839 8296
5838 8297
5837 8298
5836 8299
5835 8300
5834 8301
5833 8302
5832 9288
5831 9289
5830 9290
5829 9291
5828 9292
5827 9293
5826 9294
5825 8352
5824 8353
5823 8354
5822 8355
5821 8356
5820 8357
5819 8358
5818 8359
5817 8360
5816 8361
5815 8362
5814 8363
5813 8364
5812 8365
5811 9225
5810 9226
5809 9227
5808 9228
5807 9229
5806 9230
5805 9231
5804 7474
5803 7475
5802 7476
5801 7477
5800 7478
5799 7479
5798 7480
5797 7481
5796 7482
5795 7483
5794 7484
5793 7485
5792 7486
5791 7487
5790 7488
5789 7489
5788 7490
5787 7491
5786 7492
5785 7493
5784 7494
5783 7495
5782 7496
5781 7497
5780 7498
5779 7499
5778 7500
5777 7501
5776 7502
5775 8436
5774 8437
5773 8438
5772 8439
5771 8440
5770 8441
5769 8442
5768 8443
5767 8444
5766 8445
5765 8446
5764 8447
5763 8448
5762 8449
5761 9111
5760 9112
5759 9113
5758 9114
5757 9115
5756 9116
5755 9117
5754 8499
5753 8500
5752 8501
5751 8502
5750 8503
5749 8504
5748 8505
5747 8506
5746 8507
5745 8508
5744 8509
5743 8510
5742 8511
5741 8512
5740 9048
5739 9049
5738 9050
5737 9051
5736 9052
5735 9053
5734 9054
5733 8562
5732 8563
5731 8564
5730 8565
5729 8566
5728 8567
5727 8568
5726 8569
5725 8570
5724 8571
5723 8572
5722 8573
5721 8574
5720 8575
5719 8576
5718 8577
5717 8578
5716 8579
5715 8580
5714 8581
5713 8964
5712 8965
5711 8966
5710 8967
5709 8968
5708 8969
5707 8970
5706 8971
5705 8972
5704 8601
5703 8602
5702 8603
5701 8604
5700 8605
5699 8606
5698 8607
5697 8608
5696 8609
5695 8610
5694 8611
5693 8612
5692 8613
5691 8614
5690 8894
5689 8895
5688 8896
5687 8897
5686 8898
5685 8899
5684 8900
5683 8664
5682 8665
5681 8666
5680 8667
5679 8668
5678 8669
5677 8670
5676 8671
5675 8672
5674 8673
5673 8674
5672 8675
5671 8676
5670 8677
5669 8831
5668 8832
5667 8833
5666 8834
5665 8835
5664 8836
5663 8837
5662 8767
5661 8768
5660 8769
5659 8770
5658 8771
5657 8772
5656 8773
5655 8774
5654 8775
5653 8776
5652 8777
5651 8778
5650 8779
5649 8780
5648 8781
5647 8782
5646 8783
5645 8726
5644 8727
5643 8728
5642 8729
5641 8730
5640 8731
5639 8732
5638 8733
5637 8734
5636 8735
5635 8736
5634 8737
5633 7106
5632 7107
5631 7108
5630 7109
5629 7110
5628 7111
5627 7112
5626 7113
5625 7114
5624 7115
5623 7116
5622 7117
5621 7118
5620 7119
5619 7410
5618 7411
5617 7412
5616 7413
5615 7414
5614 7415
5613 7416
5612 7169
5611 7170
5610 7171
5609 7172
5608 7173
5607 7174
5606 7175
5605 7176
5604 7177
5603 7178
5602 7179
5601 7180
5600 7181
5599 7182
5598 7023
5597 7024
5596 7025
5595 7026
5594 7027
5593 7028
5592 7029
5591 7030
5590 7031
5589 7032
5588 7033
5587 7034
5586 7035
5585 7036
5584 7037
5583 7038
5582 7039
5581 7040
5580 7041
5579 7042
5578 7043
5577 7044
5576 7045
5575 7046
5574 7047
5573 7048
5572 7049
5571 7050
5570 7051
5569 7282
5568 7283
5567 7284
5566 7285
5565 7286
5564 7287
5563 7288
5562 6936
5561 6937
5560 6938
5559 6939
5558 6940
5557 6941
5556 6942
5555 6943
5554 6944
5553 6945
5552 6946
5551 6947
5550 6948
5549 6949
5548 7007
5547 7008
5546 7009
5545 7010
5544 7011
5543 7012
5542 7013
5541 6753
5540 6754
5539 6755
5538 6756
5537 6757
5536 6758
5535 6759
5534 6760
5533 6761
5532 6973
5531 6974
5530 6975
5529 6976
5528 6977
5527 6978
5526 6979
5525 6980
5524 6981
5523 6982
5522 6983
5521 6984
5520 6985
5519 6888
5518 6889
5517 6890
5516 6891
5515 6892
5514 6893
5513 6894
5512 6792
5511 6793
5510 6794
5509 6795
5508 6796
5507 6797
5506 6798
5505 6799
5504 6800
5503 6801
5502 6802
5501 6803
5500 6804
5499 6805
5498 6656
5497 6657
5496 6658
5495 6659
5494 6660
5493 6661
5492 6662
5491 6663
5490 6664
5489 6665
5488 6666
5487 6667
5486 6618
5485 6619
5484 6620
5483 6621
5482 6622
5481 6623
5480 6624
5479 6625
5478 6626
5477 6627
5476 6628
5475 6629
5474 6630
5473 6631
5472 6632
5471 6633
5470 6634
5469 6553
5468 6554
5467 6555
5466 6556
5465 6557
5464 6558
5463 6559
5462 6692
5461 6693
5460 6694
5459 6695
5458 6696
5455 6687
5454 6688
5453 6689
5452 6690
5451 6691
5450 6560
5449 6561
5448 6562
5447 6563
5446 6564
5445 6565
5444 6566
5443 6567
5442 6568
5441 6569
5440 6570
5439 6571
5438 6572
5437 6573
5436 6574
5435 6575
5434 6576
5433 6577
5432 6578
5431 6579
5430 6580
5429 6581
5428 6582
5427 6583
5426 6584
5425 6585
5424 6586
5423 6587
5422 6588
5421 6589
5420 6590
5419 6591
5418 6592
5417 6593
5416 6594
5415 6595
5414 6596
5413 6597
5412 6598
5411 6599
5410 6600
5409 6601
5408 6602
5407 6785
5406 6786
5405 6787
5404 6788
5403 6789
5402 6790
5401 6791
5400 6895
5399 6896
5398 6897
5397 6898
5396 6899
5395 6900
5394 6901
5393 6902
5392 6903
5391 6904
5390 6905
5389 6906
5388 6907
5387 6908
5386 6909
5385 6910
5384 6911
5383 6912
5382 6913
5381 6914
5380 6744
5379 6745
5378 6746
5377 6747
5376 6748
5375 6749
5374 6750
5373 6751
5372 6752
5371 6915
5370 6916
5369 6917
5368 6918
5367 6919
5366 6920
5365 6921
5364 6922
5363 6923
5362 6924
5361 6925
5360 6926
5359 6927
5358 6928
5357 6929
5356 6930
5355 6931
5354 6932
5353 6933
5352 6934
5351 6935
5350 7289
5349 7290
5348 7291
5347 7292
5346 7293
5345 7294
5344 7295
5343 7296
5342 7297
5341 7298
5340 7299
5339 7300
5338 7301
5337 7302
5336 7303
5335 7304
5334 7305
5333 7306
5332 7307
5331 7308
5330 7309
5329 7310
5328 7311
5327 7312
5326 7313
5325 7314
5324 7315
5323 7316
5322 7317
5321 7318
5320 7319
5319 7320
5318 7321
5317 7322
5316 7323
5315 7324
5314 7325
5313 7326
5312 7327
5311 7328
5310 7329
5309 7330
5308 7331
5307 7162
5306 7163
5305 7164
5304 7165
5303 7166
5302 7167
5301 7168
5300 7417
5299 7418
5298 7419
5297 7420
5296 7421
5295 7422
5294 7423
5293 7424
5292 7425
5291 7426
5290 7427
5289 7428
5288 7429
5287 7430
5286 7099
5285 7100
5284 7101
5283 7102
5282 7103
5281 7104
5280 7105
5279 8738
5278 8739
5277 8740
5276 8741
5275 8742
5274 8743
5273 8744
5272 8745
5271 8746
5270 8747
5269 8748
5268 8749
5267 8750
5266 8751
5265 8752
5264 8753
5263 8754
5262 8755
5261 8756
5260 8757
5259 8758
5258 8759
5257 8760
5256 8761
5255 8762
5254 8763
5253 8764
5252 8765
5251 8766
5250 8838
5249 8839
5248 8840
5247 8841
5246 8842
5245 8843
5244 8844
5243 8845
5242 8846
5241 8847
5240 8848
5239 8849
5238 8850
5237 8851
5236 8657
5235 8658
5234 8659
5233 8660
5232 8661
5231 8662
5230 8663
5229 8901
5228 8902
5227 8903
5226 8904
5225 8905
5224 8906
5223 8907
5222 8908
5221 8909
5220 8910
5219 8911
5218 8912
5217 8913
5216 8914
5215 8594
5214 8595
5213 8596
5212 8597
5211 8598
5210 8599
5209 8600
5208 8973
5207 8974
5206 8975
5205 8976
5204 8977
5203 8978
5202 8979
5201 8980
5200 8981
5199 8982
5198 8983
5197 8984
5196 8985
5195 8986
5194 8987
5193 8988
5192 8989
5191 8990
5190 8991
5189 8992
5188 8993
5187 8994
5186 8555
5185 8556
5184 8557
5183 8558
5182 8559
5181 8560
5180 8561
5179 9055
5178 9056
5177 9057
5176 9058
5175 9059
5174 9060
5173 9061
5172 9062
5171 9063
5170 9064
5169 9065
5168 9066
5167 9067
5166 9068
5165 8492
5164 8493
5163 8494
5162 8495
5161 8496
5160 8497
5159 8498
5158 9118
5157 9119
5156 9120
5155 9121
5154 9122
5153 9123
5152 9124
5151 9125
5150 9126
5149 9127
5148 9128
5147 9129
5146 9130
5145 9131
5144 8429
5143 8430
5142 8431
5141 8432
5140 8433
5139 8434
5138 8435
5137 7503
5136 7504
5135 7505
5134 7506
5133 7507
5132 7508
5131 7509
5130 7510
5129 7511
5128 7512
5127 7513
5126 7514
5125 7457
5124 7458
5123 7459
5122 7460
5121 7461
5120 7462
5119 7463
5118 7464
5117 7465
5116 7466
5115 7467
5114 7468
5113 7469
5112 7470
5111 7471
5110 7472
5109 7473
5108 9232
5107 9233
5106 9234
5105 9235
5104 9236
5103 9237
5102 9238
5101 9239
5100 9240
5099 9241
5098 9242
5097 9243
5096 9244
5095 9245
5094 8345
5093 8346
5092 8347
5091 8348
5090 8349
5089 8350
5088 8351
5087 9295
5086 9296
5085 9297
5084 9298
5083 9299
5082 9300
5081 9301
5080 9302
5079 9303
5078 9304
5077 9305
5076 9306
5075 9307
5074 9308
5073 8282
5072 8283
5071 8284
5070 8285
5069 8286
5068 8287
5067 8288
5066 9358
5065 9359
5064 9360
5063 9361
5062 9362
5061 9363
5060 9364
5059 9365
5058 9366
5057 9367
5056 9368
5055 9369
5054 9370
5053 9371
5052 9372
5051 9373
5050 9374
5049 9375
5048 9376
5047 9377
5046 9378
5045 9379
5044 9380
5043 9381
5042 9382
5041 9383
5040 9384
5039 9385
5038 9386
5037 9387
5036 9388
5035 9389
5034 9390
5033 9391
5032 9392
5031 9393
5030 9394
5029 9395
5028 9396
5027 9397
5026 9398
5025 9399
5024 9400
5023 8204
5022 8205
5021 8206
5020 8207
5019 8208
5018 8209
5017 8210
5016 9486
5015 9487
5014 9488
5013 9489
5012 9490
5011 9491
5010 9492
5009 9493
5008 9494
5007 9495
5006 9496
5005 9497
5004 9498
5003 9499
5002 8141
5001 8142
5000 8143
4999 8144
4998 8145
4997 8146
4996 8147
4995 9549
4994 9550
4993 9551
4992 9552
4991 9553
4990 9554
4989 9555
4988 9556
4987 9557
4986 9558
4985 9559
4984 9560
4983 9561
4982 9562
4981 8078
4980 8079
4979 8080
4978 8081
4977 8082
4976 8083
4975 8084
4974 9612
4973 9613
4972 9614
4971 9615
4970 9616
4969 9617
4968 9618
4967 9619
4966 9620
4965 9621
4964 9622
4963 9623
4962 9624
4961 9625
4960 9626
4959 9627
4958 9628
4957 9629
4956 9630
4955 9631
4954 7994
4953 7995
4952 7996
4951 7997
4950 7998
4949 7999
4948 8000
4947 8001
4946 8002
4945 9651
4944 9652
4943 9653
4942 9654
4941 9655
4940 9656
4939 9657
4938 9658
4937 9659
4936 9660
4935 9661
4934 9662
4933 9663
4932 9664
4931 7924
4930 7925
4929 7926
4928 7927
4927 7928
4926 7929
4925 7930
4924 9714
4923 9715
4922 9716
4921 9717
4920 9718
4919 9719
4918 9720
4917 9721
4916 9722
4915 9723
4914 9724
4913 9725
4912 9726
4911 9727
4910 7861
4909 7862
4908 7863
4907 7864
4906 7865
4905 7866
4904 7867
4903 9777
4902 9778
4901 9779
4900 9780
4899 9781
4898 9782
4897 9783
4896 9784
4895 9785
4894 9786
4893 9787
4892 9788
4891 9789
4890 9790
4889 7798
4888 7799
4887 7800
4886 7801
4885 7802
4884 7803
4883 7804
4882 9840
4881 9841
4880 9842
4879 9843
4878 9844
4877 9845
4876 9846
4875 9847
4874 9848
4873 9849
4872 9850
4871 9851
4870 9852
4869 9853
4868 9854
4867 9855
4866 9856
4865 9857
4864 9858
4863 9859
4862 9860
4861 9861
4860 9862
4859 9863
4858 9864
4857 9865
4856 9866
4855 9867
4854 9868
4853 9869
4852 9870
4851 9871
4850 9872
4849 9873
4848 9874
4847 9875
4846 9876
4845 9877
4844 9878
4843 9879
4842 9880
4841 9881
4840 9882
4839 7720
4838 7721
4837 7722
4836 7723
4835 7724
4834 7725
4833 7726
4832 9968
4831 9969
4830 9970
4829 9971
4828 9972
4827 9973
4826 9974
4825 9975
4824 9976
4823 9977
4822 9978
4821 9979
4820 9980
4819 9981
4818 7657
4817 7658
4816 7659
4815 7660
4814 7661
4813 7662
4812 7663
4811 7622
4810 7623
4809 7624
4808 7625
4807 7626
4806 7627
4805 7628
4804 7629
4803 7630
4802 7631
4801 7632
4800 7633
4799 7634
4798 7635
4797 10395
4796 10396
4795 10397
4794 10398
4793 10399
4792 10400
4791 10401
4790 10486
4789 10487
4788 10488
4787 10489
4786 10490
4785 10491
4784 10492
4783 10493
4782 10494
4781 10495
4780 10496
4779 10497
4778 10498
4777 10499
4776 10332
4775 10333
4774 10334
4773 10335
4772 10336
4771 10337
4770 10338
4769 10589
4768 10590
4767 10591
4766 10592
4765 10593
4764 10594
4763 10595
4762 10596
4761 10597
4760 10598
4759 10599
4758 10600
4757 10601
4756 10602
4755 10545
4754 10546
4753 10547
4752 10548
4751 10549
4750 10550
4749 10551
4748 10552
4747 10553
4746 10554
4745 10555
4744 10556
4743 10557
4742 10558
4741 10559
4740 10658
4739 10659
4738 10660
4737 10661
4736 10662
4735 10663
4734 10664
4733 10665
4732 10666
4731 10667
4730 10668
4729 10669
4728 10670
4727 10671
4726 10248
4725 10249
4724 10250
4723 10251
4722 10252
4721 10253
4720 10254
4719 10721
4718 10722
4717 10723
4716 10724
4715 10725
4714 10726
4713 10727
4712 10728
4711 10729
4710 10730
4709 10731
4708 10732
4707 10733
4706 10734
4705 10185
4704 10186
4703 10187
4702 10188
4701 10189
4700 10190
4699 10191
4698 10784
4697 10785
4696 10786
4695 10787
4694 10788
4693 10789
4692 10790
4691 10791
4690 10792
4689 10793
4688 10794
4687 10795
4686 10796
4685 10797
4684 10122
4683 10123
4682 10124
4681 10125
4680 10126
4679 10127
4678 10128
4677 10847
4676 10848
4675 10849
4674 10850
4673 10851
4672 10852
4671 10853
4670 10854
4669 10855
4668 10856
4667 10857
4666 10858
4665 10859
4664 10860
4663 10059
4662 10060
4661 10061
4660 10062
4659 10063
4658 10064
4657 10065
4656 11262
4655 11263
4654 11264
4653 11265
4652 11266
4651 11267
4650 11268
4649 11269
4648 11270
4647 11271
4646 11272
4645 11273
4644 11274
4643 11275
4642 11276
4641 11277
4640 11278
4639 11279
4638 11280
4637 11281
4636 11282
4635 11283
4634 11284
4633 11285
4632 11286
4631 11287
4630 11288
4629 11289
4628 11290
4627 11362
4626 11363
4625 11364
4624 11365
4623 11366
4622 11367
4621 11368
4620 11369
4619 11370
4618 11371
4617 11372
4616 11373
4615 11374
4614 11375
4613 11181
4612 11182
4611 11183
4610 11184
4609 11185
4608 11186
4607 11187
4606 11425
4605 11426
4604 11427
4603 11428
4602 11429
4601 11430
4600 11431
4599 11432
4598 11433
4597 11434
4596 11435
4595 11436
4594 11437
4593 11438
4592 11118
4591 11119
4590 11120
4589 11121
4588 11122
4587 11123
4586 11124
4585 11488
4584 11489
4583 11490
4582 11491
4581 11492
4580 11493
4579 11494
4578 11495
4577 11496
4576 11497
4575 11498
4574 11499
4573 11500
4572 11501
4571 11055
4570 11056
4569 11057
4568 11058
4567 11059
4566 11060
4565 11061
4564 11551
4563 11552
4562 11553
4561 11554
4560 11555
4559 11556
4558 11557
4557 11558
4556 11559
4555 11560
4554 11561
4553 11562
4552 11563
4551 11564
4550 10992
4549 10993
4548 10994
4547 10995
4546 10996
4545 10997
4544 10998
4543 10928
4542 10929
4541 10930
4540 10931
4539 10932
4538 10933
4537 10934
4536 10935
4535 10936
4534 10937
4533 10938
4532 10939
4531 10940
4530 10941
4529 10942
4528 10943
4527 10944
4526 10887
4525 10888
4524 10889
4523 10890
4522 10891
4521 10892
4520 10893
4519 10894
4518 10895
4517 10896
4516 10897
4515 10898
4514 12682
4513 12683
4512 12684
4511 12685
4510 12686
4509 12687
4508 12688
4507 12689
4506 12690
4505 12691
4504 12692
4503 12693
4502 12694
4501 12695
4500 12593
4499 12594
4498 12595
4497 12596
4496 12597
4495 12598
4494 12599
4493 12745
4492 12746
4491 12747
4490 12748
4489 12749
4488 12750
4487 12751
4486 12752
4485 12753
4484 12754
4483 12755
4482 12756
4481 12757
4480 12758
4479 12530
4478 12531
4477 12532
4476 12533
4475 12534
4474 12535
4473 12536
4472 12808
4471 12809
4470 12810
4469 12811
4468 12812
4467 12813
4466 12814
4465 12815
4464 12816
4463 12817
4462 12818
4461 12819
4460 12820
4459 12821
4458 12467
4457 12468
4456 12469
4455 12470
4454 12471
4453 12472
4452 12473
4451 12871
4450 12872
4449 12873
4448 12874
4447 12875
4446 12876
4445 12877
4444 12878
4443 12879
4442 12880
4441 12881
4440 12882
4439 12883
4438 12884
4437 12404
4436 12405
4435 12406
4434 12407
4433 12408
4432 12409
4431 12410
4430 12934
4429 12935
4428 12936
4427 12937
4426 12938
4425 12939
4424 12940
4423 12941
4422 12942
4421 12943
4420 12944
4419 12945
4418 12946
4417 12947
4416 12341
4415 12342
4414 12343
4413 12344
4412 12345
4411 12346
4410 12347
4409 11938
4408 11939
4407 11940
4406 11941
4405 11942
4404 11943
4403 11944
4402 11945
4401 12306
4400 12307
4399 12308
4398 12309
4397 12310
4396 12311
4395 12312
4394 12313
4393 12314
4392 12315
4391 12316
4390 12317
4389 12318
4388 12319
4387 11902
4386 11903
4385 11904
4384 11905
4383 11906
4382 11907
4381 11908
4380 12024
4379 12025
4378 12026
4377 12027
4376 12028
4375 12029
4374 12030
4373 12031
4372 12032
4371 12033
4370 12034
4369 12035
4368 12036
4367 12037
4366 11839
4365 11840
4364 11841
4363 11842
4362 11843
4361 11844
4360 11845
4359 12087
4358 12088
4357 12089
4356 12090
4355 12091
4354 12092
4353 12093
4352 12094
4351 12095
4350 12096
4349 12097
4348 12098
4347 12099
4346 12100
4345 11776
4344 11777
4343 11778
4342 11779
4341 11780
4340 11781
4339 11782
4338 12150
4337 12151
4336 12152
4335 12153
4334 12154
4333 12155
4332 12156
4331 12157
4330 12158
4329 12159
4328 12160
4327 12161
4326 12162
4325 12163
4324 11713
4323 11714
4322 11715
4321 11716
4320 11717
4319 11718
4318 11719
4317 12213
4316 12214
4315 12215
4314 12216
4313 12217
4312 12218
4311 12219
4310 12220
4309 12221
4308 12222
4307 12223
4306 12224
4305 12225
4304 12226
4303 11650
4302 11651
4301 11652
4300 11653
4299 11654
4298 11655
4297 11656
4296 12276
4295 12277
4294 12278
4293 12279
4292 12280
4291 12281
4290 12282
4289 12283
4288 12284
4287 12285
4286 12286
4285 12287
4284 12288
4283 12289
4282 12975
4281 12976
4280 12977
4279 12978
4278 12979
4275 12970
4274 12971
4273 12972
4272 12973
4271 12974
4270 12290
4269 12291
4268 12292
4267 12293
4266 12294
4265 12295
4264 12296
4263 11636
4262 11637
4261 11638
4260 11639
4259 11640
4258 11641
4257 11642
4256 11643
4255 11644
4254 11645
4253 11646
4252 11647
4251 11648
4250 11649
4249 12227
4248 12228
4247 12229
4246 12230
4245 12231
4244 12232
4243 12233
4242 11699
4241 11700
4240 11701
4239 11702
4238 11703
4237 11704
4236 11705
4235 11706
4234 11707
4233 11708
4232 11709
4231 11710
4230 11711
4229 11712
4228 12164
4227 12165
4226 12166
4225 12167
4224 12168
4223 12169
4222 12170
4221 11762
4220 11763
4219 11764
4218 11765
4217 11766
4216 11767
4215 11768
4214 11769
4213 11770
4212 11771
4211 11772
4210 11773
4209 11774
4208 11775
4207 12101
4206 12102
4205 12103
4204 12104
4203 12105
4202 12106
4201 12107
4200 11825
4199 11826
4198 11827
4197 11828
4196 11829
4195 11830
4194 11831
4193 11832
4192 11833
4191 11834
4190 11835
4189 11836
4188 11837
4187 11838
4186 12038
4185 12039
4184 12040
4183 12041
4182 12042
4181 12043
4180 12044
4179 11888
4178 11889
4177 11890
4176 11891
4175 11892
4174 11893
4173 11894
4172 11895
4171 11896
4170 11897
4169 11898
4168 11899
4167 11900
4166 11901
4165 12320
4164 12321
4163 12322
4162 12323
4161 12324
4160 12325
4159 12326
4158 12327
4157 12328
4156 12329
4155 12330
4154 12331
4153 12332
4152 12333
4151 12334
4150 12335
4149 12336
4148 12337
4147 12338
4146 12339
4145 12340
4144 12948
4143 12949
4142 12950
4141 12951
4140 12952
4139 12953
4138 12954
4137 12390
4136 12391
4135 12392
4134 12393
4133 12394
4132 12395
4131 12396
4130 12397
4129 12398
4128 12399
4127 12400
4126 12401
4125 12402
4124 12403
4123 12885
4122 12886
4121 12887
4120 12888
4119 12889
4118 12890
4117 12891
4116 12453
4115 12454
4114 12455
4113 12456
4112 12457
4111 12458
4110 12459
4109 12460
4108 12461
4107 12462
4106 12463
4105 12464
4104 12465
4103 12466
4102 12822
4101 12823
4100 12824
4099 12825
4098 12826
4097 12827
4096 12828
4095 12516
4094 12517
4093 12518
4092 12519
4091 12520
4090 12521
4089 12522
4088 12523
4087 12524
4086 12525
4085 12526
4084 12527
4083 12528
4082 12529
4081 12759
4080 12760
4079 12761
4078 12762
4077 12763
4076 12764
4075 12765
4074 12579
4073 12580
4072 12581
4071 12582
4070 12583
4069 12584
4068 12585
4067 12586
4066 12587
4065 12588
4064 12589
4063 12590
4062 12591
4061 12592
4060 12696
4059 12697
4058 12698
4057 12699
4056 12700
4055 12701
4054 12702
4053 10957
4052 10958
4051 10959
4050 10960
4049 10961
4048 10962
4047 10963
4046 10964
4045 10965
4044 10966
4043 10967
4042 10968
4041 10969
4040 10970
4039 10971
4038 10972
4037 10973
4036 10974
4035 10975
4034 10976
4033 10977
4032 10978
4031 10979
4030 10980
4029 10981
4028 10982
4027 10983
4026 10984
4025 10985
4024 10986
4023 10987
4022 10988
4021 10989
4020 10990
4019 10991
4018 11565
4017 11566
4016 11567
4015 11568
4014 11569
4013 11570
4012 11571
4011 11041
4010 11042
4009 11043
4008 11044
4007 11045
4006 11046
4005 11047
4004 11048
4003 11049
4002 11050
4001 11051
4000 11052
3999 11053
3998 11054
3997 11502
3996 11503
3995 11504
3994 11505
3993 11506
3992 11507
3991 11508
3990 11104
3989 11105
3988 11106
3987 11107
3986 11108
3985 11109
3984 11110
3983 11111
3982 11112
3981 11113
3980 11114
3979 11115
3978 11116
3977 11117
3976 11439
3975 11440
3974 11441
3973 11442
3972 11443
3971 11444
3970 11445
3969 11167
3968 11168
3967 11169
3966 11170
3965 11171
3964 11172
3963 11173
3962 11174
3961 11175
3960 11176
3959 11177
3958 11178
3957 11179
3956 11180
3955 11376
3954 11377
3953 11378
3952 11379
3951 11380
3950 11381
3949 11382
3948 11230
3947 11231
3946 11232
3945 11233
3944 11234
3943 11235
3942 11236
3941 11237
3940 11238
3939 11239
3938 11240
3937 11241
3936 11242
3935 11243
3934 11244
3933 11245
3932 11246
3931 11247
3930 11248
3929 11249
3928 10044
3927 10045
3926 10046
3925 10047
3924 10048
3923 10049
3922 10050
3921 10051
3920 10052
3919 10053
3918 10054
3917 10055
3916 10056
3915 10057
3914 10058
3913 10861
3912 10862
3911 10863
3910 10864
3909 10865
3908 10866
3907 10867
3906 10108
3905 10109
3904 10110
3903 10111
3902 10112
3901 10113
3900 10114
3899 10115
3898 10116
3897 10117
3896 10118
3895 10119
3894 10120
3893 10121
3892 10798
3891 10799
3890 10800
3889 10801
3888 10802
3887 10803
3886 10804
3885 10171
3884 10172
3883 10173
3882 10174
3881 10175
3880 10176
3879 10177
3878 10178
3877 10179
3876 10180
3875 10181
3874 10182
3873 10183
3872 10184
3871 10735
3870 10736
3869 10737
3868 10738
3867 10739
3866 10740
3865 10741
3864 10234
3863 10235
3862 10236
3861 10237
3860 10238
3859 10239
3858 10240
3857 10241
3856 10242
3855 10243
3854 10244
3853 10245
3852 10246
3851 10247
3850 10672
3849 10673
3848 10674
3847 10675
3846 10676
3845 10677
3844 10678
3843 10297
3842 10298
3841 10299
3840 10300
3839 10301
3838 10302
3837 10303
3836 10304
3835 10305
3834 10306
3833 10307
3832 10308
3831 10309
3830 10310
3829 10311
3828 10312
3827 10313
3826 10314
3825 10315
3824 10316
3823 10317
3822 10318
3821 10319
3820 10320
3819 10321
3818 10322
3817 10323
3816 10324
3815 10325
3814 10326
3813 10327
3812 10328
3811 10329
3810 10330
3809 10331
3808 10500
3807 10501
3806 10502
3805 10503
3804 10504
3803 10505
3802 10506
3801 10381
3800 10382
3799 10383
3798 10384
3797 10385
3796 10386
3795 10387
3794 10388
3793 10389
3792 10390
3791 10391
3790 10392
3789 10393
3788 10394
3787 7636
3786 7637
3785 7638
3784 7639
3783 7640
3782 7641
3781 7642
3780 7643
3779 7644
3778 7645
3777 7646
3776 7647
3775 7648
3774 7649
3773 7650
3772 7651
3771 7652
3770 7653
3769 7654
3768 7655
3767 7656
3766 9982
3765 9983
3764 9984
3763 9985
3762 9986
3761 9987
3760 9988
3759 7706
3758 7707
3757 7708
3756 7709
3755 7710
3754 7711
3753 7712
3752 7713
3751 7714
3750 7715
3749 7716
3748 7717
3747 7718
3746 7719
3745 9883
3744 9884
3743 9885
3742 9886
3741 9887
3740 9888
3739 9889
3738 9890
3737 9891
3736 9892
3735 9893
3734 9894
3733 9895
3732 9896
3731 9897
3730 9898
3729 9899
3728 9900
3727 9901
3726 9902
3725 9903
3724 9904
3723 9905
3722 9906
3721 9907
3720 9908
3719 9909
3718 9910
3717 7784
3716 7785
3715 7786
3714 7787
3713 7788
3712 7789
3711 7790
3710 7791
3709 7792
3708 7793
3707 7794
3706 7795
3705 7796
3704 7797
3703 9791
3702 9792
3701 9793
3700 9794
3699 9795
3698 9796
3697 9797
3696 7847
3695 7848
3694 7849
3693 7850
3692 7851
3691 7852
3690 7853
3689 7854
3688 7855
3687 7856
3686 7857
3685 7858
3684 7859
3683 7860
3682 9728
3681 9729
3680 9730
3679 9731
3678 9732
3677 9733
3676 9734
3675 7910
3674 7911
3673 7912
3672 7913
3671 7914
3670 7915
3669 7916
3668 7917
3667 7918
3666 7919
3665 7920
3664 7921
3663 7922
3662 7923
3661 9665
3660 9666
3659 9667
3658 9668
3657 9669
3656 9670
3655 9671
3654 8043
3653 8044
3652 8045
3651 8046
3650 8047
3649 8048
3648 8049
3647 8050
3646 8051
3645 8052
3644 8053
3643 8054
3642 8055
3641 8056
3640 8057
3639 8058
3638 8059
3637 8060
3636 8061
3635 8062
3634 8063
3633 8064
3632 8065
3631 8066
3630 8067
3629 8068
3628 8069
3627 8070
3626 8071
3625 8072
3624 8073
3623 8074
3622 8075
3621 8076
3620 8077
3619 9563
3618 9564
3617 9565
3616 9566
3615 9567
3614 9568
3613 9569
3612 8127
3611 8128
3610 8129
3609 8130
3608 8131
3607 8132
3606 8133
3605 8134
3604 8135
3603 8136
3602 8137
3601 8138
3600 8139
3599 8140
3598 9500
3597 9501
3596 9502
3595 9503
3594 9504
3593 9505
3592 9506
3591 8190
3590 8191
3589 8192
3588 8193
3587 8194
3586 8195
3585 8196
3584 8197
3583 8198
3582 8199
3581 8200
3580 8201
3579 8202
3578 8203
3577 9401
3576 9402
3575 9403
3574 9404
3573 9405
3572 9406
3571 9407
3570 9408
3569 9409
3568 9410
3567 9411
3566 9412
3565 9413
3564 9414
3563 9415
3562 9416
3561 9417
3560 9418
3559 9419
3558 9420
3557 9421
3556 9422
3555 9423
3554 9424
3553 9425
3552 9426
3551 9427
3550 9428
3549 8268
3548 8269
3547 8270
3546 8271
3545 8272
3544 8273
3543 8274
3542 8275
3541 8276
3540 8277
3539 8278
3538 8279
3537 8280
3536 8281
3535 9309
3534 9310
3533 9311
3532 9312
3531 9313
3530 9314
3529 9315
3528 8331
3527 8332
3526 8333
3525 8334
3524 8335
3523 8336
3522 8337
3521 8338
3520 8339
3519 8340
3518 8341
3517 8342
3516 8343
3515 8344
3514 9246
3513 9247
3512 9248
3511 9249
3510 9250
3509 9251
3508 9252
3507 8394
3506 8395
3505 8396
3504 8397
3503 8398
3502 8399
3501 8400
3500 8401
3499 8402
3498 8403
3497 8404
3496 8405
3495 8406
3494 8407
3493 8408
3492 8409
3491 8410
3490 8411
3489 8412
3488 8413
3487 8414
3486 8415
3485 8416
3484 8417
3483 8418
3482 8419
3481 8420
3480 8421
3479 8422
3478 8423
3477 8424
3476 8425
3475 8426
3474 8427
3473 8428
3472 9132
3471 9133
3470 9134
3469 9135
3468 9136
3467 9137
3466 9138
3465 8478
3464 8479
3463 8480
3462 8481
3461 8482
3460 8483
3459 8484
3458 8485
3457 8486
3456 8487
3455 8488
3454 8489
3453 8490
3452 8491
3451 9069
3450 9070
3449 9071
3448 9072
3447 9073
3446 9074
3445 9075
3444 8541
3443 8542
3442 8543
3441 8544
3440 8545
3439 8546
3438 8547
3437 8548
3436 8549
3435 8550
3434 8551
3433 8552
3432 8553
3431 8554
3430 8995
3429 8996
3428 8997
3427 8998
3426 8999
3425 9000
3424 9001
3423 9002
3422 9003
3421 8582
3420 8583
3419 8584
3418 8585
3417 8586
3416 8587
3415 8588
3414 8589
3413 8590
3412 8591
3411 8592
3410 8593
3409 8915
3408 8916
3407 8917
3406 8918
3405 8919
3404 8920
3403 8921
3402 8643
3401 8644
3400 8645
3399 8646
3398 8647
3397 8648
3396 8649
3395 8650
3394 8651
3393 8652
3392 8653
3391 8654
3390 8655
3389 8656
3388 8852
3387 8853
3386 8854
3385 8855
3384 8856
3383 8857
3382 8858
3381 8706
3380 8707
3379 8708
3378 8709
3377 8710
3376 8711
3375 8712
3374 8713
3373 8714
3372 8715
3371 8716
3370 8717
3369 8718
3368 8719
3367 8720
3366 8721
3365 8722
3364 8723
3363 8724
3362 8725
3361 7084
3360 7085
3359 7086
3358 7087
3357 7088
3356 7089
3355 7090
3354 7091
3353 7092
3352 7093
3351 7094
3350 7095
3349 7096
3348 7097
3347 7098
3346 7431
3345 7432
3344 7433
3343 7434
3342 7435
3341 7436
3340 7437
3339 7148
3338 7149
3337 7150
3336 7151
3335 7152
3334 7153
3333 7154
3332 7155
3331 7156
3330 7157
3329 7158
3328 7159
3327 7160
3326 7161
3325 7332
3324 7333
3323 7334
3322 7335
3321 7336
3320 7337
3319 7338
3318 7339
3317 7340
3316 7341
3315 7342
3314 7343
3313 7344
3312 7345
3311 7346
3310 7347
3309 7348
3308 7349
3307 7350
3306 7351
3305 7352
3304 7353
3303 7354
3302 7355
3301 7356
3300 7357
3299 7358
3298 7359
3297 7226
3296 7227
3295 7228
3294 7229
3293 7230
3292 7231
3291 7232
3290 7233
3289 7234
3288 7235
3287 7236
3286 7237
3285 7238
3284 7239
3283 7240
3282 7241
3281 7242
3280 7243
3279 7244
3278 7245
3277 7246
3276 6706
3275 6707
3274 6708
3273 6709
3272 6710
3271 6711
3270 6712
3269 6713
3268 6714
3267 6715
3266 6716
3265 6717
3264 6762
3263 6763
3262 6764
3261 6765
3260 6766
3259 6767
3258 6768
3257 6769
3256 6770
3255 6771
3254 6772
3253 6773
3252 6774
3251 6775
3250 6776
3249 6777
3248 6778
3247 6779
3246 6780
3245 6781
3244 6782
3243 6783
3242 6784
3241 6603
3240 6604
3239 6605
3238 6606
3237 6607
3236 6608
3235 6609
3234 6610
3233 6611
3232 6612
3231 6613
3230 6614
3229 6615
3228 6616
3227 6617
3226 6825
3225 6826
3224 6827
3223 6828
3222 6829
3221 6830
3220 6831
3219 6832
3218 6833
3217 6834
3216 6835
3215 6836
3214 6837
3213 6528
3212 6529
3211 6530
3210 6531
3209 6532
3208 6533
3207 6534
3206 6535
3205 6536
3204 6537
3203 6538
3202 6539
3201 6540
3200 6541
3199 6542
3198 6543
3195 6512
3194 6513
3193 6514
3192 6515
3191 6516
3190 6517
3189 6518
3188 6519
3187 6520
3186 6521
3185 6522
3184 6523
3183 6524
3182 6525
3181 6526
3180 6527
3179 6838
3178 6839
3177 6840
3176 6841
3175 6842
3174 6843
3173 6844
3172 6845
3171 6846
3170 6847
3169 6848
3168 6849
3167 6850
3166 6851
3165 6852
3164 6853
3163 6854
3162 6855
3161 6856
3160 6857
3159 6858
3158 6859
3157 6860
3156 6861
3155 6862
3154 6863
3153 6864
3152 6865
3151 6866
3150 6731
3149 6732
3148 6733
3147 6734
3146 6735
3145 6736
3144 6737
3143 6738
3142 6739
3141 6740
3140 6741
3139 6742
3138 6743
3137 6697
3136 6698
3135 6699
3134 6700
3133 6701
3132 6702
3131 6703
3130 6704
3129 6705
3128 7247
3127 7248
3126 7249
3125 7250
3124 7251
3123 7252
3122 7253
3121 7254
3120 7255
3119 7256
3118 7257
3117 7258
3116 7259
3115 7260
3114 7219
3113 7220
3112 7221
3111 7222
3110 7223
3109 7224
3108 7225
3107 7360
3106 7361
3105 7362
3104 7363
3103 7364
3102 7365
3101 7366
3100 7367
3099 7368
3098 7369
3097 7370
3096 7371
3095 7372
3094 7373
3093 7374
3092 7375
3091 7376
3090 7377
3089 7378
3088 7379
3087 7380
3086 7381
3085 7382
3084 7383
3083 7384
3082 7385
3081 7386
3080 7387
3079 7388
3078 7141
3077 7142
3076 7143
3075 7144
3074 7145
3073 7146
3072 7147
3071 7438
3070 7439
3069 7440
3068 7441
3067 7442
3066 7443
3065 7444
3064 7445
3063 7446
3062 7447
3061 7448
3060 7449
3059 7450
3058 7451
3057 7452
3056 7453
3055 7454
3054 7455
3053 7456
3052 7064
3051 7065
3050 7066
3049 7067
3048 7068
3047 7069
3046 7070
3045 7071
3044 7072
3043 7073
3042 8699
3041 8700
3040 8701
3039 8702
3038 8703
3037 8704
3036 8705
3035 8859
3034 8860
3033 8861
3032 8862
3031 8863
3030 8864
3029 8865
3028 8866
3027 8867
3026 8868
3025 8869
3024 8870
3023 8871
3022 8872
3021 8636
3020 8637
3019 8638
3018 8639
3017 8640
3016 8641
3015 8642
3014 8922
3013 8923
3012 8924
3011 8925
3010 8926
3009 8927
3008 8928
3007 8929
3006 8930
3005 8931
3004 8932
3003 8933
3002 8934
3001 8935
3000 8936
2999 8937
2998 8938
2997 8939
2996 8940
2995 8941
2994 8942
2993 8943
2992 8944
2991 8945
2990 8946
2989 8947
2988 8948
2987 8949
2986 8950
2985 8534
2984 8535
2983 8536
2982 8537
2981 8538
2980 8539
2979 8540
2978 9076
2977 9077
2976 9078
2975 9079
2974 9080
2973 9081
2972 9082
2971 9083
2970 9084
2969 9085
2968 9086
2967 9087
2966 9088
2965 9089
2964 8471
2963 8472
2962 8473
2961 8474
2960 8475
2959 8476
2958 8477
2957 9139
2956 9140
2955 9141
2954 9142
2953 9143
2952 9144
2951 9145
2950 9146
2949 9147
2948 9148
2947 9149
2946 9150
2945 9151
2944 9152
2943 9153
2942 9154
2941 9155
2940 9156
2939 9157
2938 9158
2937 9159
2936 9160
2935 9161
2934 9162
2933 9163
2932 9164
2931 9165
2930 9166
2929 9167
2928 8387
2927 8388
2926 8389
2925 8390
2924 8391
2923 8392
2922 8393
2921 9253
2920 9254
2919 9255
2918 9256
2917 9257
2916 9258
2915 9259
2914 9260
2913 9261
2912 9262
2911 9263
2910 9264
2909 9265
2908 9266
2907 8324
2906 8325
2905 8326
2904 8327
2903 8328
2902 8329
2901 8330
2900 9316
2899 9317
2898 9318
2897 9319
2896 9320
2895 9321
2894 9322
2893 9323
2892 9324
2891 9325
2890 9326
2889 9327
2888 9328
2887 9329
2886 8261
2885 8262
2884 8263
2883 8264
2882 8265
2881 8266
2880 8267
2879 9429
2878 9430
2877 9431
2876 9432
2875 9433
2874 9434
2873 9435
2872 9436
2871 9437
2870 9438
2869 9439
2868 9440
2867 9441
2866 9442
2865 9443
2864 9444
2863 9445
2862 9446
2861 9447
2860 9448
2859 9449
2858 9450
2857 9451
2856 9452
2855 9453
2854 9454
2853 9455
2852 9456
2851 9457
2850 8183
2849 8184
2848 8185
2847 8186
2846 8187
2845 8188
2844 8189
2843 9507
2842 9508
2841 9509
2840 9510
2839 9511
2838 9512
2837 9513
2836 9514
2835 9515
2834 9516
2833 9517
2832 9518
2831 9519
2830 9520
2829 8120
2828 8121
2827 8122
2826 8123
2825 8124
2824 8125
2823 8126
2822 9570
2821 9571
2820 9572
2819 9573
2818 9574
2817 9575
2816 9576
2815 9577
2814 9578
2813 9579
2812 9580
2811 9581
2810 9582
2809 9583
2808 7981
2807 7982
2806 7983
2805 7984
2804 7985
2803 7986
2802 7987
2801 7988
2800 7989
2799 7990
2798 7991
2797 7992
2796 7993
2795 8034
2794 8035
2793 8036
2792 8037
2791 8038
2790 8039
2789 8040
2788 8041
2787 8042
2786 9672
2785 9673
2784 9674
2783 9675
2782 9676
2781 9677
2780 9678
2779 9679
2778 9680
2777 9681
2776 9682
2775 9683
2774 9684
2773 9685
2772 7903
2771 7904
2770 7905
2769 7906
2768 7907
2767 7908
2766 7909
2765 9735
2764 9736
2763 9737
2762 9738
2761 9739
2760 9740
2759 9741
2758 9742
2757 9743
2756 9744
2755 9745
2754 9746
2753 9747
2752 9748
2751 7840
2750 7841
2749 7842
2748 7843
2747 7844
2746 7845
2745 7846
2744 9798
2743 9799
2742 9800
2741 9801
2740 9802
2739 9803
2738 9804
2737 9805
2736 9806
2735 9807
2734 9808
2733 9809
2732 9810
2731 9811
2730 7777
2729 7778
2728 7779
2727 7780
2726 7781
2725 7782
2724 7783
2723 9911
2722 9912
2721 9913
2720 9914
2719 9915
2718 9916
2717 9917
2716 9918
2715 9919
2714 9920
2713 9921
2712 9922
2711 9923
2710 9924
2709 9925
2708 9926
2707 9927
2706 9928
2705 9929
2704 9930
2703 9931
2702 9932
2701 9933
2700 9934
2699 9935
2698 9936
2697 9937
2696 9938
2695 9939
2694 7699
2693 7700
2692 7701
2691 7702
2690 7703
2689 7704
2688 7705
2687 9989
2686 9990
2685 9991
2684 9992
2683 9993
2682 9994
2681 9995
2680 9996
2679 9997
2678 9998
2677 9999
2676 10000
2675 10001
2674 10002
2673 10437
2672 10438
2671 10439
2670 10440
2669 10441
2668 10442
2667 10443
2666 10444
2665 10445
2664 10446
2663 10447
2662 10448
2661 10449
2660 10450
2659 10451
2658 10452
2657 10453
2656 10454
2655 10455
2654 10456
2653 10457
2652 10374
2651 10375
2650 10376
2649 10377
2648 10378
2647 10379
2646 10380
2645 10507
2644 10508
2643 10509
2642 10510
2641 10511
2640 10512
2639 10513
2638 10514
2637 10515
2636 10516
2635 10517
2634 10518
2633 10519
2632 10520
2631 10626
2630 10627
2629 10628
2628 10629
2627 10630
2626 10631
2625 10632
2624 10603
2623 10604
2622 10605
2621 10606
2620 10607
2619 10608
2618 10609
2617 10610
2616 10290
2615 10291
2614 10292
2613 10293
2612 10294
2611 10295
2610 10296
2609 10679
2608 10680
2607 10681
2606 10682
2605 10683
2604 10684
2603 10685
2602 10686
2601 10687
2600 10688
2599 10689
2598 10690
2597 10691
2596 10692
2595 10227
2594 10228
2593 10229
2592 10230
2591 10231
2590 10232
2589 10233
2588 10742
2587 10743
2586 10744
2585 10745
2584 10746
2583 10747
2582 10748
2581 10749
2580 10750
2579 10751
2578 10752
2577 10753
2576 10754
2575 10755
2574 10164
2573 10165
2572 10166
2571 10167
2570 10168
2569 10169
2568 10170
2567 10805
2566 10806
2565 10807
2564 10808
2563 10809
2562 10810
2561 10811
2560 10812
2559 10813
2558 10814
2557 10815
2556 10816
2555 10817
2554 10818
2553 10101
2552 10102
2551 10103
2550 10104
2549 10105
2548 10106
2547 10107
2546 10868
2545 10869
2544 10870
2543 10871
2542 10872
2541 10873
2540 10874
2539 10875
2538 10876
2537 10877
2536 10878
2535 10879
2534 10880
2533 10881
2532 10882
2531 10883
2530 10884
2529 10885
2528 10886
2527 10024
2526 10025
2525 10026
2524 10027
2523 10028
2522 10029
2521 10030
2520 10031
2519 10032
2518 10033
2517 11223
2516 11224
2515 11225
2514 11226
2513 11227
2512 11228
2511 11229
2510 11383
2509 11384
2508 11385
2507 11386
2506 11387
2505 11388
2504 11389
2503 11390
2502 11391
2501 11392
2500 11393
2499 11394
2498 11395
2497 11396
2496 11160
2495 11161
2494 11162
2493 11163
2492 11164
2491 11165
2490 11166
2489 11446
2488 11447
2487 11448
2486 11449
2485 11450
2484 11451
2483 11452
2482 11453
2481 11454
2480 11455
2479 11456
2478 11457
2477 11458
2476 11459
2475 11097
2474 11098
2473 11099
2472 11100
2471 11101
2470 11102
2469 11103
2468 11509
2467 11510
2466 11511
2465 11512
2464 11513
2463 11514
2462 11515
2461 11516
2460 11517
2459 11518
2458 11519
2457 11520
2456 11521
2455 11522
2454 11034
2453 11035
2452 11036
2451 11037
2450 11038
2449 11039
2448 11040
2447 11572
2446 11573
2445 11574
2444 11575
2443 11576
2442 11577
2441 11578
2440 11579
2439 11580
2438 11581
2437 11582
2436 11583
2435 11584
2434 11585
2433 12650
2432 12651
2431 12652
2430 12653
2429 12654
2428 12655
2427 12656
2426 12657
2425 12658
2424 12659
2423 10945
2422 10946
2421 10947
2420 10948
2419 10949
2418 10950
2417 10951
2416 10952
2415 10953
2414 10954
2413 10955
2412 10956
2411 12703
2410 12704
2409 12705
2408 12706
2407 12707
2406 12708
2405 12709
2404 12710
2403 12711
2402 12712
2401 12713
2400 12714
2399 12715
2398 12716
2397 12572
2396 12573
2395 12574
2394 12575
2393 12576
2392 12577
2391 12578
2390 12766
2389 12767
2388 12768
2387 12769
2386 12770
2385 12771
2384 12772
2383 12773
2382 12774
2381 12775
2380 12776
2379 12777
2378 12778
2377 12779
2376 12509
2375 12510
2374 12511
2373 12512
2372 12513
2371 12514
2370 12515
2369 12829
2368 12830
2367 12831
2366 12832
2365 12833
2364 12834
2363 12835
2362 12836
2361 12837
2360 12838
2359 12839
2358 12840
2357 12841
2356 12842
2355 12446
2354 12447
2353 12448
2352 12449
2351 12450
2350 12451
2349 12452
2348 12892
2347 12893
2346 12894
2345 12895
2344 12896
2343 12897
2342 12898
2341 12899
2340 12900
2339 12901
2338 12902
2337 12903
2336 12904
2335 12905
2334 12383
2333 12384
2332 12385
2331 12386
2330 12387
2329 12388
2328 12389
2327 12955
2326 12956
2325 12957
2324 12958
2323 12959
2322 12960
2321 12961
2320 12962
2319 12963
2318 12964
2317 12965
2316 12966
2315 12967
2314 12968
2313 12969
2312 11982
2311 11983
2310 11984
2309 11985
2308 11986
2307 11987
2306 11988
2305 11989
2304 11990
2303 11991
2302 11992
2301 11993
2300 11994
2299 11995
2298 11881
2297 11882
2296 11883
2295 11884
2294 11885
2293 11886
2292 11887
2291 12045
2290 12046
2289 12047
2288 12048
2287 12049
2286 12050
2285 12051
2284 12052
2283 12053
2282 12054
2281 12055
2280 12056
2279 12057
2278 12058
2277 11818
2276 11819
2275 11820
2274 11821
2273 11822
2272 11823
2271 11824
2270 12108
2269 12109
2268 12110
2267 12111
2266 12112
2265 12113
2264 12114
2263 12115
2262 12116
2261 12117
2260 12118
2259 12119
2258 12120
2257 12121
2256 11755
2255 11756
2254 11757
2253 11758
2252 11759
2251 11760
2250 11761
2249 12171
2248 12172
2247 12173
2246 12174
2245 12175
2244 12176
2243 12177
2242 12178
2241 12179
2240 12180
2239 12181
2238 12182
2237 12183
2236 12184
2235 11692
2234 11693
2233 11694
2232 11695
2231 11696
2230 11697
2229 11698
2228 12234
2227 12235
2226 12236
2225 12237
2224 12238
2223 12239
2222 12240
2221 12241
2220 12242
2219 12243
2218 12244
2217 12245
2216 12246
2215 12247
2214 11629
2213 11630
2212 11631
2211 11632
2210 11633
2209 11634
2208 11635
2207 12297
2206 12298
2205 12299
2204 12300
2203 12301
2202 12302
2201 12303
2200 12304
2199 12305
2196 11613
2195 11614
2194 11615
2193 11616
2192 11617
2191 11618
2190 11619
2189 11620
2188 11621
2187 11622
2186 11623
2185 11624
2184 11625
2183 11626
2182 11627
2181 11628
2180 12248
2179 12249
2178 12250
2177 12251
2176 12252
2175 12253
2174 12254
2173 11678
2172 11679
2171 11680
2170 11681
2169 11682
2168 11683
2167 11684
2166 11685
2165 11686
2164 11687
2163 11688
2162 11689
2161 11690
2160 11691
2159 12185
2158 12186
2157 12187
2156 12188
2155 12189
2154 12190
2153 12191
2152 11741
2151 11742
2150 11743
2149 11744
2148 11745
2147 11746
2146 11747
2145 11748
2144 11749
2143 11750
2142 11751
2141 11752
2140 11753
2139 11754
2138 12122
2137 12123
2136 12124
2135 12125
2134 12126
2133 12127
2132 12128
2131 11804
2130 11805
2129 11806
2128 11807
2127 11808
2126 11809
2125 11810
2124 11811
2123 11812
2122 11813
2121 11814
2120 11815
2119 11816
2118 11817
2117 12059
2116 12060
2115 12061
2114 12062
2113 12063
2112 12064
2111 12065
2110 11867
2109 11868
2108 11869
2107 11870
2106 11871
2105 11872
2104 11873
2103 11874
2102 11875
2101 11876
2100 11877
2099 11878
2098 11879
2097 11880
2096 11996
2095 11997
2094 11998
2093 11999
2092 12000
2091 12001
2090 12002
2089 11956
2088 11957
2087 11958
2086 11959
2085 11960
2084 11961
2083 11962
2082 11963
2081 11964
2080 11965
2079 11966
2078 11967
2077 11968
2076 11969
2075 11970
2074 12369
2073 12370
2072 12371
2071 12372
2070 12373
2069 12374
2068 12375
2067 12376
2066 12377
2065 12378
2064 12379
2063 12380
2062 12381
2061 12382
2060 12906
2059 12907
2058 12908
2057 12909
2056 12910
2055 12911
2054 12912
2053 12432
2052 12433
2051 12434
2050 12435
2049 12436
2048 12437
2047 12438
2046 12439
2045 12440
2044 12441
2043 12442
2042 12443
2041 12444
2040 12445
2039 12843
2038 12844
2037 12845
2036 12846
2035 12847
2034 12848
2033 12849
2032 12495
2031 12496
2030 12497
2029 12498
2028 12499
2027 12500
2026 12501
2025 12502
2024 12503
2023 12504
2022 12505
2021 12506
2020 12507
2019 12508
2018 12780
2017 12781
2016 12782
2015 12783
2014 12784
2013 12785
2012 12786
2011 12558
2010 12559
2009 12560
2008 12561
2007 12562
2006 12563
2005 12564
2004 12565
2003 12566
2002 12567
2001 12568
2000 12569
1999 12570
1998 12571
1997 12717
1996 12718
1995 12719
1994 12720
1993 12721
1992 12722
1991 12723
1990 12621
1989 12622
1988 12623
1987 12624
1986 12625
1985 12626
1984 12627
1983 12628
1982 12629
1981 12630
1980 12631
1979 12632
1978 12633
1977 12634
1976 12635
1975 12636
1974 12637
1973 12638
1972 12639
1971 12640
1970 12641
1969 12642
1968 12643
1967 12644
1966 12645
1965 12646
1964 12647
1963 12648
1962 12649
1961 11586
1960 11587
1959 11588
1958 11589
1957 11590
1956 11591
1955 11592
1954 11020
1953 11021
1952 11022
1951 11023
1950 11024
1949 11025
1948 11026
1947 11027
1946 11028
1945 11029
1944 11030
1943 11031
1942 11032
1941 11033
1940 11523
1939 11524
1938 11525
1937 11526
1936 11527
1935 11528
1934 11529
1933 11083
1932 11084
1931 11085
1930 11086
1929 11087
1928 11088
1927 11089
1926 11090
1925 11091
1924 11092
1923 11093
1922 11094
1921 11095
1920 11096
1919 11460
1918 11461
1917 11462
1916 11463
1915 11464
1914 11465
1913 11466
1912 11146
1911 11147
1910 11148
1909 11149
1908 11150
1907 11151
1906 11152
1905 11153
1904 11154
1903 11155
1902 11156
1901 11157
1900 11158
1899 11159
1898 11397
1897 11398
1896 11399
1895 11400
1894 11401
1893 11402
1892 11403
1891 11209
1890 11210
1889 11211
1888 11212
1887 11213
1886 11214
1885 11215
1884 11216
1883 11217
1882 11218
1881 11219
1880 11220
1879 11221
1878 11222
1877 10034
1876 10035
1875 10036
1874 10037
1873 10038
1872 10039
1871 10040
1870 10041
1869 10042
1868 10043
1867 11308
1866 11309
1865 11310
1864 11311
1863 11312
1862 11313
1861 11314
1860 11315
1859 11316
1858 11317
1857 11318
1856 11319
1855 10087
1854 10088
1853 10089
1852 10090
1851 10091
1850 10092
1849 10093
1848 10094
1847 10095
1846 10096
1845 10097
1844 10098
1843 10099
1842 10100
1841 10819
1840 10820
1839 10821
1838 10822
1837 10823
1836 10824
1835 10825
1834 10150
1833 10151
1832 10152
1831 10153
1830 10154
1829 10155
1828 10156
1827 10157
1826 10158
1825 10159
1824 10160
1823 10161
1822 10162
1821 10163
1820 10756
1819 10757
1818 10758
1817 10759
1816 10760
1815 10761
1814 10762
1813 10213
1812 10214
1811 10215
1810 10216
1809 10217
1808 10218
1807 10219
1806 10220
1805 10221
1804 10222
1803 10223
1802 10224
1801 10225
1800 10226
1799 10693
1798 10694
1797 10695
1796 10696
1795 10697
1794 10698
1793 10699
1792 10276
1791 10277
1790 10278
1789 10279
1788 10280
1787 10281
1786 10282
1785 10283
1784 10284
1783 10285
1782 10286
1781 10287
1780 10288
1779 10289
1778 10611
1777 10612
1776 10613
1775 10614
1774 10615
1773 10616
1772 10617
1771 10618
1770 10619
1769 10620
1768 10621
1767 10622
1766 10623
1765 10624
1764 10625
1763 10521
1762 10522
1761 10523
1760 10524
1759 10525
1758 10526
1757 10527
1756 10360
1755 10361
1754 10362
1753 10363
1752 10364
1751 10365
1750 10366
1749 10367
1748 10368
1747 10369
1746 10370
1745 10371
1744 10372
1743 10373
1742 10458
1741 10459
1740 10460
1739 10461
1738 10462
1737 10463
1736 10464
1735 10423
1734 10424
1733 10425
1732 10426
1731 10427
1730 10428
1729 10429
1728 10430
1727 10431
1726 10432
1725 10433
1724 10434
1723 10435
1722 10436
1721 10003
1720 10004
1719 10005
1718 10006
1717 10007
1716 10008
1715 10009
1714 7685
1713 7686
1712 7687
1711 7688
1710 7689
1709 7690
1708 7691
1707 7692
1706 7693
1705 7694
1704 7695
1703 7696
1702 7697
1701 7698
1700 9940
1699 9941
1698 9942
1697 9943
1696 9944
1695 9945
1694 9946
1693 7748
1692 7749
1691 7750
1690 7751
1689 7752
1688 7753
1687 7754
1686 7755
1685 7756
1684 7757
1683 7758
1682 7759
1681 7760
1680 7761
1679 7762
1678 7763
1677 7764
1676 7765
1675 7766
1674 7767
1673 7768
1672 7769
1671 7770
1670 7771
1669 7772
1668 7773
1667 7774
1666 7775
1665 7776
1664 9812
1663 9813
1662 9814
1661 9815
1660 9816
1659 9817
1658 9818
1657 7826
1656 7827
1655 7828
1654 7829
1653 7830
1652 7831
1651 7832
1650 7833
1649 7834
1648 7835
1647 7836
1646 7837
1645 7838
1644 7839
1643 9749
1642 9750
1641 9751
1640 9752
1639 9753
1638 9754
1637 9755
1636 7889
1635 7890
1634 7891
1633 7892
1632 7893
1631 7894
1630 7895
1629 7896
1628 7897
1627 7898
1626 7899
1625 7900
1624 7901
1623 7902
1622 9686
1621 9687
1620 9688
1619 9689
1618 9690
1617 9691
1616 9692
1615 7952
1614 7953
1613 7954
1612 7955
1611 7956
1610 7957
1609 7958
1608 7959
1607 7960
1606 7961
1605 7962
1604 7963
1603 7964
1602 7965
1601 7966
1600 7967
1599 7968
1598 7969
1597 7970
1596 7971
1595 7972
1594 7973
1593 7974
1592 7975
1591 7976
1590 7977
1589 7978
1588 7979
1587 7980
1586 9584
1585 9585
1584 9586
1583 9587
1582 9588
1581 9589
1580 9590
1579 8106
1578 8107
1577 8108
1576 8109
1575 8110
1574 8111
1573 8112
1572 8113
1571 8114
1570 8115
1569 8116
1568 8117
1567 8118
1566 8119
1565 9521
1564 9522
1563 9523
1562 9524
1561 9525
1560 9526
1559 9527
1558 8169
1557 8170
1556 8171
1555 8172
1554 8173
1553 8174
1552 8175
1551 8176
1550 8177
1549 8178
1548 8179
1547 8180
1546 8181
1545 8182
1544 9458
1543 9459
1542 9460
1541 9461
1540 9462
1539 9463
1538 9464
1537 8232
1536 8233
1535 8234
1534 8235
1533 8236
1532 8237
1531 8238
1530 8239
1529 8240
1528 8241
1527 8242
1526 8243
1525 8244
1524 8245
1523 8246
1522 8247
1521 8248
1520 8249
1519 8250
1518 8251
1517 8252
1516 8253
1515 8254
1514 8255
1513 8256
1512 8257
1511 8258
1510 8259
1509 8260
1508 9330
1507 9331
1506 9332
1505 9333
1504 9334
1503 9335
1502 9336
1501 8310
1500 8311
1499 8312
1498 8313
1497 8314
1496 8315
1495 8316
1494 8317
1493 8318
1492 8319
1491 8320
1490 8321
1489 8322
1488 8323
1487 9267
1486 9268
1485 9269
1484 9270
1483 9271
1482 9272
1481 9273
1480 8373
1479 8374
1478 8375
1477 8376
1476 8377
1475 8378
1474 8379
1473 8380
1472 8381
1471 8382
1470 8383
1469 8384
1468 8385
1467 8386
1466 9168
1465 9169
1464 9170
1463 9171
1462 9172
1461 9173
1460 9174
1459 9175
1458 9176
1457 9177
1456 9178
1455 9179
1454 9180
1453 9181
1452 9182
1451 9183
1450 9184
1449 9185
1448 9186
1447 9187
1446 9188
1445 9189
1444 8457
1443 8458
1442 8459
1441 8460
1440 8461
1439 8462
1438 8463
1437 8464
1436 8465
1435 8466
1434 8467
1433 8468
1432 8469
1431 8470
1430 9090
1429 9091
1428 9092
1427 9093
1426 9094
1425 9095
1424 9096
1423 8520
1422 8521
1421 8522
1420 8523
1419 8524
1418 8525
1417 8526
1416 8527
1415 8528
1414 8529
1413 8530
1412 8531
1411 8532
1410 8533
1409 8951
1408 8952
1407 8953
1406 8954
1405 8955
1404 8956
1403 8957
1402 8958
1401 8959
1400 8960
1399 8961
1398 8962
1397 8963
1396 9004
1395 9005
1394 9006
1393 9007
1392 9008
1391 9009
1390 9010
1389 9011
1388 9012
1387 8622
1386 8623
1385 8624
1384 8625
1383 8626
1382 8627
1381 8628
1380 8629
1379 8630
1378 8631
1377 8632
1376 8633
1375 8634
1374 8635
1373 8873
1372 8874
1371 8875
1370 8876
1369 8877
1368 8878
1367 8879
1366 8685
1365 8686
1364 8687
1363 8688
1362 8689
1361 8690
1360 8691
1359 8692
1358 8693
1357 8694
1356 8695
1355 8696
1354 8697
1353 8698
1352 7074
1351 7075
1350 7076
1349 7077
1348 7078
1347 7079
1346 7080
1345 7081
1344 7082
1343 7083
1342 8784
1341 8785
1340 8786
1339 8787
1338 8788
1337 8789
1336 8790
1335 8791
1334 8792
1333 8793
1332 8794
1331 8795
1330 7127
1329 7128
1328 7129
1327 7130
1326 7131
1325 7132
1324 7133
1323 7134
1322 7135
1321 7136
1320 7137
1319 7138
1318 7139
1317 7140
1316 7389
1315 7390
1314 7391
1313 7392
1312 7393
1311 7394
1310 7395
1309 7190
1308 7191
1307 7192
1306 7193
1305 7194
1304 7195
1303 7196
1302 7197
1301 7198
1300 7199
1299 7200
1298 7201
1297 7202
1296 7203
1295 7204
1294 7205
1293 7206
1292 7207
1291 7208
1290 7209
1289 7210
1288 7211
1287 7212
1286 7213
1285 7214
1284 7215
1283 7216
1282 7217
1281 7218
1280 7261
1279 7262
1278 7263
1277 7264
1276 7265
1275 7266
1274 7267
1273 6957
1272 6958
1271 6959
1270 6960
1269 6961
1268 6962
1267 6963
1266 6964
1265 6965
1264 6966
1263 6967
1262 6968
1261 6969
1260 6970
1259 6971
1258 6972
1257 6718
1256 6719
1255 6720
1254 6721
1253 6722
1252 6723
1251 6724
1250 6725
1249 6726
1248 6727
1247 6728
1246 6729
1245 6730
1244 6867
1243 6868
1242 6869
1241 6870
1240 6871
1239 6872
1238 6873
1237 6813
1236 6814
1235 6815
1234 6816
1233 6817
1232 6818
1231 6819
1230 6820
1229 6821
1228 6822
1227 6823
1226 6824
1225 6668
1224 6669
1223 6670
1222 6671
1221 6672
1220 6673
1219 6674
1218 6675
1217 6676
1216 6677
1215 6678
1214 6679
1213 6680
1212 6681
1211 6682
1210 6683
1209 6684
1208 6685
1207 6686
1204 6544
1203 6545
1202 6546
1201 6547
1200 6548
1199 6549
1198 6550
1197 6551
1196 6552
1195 6635
1194 6636
1193 6637
1192 6638
1191 6639
1190 6640
1189 6641
1188 6642
1187 6643
1186 6644
1185 6645
1184 6646
1183 6647
1182 6648
1181 6649
1180 6650
1179 6651
1178 6652
1177 6653
1176 6654
1175 6655
1174 6806
1173 6807
1172 6808
1171 6809
1170 6810
1169 6811
1168 6812
1167 6874
1166 6875
1165 6876
1164 6877
1163 6878
1162 6879
1161 6880
1160 6881
1159 6882
1158 6883
1157 6884
1156 6885
1155 6886
1154 6887
1153 6986
1152 6987
1151 6988
1150 6989
1149 6990
1148 6991
1147 6992
1146 6993
1145 6994
1144 6995
1143 6996
1142 6997
1141 6998
1140 6999
1139 7000
1138 7001
1137 7002
1136 7003
1135 7004
1134 7005
1133 7006
1132 6950
1131 6951
1130 6952
1129 6953
1128 6954
1127 6955
1126 6956
1125 7268
1124 7269
1123 7270
1122 7271
1121 7272
1120 7273
1119 7274
1118 7275
1117 7276
1116 7277
1115 7278
1114 7279
1113 7280
1112 7281
1111 7052
1110 7053
1109 7054
1108 7055
1107 7056
1106 7057
1105 7058
1104 7059
1103 7060
1102 7061
1101 7062
1100 7063
1099 7014
1098 7015
1097 7016
1096 7017
1095 7018
1094 7019
1093 7020
1092 7021
1091 7022
1090 7183
1089 7184
1088 7185
1087 7186
1086 7187
1085 7188
1084 7189
1083 7396
1082 7397
1081 7398
1080 7399
1079 7400
1078 7401
1077 7402
1076 7403
1075 7404
1074 7405
1073 7406
1072 7407
1071 7408
1070 7409
1069 7120
1068 7121
1067 7122
1066 7123
1065 7124
1064 7125
1063 7126
1062 8796
1061 8797
1060 8798
1059 8799
1058 8800
1057 8801
1056 8802
1055 8803
1054 8804
1053 8805
1052 8806
1051 8807
1050 8808
1049 8809
1048 8810
1047 8811
1046 8812
1045 8813
1044 8814
1043 8815
1042 8816
1041 8817
1040 8818
1039 8819
1038 8820
1037 8821
1036 8822
1035 8823
1034 8824
1033 8825
1032 8826
1031 8827
1030 8828
1029 8829
1028 8830
1027 8678
1026 8679
1025 8680
1024 8681
1023 8682
1022 8683
1021 8684
1020 8880
1019 8881
1018 8882
1017 8883
1016 8884
1015 8885
1014 8886
1013 8887
1012 8888
1011 8889
1010 8890
1009 8891
1008 8892
1007 8893
1006 8615
1005 8616
1004 8617
1003 8618
1002 8619
1001 8620
1000 8621
999 9013
998 9014
997 9015
996 9016
995 9017
994 9018
993 9019
992 9020
991 9021
990 9022
989 9023
988 9024
987 9025
986 9026
985 9027
984 9028
983 9029
982 9030
981 9031
980 9032
979 9033
978 9034
977 9035
976 9036
975 9037
974 9038
973 9039
972 9040
971 9041
970 9042
969 9043
968 9044
967 9045
966 9046
965 9047
964 8513
963 8514
962 8515
961 8516
960 8517
959 8518
958 8519
957 9097
956 9098
955 9099
954 9100
953 9101
952 9102
951 9103
950 9104
949 9105
948 9106
947 9107
946 9108
945 9109
944 9110
943 8450
942 8451
941 8452
940 8453
939 8454
938 8455
937 8456
936 9190
935 9191
934 9192
933 9193
932 9194
931 9195
930 9196
929 9197
928 9198
927 9199
926 9200
925 9201
924 9202
923 9203
922 9204
921 9205
920 9206
919 9207
918 9208
917 9209
916 9210
915 9211
914 9212
913 9213
912 9214
911 9215
910 9216
909 9217
908 9218
907 9219
906 9220
905 9221
904 9222
903 9223
902 9224
901 8366
900 8367
899 8368
898 8369
897 8370
896 8371
895 8372
894 9274
893 9275
892 9276
891 9277
890 9278
889 9279
888 9280
887 9281
886 9282
885 9283
884 9284
883 9285
882 9286
881 9287
880 8303
879 8304
878 8305
877 8306
876 8307
875 8308
874 8309
873 9337
872 9338
871 9339
870 9340
869 9341
868 9342
867 9343
866 9344
865 9345
864 9346
863 9347
862 9348
861 9349
860 9350
859 7553
858 7554
857 7555
856 7556
855 7557
854 7558
853 7559
852 7560
851 7561
850 7562
849 7563
848 7564
847 7515
846 7516
845 7517
844 7518
843 7519
842 7520
841 7521
840 7522
839 7523
838 8225
837 8226
836 8227
835 8228
834 8229
833 8230
832 8231
831 9465
830 9466
829 9467
828 9468
827 9469
826 9470
825 9471
824 9472
823 9473
822 9474
821 9475
820 9476
819 9477
818 9478
817 8162
816 8163
815 8164
814 8165
813 8166
812 8167
811 8168
810 9528
809 9529
808 9530
807 9531
806 9532
805 9533
804 9534
803 9535
802 9536
801 9537
800 9538
799 9539
798 9540
797 9541
796 8099
795 8100
794 8101
793 8102
792 8103
791 8104
790 8105
789 9591
788 9592
787 9593
786 9594
785 9595
784 9596
783 9597
782 9598
781 9599
780 9600
779 9601
778 9602
777 9603
776 9604
775 8025
774 8026
773 8027
772 8028
771 8029
770 8030
769 8031
768 8032
767 8033
766 9632
765 9633
764 9634
763 9635
762 9636
761 9637
760 9638
759 9639
758 9640
757 9641
756 9642
755 9643
754 7945
753 7946
752 7947
751 7948
750 7949
749 7950
748 7951
747 9693
746 9694
745 9695
744 9696
743 9697
742 9698
741 9699
740 9700
739 9701
738 9702
737 9703
736 9704
735 9705
734 9706
733 7882
732 7883
731 7884
730 7885
729 7886
728 7887
727 7888
726 9756
725 9757
724 9758
723 9759
722 9760
721 9761
720 9762
719 9763
718 9764
717 9765
716 9766
715 9767
714 9768
713 9769
712 7819
711 7820
710 7821
709 7822
708 7823
707 7824
706 7825
705 9819
704 9820
703 9821
702 9822
701 9823
700 9824
699 9825
698 9826
697 9827
696 9828
695 9829
694 9830
693 9831
692 9832
691 7602
690 7603
689 7604
688 7605
687 7606
686 7607
685 7608
684 7609
683 7610
682 7611
681 7612
680 7613
679 7614
678 7565
677 7566
676 7567
675 7568
674 7569
673 7570
672 7571
671 7572
670 7741
669 7742
668 7743
667 7744
666 7745
665 7746
664 7747
663 9947
662 9948
661 9949
660 9950
659 9951
658 9952
657 9953
656 9954
655 9955
654 9956
653 9957
652 9958
651 9959
650 9960
649 7678
648 7679
647 7680
646 7681
645 7682
644 7683
643 7684
642 10010
641 10011
640 10012
639 10013
638 10014
637 10015
636 10016
635 10017
634 10018
633 10019
632 10020
631 10021
630 10022
629 10023
628 10416
627 10417
626 10418
625 10419
624 10420
623 10421
622 10422
621 10465
620 10466
619 10467
618 10468
617 10469
616 10470
615 10471
614 10472
613 10473
612 10474
611 10475
610 10476
609 10477
608 10478
607 10353
606 10354
605 10355
604 10356
603 10357
602 10358
601 10359
600 10528
599 10529
598 10530
597 10531
596 10532
595 10533
594 10534
593 10535
592 10536
591 10537
590 10538
589 10539
588 10540
587 10541
586 10542
585 10543
584 10544
583 10633
582 10634
581 10635
580 10636
579 10637
578 10638
577 10639
576 10640
575 10641
574 10642
573 10643
572 10644
571 10645
570 10646
569 10647
568 10648
567 10649
566 10650
565 10269
564 10270
563 10271
562 10272
561 10273
560 10274
559 10275
558 10700
557 10701
556 10702
555 10703
554 10704
553 10705
552 10706
551 10707
550 10708
549 10709
548 10710
547 10711
546 10712
545 10713
544 10206
543 10207
542 10208
541 10209
540 10210
539 10211
538 10212
537 10763
536 10764
535 10765
534 10766
533 10767
532 10768
531 10769
530 10770
529 10771
528 10772
527 10773
526 10774
525 10775
524 10776
523 10143
522 10144
521 10145
520 10146
519 10147
518 10148
517 10149
516 10826
515 10827
514 10828
513 10829
512 10830
511 10831
510 10832
509 10833
508 10834
507 10835
506 10836
505 10837
504 10838
503 10839
502 10080
501 10081
500 10082
499 10083
498 10084
497 10085
496 10086
495 11320
494 11321
493 11322
492 11323
491 11324
490 11325
489 11326
488 11327
487 11328
486 11329
485 11330
484 11331
483 11332
482 11333
481 11334
480 11335
479 11336
478 11337
477 11338
476 11339
475 11340
474 11341
473 11342
472 11343
471 11344
470 11345
469 11346
468 11347
467 11348
466 11349
465 11350
464 11351
463 11352
462 11353
461 11354
460 11202
459 11203
458 11204
457 11205
456 11206
455 11207
454 11208
453 11404
452 11405
451 11406
450 11407
449 11408
448 11409
447 11410
446 11411
445 11412
444 11413
443 11414
442 11415
441 11416
440 11417
439 11139
438 11140
437 11141
436 11142
435 11143
434 11144
433 11145
432 11467
431 11468
430 11469
429 11470
428 11471
427 11472
426 11473
425 11474
424 11475
423 11476
422 11477
421 11478
420 11479
419 11480
418 11076
417 11077
416 11078
415 11079
414 11080
413 11081
412 11082
411 11530
410 11531
409 11532
408 11533
407 11534
406 11535
405 11536
404 11537
403 11538
402 11539
401 11540
400 11541
399 11542
398 11543
397 11013
396 11014
395 11015
394 11016
393 11017
392 11018
391 11019
390 11593
389 11594
388 11595
387 11596
386 11597
385 11598
384 11599
383 11600
382 11601
381 11602
380 11603
379 11604
378 11605
377 11606
376 11607
375 11608
374 11609
373 11610
372 11611
371 11612
370 12660
369 12661
368 12662
367 12663
366 12664
365 12665
364 12666
363 12667
362 12668
361 12669
360 12670
359 12671
358 12672
357 12673
356 12674
355 12614
354 12615
353 12616
352 12617
351 12618
350 12619
349 12620
348 12724
347 12725
346 12726
345 12727
344 12728
343 12729
342 12730
341 12731
340 12732
339 12733
338 12734
337 12735
336 12736
335 12737
334 12551
333 12552
332 12553
331 12554
330 12555
329 12556
328 12557
327 12787
326 12788
325 12789
324 12790
323 12791
322 12792
321 12793
320 12794
319 12795
318 12796
317 12797
316 12798
315 12799
314 12800
313 12488
312 12489
311 12490
310 12491
309 12492
308 12493
307 12494
306 12850
305 12851
304 12852
303 12853
302 12854
301 12855
300 12856
299 12857
298 12858
297 12859
296 12860
295 12861
294 12862
293 12863
292 12425
291 12426
290 12427
289 12428
288 12429
287 12430
286 12431
285 12913
284 12914
283 12915
282 12916
281 12917
280 12918
279 12919
278 12920
277 12921
276 12922
275 12923
274 12924
273 12925
272 12926
271 12362
270 12363
269 12364
268 12365
267 12366
266 12367
265 12368
264 11971
263 11972
262 11973
261 11974
260 11975
259 11976
258 11977
257 11978
256 11979
255 11980
254 11981
253 11946
252 11947
251 11948
250 11949
249 11950
248 11951
247 11952
246 11953
245 11954
244 11955
243 12003
242 12004
241 12005
240 12006
239 12007
238 12008
237 12009
236 12010
235 12011
234 12012
233 12013
232 12014
231 12015
230 12016
229 11860
228 11861
227 11862
226 11863
225 11864
224 11865
223 11866
222 12066
221 12067
220 12068
219 12069
218 12070
217 12071
216 12072
215 12073
214 12074
213 12075
212 12076
211 12077
210 12078
209 12079
208 11797
207 11798
206 11799
205 11800
204 11801
203 11802
202 11803
201 12129
200 12130
199 12131
198 12132
197 12133
196 12134
195 12135
194 12136
193 12137
192 12138
191 12139
190 12140
189 12141
188 12142
187 11734
186 11735
185 11736
184 11737
183 11738
182 11739
181 11740
180 12192
179 12193
178 12194
177 12195
176 12196
175 12197
174 12198
173 12199
172 12200
171 12201
170 12202
169 12203
168 12204
167 12205
166 11671
165 11672
164 11673
163 11674
162 11675
161 11676
160 11677
159 12255
158 12256
157 12257
156 12258
155 12259
154 12260
153 12261
152 12262
151 12263
150 12264
149 12265
148 12266
147 12267
146 12268
145 12996
144 12997
143 12998
142 12999
141 13000
140 13001
139 13002
138 13003
137 13004
136 13005
135 13006
134 13007
133 13008
132 13009
131 13010
130 13011
127 12980
126 12981
125 12982
124 12983
123 12984
122 12985
121 12986
120 12987
119 12988
118 12989
117 12990
116 12991
115 12992
114 12993
113 12994
112 12995
111 12269
110 12270
109 12271
108 12272
107 12273
106 12274
105 12275
104 11657
103 11658
102 11659
101 11660
100 11661
99 11662
98 11663
97 11664
96 11665
95 11666
94 11667
93 11668
92 11669
91 11670
90 12206
89 12207
88 12208
87 12209
86 12210
85 12211
84 12212
83 11720
82 11721
81 11722
80 11723
79 11724
78 11725
77 11726
76 11727
75 11728
74 11729
73 11730
72 11731
71 11732
70 11733
69 12143
68 12144
67 12145
66 12146
65 12147
64 12148
63 12149
62 11783
61 11784
60 11785
59 11786
58 11787
57 11788
56 11789
55 11790
54 11791
53 11792
52 11793
51 11794
50 11795
49 11796
48 12080
47 12081
46 12082
45 12083
44 12084
43 12085
42 12086
41 11846
40 11847
39 11848
38 11849
37 11850
36 11851
35 11852
34 11853
33 11854
32 11855
31 11856
30 11857
29 11858
28 11859
27 12017
26 12018
25 12019
24 12020
23 12021
22 12022
21 12023
20 11909
19 11910
18 11911
17 11912
16 11913
15 11914
14 11915
13 11916
12 11917
11 11918
10 11919
9 11920
8 11921
7 11922
6 11923
5 11924
4 11925
3 11926
2 11927
1 11928
0 11929
